50 0.1228
100 0.2025
150 0.332333
200 0.4036
250 0.50276
300 0.5915
350 0.545543
400 0.6463
450 0.674267
500 0.73212
550 0.767018
600 0.818883
650 0.737938
700 0.810514
750 0.845453
800 0.837062
850 0.824035
900 0.872556
950 0.891958
1000 0.84937
1050 0.882571
1100 0.873755
1150 0.868574
1200 0.893133
1250 0.875408
1300 0.851008
1350 0.870511
1400 0.882521
1450 0.919517
1500 0.895187
1550 0.902839
1600 0.871162
1650 0.91263
1700 0.893871
1750 0.877766
1800 0.883444
1850 0.920276
1900 0.863558
1950 0.967133
2000 0.925345
