50 0.075
100 0.0605
150 0.0704
200 0.0614
250 0.07456
300 0.0675333
350 0.0688286
400 0.067975
450 0.0662889
500 0.07448
550 0.0709636
600 0.0594333
650 0.0735385
700 0.0813286
750 0.0536667
800 0.0650375
850 0.0822471
900 0.0654444
950 0.0724737
1000 0.08628
1050 0.0718762
1100 0.0809
1150 0.0637826
1200 0.0713833
1250 0.072872
1300 0.0684077
1350 0.0672593
1400 0.0601429
1450 0.0605448
1500 0.0708267
1550 0.0782387
1600 0.0658187
1650 0.0844606
1700 0.0670647
1750 0.0706971
1800 0.0728
1850 0.072227
1900 0.0573211
1950 0.0658308
2000 0.083135
