50 0.1482
100 0.3437
150 0.561333
200 0.6394
250 0.64628
300 0.687933
350 0.694057
400 0.735575
450 0.727511
500 0.71666
550 0.748291
600 0.7638
650 0.762615
700 0.7528
750 0.758867
800 0.7589
850 0.7756
900 0.769778
950 0.770779
1000 0.77598
1050 0.785667
1100 0.781091
1150 0.79093
1200 0.769383
1250 0.792592
1300 0.787454
1350 0.77943
1400 0.781757
1450 0.796497
1500 0.780647
1550 0.799652
1600 0.787206
1650 0.788903
1700 0.793582
1750 0.803686
1800 0.781372
1850 0.795476
1900 0.793995
1950 0.7954
2000 0.79641
