50 0.1458
100 0.2342
150 0.321267
200 0.47865
250 0.55156
300 0.591133
350 0.698429
400 0.71195
450 0.769778
500 0.79144
550 0.796164
600 0.833933
650 0.801138
700 0.814143
750 0.81124
800 0.913838
850 0.920094
900 0.891244
950 0.951179
1000 0.91293
1050 0.8592
1100 0.914891
1150 0.963365
1200 0.917292
1250 0.872992
1300 0.958115
1350 0.93103
1400 0.878343
1450 0.939593
1500 0.948353
1550 0.879329
1600 0.921125
1650 0.890485
1700 0.964218
1750 0.935549
1800 0.932733
1850 0.911065
1900 0.966421
1950 0.933621
2000 0.95149
