50 0.098
100 0.1306
150 0.191867
200 0.2027
250 0.208
300 0.1981
350 0.194857
400 0.207275
450 0.219156
500 0.21604
550 0.216964
600 0.2033
650 0.200938
700 0.235714
750 0.217373
800 0.23405
850 0.236765
900 0.202922
950 0.218116
1000 0.21062
1050 0.241257
1100 0.199245
1150 0.230052
1200 0.24415
1250 0.244104
1300 0.234085
1350 0.213859
1400 0.219271
1450 0.236269
1500 0.232633
1550 0.214761
1600 0.239631
1650 0.212709
1700 0.207353
1750 0.229943
1800 0.235561
1850 0.250135
1900 0.238568
1950 0.236887
2000 0.235595
