50 0.145
100 0.2276
150 0.3174
200 0.49225
250 0.61692
300 0.6049
350 0.6364
400 0.7673
450 0.749889
500 0.8494
550 0.780545
600 0.843417
650 0.872108
700 0.902771
750 0.87356
800 0.923238
850 0.8956
900 0.891733
950 0.926295
1000 0.92873
1050 0.88359
1100 0.916609
1150 0.919243
1200 0.896067
1250 0.962552
1300 0.953923
1350 0.9466
1400 0.912586
1450 0.892145
1500 0.9494
1550 0.941974
1600 0.895869
1650 0.972788
1700 0.951388
1750 0.929069
1800 0.950017
1850 0.976043
1900 0.970847
1950 0.95099
2000 0.962765
