50 0.187
100 0.3107
150 0.3644
200 0.38205
250 0.41608
300 0.3988
350 0.422886
400 0.407975
450 0.420689
500 0.43136
550 0.4094
600 0.435767
650 0.448723
700 0.443114
750 0.437387
800 0.4712
850 0.455153
900 0.455044
950 0.454326
1000 0.45081
1050 0.424505
1100 0.438709
1150 0.448157
1200 0.476617
1250 0.46084
1300 0.471231
1350 0.457807
1400 0.4457
1450 0.4802
1500 0.47146
1550 0.491974
1600 0.485506
1650 0.476109
1700 0.497359
1750 0.477211
1800 0.455983
1850 0.461092
1900 0.461542
1950 0.479133
2000 0.490945
