50 0.134
100 0.189
150 0.347667
200 0.35075
250 0.52096
300 0.527267
350 0.650743
400 0.63235
450 0.736044
500 0.7441
550 0.743291
600 0.800667
650 0.781908
700 0.8281
750 0.83976
800 0.853162
850 0.851212
900 0.844644
950 0.780811
1000 0.88879
1050 0.91839
1100 0.919445
1150 0.889504
1200 0.881808
1250 0.876944
1300 0.907423
1350 0.860541
1400 0.896236
1450 0.912297
1500 0.889813
1550 0.91549
1600 0.942444
1650 0.873915
1700 0.916912
1750 0.886291
1800 0.915706
1850 0.92887
1900 0.916053
1950 0.902882
2000 0.887555
