50 0.1346
100 0.1085
150 0.148467
200 0.1639
250 0.16656
300 0.1371
350 0.166029
400 0.168575
450 0.183978
500 0.16578
550 0.174345
600 0.168117
650 0.167354
700 0.1824
750 0.16632
800 0.190425
850 0.169741
900 0.179967
950 0.178137
1000 0.17638
1050 0.17181
1100 0.158464
1150 0.197809
1200 0.197517
1250 0.164304
1300 0.196562
1350 0.191207
1400 0.181786
1450 0.193007
1500 0.1787
1550 0.203961
1600 0.183113
1650 0.185812
1700 0.187335
1750 0.189354
1800 0.196072
1850 0.179632
1900 0.197642
1950 0.195795
2000 0.1715
