50 0.1194
100 0.2614
150 0.3354
200 0.52205
250 0.61676
300 0.6798
350 0.684543
400 0.703775
450 0.740289
500 0.8172
550 0.842036
600 0.8546
650 0.900108
700 0.849114
750 0.90492
800 0.889813
850 0.8972
900 0.911144
950 0.909716
1000 0.94029
1050 0.899829
1100 0.938255
1150 0.831574
1200 0.88495
1250 0.91988
1300 0.919085
1350 0.910133
1400 0.917143
1450 0.962248
1500 0.910987
1550 0.968013
1600 0.951488
1650 0.954824
1700 0.939429
1750 0.919074
1800 0.893783
1850 0.947146
1900 0.930784
1950 0.945538
2000 0.961015
