50 0.1312
100 0.1708
150 0.269533
200 0.34735
250 0.42936
300 0.524733
350 0.603143
400 0.56105
450 0.660844
500 0.72934
550 0.744527
600 0.789333
650 0.787246
700 0.799886
750 0.821093
800 0.823688
850 0.816906
900 0.748633
950 0.892611
1000 0.85353
1050 0.900324
1100 0.825091
1150 0.818183
1200 0.857667
1250 0.883824
1300 0.897715
1350 0.888267
1400 0.884829
1450 0.926228
1500 0.869647
1550 0.910626
1600 0.905669
1650 0.895212
1700 0.907035
1750 0.853531
1800 0.843511
1850 0.885281
1900 0.867805
1950 0.868877
2000 0.923665
