50 0.1086
100 0.1896
150 0.274667
200 0.4345
250 0.50844
300 0.479067
350 0.650143
400 0.555975
450 0.685867
500 0.697
550 0.757109
600 0.798783
650 0.773446
700 0.779671
750 0.799813
800 0.861688
850 0.815859
900 0.8906
950 0.810389
1000 0.86965
1050 0.79741
1100 0.839373
1150 0.8778
1200 0.757308
1250 0.885512
1300 0.894069
1350 0.860593
1400 0.890379
1450 0.906193
1500 0.873367
1550 0.8858
1600 0.884331
1650 0.898624
1700 0.844741
1750 0.895497
1800 0.852678
1850 0.890378
1900 0.869921
1950 0.914944
2000 0.93342
