50 0.0694
100 0.0856
150 0.0795333
200 0.06925
250 0.08896
300 0.0896333
350 0.0798
400 0.089475
450 0.0805111
500 0.08588
550 0.0895636
600 0.1036
650 0.0789385
700 0.0918
750 0.0899733
800 0.078775
850 0.0916235
900 0.084
950 0.0921579
1000 0.09283
1050 0.0808857
1100 0.0972909
1150 0.0780435
1200 0.0868083
1250 0.073864
1300 0.102154
1350 0.0949185
1400 0.0880857
1450 0.0920828
1500 0.0827067
1550 0.0818194
1600 0.0883875
1650 0.0801758
1700 0.0851941
1750 0.0988857
1800 0.0722167
1850 0.0938324
1900 0.0735421
1950 0.0915385
2000 0.08504
