50 0.1796
100 0.2398
150 0.275133
200 0.3484
250 0.35744
300 0.287833
350 0.341657
400 0.34655
450 0.356378
500 0.31878
550 0.310164
600 0.350583
650 0.3762
700 0.351614
750 0.367947
800 0.387575
850 0.384235
900 0.360778
950 0.361716
1000 0.37084
1050 0.378952
1100 0.400764
1150 0.367965
1200 0.415192
1250 0.38984
1300 0.373831
1350 0.369133
1400 0.375421
1450 0.382959
1500 0.372907
1550 0.375058
1600 0.41425
1650 0.396606
1700 0.389429
1750 0.368971
1800 0.382906
1850 0.367703
1900 0.403326
1950 0.402113
2000 0.41343
