50 0.1144
100 0.1859
150 0.299533
200 0.3789
250 0.48324
300 0.468667
350 0.556229
400 0.6456
450 0.664133
500 0.7525
550 0.731764
600 0.772683
650 0.793831
700 0.850143
750 0.853413
800 0.8353
850 0.870035
900 0.8241
950 0.921379
1000 0.84945
1050 0.840562
1100 0.839491
1150 0.850017
1200 0.903083
1250 0.84536
1300 0.902169
1350 0.907319
1400 0.895486
1450 0.8534
1500 0.859773
1550 0.891652
1600 0.930119
1650 0.919352
1700 0.904106
1750 0.921589
1800 0.906161
1850 0.918341
1900 0.933526
1950 0.857021
2000 0.94385
