50 0.1314
100 0.1636
150 0.213
200 0.2166
250 0.21352
300 0.233667
350 0.235886
400 0.251675
450 0.228267
500 0.24806
550 0.243382
600 0.238083
650 0.264354
700 0.274171
750 0.26756
800 0.241812
850 0.262282
900 0.253133
950 0.278926
1000 0.25561
1050 0.267876
1100 0.255545
1150 0.278548
1200 0.270558
1250 0.244104
1300 0.265662
1350 0.2518
1400 0.267936
1450 0.275076
1500 0.27862
1550 0.289529
1600 0.266731
1650 0.253133
1700 0.247559
1750 0.263823
1800 0.2496
1850 0.283335
1900 0.252132
1950 0.261538
2000 0.280685
