50 0.1488
100 0.2317
150 0.2554
200 0.3053
250 0.29124
300 0.296133
350 0.310771
400 0.2874
450 0.323778
500 0.28528
550 0.261145
600 0.3034
650 0.330877
700 0.326486
750 0.329467
800 0.312638
850 0.311
900 0.338622
950 0.340453
1000 0.35922
1050 0.350648
1100 0.335245
1150 0.3308
1200 0.329242
1250 0.37068
1300 0.341177
1350 0.324985
1400 0.323514
1450 0.366683
1500 0.33054
1550 0.353832
1600 0.343762
1650 0.355764
1700 0.353582
1750 0.337731
1800 0.364333
1850 0.333497
1900 0.315058
1950 0.323841
2000 0.32553
