50 0.164
100 0.2611
150 0.317467
200 0.3511
250 0.38488
300 0.3533
350 0.396086
400 0.39415
450 0.408467
500 0.39404
550 0.390891
600 0.399783
650 0.413077
700 0.431157
750 0.39452
800 0.3962
850 0.414059
900 0.4017
950 0.421158
1000 0.41783
1050 0.428362
1100 0.408918
1150 0.40447
1200 0.429125
1250 0.425064
1300 0.447008
1350 0.423719
1400 0.436679
1450 0.446676
1500 0.412593
1550 0.430006
1600 0.420831
1650 0.415745
1700 0.429559
1750 0.421097
1800 0.432878
1850 0.400314
1900 0.4373
1950 0.436969
2000 0.438415
