50 0.136
100 0.2372
150 0.364667
200 0.41965
250 0.56264
300 0.5807
350 0.704914
400 0.678475
450 0.732489
500 0.7784
550 0.824236
600 0.834467
650 0.850446
700 0.864529
750 0.886773
800 0.906038
850 0.916812
900 0.846089
950 0.921916
1000 0.93666
1050 0.890143
1100 0.933045
1150 0.945904
1200 0.902225
1250 0.918864
1300 0.901646
1350 0.916259
1400 0.886279
1450 0.948945
1500 0.86968
1550 0.896329
1600 0.987169
1650 0.969933
1700 0.912482
1750 0.959469
1800 0.910483
1850 0.898773
1900 0.918721
1950 0.950344
2000 0.95852
