50 0.1298
100 0.256
150 0.335333
200 0.43065
250 0.58108
300 0.6095
350 0.646657
400 0.7563
450 0.729689
500 0.80816
550 0.838618
600 0.876417
650 0.879662
700 0.873157
750 0.89136
800 0.832862
850 0.895176
900 0.900489
950 0.851516
1000 0.88352
1050 0.865924
1100 0.896227
1150 0.89733
1200 0.848733
1250 0.952712
1300 0.955754
1350 0.955985
1400 0.91105
1450 0.958317
1500 0.96522
1550 0.963426
1600 0.92775
1650 0.920806
1700 0.903818
1750 0.961
1800 0.902483
1850 0.9288
1900 0.948368
1950 0.949969
2000 0.945865
