50 0.1646
100 0.442
150 0.553733
200 0.61985
250 0.66672
300 0.693367
350 0.719486
400 0.743425
450 0.741844
500 0.75384
550 0.741345
600 0.758617
650 0.759723
700 0.767414
750 0.75324
800 0.7794
850 0.771824
900 0.772622
950 0.776779
1000 0.78035
1050 0.778019
1100 0.779445
1150 0.787035
1200 0.790333
1250 0.795192
1300 0.778438
1350 0.792556
1400 0.799214
1450 0.78591
1500 0.78622
1550 0.790645
1600 0.794119
1650 0.797867
1700 0.7958
1750 0.795057
1800 0.805706
1850 0.794935
1900 0.800095
1950 0.783179
2000 0.802845
