50 0.1238
100 0.2132
150 0.2946
200 0.4191
250 0.55288
300 0.557367
350 0.608543
400 0.69415
450 0.637733
500 0.7352
550 0.771291
600 0.744167
650 0.819908
700 0.821657
750 0.8304
800 0.877425
850 0.806835
900 0.841878
950 0.889516
1000 0.88699
1050 0.866057
1100 0.868318
1150 0.921165
1200 0.902208
1250 0.895888
1300 0.916846
1350 0.848785
1400 0.843407
1450 0.946517
1500 0.918907
1550 0.891897
1600 0.961369
1650 0.935448
1700 0.866353
1750 0.885794
1800 0.896506
1850 0.966341
1900 0.938495
1950 0.930231
2000 0.938055
