50 0.1908
100 0.3005
150 0.347267
200 0.36695
250 0.40436
300 0.414733
350 0.421486
400 0.432225
450 0.405667
500 0.44814
550 0.422055
600 0.43225
650 0.434323
700 0.442514
750 0.426933
800 0.451875
850 0.438941
900 0.451111
950 0.471663
1000 0.43393
1050 0.456352
1100 0.456655
1150 0.451461
1200 0.482433
1250 0.473896
1300 0.4507
1350 0.460341
1400 0.447307
1450 0.465007
1500 0.478213
1550 0.470903
1600 0.462325
1650 0.486606
1700 0.482988
1750 0.480549
1800 0.44935
1850 0.456184
1900 0.4808
1950 0.465744
2000 0.48076
