50 0.1182
100 0.2204
150 0.2828
200 0.40155
250 0.47548
300 0.4819
350 0.630886
400 0.67525
450 0.706511
500 0.70648
550 0.683455
600 0.7779
650 0.786246
700 0.793786
750 0.82072
800 0.81085
850 0.877612
900 0.893967
950 0.777653
1000 0.81238
1050 0.847467
1100 0.838909
1150 0.853365
1200 0.927892
1250 0.88308
1300 0.893908
1350 0.912881
1400 0.851993
1450 0.937062
1500 0.883147
1550 0.89869
1600 0.907394
1650 0.845048
1700 0.883694
1750 0.913851
1800 0.896022
1850 0.864827
1900 0.917853
1950 0.902518
2000 0.91588
