50 0.1282
100 0.2808
150 0.417733
200 0.49165
250 0.68388
300 0.596067
350 0.756857
400 0.75085
450 0.801489
500 0.8689
550 0.876509
600 0.880933
650 0.881723
700 0.862129
750 0.890867
800 0.927975
850 0.893459
900 0.887389
950 0.930221
1000 0.87787
1050 0.891514
1100 0.928491
1150 0.950487
1200 0.902533
1250 0.926952
1300 0.928562
1350 0.911422
1400 0.982257
1450 0.966159
1500 0.930533
1550 0.939884
1600 0.968938
1650 0.950648
1700 0.926171
1750 0.937606
1800 0.931006
1850 0.900935
1900 0.969853
1950 0.930072
2000 0.969555
