50 0.0636
100 0.0738
150 0.0779333
200 0.0894
250 0.07544
300 0.0683
350 0.0769143
400 0.0893
450 0.0826667
500 0.08528
550 0.0854182
600 0.0817833
650 0.0867846
700 0.0828286
750 0.08048
800 0.085625
850 0.0691176
900 0.0848556
950 0.0668
1000 0.07718
1050 0.0668
1100 0.0795091
1150 0.0845043
1200 0.0836333
1250 0.08844
1300 0.0678308
1350 0.077437
1400 0.0833214
1450 0.0801172
1500 0.0750267
1550 0.0757806
1600 0.0819063
1650 0.0618424
1700 0.0756941
1750 0.0820114
1800 0.0922
1850 0.0743027
1900 0.0717789
1950 0.0866154
2000 0.08396
