50 0.1432
100 0.1815
150 0.290267
200 0.3916
250 0.46904
300 0.515133
350 0.5362
400 0.645875
450 0.657289
500 0.74048
550 0.703927
600 0.65645
650 0.808123
700 0.7645
750 0.798693
800 0.817275
850 0.783965
900 0.793533
950 0.818463
1000 0.82534
1050 0.848686
1100 0.885882
1150 0.808783
1200 0.844158
1250 0.882712
1300 0.9284
1350 0.898474
1400 0.870814
1450 0.904083
1500 0.873827
1550 0.875529
1600 0.897913
1650 0.877703
1700 0.870429
1750 0.875469
1800 0.923611
1850 0.910773
1900 0.860379
1950 0.918887
2000 0.973675
