50 0.1718
100 0.281
150 0.342133
200 0.49585
250 0.61488
300 0.6398
350 0.774429
400 0.80375
450 0.838511
500 0.85898
550 0.791255
600 0.80255
650 0.831077
700 0.8976
750 0.924693
800 0.901762
850 0.922635
900 0.899922
950 0.936305
1000 0.89708
1050 0.932267
1100 0.930209
1150 0.946496
1200 0.911042
1250 0.919632
1300 0.965292
1350 0.976993
1400 0.957386
1450 0.950572
1500 0.943813
1550 0.946155
1600 0.943462
1650 0.965236
1700 0.966153
1750 0.966457
1800 0.960428
1850 0.937751
1900 0.932332
1950 0.933221
2000 0.971435
