50 0.146
100 0.2897
150 0.4306
200 0.5593
250 0.68272
300 0.647067
350 0.766143
400 0.7681
450 0.869178
500 0.85918
550 0.899036
600 0.892317
650 0.885046
700 0.864971
750 0.95488
800 0.916287
850 0.907471
900 0.945256
950 0.956537
1000 0.91518
1050 0.936381
1100 0.907145
1150 0.9724
1200 0.993625
1250 0.921704
1300 0.949438
1350 0.915356
1400 0.9652
1450 0.931952
1500 0.93854
1550 0.944232
1600 0.980187
1650 0.968133
1700 0.957847
1750 0.971491
1800 0.958933
1850 0.963114
1900 0.959363
1950 0.984308
2000 0.94209
