50 0.182
100 0.2612
150 0.334733
200 0.3461
250 0.37816
300 0.341367
350 0.361743
400 0.377425
450 0.397711
500 0.40026
550 0.375855
600 0.38685
650 0.401246
700 0.415371
750 0.430613
800 0.434913
850 0.422129
900 0.409644
950 0.433442
1000 0.4427
1050 0.424667
1100 0.404009
1150 0.428322
1200 0.41995
1250 0.41816
1300 0.434446
1350 0.426385
1400 0.393393
1450 0.443172
1500 0.432247
1550 0.429955
1600 0.422038
1650 0.399564
1700 0.427812
1750 0.44288
1800 0.440711
1850 0.432886
1900 0.450474
1950 0.443108
2000 0.44197
