50 0.1166
100 0.1851
150 0.276533
200 0.3638
250 0.48976
300 0.519933
350 0.616229
400 0.5911
450 0.638556
500 0.64066
550 0.731964
600 0.768633
650 0.782862
700 0.713186
750 0.77376
800 0.825537
850 0.813318
900 0.775322
950 0.873842
1000 0.85903
1050 0.824448
1100 0.798136
1150 0.880487
1200 0.923958
1250 0.80836
1300 0.884723
1350 0.900726
1400 0.883243
1450 0.891441
1500 0.868447
1550 0.863226
1600 0.901325
1650 0.901521
1700 0.834747
1750 0.905543
1800 0.862317
1850 0.871697
1900 0.8349
1950 0.869738
2000 0.87322
