50 0.1322
100 0.1782
150 0.200267
200 0.24415
250 0.20304
300 0.226467
350 0.220143
400 0.230175
450 0.253156
500 0.26412
550 0.210873
600 0.244633
650 0.227785
700 0.290886
750 0.275907
800 0.25445
850 0.266776
900 0.244811
950 0.2596
1000 0.26116
1050 0.289667
1100 0.279609
1150 0.251948
1200 0.268758
1250 0.263784
1300 0.262038
1350 0.299252
1400 0.264329
1450 0.276752
1500 0.24738
1550 0.270252
1600 0.285794
1650 0.254752
1700 0.290447
1750 0.261006
1800 0.277133
1850 0.27593
1900 0.277895
1950 0.240779
2000 0.272745
