50 0.1466
100 0.2188
150 0.322867
200 0.3569
250 0.4814
300 0.5248
350 0.546343
400 0.6145
450 0.657311
500 0.69238
550 0.733982
600 0.771417
650 0.698769
700 0.760857
750 0.78104
800 0.855925
850 0.810482
900 0.847133
950 0.797116
1000 0.82693
1050 0.854571
1100 0.805409
1150 0.891904
1200 0.913483
1250 0.818344
1300 0.839069
1350 0.866474
1400 0.875921
1450 0.8712
1500 0.893693
1550 0.871594
1600 0.907706
1650 0.890406
1700 0.960188
1750 0.894897
1800 0.863739
1850 0.875416
1900 0.910847
1950 0.908913
2000 0.887875
