50 0.1522
100 0.2034
150 0.252667
200 0.26345
250 0.3024
300 0.276533
350 0.298171
400 0.296
450 0.315844
500 0.31266
550 0.313109
600 0.321783
650 0.331431
700 0.311657
750 0.335587
800 0.313487
850 0.341094
900 0.336344
950 0.333947
1000 0.34814
1050 0.331105
1100 0.316427
1150 0.368635
1200 0.339983
1250 0.373128
1300 0.342315
1350 0.355837
1400 0.334864
1450 0.320455
1500 0.34098
1550 0.322342
1600 0.346794
1650 0.343055
1700 0.344159
1750 0.343674
1800 0.355844
1850 0.321757
1900 0.345321
1950 0.341779
2000 0.36278
