50 0.1546
100 0.2273
150 0.291133
200 0.40635
250 0.47596
300 0.606467
350 0.625143
400 0.5711
450 0.666622
500 0.68202
550 0.681073
600 0.815367
650 0.804631
700 0.758243
750 0.855667
800 0.88135
850 0.856659
900 0.883211
950 0.890589
1000 0.87117
1050 0.868095
1100 0.900727
1150 0.902461
1200 0.900383
1250 0.890104
1300 0.884223
1350 0.901511
1400 0.934243
1450 0.909428
1500 0.907987
1550 0.914052
1600 0.865669
1650 0.919867
1700 0.883259
1750 0.918571
1800 0.929083
1850 0.938297
1900 0.903263
1950 0.907031
2000 0.93989
