50 0.1388
100 0.2267
150 0.355267
200 0.4414
250 0.51884
300 0.562133
350 0.65
400 0.6948
450 0.741111
500 0.7331
550 0.765509
600 0.850767
650 0.836431
700 0.853586
750 0.81664
800 0.871575
850 0.900388
900 0.862778
950 0.892305
1000 0.90099
1050 0.861438
1100 0.876264
1150 0.940878
1200 0.910083
1250 0.884656
1300 0.876431
1350 0.899578
1400 0.9249
1450 0.904434
1500 0.940613
1550 0.941103
1600 0.959662
1650 0.953861
1700 0.893259
1750 0.937691
1800 0.936878
1850 0.927486
1900 0.950563
1950 0.896482
2000 0.94869
