50 0.137
100 0.3407
150 0.5438
200 0.61995
250 0.71308
300 0.748
350 0.788086
400 0.8061
450 0.829822
500 0.83444
550 0.819873
600 0.837917
650 0.864662
700 0.856414
750 0.853627
800 0.863575
850 0.866624
900 0.8775
950 0.889063
1000 0.87304
1050 0.878848
1100 0.861573
1150 0.862583
1200 0.884242
1250 0.880352
1300 0.876846
1350 0.875037
1400 0.882721
1450 0.86231
1500 0.86892
1550 0.874348
1600 0.8938
1650 0.883618
1700 0.873424
1750 0.88488
1800 0.885317
1850 0.890995
1900 0.893411
1950 0.873405
2000 0.88813
