50 0
50 0.46
50 0
50 0.54
50 0.28
50 0.12
50 0.64
50 0.74
50 0
50 0.3
50 0.04
50 0.2
50 0.02
50 0.08
50 0.16
50 0.06
50 0
50 0.6
50 0
50 0
50 0.26
50 0
50 0
50 0
50 0.14
50 0.8
50 0.46
50 0.28
50 0.26
50 0.4
50 0.12
50 0.02
50 0.08
50 0.26
50 0.16
50 0
50 0.4
50 0.7
50 0.08
50 0
50 0
50 0.16
50 0.04
50 0.72
50 0.66
50 0.2
50 0.26
50 0.68
50 0.24
50 0.26
50 0.46
50 0
50 0.4
50 0.08
50 0.62
50 0.44
50 0.34
50 0
50 0.04
50 0.04
50 0.6
50 0.2
50 0
50 0
50 0.72
50 0.26
50 0
50 0.02
50 0.54
50 0
50 0.12
50 0.02
50 0.4
50 0.58
50 0.1
100 0.22
100 0.15
100 0.22
100 0.43
100 0.54
100 0.45
100 0.52
100 0.32
100 0.14
100 0.37
100 0.81
100 0.72
100 0.46
100 0.3
100 0.64
100 0.21
100 0.63
100 0.28
100 0.37
100 0.56
100 0.01
100 0.67
100 0.46
100 0.54
100 0.62
100 0.32
100 0
100 0.52
100 0.83
100 0.3
100 0.68
100 0.39
100 0.7
100 0.72
100 0.69
100 0.4
100 0.68
100 0.61
100 0.15
100 0.44
100 0.55
100 0.14
100 0.27
100 0.5
100 0.65
100 0.7
100 0.5
100 0.33
100 0.72
100 0.49
100 0.69
100 0.31
100 0.6
100 0.6
100 0.57
100 0.89
100 0.62
100 0.58
100 0.34
100 0.54
100 0.75
100 0.21
100 0.34
100 0.39
100 0.29
100 0.18
100 0.46
100 0.15
100 0.53
100 0.66
100 0.15
100 0.68
100 0.5
100 0.06
100 0.71
150 0.646667
150 0.446667
150 0.806667
150 0.733333
150 0.54
150 0.733333
150 0.773333
150 0.64
150 0.74
150 0.266667
150 0.693333
150 0.593333
150 0.393333
150 0.546667
150 0.593333
150 0.673333
150 0.64
150 0.28
150 0.666667
150 0.453333
150 0.706667
150 0.686667
150 0.54
150 0.32
150 0.82
150 0.753333
150 0.02
150 0.373333
150 0.653333
150 0.713333
150 0.693333
150 0.573333
150 0.793333
150 0.546667
150 0.693333
150 0.593333
150 0.406667
150 0.566667
150 0.413333
150 0.68
150 0.76
150 0.513333
150 0.213333
150 0.42
150 0.493333
150 0.633333
150 0.566667
150 0.453333
150 0.7
150 0.353333
150 0.62
150 0.633333
150 0.646667
150 0.76
150 0.506667
150 0.64
150 0.286667
150 0.693333
150 0.346667
150 0.613333
150 0.613333
150 0.56
150 0.52
150 0.14
150 0.506667
150 0.68
150 0.44
150 0.313333
150 0.453333
150 0.333333
150 0.72
150 0.426667
150 0.66
150 0.74
150 0.453333
200 0.475
200 0.445
200 0.725
200 0.585
200 0.27
200 0.385
200 0.765
200 0.725
200 0.47
200 0.605
200 0.625
200 0.52
200 0.745
200 0.575
200 0.685
200 0.78
200 0.64
200 0.715
200 0.645
200 0.65
200 0.74
200 0.75
200 0.42
200 0.68
200 0.82
200 0.585
200 0.65
200 0.565
200 0.55
200 0.72
200 0.44
200 0.46
200 0.485
200 0.43
200 0.55
200 0.76
200 0.285
200 0.635
200 0.465
200 0.5
200 0.45
200 0.76
200 0.325
200 0.345
200 0.825
200 0.795
200 0.76
200 0.705
200 0.785
200 0.65
200 0
200 0.785
200 0.625
200 0.685
200 0.8
200 0.77
200 0.535
200 0.63
200 0.63
200 0.625
200 0.475
200 0.635
200 0.785
200 0.55
200 0.76
200 0.72
200 0.665
200 0.765
200 0.595
200 0.785
200 0.675
200 0.395
200 0.83
200 0.78
200 0.535
250 0.744
250 0.804
250 0.568
250 0.724
250 0.528
250 0.752
250 0.74
250 0.572
250 0.452
250 0.516
250 0.772
250 0.536
250 0.712
250 0.628
250 0.696
250 0.532
250 0.728
250 0.468
250 0.58
250 0.836
250 0.824
250 0.428
250 0.472
250 0.48
250 0.712
250 0.752
250 0.74
250 0.648
250 0.456
250 0.78
250 0.528
250 0.604
250 0.628
250 0.7
250 0.732
250 0.36
250 0.716
250 0.736
250 0.7
250 0.784
250 0.512
250 0.548
250 0.648
250 0.436
250 0.776
250 0.736
250 0.836
250 0.612
250 0.8
250 0.424
250 0.704
250 0.468
250 0.652
250 0.544
250 0.832
250 0.8
250 0.692
250 0.516
250 0.564
250 0.648
250 0.788
250 0.812
250 0.56
250 0.88
250 0.624
250 0.416
250 0.788
250 0.736
250 0.816
250 0.828
250 0.644
250 0.42
250 0.808
250 0.752
250 0.82
300 0.87
300 0.766667
300 0.676667
300 0.79
300 0.736667
300 0.643333
300 0.593333
300 0.273333
300 0.516667
300 0.68
300 0.64
300 0.223333
300 0.703333
300 0.646667
300 0.54
300 0.746667
300 0.666667
300 0.59
300 0.633333
300 0.806667
300 0.536667
300 0.486667
300 0.726667
300 0.806667
300 0.756667
300 0.703333
300 0.856667
300 0.77
300 0.776667
300 0.726667
300 0.683333
300 0.573333
300 0.61
300 0.77
300 0.57
300 0.786667
300 0.653333
300 0.73
300 0.69
300 0.68
300 0.77
300 0.626667
300 0.68
300 0.66
300 0.54
300 0.59
300 0.786667
300 0.546667
300 0.666667
300 0.736667
300 0.703333
300 0.81
300 0.656667
300 0.656667
300 0.79
300 0.646667
300 0.493333
300 0.803333
300 0.79
300 0.796667
300 0.703333
300 0.726667
300 0.703333
300 0.703333
300 0.796667
300 0.64
300 0.806667
300 0.743333
300 0.76
300 0.64
300 0.75
300 0.78
300 0.806667
300 0.653333
300 0.63
350 0.74
350 0.771429
350 0.522857
350 0.768571
350 0.854286
350 0.645714
350 0.782857
350 0.502857
350 0.774286
350 0.714286
350 0.837143
350 0.614286
350 0.382857
350 0.725714
350 0.82
350 0.805714
350 0.345714
350 0.848571
350 0.705714
350 0.731429
350 0.788571
350 0.631429
350 0.814286
350 0.734286
350 0.668571
350 0.825714
350 0.722857
350 0.594286
350 0.857143
350 0.6
350 0.697143
350 0.814286
350 0.645714
350 0.737143
350 0.802857
350 0.768571
350 0.728571
350 0.571429
350 0.768571
350 0.722857
350 0.782857
350 0.765714
350 0.648571
350 0.471429
350 0.862857
350 0.737143
350 0.42
350 0.474286
350 0.42
350 0.597143
350 0.771429
350 0.765714
350 0.774286
350 0.62
350 0.574286
350 0.797143
350 0.785714
350 0.7
350 0.828571
350 0.665714
350 0.745714
350 0.765714
350 0.771429
350 0.757143
350 0.494286
350 0.871429
350 0.697143
350 0.682857
350 0.574286
350 0.731429
350 0.731429
350 0.857143
350 0.448571
350 0.762857
350 0.797143
400 0.74
400 0.5
400 0.795
400 0.6
400 0.77
400 0.815
400 0.5925
400 0.585
400 0.7875
400 0.5525
400 0.8625
400 0.8025
400 0.725
400 0.7075
400 0.585
400 0.6775
400 0.775
400 0.5925
400 0.7425
400 0.6125
400 0.605
400 0.7575
400 0.75
400 0.65
400 0.7575
400 0.8175
400 0.56
400 0.505
400 0.875
400 0.69
400 0.7375
400 0.6475
400 0.845
400 0.4475
400 0.7575
400 0.8825
400 0.5925
400 0.6325
400 0.8375
400 0.805
400 0.7775
400 0.75
400 0.6725
400 0.8125
400 0.765
400 0.5475
400 0.38
400 0.7125
400 0.77
400 0.78
400 0.6525
400 0.7525
400 0.875
400 0.6775
400 0.7225
400 0.755
400 0.8275
400 0.1875
400 0.6725
400 0.7675
400 0.86
400 0.665
400 0.6625
400 0.585
400 0.7275
400 0.8275
400 0.8025
400 0.6175
400 0.815
400 0.64
400 0.765
400 0.7375
400 0.7925
400 0.8425
400 0.72
450 0.695556
450 0.775556
450 0.551111
450 0.753333
450 0.777778
450 0.788889
450 0.808889
450 0.588889
450 0.715556
450 0.795556
450 0.497778
450 0.808889
450 0.475556
450 0.777778
450 0.697778
450 0.917778
450 0.817778
450 0.793333
450 0.731111
450 0.511111
450 0.715556
450 0.668889
450 0.54
450 0.753333
450 0.757778
450 0.668889
450 0.493333
450 0.626667
450 0.635556
450 0.671111
450 0.76
450 0.715556
450 0.848889
450 0.771111
450 0.753333
450 0.624444
450 0.795556
450 0.648889
450 0.531111
450 0.777778
450 0.475556
450 0.7
450 0.375556
450 0.686667
450 0.693333
450 0.822222
450 0.751111
450 0.655556
450 0.808889
450 0.802222
450 0.753333
450 0.764444
450 0.697778
450 0.686667
450 0.802222
450 0.6
450 0.691111
450 0.746667
450 0.708889
450 0.784444
450 0.66
450 0.804444
450 0.826667
450 0.624444
450 0.784444
450 0.764444
450 0.66
450 0.773333
450 0.691111
450 0.795556
450 0.762222
450 0.706667
450 0.866667
450 0.62
450 0.637778
500 0.722
500 0.75
500 0.748
500 0.574
500 0.594
500 0.664
500 0.692
500 0.784
500 0.74
500 0.84
500 0.804
500 0.658
500 0.75
500 0.794
500 0.746
500 0.734
500 0.77
500 0.718
500 0.788
500 0.716
500 0.792
500 0.696
500 0.826
500 0.652
500 0.47
500 0.642
500 0.818
500 0.826
500 0.656
500 0.608
500 0.832
500 0.716
500 0.77
500 0.778
500 0.594
500 0.782
500 0.8
500 0.774
500 0.516
500 0.546
500 0.748
500 0.62
500 0.778
500 0.706
500 0.83
500 0.826
500 0.782
500 0.746
500 0.75
500 0.748
500 0.592
500 0.762
500 0.794
500 0.632
500 0.508
500 0.844
500 0.746
500 0.808
500 0.876
500 0.768
500 0.688
500 0.604
500 0.672
500 0.712
500 0.416
500 0.462
500 0.85
500 0.556
500 0.83
500 0.792
500 0.518
500 0.794
500 0.818
500 0.772
500 0.808
550 0.692727
550 0.601818
550 0.723636
550 0.781818
550 0.781818
550 0.709091
550 0.741818
550 0.669091
550 0.747273
550 0.78
550 0.829091
550 0.774545
550 0.554545
550 0.723636
550 0.836364
550 0.672727
550 0.583636
550 0.714545
550 0.743636
550 0.858182
550 0.794545
550 0.454545
550 0.841818
550 0.478182
550 0.803636
550 0.84
550 0.76
550 0.787273
550 0.787273
550 0.721818
550 0.763636
550 0.56
550 0.803636
550 0
550 0.718182
550 0.761818
550 0.623636
550 0.423636
550 0.816364
550 0.643636
550 0.790909
550 0.763636
550 0.592727
550 0.592727
550 0.841818
550 0.774545
550 0.503636
550 0.609091
550 0.84
550 0.716364
550 0.798182
550 0.687273
550 0.256364
550 0.416364
550 0.785455
550 0.46
550 0.798182
550 0.734545
550 0.781818
550 0.578182
550 0.7
550 0.661818
550 0.658182
550 0.721818
550 0.861818
550 0.76
550 0.714545
550 0.616364
550 0.692727
550 0.723636
550 0.678182
550 0.783636
550 0.772727
550 0.730909
550 0.663636
600 0.548333
600 0.835
600 0.608333
600 0.518333
600 0.883333
600 0.736667
600 0.636667
600 0.808333
600 0.695
600 0.61
600 0.726667
600 0.806667
600 0.756667
600 0.718333
600 0.768333
600 0.688333
600 0.698333
600 0.671667
600 0.678333
600 0.745
600 0.528333
600 0.685
600 0.786667
600 0.725
600 0.775
600 0.698333
600 0.661667
600 0.761667
600 0.74
600 0.736667
600 0.63
600 0.606667
600 0.718333
600 0.806667
600 0.78
600 0.811667
600 0.721667
600 0.76
600 0.743333
600 0.763333
600 0.595
600 0.465
600 0.841667
600 0.84
600 0.848333
600 0.725
600 0.815
600 0.688333
600 0.743333
600 0.64
600 0.54
600 0.41
600 0.738333
600 0.74
600 0.691667
600 0.75
600 0.736667
600 0.76
600 0.738333
600 0.69
600 0.805
600 0.855
600 0.631667
600 0.796667
600 0.833333
600 0.491667
600 0.863333
600 0.67
600 0.776667
600 0.643333
600 0.715
600 0.78
600 0.785
600 0.831667
600 0.62
650 0.833846
650 0.618462
650 0.646154
650 0.698462
650 0.8
650 0.781538
650 0.74
650 0.792308
650 0.823077
650 0.669231
650 0.661538
650 0.7
650 0.830769
650 0.850769
650 0.607692
650 0.698462
650 0.843077
650 0.635385
650 0.78
650 0.766154
650 0.661538
650 0.466154
650 0.789231
650 0.623077
650 0.7
650 0.816923
650 0.715385
650 0.770769
650 0.764615
650 0.667692
650 0.693846
650 0.881538
650 0.784615
650 0.890769
650 0.626154
650 0.766154
650 0.463077
650 0.846154
650 0.636923
650 0.823077
650 0.767692
650 0.824615
650 0.724615
650 0.781538
650 0.778462
650 0.618462
650 0.810769
650 0.623077
650 0.809231
650 0.650769
650 0.609231
650 0.798462
650 0.830769
650 0.78
650 0.681538
650 0.775385
650 0.730769
650 0.812308
650 0.809231
650 0.48
650 0.695385
650 0.878462
650 0.756923
650 0.789231
650 0.692308
650 0.630769
650 0.681538
650 0.601538
650 0.8
650 0.827692
650 0.807692
650 0.730769
650 0.827692
650 0.789231
650 0.630769
700 0.697143
700 0.797143
700 0.791429
700 0.804286
700 0.742857
700 0.681429
700 0.784286
700 0.804286
700 0.737143
700 0.811429
700 0.77
700 0.752857
700 0.734286
700 0.728571
700 0.755714
700 0.754286
700 0.528571
700 0.821429
700 0.745714
700 0.791429
700 0.8
700 0.757143
700 0.728571
700 0.831429
700 0.528571
700 0.592857
700 0.735714
700 0.664286
700 0.824286
700 0.787143
700 0.761429
700 0.681429
700 0.82
700 0.651429
700 0.748571
700 0.808571
700 0.734286
700 0.67
700 0.715714
700 0.581429
700 0.644286
700 0.558571
700 0.804286
700 0.741429
700 0.578571
700 0.802857
700 0.704286
700 0.731429
700 0.771429
700 0.831429
700 0.684286
700 0.835714
700 0.8
700 0.785714
700 0.465714
700 0.784286
700 0.771429
700 0.688571
700 0.585714
700 0.777143
700 0.82
700 0.698571
700 0.76
700 0.475714
700 0.711429
700 0.672857
700 0.737143
700 0.767143
700 0.428571
700 0.758571
700 0.741429
700 0.73
700 0.737143
700 0.782857
700 0.857143
750 0.646667
750 0.784
750 0.718667
750 0.650667
750 0.733333
750 0.809333
750 0.737333
750 0.729333
750 0.722667
750 0.454667
750 0.653333
750 0.838667
750 0.701333
750 0.701333
750 0.72
750 0.798667
750 0.785333
750 0.64
750 0.782667
750 0.717333
750 0.784
750 0.589333
750 0.729333
750 0.870667
750 0.789333
750 0.772
750 0.684
750 0.84
750 0.548
750 0.832
750 0.733333
750 0.633333
750 0.825333
750 0.852
750 0.76
750 0.684
750 0.662667
750 0.757333
750 0.721333
750 0.748
750 0.785333
750 0.694667
750 0.748
750 0.813333
750 0.62
750 0.874667
750 0.826667
750 0.777333
750 0.809333
750 0.753333
750 0.850667
750 0.846667
750 0.577333
750 0.78
750 0.692
750 0.754667
750 0.805333
750 0.588
750 0.822667
750 0.657333
750 0.842667
750 0.736
750 0.756
750 0.798667
750 0.766667
750 0.598667
750 0.613333
750 0.748
750 0.589333
750 0.666667
750 0.706667
750 0.702667
750 0.82
750 0.893333
750 0.817333
800 0.7625
800 0.69875
800 0.76875
800 0.65125
800 0.59375
800 0.725
800 0.2525
800 0.69625
800 0.8175
800 0.81375
800 0.82
800 0.8125
800 0.67625
800 0.79
800 0.76375
800 0.5925
800 0.7825
800 0.735
800 0.79125
800 0.80375
800 0.69625
800 0.805
800 0.78375
800 0.835
800 0.75625
800 0.84375
800 0.61375
800 0.6225
800 0.665
800 0.83875
800 0.73625
800 0.72375
800 0.75375
800 0.785
800 0.7225
800 0.73
800 0.54875
800 0.815
800 0.58
800 0.71625
800 0.84875
800 0.81625
800 0.81375
800 0.68625
800 0.77125
800 0.7325
800 0.62
800 0.51
800 0.72625
800 0.77375
800 0.79625
800 0.825
800 0.87
800 0.7025
800 0.79625
800 0.45625
800 0.71625
800 0.81
800 0.75875
800 0.7825
800 0.78875
800 0.77375
800 0.7325
800 0.7825
800 0.86375
800 0.755
800 0.675
800 0.82
800 0.7925
800 0.68875
800 0.59375
800 0.59125
800 0.6425
800 0.6075
800 0.7975
850 0.724706
850 0.829412
850 0.824706
850 0.582353
850 0.604706
850 0.654118
850 0.805882
850 0.774118
850 0.596471
850 0.437647
850 0.72
850 0.916471
850 0.629412
850 0.788235
850 0.748235
850 0.784706
850 0.82
850 0.741176
850 0.701176
850 0.768235
850 0.850588
850 0.750588
850 0.743529
850 0.727059
850 0.783529
850 0.8
850 0.735294
850 0.825882
850 0.82
850 0.751765
850 0.745882
850 0.741176
850 0.774118
850 0.781176
850 0.829412
850 0.778824
850 0.701176
850 0.738824
850 0.751765
850 0.701176
850 0.754118
850 0.8
850 0.775294
850 0.698824
850 0.708235
850 0.848235
850 0.717647
850 0.738824
850 0.561176
850 0.772941
850 0.821176
850 0.577647
850 0.694118
850 0.689412
850 0.782353
850 0.784706
850 0.732941
850 0.741176
850 0.752941
850 0.690588
850 0.729412
850 0.735294
850 0.811765
850 0.784706
850 0.834118
850 0.838824
850 0.778824
850 0.702353
850 0.781176
850 0.698824
850 0.682353
850 0.781176
850 0.721176
850 0.645882
850 0.617647
900 0.766667
900 0.554444
900 0.796667
900 0.762222
900 0.781111
900 0.781111
900 0.624444
900 0.774444
900 0.774444
900 0.805556
900 0.777778
900 0.758889
900 0.763333
900 0.83
900 0.812222
900 0.764444
900 0.73
900 0.725556
900 0.407778
900 0.72
900 0.826667
900 0.721111
900 0.73
900 0.683333
900 0.764444
900 0.645556
900 0.698889
900 0.577778
900 0.772222
900 0.718889
900 0.774444
900 0.638889
900 0.657778
900 0.661111
900 0.5
900 0.842222
900 0.807778
900 0.78
900 0.785556
900 0.823333
900 0.657778
900 0.663333
900 0.726667
900 0.785556
900 0.692222
900 0.764444
900 0.841111
900 0.848889
900 0.762222
900 0.782222
900 0.675556
900 0.754444
900 0.745556
900 0.562222
900 0.848889
900 0.758889
900 0.862222
900 0.757778
900 0.835556
900 0.596667
900 0.821111
900 0.764444
900 0.738889
900 0.823333
900 0.701111
900 0.728889
900 0.662222
900 0.738889
900 0.664444
900 0.597778
900 0.795556
900 0.693333
900 0.902222
900 0.826667
900 0.807778
950 0.706316
950 0.781053
950 0.744211
950 0.86
950 0.825263
950 0.702105
950 0.576842
950 0.748421
950 0.713684
950 0.768421
950 0.690526
950 0.803158
950 0.806316
950 0.767368
950 0.718947
950 0.835789
950 0.835789
950 0.830526
950 0.747368
950 0.804211
950 0.8
950 0.735789
950 0.752632
950 0.829474
950 0.828421
950 0.682105
950 0.742105
950 0.792632
950 0.812632
950 0.802105
950 0.658947
950 0.756842
950 0.752632
950 0.874737
950 0.754737
950 0.736842
950 0.794737
950 0.765263
950 0.725263
950 0.788421
950 0.866316
950 0.829474
950 0.783158
950 0.812632
950 0.816842
950 0.710526
950 0.848421
950 0.691579
950 0.751579
950 0.72
950 0.854737
950 0.691579
950 0.617895
950 0.836842
950 0.654737
950 0.747368
950 0.803158
950 0.795789
950 0.74
950 0.809474
950 0.661053
950 0.790526
950 0.784211
950 0.767368
950 0.748421
950 0.778947
950 0.729474
950 0.772632
950 0.852632
950 0.758947
950 0.751579
950 0.783158
950 0.682105
950 0.748421
950 0.809474
1000 0.834
1000 0.537
1000 0.693
1000 0.77
1000 0.85
1000 0.822
1000 0.806
1000 0.829
1000 0.817
1000 0.704
1000 0.79
1000 0.862
1000 0.794
1000 0.804
1000 0.791
1000 0.71
1000 0.742
1000 0.675
1000 0.767
1000 0.706
1000 0.738
1000 0.618
1000 0.766
1000 0.883
1000 0.746
1000 0.829
1000 0.816
1000 0.736
1000 0.875
1000 0.778
1000 0.73
1000 0.774
1000 0.689
1000 0.767
1000 0.535
1000 0.806
1000 0.723
1000 0.836
1000 0.727
1000 0.739
1000 0.822
1000 0.861
1000 0.826
1000 0.752
1000 0.863
1000 0.83
1000 0.592
1000 0.742
1000 0.72
1000 0.707
1000 0.715
1000 0.731
1000 0.757
1000 0.857
1000 0.728
1000 0.665
1000 0.778
1000 0.811
1000 0.832
1000 0.757
1000 0.74
1000 0.627
1000 0.816
1000 0.512
1000 0.771
1000 0.715
1000 0.811
1000 0.57
1000 0.777
1000 0.68
1000 0.831
1000 0.791
1000 0.705
1000 0.838
1000 0.664
1050 0.824762
1050 0.821905
1050 0.738095
1050 0.806667
1050 0.325714
1050 0.718095
1050 0.822857
1050 0.653333
1050 0.805714
1050 0.818095
1050 0.611429
1050 0.773333
1050 0.908571
1050 0.624762
1050 0.831429
1050 0.750476
1050 0.757143
1050 0.828571
1050 0.829524
1050 0.82381
1050 0.731429
1050 0.64
1050 0.727619
1050 0.752381
1050 0.825714
1050 0.748571
1050 0.728571
1050 0.811429
1050 0.800952
1050 0.748571
1050 0.644762
1050 0.824762
1050 0.781905
1050 0.844762
1050 0.795238
1050 0.758095
1050 0.847619
1050 0.786667
1050 0.76381
1050 0.731429
1050 0.75619
1050 0.719048
1050 0.708571
1050 0.755238
1050 0.802857
1050 0.857143
1050 0.830476
1050 0.764762
1050 0.732381
1050 0.860952
1050 0.791429
1050 0.765714
1050 0.830476
1050 0.739048
1050 0.705714
1050 0.808571
1050 0.820952
1050 0.82381
1050 0.870476
1050 0.835238
1050 0.769524
1050 0.721905
1050 0.689524
1050 0.798095
1050 0.825714
1050 0.752381
1050 0.705714
1050 0.722857
1050 0.725714
1050 0.58381
1050 0.818095
1050 0.815238
1050 0.845714
1050 0.842857
1050 0.747619
1100 0.816364
1100 0.766364
1100 0.724545
1100 0.878182
1100 0.760909
1100 0.818182
1100 0.66
1100 0.808182
1100 0.826364
1100 0.697273
1100 0.792727
1100 0.781818
1100 0.759091
1100 0.736364
1100 0.806364
1100 0.824545
1100 0.599091
1100 0.744545
1100 0.768182
1100 0.884545
1100 0.83
1100 0.75
1100 0.84
1100 0.829091
1100 0.772727
1100 0.505455
1100 0.858182
1100 0.644545
1100 0.807273
1100 0.8
1100 0.760909
1100 0.826364
1100 0.767273
1100 0.834545
1100 0.82
1100 0.845455
1100 0.739091
1100 0.831818
1100 0.814545
1100 0.821818
1100 0.782727
1100 0.763636
1100 0.803636
1100 0.614545
1100 0.663636
1100 0.748182
1100 0.730909
1100 0.805455
1100 0.847273
1100 0.78
1100 0.689091
1100 0.853636
1100 0.860909
1100 0.768182
1100 0.846364
1100 0.741818
1100 0.526364
1100 0.787273
1100 0.643636
1100 0.73
1100 0.55
1100 0.760909
1100 0.838182
1100 0.678182
1100 0.691818
1100 0.761818
1100 0.839091
1100 0.807273
1100 0.7
1100 0.674545
1100 0.801818
1100 0.763636
1100 0.785455
1100 0.629091
1100 0.310909
1150 0.797391
1150 0.754783
1150 0.784348
1150 0.789565
1150 0.755652
1150 0.763478
1150 0.68087
1150 0.736522
1150 0.833913
1150 0.707826
1150 0.828696
1150 0.853043
1150 0.806957
1150 0.782609
1150 0.764348
1150 0.654783
1150 0.771304
1150 0.78087
1150 0.79913
1150 0.814783
1150 0.726957
1150 0.84
1150 0.772174
1150 0.774783
1150 0.841739
1150 0.735652
1150 0.613913
1150 0.724348
1150 0.686087
1150 0.878261
1150 0.82
1150 0.803478
1150 0.804348
1150 0.633043
1150 0.773913
1150 0.845217
1150 0.7
1150 0.652174
1150 0.782609
1150 0.866087
1150 0.553043
1150 0.67913
1150 0.807826
1150 0.76
1150 0.794783
1150 0.747826
1150 0.755652
1150 0.82
1150 0.627826
1150 0.809565
1150 0.767826
1150 0.771304
1150 0.447826
1150 0.433913
1150 0.673913
1150 0.68087
1150 0.874783
1150 0.644348
1150 0.705217
1150 0.75913
1150 0.810435
1150 0.765217
1150 0.804348
1150 0.603478
1150 0.750435
1150 0.78
1150 0.805217
1150 0.707826
1150 0.843478
1150 0.781739
1150 0.786087
1150 0.763478
1150 0.767826
1150 0.795652
1150 0.784348
1200 0.73
1200 0.7325
1200 0.6375
1200 0.7975
1200 0.759167
1200 0.795833
1200 0.8425
1200 0.831667
1200 0.795833
1200 0.68
1200 0.580833
1200 0.765
1200 0.789167
1200 0.798333
1200 0.799167
1200 0.685
1200 0.710833
1200 0.804167
1200 0.824167
1200 0.783333
1200 0.7725
1200 0.710833
1200 0.679167
1200 0.809167
1200 0.858333
1200 0.728333
1200 0.849167
1200 0.764167
1200 0.8
1200 0.769167
1200 0.64
1200 0.725
1200 0.839167
1200 0.7725
1200 0.785833
1200 0.766667
1200 0.819167
1200 0.724167
1200 0.8275
1200 0.794167
1200 0.764167
1200 0.690833
1200 0.79
1200 0.806667
1200 0.6875
1200 0.771667
1200 0.7025
1200 0.825
1200 0.724167
1200 0.701667
1200 0.806667
1200 0.8
1200 0.7975
1200 0.831667
1200 0.774167
1200 0.81
1200 0.788333
1200 0.828333
1200 0.738333
1200 0.7375
1200 0.695
1200 0.8825
1200 0.7625
1200 0.8675
1200 0.800833
1200 0.774167
1200 0.724167
1200 0.784167
1200 0.643333
1200 0.740833
1200 0.7875
1200 0.785833
1200 0.775833
1200 0.818333
1200 0.688333
1250 0.7744
1250 0.7056
1250 0.7664
1250 0.764
1250 0.848
1250 0.7688
1250 0.784
1250 0.7424
1250 0.7808
1250 0.3448
1250 0.688
1250 0.8768
1250 0.764
1250 0.78
1250 0.696
1250 0.7608
1250 0.7648
1250 0.7704
1250 0.684
1250 0.6104
1250 0.8024
1250 0.72
1250 0.76
1250 0.68
1250 0.8184
1250 0.76
1250 0.7144
1250 0.744
1250 0.7032
1250 0.7784
1250 0.7296
1250 0.6992
1250 0.5464
1250 0.7952
1250 0.8792
1250 0.8424
1250 0.7944
1250 0.76
1250 0.8488
1250 0.8032
1250 0.8288
1250 0.7352
1250 0.8288
1250 0.7208
1250 0.788
1250 0.7984
1250 0.6528
1250 0.6832
1250 0.6584
1250 0.7592
1250 0.7768
1250 0.8312
1250 0.8368
1250 0.7568
1250 0.6576
1250 0.7784
1250 0.604
1250 0.7696
1250 0.8136
1250 0.808
1250 0.828
1250 0.7336
1250 0.8224
1250 0.7272
1250 0.776
1250 0.7336
1250 0.8584
1250 0.7416
1250 0.7872
1250 0.8192
1250 0.5776
1250 0.828
1250 0.8192
1250 0.6824
1250 0.8408
1300 0.825385
1300 0.751538
1300 0.742308
1300 0.74
1300 0.873846
1300 0.665385
1300 0.766154
1300 0.809231
1300 0.644615
1300 0.880769
1300 0.790769
1300 0.873846
1300 0.694615
1300 0.828462
1300 0.832308
1300 0.764615
1300 0.852308
1300 0.690769
1300 0.816923
1300 0.764615
1300 0.841538
1300 0.780769
1300 0.644615
1300 0.774615
1300 0.756923
1300 0.765385
1300 0.62
1300 0.79
1300 0.788462
1300 0.569231
1300 0.883846
1300 0.753846
1300 0.620769
1300 0.690769
1300 0.850769
1300 0.727692
1300 0.768462
1300 0.677692
1300 0.755385
1300 0.738462
1300 0.833077
1300 0.761538
1300 0.843077
1300 0.792308
1300 0.759231
1300 0.816923
1300 0.653077
1300 0.826923
1300 0.655385
1300 0.801538
1300 0.803077
1300 0.631538
1300 0.730769
1300 0.686154
1300 0.796154
1300 0.823846
1300 0.753846
1300 0.81
1300 0.798462
1300 0.695385
1300 0.771538
1300 0.766923
1300 0.728462
1300 0.78
1300 0.825385
1300 0.775385
1300 0.746923
1300 0.764615
1300 0.895385
1300 0.617692
1300 0.825385
1300 0.725385
1300 0.813077
1300 0.657692
1300 0.870769
1350 0.794074
1350 0.823704
1350 0.844444
1350 0.863704
1350 0.800741
1350 0.642222
1350 0.75037
1350 0.748148
1350 0.831852
1350 0.717037
1350 0.746667
1350 0.773333
1350 0.771111
1350 0.763704
1350 0.784444
1350 0.655556
1350 0.823704
1350 0.807407
1350 0.497778
1350 0.754815
1350 0.848148
1350 0.577037
1350 0.856296
1350 0.78963
1350 0.718519
1350 0.814815
1350 0.723704
1350 0.865185
1350 0.851111
1350 0.815556
1350 0.758519
1350 0.899259
1350 0.708889
1350 0.745185
1350 0.74963
1350 0.856296
1350 0.736296
1350 0.68963
1350 0.778519
1350 0.868889
1350 0.764444
1350 0.702222
1350 0.823704
1350 0.844444
1350 0.818519
1350 0.825926
1350 0.884444
1350 0.751111
1350 0.858519
1350 0.837778
1350 0.702963
1350 0.834815
1350 0.827407
1350 0.693333
1350 0.611111
1350 0.672593
1350 0.794074
1350 0.808148
1350 0.763704
1350 0.803704
1350 0.862963
1350 0.763704
1350 0.788889
1350 0.13037
1350 0.751111
1350 0.800741
1350 0.798519
1350 0.795556
1350 0.628148
1350 0.659259
1350 0.857037
1350 0.728889
1350 0.751852
1350 0.799259
1350 0.793333
1400 0.767857
1400 0.850714
1400 0.859286
1400 0.778571
1400 0.770714
1400 0.738571
1400 0.735
1400 0.79
1400 0.741429
1400 0.71
1400 0.616429
1400 0.888571
1400 0.718571
1400 0.692143
1400 0.863571
1400 0.532143
1400 0.747143
1400 0.819286
1400 0.777857
1400 0.797857
1400 0.812143
1400 0.81
1400 0.783571
1400 0.757143
1400 0.737857
1400 0.712857
1400 0.747143
1400 0.742143
1400 0.591429
1400 0.817143
1400 0.792857
1400 0.747143
1400 0.741429
1400 0.786429
1400 0.847143
1400 0.806429
1400 0.778571
1400 0.793571
1400 0.724286
1400 0.735714
1400 0.848571
1400 0.911429
1400 0.830714
1400 0.778571
1400 0.743571
1400 0.818571
1400 0.755
1400 0.875
1400 0.881429
1400 0.665714
1400 0.877857
1400 0.766429
1400 0.802857
1400 0.805714
1400 0.758571
1400 0.837143
1400 0.812857
1400 0.807857
1400 0.720714
1400 0.870714
1400 0.77
1400 0.639286
1400 0.727857
1400 0.800714
1400 0.627143
1400 0.626429
1400 0.712857
1400 0.728571
1400 0.682143
1400 0.805
1400 0.757857
1400 0.750714
1400 0.725714
1400 0.86
1400 0.795
1450 0.803448
1450 0.835862
1450 0.746897
1450 0.814483
1450 0.792414
1450 0.768276
1450 0.817931
1450 0.730345
1450 0.785517
1450 0.795172
1450 0.687586
1450 0.742069
1450 0.736552
1450 0.675172
1450 0.593103
1450 0.715862
1450 0.857931
1450 0.833793
1450 0.777241
1450 0.564828
1450 0.729655
1450 0.803448
1450 0.754483
1450 0.828966
1450 0.753793
1450 0.762069
1450 0.78
1450 0.517241
1450 0.791034
1450 0.781379
1450 0.831034
1450 0.746897
1450 0.713103
1450 0.797241
1450 0.765517
1450 0.773103
1450 0.746897
1450 0.821379
1450 0.846897
1450 0.784138
1450 0.702069
1450 0.787586
1450 0.727586
1450 0.842069
1450 0.70069
1450 0.798621
1450 0.855862
1450 0.77931
1450 0.73931
1450 0.77931
1450 0.786897
1450 0.822759
1450 0.83931
1450 0.73931
1450 0.817241
1450 0.709655
1450 0.826897
1450 0.734483
1450 0.808966
1450 0.769655
1450 0.80069
1450 0.667586
1450 0.844138
1450 0.80069
1450 0.656552
1450 0.704138
1450 0.775172
1450 0.663448
1450 0.69931
1450 0.765517
1450 0.717241
1450 0.737931
1450 0.871724
1450 0.769655
1450 0.777931
1500 0.852667
1500 0.737333
1500 0.836667
1500 0.748
1500 0.794667
1500 0.724667
1500 0.809333
1500 0.806667
1500 0.664667
1500 0.754
1500 0.732
1500 0.756
1500 0.742667
1500 0.768
1500 0.844667
1500 0.884667
1500 0.712667
1500 0.551333
1500 0.668667
1500 0.782667
1500 0.769333
1500 0.768
1500 0.807333
1500 0.804
1500 0.746
1500 0.782667
1500 0.569333
1500 0.693333
1500 0.777333
1500 0.73
1500 0.83
1500 0.816667
1500 0.846667
1500 0.854
1500 0.850667
1500 0.740667
1500 0.78
1500 0.739333
1500 0.768667
1500 0.807333
1500 0.608667
1500 0.785333
1500 0.656667
1500 0.793333
1500 0.886667
1500 0.816667
1500 0.698
1500 0.775333
1500 0.632667
1500 0.763333
1500 0.792
1500 0.779333
1500 0.818667
1500 0.86
1500 0.817333
1500 0.737333
1500 0.881333
1500 0.756
1500 0.772667
1500 0.802
1500 0.745333
1500 0.713333
1500 0.8
1500 0.862
1500 0.779333
1500 0.818
1500 0.803333
1500 0.788
1500 0.767333
1500 0.795333
1500 0.699333
1500 0.701333
1500 0.542
1500 0.665333
1500 0.738
1550 0.829677
1550 0.851613
1550 0.801935
1550 0.729677
1550 0.774194
1550 0.654839
1550 0.877419
1550 0.749032
1550 0.821935
1550 0.653548
1550 0.783871
1550 0.710323
1550 0.713548
1550 0.815484
1550 0.813548
1550 0.770323
1550 0.740645
1550 0.710323
1550 0.700645
1550 0.686452
1550 0.732903
1550 0.797419
1550 0.736774
1550 0.816774
1550 0.488387
1550 0.820645
1550 0.79871
1550 0.81871
1550 0.878065
1550 0.772258
1550 0.820645
1550 0.767742
1550 0.798065
1550 0.671613
1550 0.705806
1550 0.777419
1550 0.758065
1550 0.833548
1550 0.819355
1550 0.577419
1550 0.707742
1550 0.787097
1550 0.847097
1550 0.683871
1550 0.750323
1550 0.830968
1550 0.649677
1550 0.827742
1550 0.865161
1550 0.783226
1550 0.854839
1550 0.763871
1550 0.88
1550 0.785161
1550 0.861935
1550 0.752258
1550 0.712903
1550 0.78129
1550 0.825806
1550 0.776129
1550 0.709032
1550 0.842581
1550 0.850968
1550 0.843871
1550 0.772258
1550 0.789677
1550 0.724516
1550 0.805806
1550 0.793548
1550 0.805161
1550 0.410323
1550 0.843226
1550 0.882581
1550 0.8
1550 0.806452
1600 0.813125
1600 0.866875
1600 0.82875
1600 0.7425
1600 0.900625
1600 0.76375
1600 0.869375
1600 0.81125
1600 0.78625
1600 0.79625
1600 0.76625
1600 0.884375
1600 0.79125
1600 0.680625
1600 0.765
1600 0.745625
1600 0.74375
1600 0.70375
1600 0.814375
1600 0.85125
1600 0.798125
1600 0.825625
1600 0.814375
1600 0.710625
1600 0.814375
1600 0.8025
1600 0.71125
1600 0.7475
1600 0.848125
1600 0.829375
1600 0.76125
1600 0.789375
1600 0.759375
1600 0.818125
1600 0.666875
1600 0.771875
1600 0.794375
1600 0.713125
1600 0.80875
1600 0.705
1600 0.83125
1600 0.81625
1600 0.8025
1600 0.705625
1600 0.86125
1600 0.83125
1600 0.70375
1600 0.809375
1600 0.753125
1600 0.74625
1600 0.57875
1600 0.77
1600 0.7975
1600 0.82375
1600 0.651875
1600 0.844375
1600 0.756875
1600 0.794375
1600 0.825625
1600 0.89125
1600 0.85875
1600 0.82375
1600 0.775
1600 0.874375
1600 0.730625
1600 0.788125
1600 0.77125
1600 0.8175
1600 0.813125
1600 0.856875
1600 0.790625
1600 0.64125
1600 0.77125
1600 0.80125
1600 0.514375
1650 0.78303
1650 0.790303
1650 0.747879
1650 0.792727
1650 0.860606
1650 0.686667
1650 0.82
1650 0.618788
1650 0.813333
1650 0.726667
1650 0.747879
1650 0.813333
1650 0.718788
1650 0.758788
1650 0.807273
1650 0.885455
1650 0.726061
1650 0.734545
1650 0.77697
1650 0.617576
1650 0.807879
1650 0.811515
1650 0.775152
1650 0.784848
1650 0.730909
1650 0.676364
1650 0.700606
1650 0.781212
1650 0.810303
1650 0.584848
1650 0.76303
1650 0.676364
1650 0.755152
1650 0.812727
1650 0.573333
1650 0.809091
1650 0.800606
1650 0.57697
1650 0.841212
1650 0.576364
1650 0.824242
1650 0.750303
1650 0.85697
1650 0.727273
1650 0.78303
1650 0.850303
1650 0.835152
1650 0.762424
1650 0.613333
1650 0.841818
1650 0.781818
1650 0.732727
1650 0.771515
1650 0.600606
1650 0.737576
1650 0.838182
1650 0.793939
1650 0.78303
1650 0.860606
1650 0.751515
1650 0.793333
1650 0.850909
1650 0.803636
1650 0.806061
1650 0.774545
1650 0.723636
1650 0.912121
1650 0.810303
1650 0.81697
1650 0.637576
1650 0.68
1650 0.672727
1650 0.858788
1650 0.722424
1650 0.767273
1700 0.742941
1700 0.854706
1700 0.785882
1700 0.827647
1700 0.745294
1700 0.752353
1700 0.813529
1700 0.755882
1700 0.775294
1700 0.718824
1700 0.730588
1700 0.795882
1700 0.679412
1700 0.817647
1700 0.802353
1700 0.744706
1700 0.766471
1700 0.813529
1700 0.738824
1700 0.560588
1700 0.730588
1700 0.709412
1700 0.726471
1700 0.780588
1700 0.872353
1700 0.589412
1700 0.696471
1700 0.818235
1700 0.781765
1700 0.689412
1700 0.832941
1700 0.789412
1700 0.757647
1700 0.687647
1700 0.811176
1700 0.827647
1700 0.744706
1700 0.491765
1700 0.845882
1700 0.765882
1700 0.820588
1700 0.759412
1700 0.750588
1700 0.778235
1700 0.756471
1700 0.802941
1700 0.671765
1700 0.787059
1700 0.768824
1700 0.740588
1700 0.680588
1700 0.674706
1700 0.694118
1700 0.682941
1700 0.777059
1700 0.829412
1700 0.801765
1700 0.748824
1700 0.804118
1700 0.813529
1700 0.842353
1700 0.787059
1700 0.668824
1700 0.797059
1700 0.708235
1700 0.825294
1700 0.825882
1700 0.851176
1700 0.848235
1700 0.759412
1700 0.682941
1700 0.795882
1700 0.644118
1700 0.798824
1700 0.771765
1750 0.732
1750 0.733714
1750 0.762857
1750 0.758286
1750 0.809143
1750 0.829143
1750 0.788571
1750 0.702286
1750 0.812571
1750 0.783429
1750 0.737143
1750 0.633143
1750 0.827429
1750 0.581143
1750 0.771429
1750 0.816571
1750 0.772
1750 0.695429
1750 0.717143
1750 0.798286
1750 0.780571
1750 0.878857
1750 0.804571
1750 0.774286
1750 0.840571
1750 0.76
1750 0.753143
1750 0.868571
1750 0.779429
1750 0.781714
1750 0.811429
1750 0.845714
1750 0.801714
1750 0.822286
1750 0.873714
1750 0.822286
1750 0.66
1750 0.748
1750 0.743429
1750 0.835429
1750 0.793714
1750 0.788571
1750 0.750857
1750 0.802857
1750 0.781714
1750 0.710857
1750 0.767429
1750 0.512
1750 0.779429
1750 0.857143
1750 0.743429
1750 0.864
1750 0.815429
1750 0.813714
1750 0.674286
1750 0.841143
1750 0.823429
1750 0.786286
1750 0.650286
1750 0.698857
1750 0.476571
1750 0.824
1750 0.782286
1750 0.6
1750 0.704
1750 0.826857
1750 0.633143
1750 0.843429
1750 0.787429
1750 0.773714
1750 0.584571
1750 0.839429
1750 0.741714
1750 0.594286
1750 0.785143
1800 0.787778
1800 0.833333
1800 0.791667
1800 0.754444
1800 0.786111
1800 0.793333
1800 0.757222
1800 0.814444
1800 0.780556
1800 0.733333
1800 0.781667
1800 0.795556
1800 0.802778
1800 0.826111
1800 0.803889
1800 0.781667
1800 0.783333
1800 0.672778
1800 0.876667
1800 0.862778
1800 0.83
1800 0.826667
1800 0.802222
1800 0.717778
1800 0.729444
1800 0.818889
1800 0.863889
1800 0.726111
1800 0.837778
1800 0.635556
1800 0.722222
1800 0.809444
1800 0.708333
1800 0.812222
1800 0.887222
1800 0.828889
1800 0.638889
1800 0.772778
1800 0.727778
1800 0.770556
1800 0.795
1800 0.841111
1800 0.564444
1800 0.843333
1800 0.873333
1800 0.825
1800 0.808333
1800 0.778889
1800 0.853889
1800 0.738889
1800 0.695556
1800 0.716111
1800 0.802778
1800 0.790556
1800 0.814444
1800 0.788333
1800 0.681667
1800 0.770556
1800 0.781111
1800 0.647222
1800 0.753889
1800 0.727222
1800 0.761111
1800 0.748889
1800 0.798889
1800 0.801111
1800 0.712222
1800 0.755556
1800 0.752222
1800 0.746111
1800 0.895556
1800 0.713889
1800 0.746667
1800 0.775
1800 0.822778
1850 0.714595
1850 0.778378
1850 0.697838
1850 0.743243
1850 0.847568
1850 0.827027
1850 0.835676
1850 0.830811
1850 0.831351
1850 0.785946
1850 0.622162
1850 0.78
1850 0.771351
1850 0.727568
1850 0.749189
1850 0.834054
1850 0.744865
1850 0.822703
1850 0.882162
1850 0.786486
1850 0.77027
1850 0.757838
1850 0.688108
1850 0.809189
1850 0.853514
1850 0.683784
1850 0.866486
1850 0.757838
1850 0.66
1850 0.729189
1850 0.827568
1850 0.726486
1850 0.758919
1850 0.765946
1850 0.805946
1850 0.700541
1850 0.821081
1850 0.836757
1850 0.771351
1850 0.818919
1850 0.775135
1850 0.730811
1850 0.801081
1850 0.74973
1850 0.803243
1850 0.798378
1850 0.651351
1850 0.776757
1850 0.785946
1850 0.815135
1850 0.789189
1850 0.731351
1850 0.803784
1850 0.772973
1850 0.819459
1850 0.765405
1850 0.796216
1850 0.820541
1850 0.818378
1850 0.718378
1850 0.788108
1850 0.697838
1850 0.821622
1850 0.663243
1850 0.807568
1850 0.746486
1850 0.822162
1850 0.801622
1850 0.771892
1850 0.608649
1850 0.832432
1850 0.793514
1850 0.730811
1850 0.807027
1850 0.804865
1900 0.78
1900 0.784211
1900 0.751579
1900 0.779474
1900 0.798421
1900 0.802105
1900 0.736316
1900 0.784211
1900 0.802105
1900 0.862105
1900 0.805789
1900 0.605263
1900 0.781053
1900 0.718421
1900 0.843158
1900 0.788421
1900 0.568947
1900 0.781053
1900 0.675789
1900 0.79
1900 0.816842
1900 0.834737
1900 0.824211
1900 0.804211
1900 0.773684
1900 0.762105
1900 0.704737
1900 0.803684
1900 0.708421
1900 0.727368
1900 0.779474
1900 0.771579
1900 0.748947
1900 0.752632
1900 0.777368
1900 0.794737
1900 0.824211
1900 0.829474
1900 0.794737
1900 0.798947
1900 0.768947
1900 0.749474
1900 0.708947
1900 0.793158
1900 0.806842
1900 0.742105
1900 0.81
1900 0.834737
1900 0.595789
1900 0.836316
1900 0.835263
1900 0.803684
1900 0.804211
1900 0.717368
1900 0.822105
1900 0.824211
1900 0.806316
1900 0.868421
1900 0.809474
1900 0.753158
1900 0.776316
1900 0.775789
1900 0.795789
1900 0.794737
1900 0.813684
1900 0.815789
1900 0.790526
1900 0.883684
1900 0.850526
1900 0.794211
1900 0.788421
1900 0.734211
1900 0.837368
1900 0.788947
1900 0.752105
1950 0.774872
1950 0.818462
1950 0.792308
1950 0.746667
1950 0.781026
1950 0.805641
1950 0.643077
1950 0.830769
1950 0.828205
1950 0.790256
1950 0.784615
1950 0.842051
1950 0.787179
1950 0.499487
1950 0.763077
1950 0.841026
1950 0.878974
1950 0.727179
1950 0.80359
1950 0.808718
1950 0.714359
1950 0.750256
1950 0.735385
1950 0.734872
1950 0.768718
1950 0.682564
1950 0.831795
1950 0.737436
1950 0.72
1950 0.817949
1950 0.765128
1950 0.806154
1950 0.802564
1950 0.758974
1950 0.535385
1950 0.704615
1950 0.816923
1950 0.849231
1950 0.64
1950 0.586154
1950 0.797949
1950 0.749231
1950 0.696923
1950 0.74359
1950 0.800513
1950 0.734359
1950 0.768718
1950 0.809744
1950 0.857949
1950 0.908205
1950 0.768718
1950 0.751795
1950 0.781538
1950 0.77641
1950 0.810769
1950 0.795385
1950 0.78
1950 0.790769
1950 0.763077
1950 0.724103
1950 0.824103
1950 0.795897
1950 0.824103
1950 0.659487
1950 0.826154
1950 0.809231
1950 0.754872
1950 0.767692
1950 0.728205
1950 0.841026
1950 0.849231
1950 0.693333
1950 0.850769
1950 0.794872
1950 0.612821
2000 0.7235
2000 0.8955
2000 0.8575
2000 0.762
2000 0.8075
2000 0.7825
2000 0.737
2000 0.6855
2000 0.826
2000 0.641
2000 0.794
2000 0.733
2000 0.833
2000 0.83
2000 0.789
2000 0.824
2000 0.707
2000 0.765
2000 0.749
2000 0.8055
2000 0.7305
2000 0.7475
2000 0.717
2000 0.734
2000 0.846
2000 0.805
2000 0.7975
2000 0.8505
2000 0.775
2000 0.645
2000 0.8
2000 0.7965
2000 0.8725
2000 0.739
2000 0.715
2000 0.8155
2000 0.8495
2000 0.753
2000 0.7975
2000 0.7275
2000 0.8435
2000 0.774
2000 0.6915
2000 0.6415
2000 0.7465
2000 0.7925
2000 0.733
2000 0.718
2000 0.7575
2000 0.692
2000 0.895
2000 0.8145
2000 0.75
2000 0.8085
2000 0.7895
2000 0.768
2000 0.732
2000 0.779
2000 0.7755
2000 0.807
2000 0.762
2000 0.7015
2000 0.801
2000 0.7825
2000 0.753
2000 0.7405
2000 0.7585
2000 0.713
2000 0.6855
2000 0.7175
2000 0.7465
2000 0.914
2000 0.77
2000 0.67
2000 0.631
