50 0
50 0.42
50 0.02
50 0.62
50 0.26
50 0.6
50 0.32
50 0.4
50 0
50 0.16
50 0.2
50 0
50 0
50 0.06
50 0.24
50 0
50 0.44
50 0.54
50 0.08
50 0.02
50 0.06
50 0
50 0
50 0.02
50 0.16
50 0.66
50 0.34
50 0.22
50 0.18
50 0.08
50 0.16
50 0.06
50 0
50 0.24
50 0.04
50 0.02
50 0.42
50 0.62
50 0.74
50 0.02
50 0
50 0.22
50 0.04
50 0.76
50 0.4
50 0.38
50 0.22
50 0.6
50 0.24
50 0.34
50 0.48
50 0.04
50 0.04
50 0
50 0.48
50 0.2
50 0.44
50 0
50 0.08
50 0.08
50 0.32
50 0.28
50 0
50 0
50 0.76
50 0.26
50 0.22
50 0
50 0.44
50 0.18
50 0.12
50 0.16
50 0.2
50 0.78
50 0.12
100 0.3
100 0
100 0.27
100 0.26
100 0.75
100 0.61
100 0.58
100 0.57
100 0.73
100 0.31
100 0.69
100 0.02
100 0.35
100 0.09
100 0.87
100 0.15
100 0
100 0.5
100 0.39
100 0.82
100 0.71
100 0.39
100 0.46
100 0.54
100 0.49
100 0.66
100 0.12
100 0.42
100 0.64
100 0.52
100 0.58
100 0.51
100 0.29
100 0.78
100 0.72
100 0.56
100 0.55
100 0.59
100 0
100 0.37
100 0.62
100 0
100 0.5
100 0.65
100 0.8
100 0.74
100 0.18
100 0.12
100 0.05
100 0.45
100 0.3
100 0.39
100 0.46
100 0.43
100 0.64
100 0.75
100 0.85
100 0.69
100 0.27
100 0.62
100 0.41
100 0.56
100 0.51
100 0.39
100 0.51
100 0.11
100 0.8
100 0.5
100 0.4
100 0.7
100 0.39
100 0.63
100 0.37
100 0.06
100 0.74
150 0.54
150 0.613333
150 0.506667
150 0.793333
150 0.16
150 0.8
150 0.66
150 0.84
150 0.793333
150 0.22
150 0.74
150 0.886667
150 0.346667
150 0.54
150 0.56
150 0.693333
150 0.813333
150 0.246667
150 0.173333
150 0.773333
150 0.68
150 0.6
150 0.62
150 0.28
150 0.753333
150 0.66
150 0.68
150 0.74
150 0.506667
150 0.686667
150 0.606667
150 0.813333
150 0.74
150 0.64
150 0.526667
150 0.56
150 0.4
150 0.626667
150 0.386667
150 0.393333
150 0.553333
150 0.48
150 0.26
150 0.573333
150 0.386667
150 0.76
150 0.213333
150 0.206667
150 0.146667
150 0.353333
150 0.6
150 0.546667
150 0.533333
150 0.673333
150 0.6
150 0.46
150 0.546667
150 0.52
150 0.233333
150 0.453333
150 0.786667
150 0.673333
150 0.54
150 0.553333
150 0.7
150 0.64
150 0.46
150 0.32
150 0.866667
150 0.466667
150 0.746667
150 0.246667
150 0.773333
150 0.6
150 0.513333
200 0.395
200 0.525
200 0.7
200 0.735
200 0.695
200 0.63
200 0.91
200 0.59
200 0.4
200 0.7
200 0.76
200 0.685
200 0.825
200 0.78
200 0.48
200 0.635
200 0.61
200 0.69
200 0.78
200 0.74
200 0.885
200 0.78
200 0.09
200 0.75
200 0.555
200 0.535
200 0.705
200 0.8
200 0.455
200 0.52
200 0.6
200 0.555
200 0.75
200 0.77
200 0.745
200 0.655
200 0.305
200 0.49
200 0.68
200 0.425
200 0.345
200 0.52
200 0.71
200 0.77
200 0.59
200 0.615
200 0.795
200 0.715
200 0.745
200 0.62
200 0.475
200 0.655
200 0.345
200 0.67
200 0.49
200 0.77
200 0.655
200 0.635
200 0.83
200 0.665
200 0.475
200 0.59
200 0.82
200 0.47
200 0.69
200 0.665
200 0.62
200 0.815
200 0.565
200 0.775
200 0.715
200 0.64
200 0.575
200 0.71
200 0.63
250 0.812
250 0.704
250 0.48
250 0.704
250 0.788
250 0.568
250 0.816
250 0.528
250 0.584
250 0.5
250 0.84
250 0.76
250 0.724
250 0.704
250 0.624
250 0.516
250 0.672
250 0.544
250 0.7
250 0.696
250 0.788
250 0.604
250 0.612
250 0.692
250 0.844
250 0.788
250 0.592
250 0.832
250 0.588
250 0.604
250 0.636
250 0.772
250 0.468
250 0.824
250 0.728
250 0.572
250 0.744
250 0.748
250 0.684
250 0.528
250 0.572
250 0.64
250 0.64
250 0.308
250 0.736
250 0.784
250 0.828
250 0.676
250 0.788
250 0.504
250 0.824
250 0.624
250 0.46
250 0.62
250 0.672
250 0.776
250 0.76
250 0.348
250 0.62
250 0.824
250 0.656
250 0.82
250 0.68
250 0.54
250 0.676
250 0.744
250 0.792
250 0.712
250 0.848
250 0.784
250 0.772
250 0.716
250 0.808
250 0.688
250 0.736
300 0.7
300 0.786667
300 0.626667
300 0.7
300 0.373333
300 0.556667
300 0.706667
300 0.146667
300 0.543333
300 0.753333
300 0.816667
300 0.76
300 0.603333
300 0.69
300 0.683333
300 0.493333
300 0.776667
300 0.766667
300 0.67
300 0.8
300 0.563333
300 0.52
300 0.746667
300 0.61
300 0.62
300 0.706667
300 0.836667
300 0.643333
300 0.666667
300 0.54
300 0.65
300 0.573333
300 0.763333
300 0.57
300 0.823333
300 0.826667
300 0.65
300 0.81
300 0.46
300 0.633333
300 0.776667
300 0.666667
300 0.733333
300 0.68
300 0.59
300 0.816667
300 0.57
300 0.456667
300 0.696667
300 0.756667
300 0.623333
300 0.746667
300 0.643333
300 0.73
300 0.733333
300 0.68
300 0.743333
300 0.806667
300 0.81
300 0.793333
300 0.753333
300 0.786667
300 0.786667
300 0.723333
300 0.52
300 0.79
300 0.81
300 0.57
300 0.753333
300 0.773333
300 0.626667
300 0.873333
300 0.776667
300 0.593333
300 0.636667
350 0.731429
350 0.782857
350 0.608571
350 0.694286
350 0.882857
350 0.46
350 0.76
350 0.694286
350 0.517143
350 0.542857
350 0.782857
350 0.842857
350 0.597143
350 0.62
350 0.765714
350 0.74
350 0.46
350 0.82
350 0.808571
350 0.554286
350 0.8
350 0.711429
350 0.717143
350 0.754286
350 0.52
350 0.785714
350 0.762857
350 0.865714
350 0.782857
350 0.774286
350 0.651429
350 0.76
350 0.448571
350 0.802857
350 0.745714
350 0.777143
350 0.505714
350 0.36
350 0.768571
350 0.7
350 0.717143
350 0.694286
350 0.788571
350 0.697143
350 0.791429
350 0.442857
350 0.668571
350 0.525714
350 0.74
350 0.834286
350 0.737143
350 0.562857
350 0.625714
350 0.648571
350 0.737143
350 0.734286
350 0.797143
350 0.762857
350 0.64
350 0.668571
350 0.742857
350 0.745714
350 0.748571
350 0.782857
350 0.728571
350 0.754286
350 0.622857
350 0.674286
350 0.748571
350 0.837143
350 0.645714
350 0.794286
350 0.317143
350 0.771429
350 0.685714
400 0.8275
400 0.8275
400 0.79
400 0.75
400 0.88
400 0.665
400 0.7525
400 0.5
400 0.815
400 0.36
400 0.6975
400 0.735
400 0.655
400 0.765
400 0.53
400 0.54
400 0.7575
400 0.4225
400 0.865
400 0.7325
400 0.74
400 0.7075
400 0.8175
400 0.685
400 0.7175
400 0.6575
400 0.6825
400 0.605
400 0.6275
400 0.8175
400 0.76
400 0.74
400 0.6475
400 0.7925
400 0.6375
400 0.6
400 0.7425
400 0.41
400 0.7975
400 0.7925
400 0.6925
400 0.5275
400 0.625
400 0.7425
400 0.7725
400 0.7025
400 0.73
400 0.6125
400 0.8325
400 0.78
400 0.55
400 0.7875
400 0.785
400 0.6875
400 0.7925
400 0.585
400 0.8075
400 0.3825
400 0.79
400 0.6075
400 0.8925
400 0.71
400 0.8375
400 0.755
400 0.7
400 0.8525
400 0.645
400 0.595
400 0.815
400 0.4125
400 0.825
400 0.725
400 0.6375
400 0.68
400 0.79
450 0.742222
450 0.744444
450 0.408889
450 0.724444
450 0.644444
450 0.793333
450 0.755556
450 0.831111
450 0.668889
450 0.651111
450 0.606667
450 0.782222
450 0.784444
450 0.773333
450 0.711111
450 0.715556
450 0.624444
450 0.595556
450 0.808889
450 0.755556
450 0.793333
450 0.888889
450 0.582222
450 0.604444
450 0.737778
450 0.488889
450 0.897778
450 0.784444
450 0.86
450 0.653333
450 0.393333
450 0.797778
450 0.795556
450 0.844444
450 0.688889
450 0.717778
450 0.784444
450 0.782222
450 0.777778
450 0.715556
450 0.751111
450 0.766667
450 0.64
450 0.804444
450 0.664444
450 0.691111
450 0.668889
450 0.608889
450 0.511111
450 0.753333
450 0.788889
450 0.504444
450 0.573333
450 0.784444
450 0.784444
450 0.817778
450 0.804444
450 0.76
450 0.693333
450 0.84
450 0.802222
450 0.82
450 0.677778
450 0.8
450 0.633333
450 0.695556
450 0.728889
450 0.462222
450 0.604444
450 0.72
450 0.757778
450 0.666667
450 0.673333
450 0.78
450 0.5
500 0.788
500 0.794
500 0.61
500 0.8
500 0.748
500 0.798
500 0.788
500 0.78
500 0.606
500 0.808
500 0.752
500 0.644
500 0.786
500 0.862
500 0.796
500 0.758
500 0.75
500 0.682
500 0.736
500 0.736
500 0.82
500 0.55
500 0.804
500 0.762
500 0.386
500 0.66
500 0.804
500 0.786
500 0.59
500 0.88
500 0.842
500 0.744
500 0.758
500 0.656
500 0.686
500 0.548
500 0.728
500 0.572
500 0.76
500 0.746
500 0.626
500 0.716
500 0.77
500 0.786
500 0.758
500 0.806
500 0.784
500 0.608
500 0.708
500 0.37
500 0.58
500 0.69
500 0.81
500 0.66
500 0.84
500 0.75
500 0.842
500 0.636
500 0.796
500 0.776
500 0.654
500 0.508
500 0.644
500 0.5
500 0.414
500 0.622
500 0.65
500 0.684
500 0.672
500 0.752
500 0.624
500 0.814
500 0.75
500 0.778
500 0.632
550 0.683636
550 0.416364
550 0.487273
550 0.725455
550 0.678182
550 0.696364
550 0.796364
550 0.792727
550 0.76
550 0.472727
550 0.774545
550 0.874545
550 0.770909
550 0.656364
550 0.801818
550 0.496364
550 0.416364
550 0.74
550 0.738182
550 0.754545
550 0.652727
550 0.738182
550 0.76
550 0.570909
550 0.88
550 0.618182
550 0.809091
550 0.718182
550 0.727273
550 0.821818
550 0.674545
550 0.538182
550 0.732727
550 0
550 0.525455
550 0.649091
550 0.729091
550 0.441818
550 0.729091
550 0.74
550 0.850909
550 0.638182
550 0.750909
550 0.72
550 0.756364
550 0.667273
550 0.378182
550 0.616364
550 0.794545
550 0.696364
550 0.787273
550 0.801818
550 0.723636
550 0.672727
550 0.790909
550 0.807273
550 0.701818
550 0.847273
550 0.725455
550 0.561818
550 0.694545
550 0.829091
550 0.683636
550 0.772727
550 0.896364
550 0.829091
550 0.487273
550 0.861818
550 0.681818
550 0.743636
550 0.694545
550 0.62
550 0.690909
550 0.763636
550 0.750909
600 0.768333
600 0.903333
600 0.716667
600 0.543333
600 0.593333
600 0.738333
600 0.68
600 0.813333
600 0.878333
600 0.728333
600 0.785
600 0.81
600 0.596667
600 0.9
600 0.581667
600 0.765
600 0.673333
600 0.806667
600 0.796667
600 0.656667
600 0.645
600 0.896667
600 0.653333
600 0.78
600 0.648333
600 0.893333
600 0.686667
600 0.738333
600 0.688333
600 0.608333
600 0.725
600 0.74
600 0.751667
600 0.781667
600 0.585
600 0.758333
600 0.751667
600 0.606667
600 0.763333
600 0.661667
600 0.501667
600 0.636667
600 0.67
600 0.776667
600 0.723333
600 0.675
600 0.695
600 0.686667
600 0.713333
600 0.661667
600 0.665
600 0.57
600 0.726667
600 0.756667
600 0.74
600 0.745
600 0.535
600 0.733333
600 0.823333
600 0.738333
600 0.708333
600 0.836667
600 0.626667
600 0.608333
600 0.795
600 0.728333
600 0.653333
600 0.785
600 0.791667
600 0.793333
600 0.62
600 0.83
600 0.623333
600 0.825
600 0.635
650 0.872308
650 0.850769
650 0.586154
650 0.752308
650 0.735385
650 0.663077
650 0.792308
650 0.886154
650 0.827692
650 0.592308
650 0.664615
650 0.753846
650 0.806154
650 0.84
650 0.733846
650 0.724615
650 0.796923
650 0.632308
650 0.846154
650 0.806154
650 0.712308
650 0.626154
650 0.610769
650 0.786154
650 0.709231
650 0.729231
650 0.672308
650 0.867692
650 0.818462
650 0.566154
650 0.652308
650 0.735385
650 0.727692
650 0.869231
650 0.835385
650 0.770769
650 0.756923
650 0.833846
650 0.732308
650 0.830769
650 0.729231
650 0.804615
650 0.766154
650 0.801538
650 0.758462
650 0.616923
650 0.833846
650 0.724615
650 0.727692
650 0.584615
650 0.730769
650 0.683077
650 0.807692
650 0.724615
650 0.613846
650 0.783077
650 0.84
650 0.855385
650 0.776923
650 0.750769
650 0.681538
650 0.836923
650 0.826154
650 0.807692
650 0.827692
650 0.667692
650 0.84
650 0.590769
650 0.846154
650 0.736923
650 0.807692
650 0.709231
650 0.846154
650 0.761538
650 0.7
700 0.718571
700 0.782857
700 0.811429
700 0.69
700 0.822857
700 0.848571
700 0.66
700 0.81
700 0.804286
700 0.811429
700 0.767143
700 0.824286
700 0.794286
700 0.732857
700 0.741429
700 0.745714
700 0.611429
700 0.814286
700 0.738571
700 0.738571
700 0.8
700 0.762857
700 0.82
700 0.771429
700 0.78
700 0.724286
700 0.76
700 0.818571
700 0.721429
700 0.824286
700 0.778571
700 0.674286
700 0.652857
700 0.792857
700 0.751429
700 0.59
700 0.817143
700 0.694286
700 0.644286
700 0.514286
700 0.812857
700 0.428571
700 0.817143
700 0.758571
700 0.608571
700 0.771429
700 0.698571
700 0.817143
700 0.581429
700 0.757143
700 0.795714
700 0.788571
700 0.831429
700 0.712857
700 0.638571
700 0.748571
700 0.764286
700 0.755714
700 0.705714
700 0.692857
700 0.554286
700 0.558571
700 0.755714
700 0.585714
700 0.807143
700 0.86
700 0.784286
700 0.787143
700 0.78
700 0.751429
700 0.754286
700 0.815714
700 0.564286
700 0.81
700 0.675714
750 0.724
750 0.802667
750 0.732
750 0.62
750 0.838667
750 0.853333
750 0.774667
750 0.832
750 0.764
750 0.610667
750 0.708
750 0.766667
750 0.668
750 0.756
750 0.781333
750 0.710667
750 0.670667
750 0.582667
750 0.762667
750 0.665333
750 0.672
750 0.794667
750 0.652
750 0.738667
750 0.814667
750 0.781333
750 0.576
750 0.734667
750 0.728
750 0.822667
750 0.784
750 0.725333
750 0.82
750 0.761333
750 0.792
750 0.76
750 0.668
750 0.801333
750 0.64
750 0.629333
750 0.714667
750 0.565333
750 0.829333
750 0.833333
750 0.557333
750 0.848
750 0.744
750 0.693333
750 0.834667
750 0.837333
750 0.853333
750 0.712
750 0.690667
750 0.828
750 0.754667
750 0.805333
750 0.677333
750 0.741333
750 0.737333
750 0.585333
750 0.657333
750 0.785333
750 0.8
750 0.601333
750 0.76
750 0.74
750 0.64
750 0.773333
750 0.785333
750 0.742667
750 0.784
750 0.765333
750 0.610667
750 0.764
750 0.636
800 0.78125
800 0.73375
800 0.865
800 0.8
800 0.69875
800 0.6625
800 0.555
800 0.72375
800 0.785
800 0.74
800 0.6325
800 0.71375
800 0.80375
800 0.7325
800 0.71125
800 0.77125
800 0.825
800 0.7225
800 0.79375
800 0.7675
800 0.80875
800 0.8175
800 0.675
800 0.68375
800 0.7975
800 0.80875
800 0.77125
800 0.8825
800 0.80125
800 0.67875
800 0.7975
800 0.78125
800 0.83625
800 0.70125
800 0.83125
800 0.7375
800 0.77
800 0.7975
800 0.7375
800 0.66875
800 0.85375
800 0.76
800 0.7475
800 0.555
800 0.82375
800 0.835
800 0.69125
800 0.74125
800 0.61125
800 0.83125
800 0.71375
800 0.62
800 0.8075
800 0.89625
800 0.74
800 0.645
800 0.80125
800 0.76625
800 0.73125
800 0.82625
800 0.83
800 0.81375
800 0.75875
800 0.82875
800 0.54125
800 0.785
800 0.77875
800 0.605
800 0.635
800 0.9425
800 0.67375
800 0.56
800 0.65625
800 0.715
800 0.71
850 0.752941
850 0.778824
850 0.655294
850 0.82
850 0.696471
850 0.717647
850 0.811765
850 0.88
850 0.750588
850 0.365882
850 0.628235
850 0.789412
850 0.624706
850 0.672941
850 0.76
850 0.856471
850 0.611765
850 0.618824
850 0.754118
850 0.796471
850 0.724706
850 0.774118
850 0.741176
850 0.778824
850 0.858824
850 0.762353
850 0.751765
850 0.496471
850 0.801176
850 0.583529
850 0.687059
850 0.829412
850 0.838824
850 0.762353
850 0.755294
850 0.841176
850 0.698824
850 0.711765
850 0.747059
850 0.735294
850 0.731765
850 0.683529
850 0.652941
850 0.872941
850 0.805882
850 0.867059
850 0.855294
850 0.635294
850 0.578824
850 0.735294
850 0.764706
850 0.629412
850 0.794118
850 0.650588
850 0.725882
850 0.764706
850 0.834118
850 0.751765
850 0.74
850 0.749412
850 0.804706
850 0.724706
850 0.747059
850 0.835294
850 0.685882
850 0.814118
850 0.772941
850 0.682353
850 0.824706
850 0.650588
850 0.854118
850 0.807059
850 0.872941
850 0.744706
850 0.507059
900 0.852222
900 0.734444
900 0.771111
900 0.675556
900 0.867778
900 0.76
900 0.774444
900 0.82
900 0.767778
900 0.644444
900 0.727778
900 0.782222
900 0.796667
900 0.644444
900 0.656667
900 0.784444
900 0.522222
900 0.846667
900 0.738889
900 0.735556
900 0.824444
900 0.764444
900 0.756667
900 0.747778
900 0.751111
900 0.682222
900 0.738889
900 0.758889
900 0.747778
900 0.774444
900 0.902222
900 0.74
900 0.758889
900 0.762222
900 0.596667
900 0.811111
900 0.802222
900 0.875556
900 0.828889
900 0.91
900 0.815556
900 0.812222
900 0.87
900 0.836667
900 0.671111
900 0.733333
900 0.735556
900 0.852222
900 0.773333
900 0.785556
900 0.872222
900 0.807778
900 0.763333
900 0.781111
900 0.761111
900 0.742222
900 0.62
900 0.707778
900 0.778889
900 0.854444
900 0.874444
900 0.804444
900 0.753333
900 0.632222
900 0.644444
900 0.796667
900 0.417778
900 0.76
900 0.921111
900 0.835556
900 0.751111
900 0.842222
900 0.796667
900 0.715556
900 0.767778
950 0.761053
950 0.803158
950 0.771579
950 0.76
950 0.821053
950 0.743158
950 0.617895
950 0.682105
950 0.809474
950 0.774737
950 0.709474
950 0.794737
950 0.832632
950 0.758947
950 0.856842
950 0.856842
950 0.797895
950 0.866316
950 0.826316
950 0.771579
950 0.782105
950 0.827368
950 0.718947
950 0.789474
950 0.817895
950 0.853684
950 0.805263
950 0.735789
950 0.829474
950 0.766316
950 0.714737
950 0.736842
950 0.756842
950 0.74
950 0.764211
950 0.746316
950 0.86
950 0.717895
950 0.787368
950 0.767368
950 0.777895
950 0.818947
950 0.821053
950 0.801053
950 0.88
950 0.698947
950 0.841053
950 0.721053
950 0.762105
950 0.771579
950 0.733684
950 0.72
950 0.64
950 0.704211
950 0.698947
950 0.715789
950 0.812632
950 0.806316
950 0.618947
950 0.785263
950 0.746316
950 0.708421
950 0.715789
950 0.550526
950 0.626316
950 0.735789
950 0.647368
950 0.818947
950 0.782105
950 0.725263
950 0.758947
950 0.687368
950 0.837895
950 0.777895
950 0.850526
1000 0.842
1000 0.684
1000 0.794
1000 0.758
1000 0.711
1000 0.842
1000 0.582
1000 0.8
1000 0.767
1000 0.723
1000 0.867
1000 0.84
1000 0.844
1000 0.582
1000 0.698
1000 0.591
1000 0.717
1000 0.778
1000 0.673
1000 0.713
1000 0.768
1000 0.749
1000 0.492
1000 0.73
1000 0.707
1000 0.807
1000 0.703
1000 0.791
1000 0.791
1000 0.772
1000 0.795
1000 0.87
1000 0.697
1000 0.744
1000 0.743
1000 0.831
1000 0.646
1000 0.818
1000 0.605
1000 0.798
1000 0.771
1000 0.866
1000 0.828
1000 0.825
1000 0.799
1000 0.759
1000 0.654
1000 0.694
1000 0.749
1000 0.821
1000 0.767
1000 0.607
1000 0.866
1000 0.832
1000 0.815
1000 0.831
1000 0.755
1000 0.681
1000 0.855
1000 0.86
1000 0.743
1000 0.699
1000 0.661
1000 0.814
1000 0.732
1000 0.774
1000 0.76
1000 0.816
1000 0.863
1000 0.743
1000 0.819
1000 0.739
1000 0.713
1000 0.836
1000 0.791
1050 0.801905
1050 0.747619
1050 0.43619
1050 0.697143
1050 0.462857
1050 0.880952
1050 0.714286
1050 0.644762
1050 0.901905
1050 0.727619
1050 0.864762
1050 0.804762
1050 0.768571
1050 0.809524
1050 0.792381
1050 0.789524
1050 0.795238
1050 0.724762
1050 0.369524
1050 0.789524
1050 0.822857
1050 0.766667
1050 0.759048
1050 0.819048
1050 0.85619
1050 0.740952
1050 0.809524
1050 0.753333
1050 0.647619
1050 0.826667
1050 0.833333
1050 0.695238
1050 0.727619
1050 0.614286
1050 0.831429
1050 0.72381
1050 0.78
1050 0.762857
1050 0.42381
1050 0.692381
1050 0.67619
1050 0.846667
1050 0.673333
1050 0.817143
1050 0.832381
1050 0.854286
1050 0.550476
1050 0.745714
1050 0.74381
1050 0.658095
1050 0.891429
1050 0.818095
1050 0.813333
1050 0.819048
1050 0.67619
1050 0.669524
1050 0.754286
1050 0.801905
1050 0.865714
1050 0.80381
1050 0.82381
1050 0.22381
1050 0.84381
1050 0.617143
1050 0.835238
1050 0.871429
1050 0.837143
1050 0.706667
1050 0.802857
1050 0.84
1050 0.825714
1050 0.788571
1050 0.769524
1050 0.810476
1050 0.767619
1100 0.710909
1100 0.75
1100 0.777273
1100 0.88
1100 0.846364
1100 0.69
1100 0.771818
1100 0.745455
1100 0.761818
1100 0.694545
1100 0.882727
1100 0.875455
1100 0.809091
1100 0.785455
1100 0.831818
1100 0.841818
1100 0.794545
1100 0.8
1100 0.749091
1100 0.806364
1100 0.79
1100 0.850909
1100 0.853636
1100 0.785455
1100 0.751818
1100 0.532727
1100 0.812727
1100 0.728182
1100 0.850909
1100 0.783636
1100 0.72
1100 0.759091
1100 0.771818
1100 0.799091
1100 0.665455
1100 0.803636
1100 0.71
1100 0.671818
1100 0.776364
1100 0.798182
1100 0.750909
1100 0.73
1100 0.67
1100 0.818182
1100 0.701818
1100 0.68
1100 0.892727
1100 0.728182
1100 0.769091
1100 0.841818
1100 0.803636
1100 0.827273
1100 0.853636
1100 0.852727
1100 0.801818
1100 0.818182
1100 0.703636
1100 0.827273
1100 0.76
1100 0.838182
1100 0.797273
1100 0.786364
1100 0.614545
1100 0.781818
1100 0.830909
1100 0.782727
1100 0.761818
1100 0.799091
1100 0.733636
1100 0.836364
1100 0.780909
1100 0.759091
1100 0.8
1100 0.741818
1100 0.519091
1150 0.784348
1150 0.671304
1150 0.79913
1150 0.746087
1150 0.816522
1150 0.669565
1150 0.781739
1150 0.782609
1150 0.733043
1150 0.810435
1150 0.846087
1150 0.803478
1150 0.50087
1150 0.583478
1150 0.806087
1150 0.731304
1150 0.758261
1150 0.801739
1150 0.835652
1150 0.80087
1150 0.546957
1150 0.86087
1150 0.84087
1150 0.694783
1150 0.804348
1150 0.782609
1150 0.772174
1150 0.764348
1150 0.646087
1150 0.822609
1150 0.786087
1150 0.783478
1150 0.592174
1150 0.804348
1150 0.750435
1150 0.86087
1150 0.689565
1150 0.773043
1150 0.773913
1150 0.763478
1150 0.782609
1150 0.693043
1150 0.741739
1150 0.80087
1150 0.788696
1150 0.721739
1150 0.69913
1150 0.776522
1150 0.845217
1150 0.846957
1150 0.773913
1150 0.837391
1150 0.813913
1150 0.473043
1150 0.821739
1150 0.84
1150 0.741739
1150 0.802609
1150 0.72
1150 0.814783
1150 0.687826
1150 0.837391
1150 0.637391
1150 0.662609
1150 0.813043
1150 0.567826
1150 0.74087
1150 0.706087
1150 0.82087
1150 0.812174
1150 0.831304
1150 0.717391
1150 0.786087
1150 0.727826
1150 0.84087
1200 0.586667
1200 0.7675
1200 0.789167
1200 0.555
1200 0.8425
1200 0.743333
1200 0.583333
1200 0.753333
1200 0.7625
1200 0.580833
1200 0.63
1200 0.820833
1200 0.8075
1200 0.799167
1200 0.841667
1200 0.761667
1200 0.709167
1200 0.800833
1200 0.826667
1200 0.8175
1200 0.748333
1200 0.834167
1200 0.713333
1200 0.784167
1200 0.648333
1200 0.7475
1200 0.776667
1200 0.6225
1200 0.808333
1200 0.645833
1200 0.845
1200 0.73
1200 0.801667
1200 0.74
1200 0.764167
1200 0.710833
1200 0.821667
1200 0.770833
1200 0.818333
1200 0.768333
1200 0.83
1200 0.508333
1200 0.760833
1200 0.819167
1200 0.785
1200 0.66
1200 0.774167
1200 0.9075
1200 0.426667
1200 0.768333
1200 0.801667
1200 0.804167
1200 0.82
1200 0.895833
1200 0.733333
1200 0.670833
1200 0.739167
1200 0.6825
1200 0.730833
1200 0.803333
1200 0.824167
1200 0.841667
1200 0.748333
1200 0.77
1200 0.814167
1200 0.859167
1200 0.741667
1200 0.605833
1200 0.820833
1200 0.7425
1200 0.799167
1200 0.823333
1200 0.821667
1200 0.8975
1200 0.883333
1250 0.6792
1250 0.824
1250 0.7896
1250 0.5952
1250 0.8016
1250 0.8872
1250 0.7312
1250 0.9016
1250 0.7896
1250 0.748
1250 0.784
1250 0.808
1250 0.684
1250 0.7936
1250 0.6976
1250 0.896
1250 0.8376
1250 0.7944
1250 0.8104
1250 0.7392
1250 0.816
1250 0.8288
1250 0.7968
1250 0.8136
1250 0.8208
1250 0.7704
1250 0.804
1250 0.7704
1250 0.7768
1250 0.8288
1250 0.8192
1250 0.6088
1250 0.8648
1250 0.82
1250 0.8576
1250 0.8072
1250 0.7712
1250 0.7552
1250 0.7824
1250 0.6872
1250 0.6968
1250 0.7608
1250 0.7528
1250 0.7288
1250 0.5416
1250 0.7648
1250 0.6392
1250 0.4952
1250 0.8328
1250 0.7656
1250 0.6696
1250 0.8328
1250 0.8008
1250 0.8688
1250 0.788
1250 0.7776
1250 0.812
1250 0.7152
1250 0.7992
1250 0.708
1250 0.7336
1250 0.776
1250 0.8192
1250 0.8344
1250 0.6088
1250 0.8016
1250 0.8384
1250 0.7328
1250 0.736
1250 0.8248
1250 0.7424
1250 0.9168
1250 0.7632
1250 0.7168
1250 0.8384
1300 0.771538
1300 0.744615
1300 0.767692
1300 0.78
1300 0.771538
1300 0.720769
1300 0.620769
1300 0.832308
1300 0.836923
1300 0.846923
1300 0.846923
1300 0.860769
1300 0.595385
1300 0.803077
1300 0.832308
1300 0.769231
1300 0.714615
1300 0.789231
1300 0.844615
1300 0.64
1300 0.764615
1300 0.750769
1300 0.673077
1300 0.784615
1300 0.705385
1300 0.715385
1300 0.783077
1300 0.702308
1300 0.862308
1300 0.781538
1300 0.800769
1300 0.792308
1300 0.75
1300 0.773077
1300 0.790769
1300 0.81
1300 0.89
1300 0.903846
1300 0.755385
1300 0.776154
1300 0.815385
1300 0.726923
1300 0.803077
1300 0.792308
1300 0.84
1300 0.692308
1300 0.682308
1300 0.857692
1300 0.690769
1300 0.783846
1300 0.823077
1300 0.770769
1300 0.773846
1300 0.824615
1300 0.522308
1300 0.776923
1300 0.585385
1300 0.866154
1300 0.813846
1300 0.796154
1300 0.780769
1300 0.784615
1300 0.759231
1300 0.81
1300 0.611538
1300 0.855385
1300 0.723846
1300 0.840769
1300 0.799231
1300 0.701538
1300 0.83
1300 0.705385
1300 0.799231
1300 0.683077
1300 0.81
1350 0.788889
1350 0.844444
1350 0.802963
1350 0.840741
1350 0.786667
1350 0.48
1350 0.785926
1350 0.888889
1350 0.876296
1350 0.851111
1350 0.814074
1350 0.71037
1350 0.633333
1350 0.808889
1350 0.737778
1350 0.757778
1350 0.624444
1350 0.758519
1350 0.856296
1350 0.761481
1350 0.741481
1350 0.762222
1350 0.657778
1350 0.863704
1350 0.594815
1350 0.792593
1350 0.787407
1350 0.612593
1350 0.834815
1350 0.785926
1350 0.80963
1350 0.700741
1350 0.80963
1350 0.801481
1350 0.811852
1350 0.844444
1350 0.756296
1350 0.751852
1350 0.823704
1350 0.803704
1350 0.782222
1350 0.81037
1350 0.72963
1350 0.737037
1350 0.8
1350 0.811852
1350 0.697778
1350 0.765185
1350 0.81037
1350 0.782222
1350 0.793333
1350 0.757037
1350 0.694815
1350 0.73037
1350 0.655556
1350 0.908889
1350 0.827407
1350 0.774815
1350 0.831852
1350 0.693333
1350 0.794815
1350 0.797037
1350 0.782222
1350 0.561481
1350 0.821481
1350 0.77037
1350 0.748148
1350 0.824444
1350 0.837037
1350 0.752593
1350 0.820741
1350 0.846667
1350 0.831852
1350 0.844444
1350 0.743704
1400 0.785
1400 0.828571
1400 0.863571
1400 0.802857
1400 0.767143
1400 0.769286
1400 0.680714
1400 0.779286
1400 0.639286
1400 0.752857
1400 0.37
1400 0.709286
1400 0.781429
1400 0.810714
1400 0.834286
1400 0.61
1400 0.73
1400 0.895
1400 0.842143
1400 0.861429
1400 0.7
1400 0.838571
1400 0.747143
1400 0.853571
1400 0.865714
1400 0.917857
1400 0.820714
1400 0.827143
1400 0.816429
1400 0.731429
1400 0.778571
1400 0.801429
1400 0.809286
1400 0.751429
1400 0.594286
1400 0.804286
1400 0.762857
1400 0.835
1400 0.788571
1400 0.645714
1400 0.738571
1400 0.724286
1400 0.790714
1400 0.723571
1400 0.837143
1400 0.835
1400 0.762857
1400 0.790714
1400 0.81
1400 0.617143
1400 0.800714
1400 0.684286
1400 0.782143
1400 0.815714
1400 0.787143
1400 0.626429
1400 0.746429
1400 0.8
1400 0.800714
1400 0.697857
1400 0.727143
1400 0.757143
1400 0.760714
1400 0.732857
1400 0.672143
1400 0.756429
1400 0.880714
1400 0.800714
1400 0.694286
1400 0.827143
1400 0.777857
1400 0.71
1400 0.746429
1400 0.838571
1400 0.856429
1450 0.822069
1450 0.815172
1450 0.808276
1450 0.832414
1450 0.870345
1450 0.737241
1450 0.710345
1450 0.78
1450 0.835862
1450 0.642069
1450 0.871724
1450 0.748966
1450 0.750345
1450 0.824138
1450 0.746207
1450 0.813103
1450 0.733103
1450 0.828966
1450 0.903448
1450 0.835862
1450 0.813793
1450 0.774483
1450 0.766207
1450 0.815862
1450 0.81931
1450 0.818621
1450 0.808966
1450 0.715172
1450 0.75931
1450 0.796552
1450 0.777241
1450 0.725517
1450 0.882069
1450 0.777931
1450 0.891724
1450 0.752414
1450 0.828966
1450 0.736552
1450 0.817241
1450 0.869655
1450 0.969655
1450 0.826207
1450 0.76
1450 0.802759
1450 0.811034
1450 0.803448
1450 0.82069
1450 0.590345
1450 0.794483
1450 0.769655
1450 0.766897
1450 0.808966
1450 0.747586
1450 0.717931
1450 0.826207
1450 0.79931
1450 0.777241
1450 0.661379
1450 0.734483
1450 0.813103
1450 0.853103
1450 0.674483
1450 0.777931
1450 0.798621
1450 0.750345
1450 0.8
1450 0.757931
1450 0.788276
1450 0.778621
1450 0.733103
1450 0.657241
1450 0.811724
1450 0.806207
1450 0.826207
1450 0.777241
1500 0.861333
1500 0.728667
1500 0.790667
1500 0.539333
1500 0.769333
1500 0.848667
1500 0.809333
1500 0.738
1500 0.737333
1500 0.748
1500 0.761333
1500 0.740667
1500 0.720667
1500 0.798
1500 0.796
1500 0.787333
1500 0.800667
1500 0.591333
1500 0.534667
1500 0.833333
1500 0.822
1500 0.776667
1500 0.640667
1500 0.788667
1500 0.818
1500 0.751333
1500 0.620667
1500 0.741333
1500 0.633333
1500 0.852667
1500 0.702667
1500 0.692667
1500 0.769333
1500 0.682
1500 0.812
1500 0.792667
1500 0.844667
1500 0.734667
1500 0.752
1500 0.802
1500 0.672667
1500 0.846
1500 0.596667
1500 0.870667
1500 0.803333
1500 0.796667
1500 0.724667
1500 0.692
1500 0.709333
1500 0.756667
1500 0.742
1500 0.737333
1500 0.714
1500 0.665333
1500 0.752667
1500 0.781333
1500 0.757333
1500 0.762
1500 0.662
1500 0.792667
1500 0.776
1500 0.690667
1500 0.744667
1500 0.784667
1500 0.839333
1500 0.773333
1500 0.774667
1500 0.784667
1500 0.818
1500 0.794667
1500 0.748
1500 0.906667
1500 0.749333
1500 0.784667
1500 0.669333
1550 0.78129
1550 0.64
1550 0.83871
1550 0.752258
1550 0.689032
1550 0.670323
1550 0.855484
1550 0.803871
1550 0.81871
1550 0.746452
1550 0.588387
1550 0.852258
1550 0.666452
1550 0.825806
1550 0.790968
1550 0.834839
1550 0.729677
1550 0.79871
1550 0.763226
1550 0.78
1550 0.728387
1550 0.852258
1550 0.84129
1550 0.660645
1550 0.776774
1550 0.778065
1550 0.838065
1550 0.818065
1550 0.848387
1550 0.854839
1550 0.823871
1550 0.853548
1550 0.786452
1550 0.756129
1550 0.612258
1550 0.811613
1550 0.708387
1550 0.640645
1550 0.823226
1550 0.820645
1550 0.716774
1550 0.7
1550 0.742581
1550 0.728387
1550 0.810968
1550 0.778065
1550 0.776774
1550 0.829032
1550 0.776774
1550 0.715484
1550 0.897419
1550 0.814194
1550 0.823871
1550 0.861935
1550 0.852903
1550 0.763226
1550 0.804516
1550 0.859355
1550 0.770323
1550 0.761935
1550 0.688387
1550 0.79871
1550 0.714839
1550 0.778065
1550 0.834839
1550 0.736129
1550 0.71871
1550 0.829032
1550 0.86
1550 0.826452
1550 0.701935
1550 0.829677
1550 0.574839
1550 0.790968
1550 0.752258
1600 0.794375
1600 0.938125
1600 0.79625
1600 0.768125
1600 0.73625
1600 0.684375
1600 0.718125
1600 0.70125
1600 0.700625
1600 0.686875
1600 0.70375
1600 0.735625
1600 0.80125
1600 0.77625
1600 0.794375
1600 0.749375
1600 0.844375
1600 0.836875
1600 0.778125
1600 0.741875
1600 0.59875
1600 0.796875
1600 0.8175
1600 0.84625
1600 0.8
1600 0.79875
1600 0.9025
1600 0.774375
1600 0.758125
1600 0.768125
1600 0.874375
1600 0.87625
1600 0.7575
1600 0.785
1600 0.79
1600 0.625
1600 0.82375
1600 0.755625
1600 0.875625
1600 0.704375
1600 0.653125
1600 0.85375
1600 0.71125
1600 0.60125
1600 0.663125
1600 0.889375
1600 0.715625
1600 0.869375
1600 0.675
1600 0.729375
1600 0.67625
1600 0.758125
1600 0.7975
1600 0.64625
1600 0.705625
1600 0.665625
1600 0.77
1600 0.7925
1600 0.823125
1600 0.848125
1600 0.76625
1600 0.840625
1600 0.646875
1600 0.805
1600 0.746875
1600 0.81875
1600 0.815625
1600 0.715625
1600 0.695625
1600 0.82125
1600 0.73625
1600 0.710625
1600 0.68375
1600 0.81625
1600 0.65375
1650 0.825455
1650 0.768485
1650 0.858182
1650 0.821212
1650 0.803636
1650 0.778182
1650 0.767879
1650 0.733333
1650 0.756364
1650 0.78
1650 0.859394
1650 0.855152
1650 0.78303
1650 0.589091
1650 0.761212
1650 0.802424
1650 0.82303
1650 0.872121
1650 0.828485
1650 0.76
1650 0.65697
1650 0.887273
1650 0.815758
1650 0.838788
1650 0.69697
1650 0.754545
1650 0.86303
1650 0.649697
1650 0.865455
1650 0.765455
1650 0.706061
1650 0.778788
1650 0.753333
1650 0.752727
1650 0.712121
1650 0.719394
1650 0.847879
1650 0.738182
1650 0.824848
1650 0.632727
1650 0.695758
1650 0.754545
1650 0.671515
1650 0.699394
1650 0.827879
1650 0.867879
1650 0.784848
1650 0.630303
1650 0.75697
1650 0.820606
1650 0.831515
1650 0.695758
1650 0.869091
1650 0.666667
1650 0.705455
1650 0.773939
1650 0.785455
1650 0.672121
1650 0.857576
1650 0.729091
1650 0.878788
1650 0.8
1650 0.753939
1650 0.76
1650 0.812727
1650 0.66
1650 0.738788
1650 0.767879
1650 0.686667
1650 0.786061
1650 0.761212
1650 0.794545
1650 0.804242
1650 0.705455
1650 0.833939
1700 0.795882
1700 0.797059
1700 0.710588
1700 0.797059
1700 0.774118
1700 0.835882
1700 0.653529
1700 0.855882
1700 0.775294
1700 0.754118
1700 0.605294
1700 0.771765
1700 0.724118
1700 0.81
1700 0.817647
1700 0.862941
1700 0.741765
1700 0.758235
1700 0.761176
1700 0.765294
1700 0.741176
1700 0.717647
1700 0.808824
1700 0.598235
1700 0.632353
1700 0.768235
1700 0.851176
1700 0.791176
1700 0.799412
1700 0.811765
1700 0.745294
1700 0.714118
1700 0.772941
1700 0.765294
1700 0.870588
1700 0.720588
1700 0.812353
1700 0.861176
1700 0.794706
1700 0.778824
1700 0.812353
1700 0.825294
1700 0.929412
1700 0.74
1700 0.742353
1700 0.747647
1700 0.827059
1700 0.832353
1700 0.712353
1700 0.775882
1700 0.535294
1700 0.768235
1700 0.762353
1700 0.752941
1700 0.715882
1700 0.792941
1700 0.752353
1700 0.749412
1700 0.753529
1700 0.741765
1700 0.853529
1700 0.784706
1700 0.738824
1700 0.843529
1700 0.826471
1700 0.843529
1700 0.754706
1700 0.862941
1700 0.727647
1700 0.756471
1700 0.733529
1700 0.843529
1700 0.779412
1700 0.827059
1700 0.838235
1750 0.800571
1750 0.801143
1750 0.796571
1750 0.793714
1750 0.831429
1750 0.6
1750 0.852571
1750 0.670857
1750 0.765714
1750 0.846286
1750 0.838857
1750 0.662857
1750 0.698286
1750 0.621143
1750 0.694286
1750 0.773143
1750 0.767429
1750 0.828
1750 0.843429
1750 0.806286
1750 0.706286
1750 0.789143
1750 0.735429
1750 0.527429
1750 0.729714
1750 0.856571
1750 0.814286
1750 0.841143
1750 0.776
1750 0.78
1750 0.698857
1750 0.761143
1750 0.898857
1750 0.838857
1750 0.824571
1750 0.825143
1750 0.827429
1750 0.783429
1750 0.674857
1750 0.838857
1750 0.829714
1750 0.828
1750 0.851429
1750 0.668571
1750 0.629714
1750 0.704571
1750 0.744
1750 0.566857
1750 0.825714
1750 0.862286
1750 0.708571
1750 0.868
1750 0.735429
1750 0.775429
1750 0.828571
1750 0.722857
1750 0.821143
1750 0.855429
1750 0.803429
1750 0.790286
1750 0.869714
1750 0.743429
1750 0.834286
1750 0.754286
1750 0.740571
1750 0.770857
1750 0.616571
1750 0.764571
1750 0.834286
1750 0.866286
1750 0.684571
1750 0.639429
1750 0.567429
1750 0.617714
1750 0.842286
1800 0.79
1800 0.82
1800 0.713889
1800 0.856111
1800 0.715
1800 0.776111
1800 0.424444
1800 0.818333
1800 0.810556
1800 0.807222
1800 0.735556
1800 0.861667
1800 0.883889
1800 0.731111
1800 0.766111
1800 0.757778
1800 0.662222
1800 0.798889
1800 0.718889
1800 0.775556
1800 0.672222
1800 0.806667
1800 0.821667
1800 0.810556
1800 0.861667
1800 0.782222
1800 0.831667
1800 0.772222
1800 0.720556
1800 0.762778
1800 0.707222
1800 0.898889
1800 0.755556
1800 0.646667
1800 0.702778
1800 0.808333
1800 0.582778
1800 0.712222
1800 0.734444
1800 0.733889
1800 0.804444
1800 0.736111
1800 0.634444
1800 0.892778
1800 0.768333
1800 0.802778
1800 0.716667
1800 0.772222
1800 0.852778
1800 0.635
1800 0.837222
1800 0.795
1800 0.701667
1800 0.858333
1800 0.82
1800 0.731111
1800 0.733333
1800 0.757778
1800 0.764444
1800 0.718333
1800 0.747222
1800 0.782222
1800 0.638889
1800 0.773889
1800 0.786111
1800 0.897222
1800 0.536111
1800 0.773889
1800 0.71
1800 0.836111
1800 0.844444
1800 0.755556
1800 0.770556
1800 0.733889
1800 0.685
1850 0.789189
1850 0.756216
1850 0.803784
1850 0.731351
1850 0.764865
1850 0.84973
1850 0.818378
1850 0.872432
1850 0.82
1850 0.681081
1850 0.575135
1850 0.671892
1850 0.787568
1850 0.870811
1850 0.801081
1850 0.783784
1850 0.807568
1850 0.814595
1850 0.743243
1850 0.917297
1850 0.762703
1850 0.696216
1850 0.806486
1850 0.707027
1850 0.788649
1850 0.587027
1850 0.664324
1850 0.595676
1850 0.805405
1850 0.729189
1850 0.75027
1850 0.781622
1850 0.762162
1850 0.84973
1850 0.708108
1850 0.753514
1850 0.838919
1850 0.775135
1850 0.873514
1850 0.878919
1850 0.787568
1850 0.478919
1850 0.815676
1850 0.723784
1850 0.789189
1850 0.797838
1850 0.815676
1850 0.704324
1850 0.736216
1850 0.745405
1850 0.803784
1850 0.797297
1850 0.745405
1850 0.804865
1850 0.73027
1850 0.748649
1850 0.851351
1850 0.817297
1850 0.803243
1850 0.805405
1850 0.832973
1850 0.725946
1850 0.834595
1850 0.818919
1850 0.78973
1850 0.76973
1850 0.834595
1850 0.792973
1850 0.767027
1850 0.764865
1850 0.739459
1850 0.557297
1850 0.69027
1850 0.788649
1850 0.695135
1900 0.761053
1900 0.798421
1900 0.879474
1900 0.798947
1900 0.814737
1900 0.753684
1900 0.808421
1900 0.733158
1900 0.813684
1900 0.803684
1900 0.823158
1900 0.636842
1900 0.814737
1900 0.872105
1900 0.823684
1900 0.806842
1900 0.835263
1900 0.822632
1900 0.584737
1900 0.823684
1900 0.858421
1900 0.683158
1900 0.87
1900 0.668947
1900 0.725789
1900 0.883684
1900 0.588421
1900 0.78
1900 0.557895
1900 0.790526
1900 0.862105
1900 0.800526
1900 0.828421
1900 0.782105
1900 0.79
1900 0.822105
1900 0.83
1900 0.906842
1900 0.74
1900 0.891579
1900 0.757368
1900 0.798947
1900 0.815789
1900 0.681053
1900 0.761579
1900 0.704737
1900 0.818947
1900 0.567368
1900 0.598947
1900 0.86
1900 0.811579
1900 0.793684
1900 0.552105
1900 0.837368
1900 0.777368
1900 0.778947
1900 0.786842
1900 0.771053
1900 0.722632
1900 0.777895
1900 0.831053
1900 0.762105
1900 0.845789
1900 0.777895
1900 0.915263
1900 0.787895
1900 0.753684
1900 0.828421
1900 0.764211
1900 0.786842
1900 0.752105
1900 0.686316
1900 0.752105
1900 0.931579
1900 0.645789
1950 0.744103
1950 0.828718
1950 0.798462
1950 0.732821
1950 0.813846
1950 0.73641
1950 0.915385
1950 0.832821
1950 0.766667
1950 0.790769
1950 0.651282
1950 0.729231
1950 0.824103
1950 0.423077
1950 0.762051
1950 0.771282
1950 0.772821
1950 0.909231
1950 0.687179
1950 0.844103
1950 0.751282
1950 0.847179
1950 0.782051
1950 0.826667
1950 0.765128
1950 0.770256
1950 0.753846
1950 0.820513
1950 0.766154
1950 0.840513
1950 0.701026
1950 0.638462
1950 0.663077
1950 0.768205
1950 0.727179
1950 0.470769
1950 0.777436
1950 0.78
1950 0.655897
1950 0.591795
1950 0.838974
1950 0.630256
1950 0.710769
1950 0.668718
1950 0.752821
1950 0.706154
1950 0.802564
1950 0.806154
1950 0.83641
1950 0.731795
1950 0.825641
1950 0.779487
1950 0.771282
1950 0.824615
1950 0.739487
1950 0.808718
1950 0.766154
1950 0.764615
1950 0.813333
1950 0.834359
1950 0.767179
1950 0.846154
1950 0.714872
1950 0.704103
1950 0.879487
1950 0.844615
1950 0.814359
1950 0.731795
1950 0.74
1950 0.810256
1950 0.755897
1950 0.780513
1950 0.762051
1950 0.788205
1950 0.602564
2000 0.7595
2000 0.736
2000 0.7205
2000 0.8995
2000 0.8405
2000 0.777
2000 0.8745
2000 0.7565
2000 0.7085
2000 0.702
2000 0.802
2000 0.857
2000 0.6975
2000 0.7585
2000 0.6005
2000 0.819
2000 0.8035
2000 0.825
2000 0.776
2000 0.7415
2000 0.7425
2000 0.7835
2000 0.839
2000 0.7955
2000 0.862
2000 0.8555
2000 0.731
2000 0.78
2000 0.766
2000 0.839
2000 0.822
2000 0.831
2000 0.803
2000 0.6345
2000 0.578
2000 0.848
2000 0.7535
2000 0.759
2000 0.751
2000 0.835
2000 0.7645
2000 0.7445
2000 0.787
2000 0.873
2000 0.782
2000 0.818
2000 0.8095
2000 0.8035
2000 0.8115
2000 0.6535
2000 0.862
2000 0.809
2000 0.7695
2000 0.875
2000 0.8445
2000 0.724
2000 0.809
2000 0.8045
2000 0.8235
2000 0.792
2000 0.806
2000 0.779
2000 0.65
2000 0.8405
2000 0.9255
2000 0.7855
2000 0.7325
2000 0.7745
2000 0.7785
2000 0.822
2000 0.808
2000 0.831
2000 0.8205
2000 0.5975
2000 0.8195
