50 0.06
50 0.48
50 0.04
50 0.14
50 0.28
50 0.18
50 0.38
50 0.46
50 0
50 0.22
50 0.12
50 0.42
50 0.24
50 0.28
50 0.16
50 0.04
50 0.06
50 0.54
50 0.14
50 0
50 0.1
50 0
50 0.16
50 0.1
50 0
50 0.44
50 0.06
50 0.28
50 0.38
50 0.2
50 0.16
50 0
50 0.02
50 0.2
50 0.2
50 0
50 0.32
50 0.72
50 0
50 0
50 0.04
50 0.18
50 0.26
50 0.76
50 0.14
50 0.44
50 0.26
50 0.4
50 0.4
50 0.3
50 0.36
50 0.1
50 0.14
50 0.26
50 0.6
50 0.14
50 0.36
50 0.12
50 0.22
50 0.1
50 0.44
50 0.36
50 0.02
50 0
50 0.74
50 0.26
50 0.1
50 0
50 0.62
50 0.22
50 0
50 0.48
50 0.48
50 0.64
50 0.12
100 0.22
100 0
100 0.32
100 0.27
100 0.68
100 0.67
100 0.6
100 0.2
100 0.8
100 0.47
100 0.67
100 0.66
100 0.35
100 0.32
100 0.86
100 0.18
100 0.58
100 0.5
100 0.28
100 0.64
100 0.19
100 0.69
100 0.47
100 0.51
100 0.43
100 0.62
100 0
100 0.4
100 0.3
100 0.68
100 0.33
100 0.45
100 0.25
100 0.76
100 0.66
100 0.46
100 0.75
100 0.69
100 0.06
100 0.45
100 0.61
100 0.09
100 0.3
100 0.8
100 0.68
100 0.67
100 0.5
100 0.6
100 0.04
100 0.49
100 0.66
100 0.72
100 0.48
100 0.55
100 0.51
100 0.91
100 0.64
100 0.67
100 0.58
100 0.47
100 0.48
100 0.36
100 0.46
100 0.41
100 0.62
100 0.08
100 0.65
100 0.3
100 0.26
100 0.83
100 0.35
100 0.67
100 0.43
100 0.02
100 0.18
150 0.4
150 0.466667
150 0.5
150 0.66
150 0.626667
150 0.673333
150 0.58
150 0.726667
150 0.76
150 0.266667
150 0.613333
150 0.686667
150 0.46
150 0.526667
150 0.6
150 0.52
150 0.486667
150 0.426667
150 0.8
150 0.7
150 0.74
150 0.673333
150 0.573333
150 0.246667
150 0.78
150 0.613333
150 0.18
150 0.406667
150 0.746667
150 0.66
150 0.68
150 0.7
150 0.773333
150 0.72
150 0.82
150 0.806667
150 0.44
150 0.7
150 0.48
150 0.6
150 0.586667
150 0.42
150 0.8
150 0.56
150 0.493333
150 0.453333
150 0.173333
150 0.46
150 0.706667
150 0.306667
150 0.686667
150 0.473333
150 0.633333
150 0.673333
150 0.406667
150 0.753333
150 0.753333
150 0.586667
150 0.313333
150 0.646667
150 0.806667
150 0.72
150 0.653333
150 0.613333
150 0.8
150 0.426667
150 0.186667
150 0.286667
150 0.633333
150 0.38
150 0.713333
150 0.426667
150 0.72
150 0.573333
150 0.626667
200 0.56
200 0.55
200 0.88
200 0.7
200 0.645
200 0.795
200 0.225
200 0.88
200 0.76
200 0.61
200 0.585
200 0.55
200 0.73
200 0.75
200 0.705
200 0.385
200 0.59
200 0.695
200 0.7
200 0.49
200 0.65
200 0.745
200 0.59
200 0.785
200 0.72
200 0.655
200 0.545
200 0.855
200 0.715
200 0.3
200 0.695
200 0.475
200 0.595
200 0.745
200 0.27
200 0.72
200 0.33
200 0.635
200 0.685
200 0.475
200 0.715
200 0.535
200 0.485
200 0.525
200 0.775
200 0.6
200 0.76
200 0.605
200 0.745
200 0.505
200 0.145
200 0.55
200 0.61
200 0.66
200 0.715
200 0.73
200 0.535
200 0.515
200 0.805
200 0.68
200 0.48
200 0.65
200 0.83
200 0.595
200 0.475
200 0.7
200 0.41
200 0.59
200 0.59
200 0.825
200 0.51
200 0.595
200 0.755
200 0.745
200 0.6
250 0.72
250 0.616
250 0.508
250 0.76
250 0.508
250 0.64
250 0.804
250 0.608
250 0.472
250 0.74
250 0.78
250 0.512
250 0.856
250 0.568
250 0.664
250 0.696
250 0.652
250 0.628
250 0.668
250 0.632
250 0.836
250 0.504
250 0.404
250 0.532
250 0.82
250 0.848
250 0.704
250 0.656
250 0.404
250 0.776
250 0.58
250 0.528
250 0.62
250 0.56
250 0.68
250 0.668
250 0.7
250 0.86
250 0.592
250 0.768
250 0.616
250 0.472
250 0.608
250 0.468
250 0.652
250 0.636
250 0.812
250 0.512
250 0.836
250 0.52
250 0.816
250 0.624
250 0.716
250 0.632
250 0.828
250 0.74
250 0.692
250 0.532
250 0.672
250 0.484
250 0.564
250 0.768
250 0.608
250 0.764
250 0.672
250 0.556
250 0.732
250 0.796
250 0.76
250 0.7
250 0.616
250 0.376
250 0.916
250 0.648
250 0.792
300 0.62
300 0.773333
300 0.71
300 0.833333
300 0.42
300 0.426667
300 0.63
300 0.293333
300 0.77
300 0.746667
300 0.606667
300 0.38
300 0.75
300 0.7
300 0.5
300 0.803333
300 0.666667
300 0.623333
300 0.623333
300 0.776667
300 0.633333
300 0.533333
300 0.723333
300 0.853333
300 0.6
300 0.423333
300 0.763333
300 0.676667
300 0.506667
300 0.673333
300 0.646667
300 0.79
300 0.486667
300 0.81
300 0.763333
300 0.796667
300 0.57
300 0.8
300 0.806667
300 0.85
300 0.75
300 0.5
300 0.593333
300 0.72
300 0.67
300 0.623333
300 0.696667
300 0.336667
300 0.433333
300 0.736667
300 0.673333
300 0.683333
300 0.286667
300 0.713333
300 0.753333
300 0.57
300 0.736667
300 0.586667
300 0.726667
300 0.753333
300 0.666667
300 0.793333
300 0.756667
300 0.643333
300 0.723333
300 0.603333
300 0.633333
300 0.693333
300 0.833333
300 0.733333
300 0.766667
300 0.613333
300 0.756667
300 0.623333
300 0.466667
350 0.76
350 0.748571
350 0.751429
350 0.542857
350 0.802857
350 0.291429
350 0.731429
350 0.771429
350 0.754286
350 0.722857
350 0.762857
350 0.711429
350 0.805714
350 0.631429
350 0.825714
350 0.522857
350 0.654286
350 0.74
350 0.58
350 0.62
350 0.88
350 0.671429
350 0.845714
350 0.774286
350 0.722857
350 0.802857
350 0.908571
350 0.514286
350 0.634286
350 0.731429
350 0.685714
350 0.805714
350 0.297143
350 0.84
350 0.605714
350 0.757143
350 0.794286
350 0.522857
350 0.82
350 0.58
350 0.417143
350 0.702857
350 0.702857
350 0.514286
350 0.782857
350 0.694286
350 0.5
350 0.628571
350 0.702857
350 0.708571
350 0.72
350 0.76
350 0.722857
350 0.617143
350 0.488571
350 0.625714
350 0.717143
350 0.705714
350 0.791429
350 0.84
350 0.785714
350 0.622857
350 0.837143
350 0.705714
350 0.611429
350 0.788571
350 0.748571
350 0.645714
350 0.722857
350 0.805714
350 0.768571
350 0.76
350 0.237143
350 0.711429
350 0.82
400 0.7125
400 0.76
400 0.815
400 0.6625
400 0.71
400 0.55
400 0.75
400 0.515
400 0.7175
400 0.7575
400 0.54
400 0.8375
400 0.7875
400 0.7725
400 0.795
400 0.6375
400 0.7575
400 0.3875
400 0.545
400 0.745
400 0.68
400 0.7775
400 0.765
400 0.5175
400 0.7325
400 0.695
400 0.7825
400 0.5775
400 0.78
400 0.8575
400 0.785
400 0.5275
400 0.7325
400 0.775
400 0.6325
400 0.805
400 0.735
400 0.24
400 0.7825
400 0.8
400 0.8525
400 0.59
400 0.8025
400 0.735
400 0.4325
400 0.765
400 0.385
400 0.6075
400 0.7925
400 0.6825
400 0.6775
400 0.7575
400 0.74
400 0.685
400 0.7925
400 0.5275
400 0.785
400 0.41
400 0.8375
400 0.5825
400 0.805
400 0.74
400 0.7975
400 0.6725
400 0.7575
400 0.695
400 0.8125
400 0.82
400 0.645
400 0.73
400 0.6325
400 0.7425
400 0.84
400 0.8075
400 0.72
450 0.784444
450 0.782222
450 0.602222
450 0.686667
450 0.513333
450 0.657778
450 0.766667
450 0.773333
450 0.857778
450 0.7
450 0.808889
450 0.82
450 0.413333
450 0.713333
450 0.72
450 0.733333
450 0.871111
450 0.822222
450 0.517778
450 0.791111
450 0.822222
450 0.833333
450 0.52
450 0.724444
450 0.724444
450 0.504444
450 0.8
450 0.677778
450 0.693333
450 0.608889
450 0.64
450 0.706667
450 0.688889
450 0.757778
450 0.851111
450 0.735556
450 0.775556
450 0.508889
450 0.726667
450 0.704444
450 0.735556
450 0.731111
450 0.448889
450 0.802222
450 0.788889
450 0.602222
450 0.773333
450 0.691111
450 0.631111
450 0.811111
450 0.764444
450 0.697778
450 0.557778
450 0.722222
450 0.78
450 0.757778
450 0.588889
450 0.757778
450 0.702222
450 0.848889
450 0.697778
450 0.671111
450 0.675556
450 0.811111
450 0.846667
450 0.764444
450 0.891111
450 0.733333
450 0.862222
450 0.504444
450 0.771111
450 0.726667
450 0.895556
450 0.475556
450 0.444444
500 0.806
500 0.768
500 0.798
500 0.856
500 0.736
500 0.732
500 0.704
500 0.74
500 0.774
500 0.782
500 0.682
500 0.678
500 0.68
500 0.782
500 0.822
500 0.842
500 0.872
500 0.736
500 0.598
500 0.598
500 0.756
500 0.63
500 0.648
500 0.838
500 0.802
500 0.73
500 0.844
500 0.738
500 0.666
500 0.784
500 0.852
500 0.74
500 0.632
500 0.81
500 0.694
500 0.792
500 0.72
500 0.464
500 0.734
500 0.52
500 0.39
500 0.556
500 0.764
500 0.712
500 0.772
500 0.78
500 0.71
500 0.684
500 0.632
500 0.856
500 0.59
500 0.74
500 0.722
500 0.622
500 0.828
500 0.816
500 0.816
500 0.718
500 0.832
500 0.626
500 0.816
500 0.86
500 0.598
500 0.678
500 0.858
500 0.362
500 0.696
500 0.74
500 0.89
500 0.776
500 0.724
500 0.78
500 0.762
500 0.8
500 0.674
550 0.643636
550 0.818182
550 0.709091
550 0.736364
550 0.683636
550 0.752727
550 0.798182
550 0.761818
550 0.756364
550 0.765455
550 0.743636
550 0.823636
550 0.530909
550 0.656364
550 0.765455
550 0.525455
550 0.698182
550 0.8
550 0.741818
550 0.776364
550 0.587273
550 0.456364
550 0.781818
550 0.772727
550 0.894545
550 0.830909
550 0.798182
550 0.683636
550 0.818182
550 0.790909
550 0.801818
550 0.518182
550 0.729091
550 0.241818
550 0.470909
550 0.618182
550 0.787273
550 0.449091
550 0.723636
550 0.812727
550 0.683636
550 0.810909
550 0.670909
550 0.616364
550 0.7
550 0.834545
550 0.607273
550 0.643636
550 0.769091
550 0.632727
550 0.872727
550 0.667273
550 0.467273
550 0.672727
550 0.656364
550 0.672727
550 0.703636
550 0.649091
550 0.778182
550 0.743636
550 0.676364
550 0.68
550 0.718182
550 0.8
550 0.621818
550 0.654545
550 0.632727
550 0.670909
550 0.692727
550 0.790909
550 0.741818
550 0.749091
550 0.738182
550 0.84
550 0.816364
600 0.508333
600 0.833333
600 0.535
600 0.718333
600 0.73
600 0.445
600 0.82
600 0.821667
600 0.721667
600 0.753333
600 0.668333
600 0.681667
600 0.573333
600 0.611667
600 0.786667
600 0.531667
600 0.805
600 0.813333
600 0.703333
600 0.688333
600 0.63
600 0.748333
600 0.828333
600 0.745
600 0.82
600 0.73
600 0.816667
600 0.82
600 0.673333
600 0.503333
600 0.79
600 0.7
600 0.848333
600 0.803333
600 0.668333
600 0.458333
600 0.783333
600 0.423333
600 0.736667
600 0.82
600 0.485
600 0.64
600 0.83
600 0.691667
600 0.86
600 0.536667
600 0.646667
600 0.726667
600 0.753333
600 0.783333
600 0.415
600 0.561667
600 0.736667
600 0.823333
600 0.5
600 0.833333
600 0.68
600 0.868333
600 0.556667
600 0.776667
600 0.743333
600 0.77
600 0.493333
600 0.776667
600 0.721667
600 0.736667
600 0.7
600 0.726667
600 0.855
600 0.808333
600 0.848333
600 0.671667
600 0.821667
600 0.715
600 0.781667
650 0.856923
650 0.776923
650 0.678462
650 0.663077
650 0.753846
650 0.729231
650 0.592308
650 0.792308
650 0.821538
650 0.732308
650 0.638462
650 0.750769
650 0.675385
650 0.68
650 0.429231
650 0.769231
650 0.806154
650 0.606154
650 0.844615
650 0.6
650 0.690769
650 0.772308
650 0.821538
650 0.658462
650 0.718462
650 0.821538
650 0.78
650 0.741538
650 0.763077
650 0.590769
650 0.733846
650 0.569231
650 0.823077
650 0.78
650 0.866154
650 0.796923
650 0.629231
650 0.801538
650 0.647692
650 0.829231
650 0.724615
650 0.829231
650 0.8
650 0.793846
650 0.775385
650 0.746154
650 0.770769
650 0.738462
650 0.632308
650 0.595385
650 0.784615
650 0.853846
650 0.766154
650 0.738462
650 0.778462
650 0.693846
650 0.841538
650 0.603077
650 0.687692
650 0.541538
650 0.835385
650 0.766154
650 0.669231
650 0.827692
650 0.730769
650 0.713846
650 0.807692
650 0.623077
650 0.752308
650 0.6
650 0.8
650 0.732308
650 0.806154
650 0.736923
650 0.658462
700 0.768571
700 0.712857
700 0.625714
700 0.801429
700 0.804286
700 0.795714
700 0.712857
700 0.815714
700 0.854286
700 0.771429
700 0.798571
700 0.752857
700 0.857143
700 0.808571
700 0.632857
700 0.71
700 0.572857
700 0.781429
700 0.84
700 0.58
700 0.811429
700 0.867143
700 0.815714
700 0.792857
700 0.81
700 0.632857
700 0.745714
700 0.807143
700 0.867143
700 0.74
700 0.787143
700 0.722857
700 0.834286
700 0.684286
700 0.47
700 0.758571
700 0.754286
700 0.705714
700 0.515714
700 0.612857
700 0.712857
700 0.548571
700 0.821429
700 0.781429
700 0.698571
700 0.804286
700 0.594286
700 0.73
700 0.742857
700 0.775714
700 0.752857
700 0.745714
700 0.811429
700 0.904286
700 0.688571
700 0.794286
700 0.787143
700 0.797143
700 0.75
700 0.747143
700 0.794286
700 0.741429
700 0.78
700 0.524286
700 0.795714
700 0.841429
700 0.751429
700 0.755714
700 0.654286
700 0.695714
700 0.775714
700 0.832857
700 0.595714
700 0.818571
700 0.831429
750 0.806667
750 0.781333
750 0.750667
750 0.746667
750 0.677333
750 0.694667
750 0.782667
750 0.684
750 0.849333
750 0.614667
750 0.856
750 0.688
750 0.665333
750 0.714667
750 0.850667
750 0.793333
750 0.428
750 0.682667
750 0.696
750 0.741333
750 0.581333
750 0.804
750 0.7
750 0.786667
750 0.805333
750 0.750667
750 0.657333
750 0.758667
750 0.452
750 0.813333
750 0.861333
750 0.714667
750 0.764
750 0.762667
750 0.814667
750 0.698667
750 0.804
750 0.68
750 0.804
750 0.557333
750 0.825333
750 0.669333
750 0.752
750 0.681333
750 0.796
750 0.762667
750 0.797333
750 0.861333
750 0.594667
750 0.729333
750 0.752
750 0.718667
750 0.734667
750 0.816
750 0.650667
750 0.804
750 0.794667
750 0.656
750 0.712
750 0.604
750 0.8
750 0.825333
750 0.638667
750 0.761333
750 0.548
750 0.612
750 0.764
750 0.753333
750 0.732
750 0.78
750 0.794667
750 0.773333
750 0.769333
750 0.808
750 0.814667
800 0.82625
800 0.72125
800 0.7575
800 0.84375
800 0.72
800 0.8575
800 0.745
800 0.67
800 0.82125
800 0.71125
800 0.87
800 0.7975
800 0.83125
800 0.79
800 0.6075
800 0.7025
800 0.72375
800 0.75875
800 0.81
800 0.765
800 0.81
800 0.66875
800 0.75375
800 0.82375
800 0.75625
800 0.78125
800 0.81625
800 0.7475
800 0.8125
800 0.8175
800 0.87125
800 0.79125
800 0.7775
800 0.8
800 0.76
800 0.7275
800 0.50875
800 0.77625
800 0.77125
800 0.745
800 0.81125
800 0.855
800 0.79625
800 0.695
800 0.82625
800 0.73
800 0.8225
800 0.735
800 0.64375
800 0.60625
800 0.78125
800 0.66875
800 0.84
800 0.73375
800 0.61375
800 0.82125
800 0.835
800 0.8
800 0.75875
800 0.735
800 0.6625
800 0.85375
800 0.74125
800 0.78375
800 0.75
800 0.76625
800 0.84875
800 0.80375
800 0.72
800 0.80875
800 0.74375
800 0.735
800 0.75625
800 0.74875
800 0.82125
850 0.802353
850 0.652941
850 0.662353
850 0.547059
850 0.754118
850 0.597647
850 0.778824
850 0.910588
850 0.78
850 0.643529
850 0.669412
850 0.62
850 0.787059
850 0.636471
850 0.769412
850 0.749412
850 0.645882
850 0.676471
850 0.781176
850 0.828235
850 0.774118
850 0.774118
850 0.705882
850 0.597647
850 0.890588
850 0.762353
850 0.802353
850 0.784706
850 0.830588
850 0.652941
850 0.744706
850 0.710588
850 0.542353
850 0.825882
850 0.744706
850 0.784706
850 0.689412
850 0.801176
850 0.824706
850 0.82
850 0.644706
850 0.848235
850 0.741176
850 0.722353
850 0.76
850 0.692941
850 0.776471
850 0.768235
850 0.452941
850 0.778824
850 0.831765
850 0.675294
850 0.817647
850 0.854118
850 0.568235
850 0.750588
850 0.544706
850 0.618824
850 0.772941
850 0.705882
850 0.631765
850 0.736471
850 0.785882
850 0.787059
850 0.657647
850 0.812941
850 0.783529
850 0.709412
850 0.815294
850 0.731765
850 0.752941
850 0.737647
850 0.816471
850 0.774118
850 0.544706
900 0.793333
900 0.598889
900 0.815556
900 0.845556
900 0.793333
900 0.782222
900 0.574444
900 0.524444
900 0.75
900 0.765556
900 0.744444
900 0.814444
900 0.671111
900 0.761111
900 0.872222
900 0.834444
900 0.857778
900 0.858889
900 0.701111
900 0.794444
900 0.692222
900 0.822222
900 0.867778
900 0.82
900 0.592222
900 0.796667
900 0.68
900 0.731111
900 0.714444
900 0.762222
900 0.754444
900 0.817778
900 0.75
900 0.81
900 0.412222
900 0.734444
900 0.807778
900 0.76
900 0.691111
900 0.81
900 0.611111
900 0.741111
900 0.738889
900 0.722222
900 0.614444
900 0.578889
900 0.705556
900 0.788889
900 0.788889
900 0.684444
900 0.5
900 0.766667
900 0.59
900 0.926667
900 0.703333
900 0.854444
900 0.707778
900 0.792222
900 0.701111
900 0.813333
900 0.742222
900 0.801111
900 0.73
900 0.762222
900 0.728889
900 0.791111
900 0.466667
900 0.913333
900 0.907778
900 0.75
900 0.784444
900 0.781111
900 0.844444
900 0.593333
900 0.777778
950 0.609474
950 0.768421
950 0.76
950 0.758947
950 0.795789
950 0.673684
950 0.684211
950 0.536842
950 0.792632
950 0.887368
950 0.615789
950 0.795789
950 0.792632
950 0.756842
950 0.795789
950 0.833684
950 0.786316
950 0.708421
950 0.816842
950 0.764211
950 0.636842
950 0.753684
950 0.529474
950 0.822105
950 0.734737
950 0.765263
950 0.790526
950 0.687368
950 0.821053
950 0.782105
950 0.810526
950 0.675789
950 0.703158
950 0.666316
950 0.733684
950 0.769474
950 0.763158
950 0.693684
950 0.727368
950 0.754737
950 0.694737
950 0.828421
950 0.504211
950 0.785263
950 0.750526
950 0.696842
950 0.793684
950 0.753684
950 0.851579
950 0.650526
950 0.833684
950 0.669474
950 0.82
950 0.633684
950 0.663158
950 0.711579
950 0.858947
950 0.638947
950 0.833684
950 0.783158
950 0.857895
950 0.727368
950 0.768421
950 0.689474
950 0.656842
950 0.715789
950 0.605263
950 0.821053
950 0.716842
950 0.729474
950 0.769474
950 0.842105
950 0.744211
950 0.806316
950 0.896842
1000 0.831
1000 0.743
1000 0.682
1000 0.801
1000 0.737
1000 0.789
1000 0.572
1000 0.807
1000 0.751
1000 0.538
1000 0.776
1000 0.822
1000 0.772
1000 0.653
1000 0.697
1000 0.766
1000 0.68
1000 0.833
1000 0.837
1000 0.774
1000 0.784
1000 0.694
1000 0.786
1000 0.757
1000 0.762
1000 0.759
1000 0.638
1000 0.89
1000 0.773
1000 0.753
1000 0.815
1000 0.811
1000 0.802
1000 0.353
1000 0.807
1000 0.824
1000 0.812
1000 0.779
1000 0.725
1000 0.865
1000 0.727
1000 0.671
1000 0.845
1000 0.689
1000 0.755
1000 0.66
1000 0.738
1000 0.781
1000 0.519
1000 0.821
1000 0.869
1000 0.855
1000 0.723
1000 0.834
1000 0.748
1000 0.795
1000 0.765
1000 0.839
1000 0.845
1000 0.841
1000 0.74
1000 0.826
1000 0.426
1000 0.781
1000 0.869
1000 0.761
1000 0.762
1000 0.707
1000 0.767
1000 0.864
1000 0.806
1000 0.728
1000 0.62
1000 0.514
1000 0.786
1050 0.868571
1050 0.622857
1050 0.68
1050 0.767619
1050 0.655238
1050 0.666667
1050 0.699048
1050 0.777143
1050 0.718095
1050 0.755238
1050 0.715238
1050 0.739048
1050 0.766667
1050 0.738095
1050 0.744762
1050 0.822857
1050 0.538095
1050 0.83619
1050 0.80381
1050 0.787619
1050 0.729524
1050 0.668571
1050 0.78
1050 0.668571
1050 0.672381
1050 0.817143
1050 0.790476
1050 0.553333
1050 0.804762
1050 0.75619
1050 0.720952
1050 0.825714
1050 0.74
1050 0.80381
1050 0.82381
1050 0.712381
1050 0.800952
1050 0.724762
1050 0.718095
1050 0.750476
1050 0.806667
1050 0.642857
1050 0.702857
1050 0.781905
1050 0.809524
1050 0.76381
1050 0.607619
1050 0.740952
1050 0.690476
1050 0.54
1050 0.791429
1050 0.700952
1050 0.639048
1050 0.758095
1050 0.657143
1050 0.633333
1050 0.845714
1050 0.76381
1050 0.82
1050 0.788571
1050 0.765714
1050 0.874286
1050 0.8
1050 0.641905
1050 0.747619
1050 0.772381
1050 0.853333
1050 0.811429
1050 0.712381
1050 0.409524
1050 0.771429
1050 0.758095
1050 0.809524
1050 0.632381
1050 0.693333
1100 0.83
1100 0.792727
1100 0.752727
1100 0.787273
1100 0.838182
1100 0.854545
1100 0.864545
1100 0.639091
1100 0.787273
1100 0.455455
1100 0.806364
1100 0.800909
1100 0.775455
1100 0.807273
1100 0.753636
1100 0.821818
1100 0.642727
1100 0.790909
1100 0.75
1100 0.652727
1100 0.763636
1100 0.748182
1100 0.825455
1100 0.848182
1100 0.811818
1100 0.729091
1100 0.768182
1100 0.831818
1100 0.838182
1100 0.820909
1100 0.811818
1100 0.777273
1100 0.780909
1100 0.724545
1100 0.635455
1100 0.838182
1100 0.757273
1100 0.788182
1100 0.753636
1100 0.827273
1100 0.787273
1100 0.697273
1100 0.738182
1100 0.689091
1100 0.795455
1100 0.834545
1100 0.772727
1100 0.635455
1100 0.590909
1100 0.794545
1100 0.787273
1100 0.79
1100 0.747273
1100 0.598182
1100 0.799091
1100 0.728182
1100 0.711818
1100 0.829091
1100 0.87
1100 0.748182
1100 0.830909
1100 0.656364
1100 0.830909
1100 0.686364
1100 0.813636
1100 0.844545
1100 0.660909
1100 0.739091
1100 0.788182
1100 0.843636
1100 0.782727
1100 0.803636
1100 0.75
1100 0.850909
1100 0.308182
1150 0.790435
1150 0.821739
1150 0.818261
1150 0.84
1150 0.61913
1150 0.695652
1150 0.706957
1150 0.736522
1150 0.806957
1150 0.766957
1150 0.750435
1150 0.768696
1150 0.668696
1150 0.565217
1150 0.828696
1150 0.753913
1150 0.758261
1150 0.687826
1150 0.782609
1150 0.791304
1150 0.84
1150 0.797391
1150 0.771304
1150 0.687826
1150 0.737391
1150 0.582609
1150 0.802609
1150 0.747826
1150 0.575652
1150 0.827826
1150 0.617391
1150 0.885217
1150 0.667826
1150 0.626087
1150 0.770435
1150 0.75913
1150 0.766087
1150 0.72087
1150 0.730435
1150 0.772174
1150 0.755652
1150 0.493043
1150 0.864348
1150 0.83913
1150 0.784348
1150 0.64
1150 0.892174
1150 0.755652
1150 0.806087
1150 0.846087
1150 0.777391
1150 0.682609
1150 0.788696
1150 0.718261
1150 0.683478
1150 0.729565
1150 0.49913
1150 0.858261
1150 0.710435
1150 0.846957
1150 0.654783
1150 0.784348
1150 0.814783
1150 0.513043
1150 0.769565
1150 0.590435
1150 0.817391
1150 0.773913
1150 0.805217
1150 0.711304
1150 0.802609
1150 0.745217
1150 0.830435
1150 0.597391
1150 0.810435
1200 0.768333
1200 0.838333
1200 0.856667
1200 0.721667
1200 0.810833
1200 0.76
1200 0.7875
1200 0.728333
1200 0.83
1200 0.651667
1200 0.746667
1200 0.836667
1200 0.765
1200 0.76
1200 0.741667
1200 0.8425
1200 0.780833
1200 0.745833
1200 0.815
1200 0.8575
1200 0.7925
1200 0.775833
1200 0.784167
1200 0.645
1200 0.733333
1200 0.755
1200 0.730833
1200 0.613333
1200 0.604167
1200 0.8
1200 0.84
1200 0.663333
1200 0.799167
1200 0.779167
1200 0.838333
1200 0.805833
1200 0.795
1200 0.684167
1200 0.773333
1200 0.775833
1200 0.7825
1200 0.740833
1200 0.741667
1200 0.820833
1200 0.751667
1200 0.785
1200 0.818333
1200 0.8525
1200 0.75
1200 0.779167
1200 0.835833
1200 0.8225
1200 0.833333
1200 0.735
1200 0.858333
1200 0.823333
1200 0.675
1200 0.726667
1200 0.864167
1200 0.811667
1200 0.775833
1200 0.841667
1200 0.775833
1200 0.725
1200 0.749167
1200 0.755
1200 0.709167
1200 0.835
1200 0.739167
1200 0.654167
1200 0.8075
1200 0.750833
1200 0.766667
1200 0.813333
1200 0.655
1250 0.808
1250 0.696
1250 0.8064
1250 0.5656
1250 0.7536
1250 0.88
1250 0.7992
1250 0.7384
1250 0.8192
1250 0.732
1250 0.7296
1250 0.776
1250 0.7584
1250 0.7896
1250 0.8184
1250 0.7896
1250 0.816
1250 0.7824
1250 0.7656
1250 0.8112
1250 0.7272
1250 0.7976
1250 0.824
1250 0.7496
1250 0.8008
1250 0.792
1250 0.7344
1250 0.7464
1250 0.8336
1250 0.8064
1250 0.8248
1250 0.7288
1250 0.6456
1250 0.7152
1250 0.804
1250 0.82
1250 0.8144
1250 0.6456
1250 0.7896
1250 0.7856
1250 0.5704
1250 0.8104
1250 0.784
1250 0.8688
1250 0.8048
1250 0.7312
1250 0.8528
1250 0.7576
1250 0.7864
1250 0.6632
1250 0.7632
1250 0.8256
1250 0.8096
1250 0.8264
1250 0.7496
1250 0.82
1250 0.864
1250 0.74
1250 0.8056
1250 0.7944
1250 0.7904
1250 0.7904
1250 0.9056
1250 0.7736
1250 0.8152
1250 0.8128
1250 0.8352
1250 0.6872
1250 0.8392
1250 0.8336
1250 0.684
1250 0.84
1250 0.656
1250 0.7416
1250 0.82
1300 0.747692
1300 0.762308
1300 0.72
1300 0.669231
1300 0.872308
1300 0.66
1300 0.779231
1300 0.761538
1300 0.605385
1300 0.836923
1300 0.842308
1300 0.887692
1300 0.776154
1300 0.849231
1300 0.800769
1300 0.791538
1300 0.771538
1300 0.763846
1300 0.628462
1300 0.788462
1300 0.788462
1300 0.764615
1300 0.655385
1300 0.825385
1300 0.738462
1300 0.539231
1300 0.558462
1300 0.707692
1300 0.826154
1300 0.803077
1300 0.792308
1300 0.729231
1300 0.759231
1300 0.827692
1300 0.786923
1300 0.839231
1300 0.791538
1300 0.793077
1300 0.816923
1300 0.739231
1300 0.775385
1300 0.853846
1300 0.866154
1300 0.807692
1300 0.783077
1300 0.783846
1300 0.779231
1300 0.864615
1300 0.678462
1300 0.736923
1300 0.841538
1300 0.657692
1300 0.665385
1300 0.7
1300 0.794615
1300 0.660769
1300 0.618462
1300 0.702308
1300 0.797692
1300 0.785385
1300 0.74
1300 0.692308
1300 0.73
1300 0.843846
1300 0.699231
1300 0.810769
1300 0.731538
1300 0.795385
1300 0.613846
1300 0.866154
1300 0.784615
1300 0.737692
1300 0.818462
1300 0.640769
1300 0.74
1350 0.722222
1350 0.803704
1350 0.842963
1350 0.868889
1350 0.811852
1350 0.682222
1350 0.765926
1350 0.875556
1350 0.786667
1350 0.701481
1350 0.808148
1350 0.853333
1350 0.678519
1350 0.817778
1350 0.585185
1350 0.760741
1350 0.860741
1350 0.744444
1350 0.840741
1350 0.782963
1350 0.681481
1350 0.731852
1350 0.775556
1350 0.814074
1350 0.76963
1350 0.817778
1350 0.716296
1350 0.797037
1350 0.837778
1350 0.779259
1350 0.744444
1350 0.743704
1350 0.754815
1350 0.795556
1350 0.75037
1350 0.845185
1350 0.67037
1350 0.90963
1350 0.683704
1350 0.837037
1350 0.814815
1350 0.694074
1350 0.852593
1350 0.928148
1350 0.782963
1350 0.742222
1350 0.876296
1350 0.751111
1350 0.84963
1350 0.826667
1350 0.845185
1350 0.845185
1350 0.624444
1350 0.584444
1350 0.777037
1350 0.740741
1350 0.788148
1350 0.695556
1350 0.861481
1350 0.822963
1350 0.7
1350 0.780741
1350 0.612593
1350 0.715556
1350 0.742222
1350 0.893333
1350 0.772593
1350 0.808889
1350 0.822222
1350 0.814074
1350 0.777037
1350 0.772593
1350 0.799259
1350 0.877778
1350 0.754074
1400 0.830714
1400 0.792143
1400 0.811429
1400 0.803571
1400 0.866429
1400 0.802857
1400 0.565
1400 0.885
1400 0.796429
1400 0.689286
1400 0.844286
1400 0.800714
1400 0.812857
1400 0.733571
1400 0.862143
1400 0.538571
1400 0.762143
1400 0.712857
1400 0.760714
1400 0.803571
1400 0.855714
1400 0.880714
1400 0.79
1400 0.770714
1400 0.655
1400 0.835
1400 0.710714
1400 0.784286
1400 0.825714
1400 0.770714
1400 0.747857
1400 0.735
1400 0.762857
1400 0.685
1400 0.620714
1400 0.75
1400 0.787143
1400 0.756429
1400 0.683571
1400 0.684286
1400 0.810714
1400 0.751429
1400 0.834286
1400 0.715714
1400 0.763571
1400 0.822857
1400 0.858571
1400 0.893571
1400 0.769286
1400 0.815714
1400 0.626429
1400 0.616429
1400 0.743571
1400 0.66
1400 0.769286
1400 0.592143
1400 0.832143
1400 0.74
1400 0.806429
1400 0.846429
1400 0.756429
1400 0.660714
1400 0.791429
1400 0.849286
1400 0.798571
1400 0.68
1400 0.839286
1400 0.947857
1400 0.800714
1400 0.806429
1400 0.767143
1400 0.637857
1400 0.726429
1400 0.544286
1400 0.633571
1450 0.687586
1450 0.806897
1450 0.835172
1450 0.791034
1450 0.82069
1450 0.737241
1450 0.832414
1450 0.857241
1450 0.791034
1450 0.742759
1450 0.813793
1450 0.743448
1450 0.762069
1450 0.861379
1450 0.74
1450 0.73931
1450 0.778621
1450 0.755172
1450 0.758621
1450 0.828276
1450 0.80069
1450 0.72069
1450 0.743448
1450 0.797931
1450 0.742069
1450 0.587586
1450 0.853793
1450 0.814483
1450 0.616552
1450 0.765517
1450 0.735862
1450 0.707586
1450 0.861379
1450 0.846207
1450 0.76
1450 0.754483
1450 0.746897
1450 0.842759
1450 0.727586
1450 0.794483
1450 0.84
1450 0.802069
1450 0.77931
1450 0.809655
1450 0.832414
1450 0.844828
1450 0.831724
1450 0.68
1450 0.834483
1450 0.802759
1450 0.777931
1450 0.845517
1450 0.882069
1450 0.817931
1450 0.917241
1450 0.816552
1450 0.775862
1450 0.791034
1450 0.766207
1450 0.750345
1450 0.788276
1450 0.753103
1450 0.794483
1450 0.80069
1450 0.812414
1450 0.78
1450 0.72069
1450 0.812414
1450 0.757931
1450 0.695172
1450 0.768276
1450 0.812414
1450 0.758621
1450 0.688276
1450 0.82
1500 0.795333
1500 0.815333
1500 0.785333
1500 0.653333
1500 0.799333
1500 0.879333
1500 0.771333
1500 0.798
1500 0.653333
1500 0.812
1500 0.523333
1500 0.838
1500 0.763333
1500 0.742667
1500 0.742667
1500 0.853333
1500 0.838667
1500 0.633333
1500 0.792
1500 0.796
1500 0.914
1500 0.648667
1500 0.784667
1500 0.712
1500 0.556667
1500 0.758667
1500 0.726667
1500 0.799333
1500 0.84
1500 0.795333
1500 0.820667
1500 0.802667
1500 0.775333
1500 0.844
1500 0.807333
1500 0.644
1500 0.792667
1500 0.756
1500 0.766667
1500 0.824667
1500 0.794
1500 0.805333
1500 0.607333
1500 0.81
1500 0.708667
1500 0.773333
1500 0.786
1500 0.743333
1500 0.681333
1500 0.761333
1500 0.814
1500 0.775333
1500 0.836667
1500 0.850667
1500 0.774
1500 0.844667
1500 0.731333
1500 0.852667
1500 0.776667
1500 0.819333
1500 0.534667
1500 0.706
1500 0.809333
1500 0.612667
1500 0.780667
1500 0.808667
1500 0.895333
1500 0.915333
1500 0.848
1500 0.672
1500 0.779333
1500 0.712
1500 0.75
1500 0.773333
1500 0.694
1550 0.823871
1550 0.586452
1550 0.787097
1550 0.847742
1550 0.863871
1550 0.655484
1550 0.806452
1550 0.798065
1550 0.879355
1550 0.481935
1550 0.827742
1550 0.747097
1550 0.731613
1550 0.829677
1550 0.803871
1550 0.790968
1550 0.745806
1550 0.736129
1550 0.92129
1550 0.783226
1550 0.634839
1550 0.682581
1550 0.628387
1550 0.71871
1550 0.630968
1550 0.789677
1550 0.833548
1550 0.756774
1550 0.864516
1550 0.874194
1550 0.768387
1550 0.806452
1550 0.892258
1550 0.742581
1550 0.752903
1550 0.809032
1550 0.772903
1550 0.749677
1550 0.853548
1550 0.754194
1550 0.646452
1550 0.556129
1550 0.840645
1550 0.78129
1550 0.714839
1550 0.73871
1550 0.771613
1550 0.841935
1550 0.765161
1550 0.794194
1550 0.822581
1550 0.720645
1550 0.850323
1550 0.72
1550 0.878065
1550 0.706452
1550 0.790323
1550 0.791613
1550 0.869677
1550 0.734839
1550 0.770968
1550 0.714839
1550 0.821935
1550 0.815484
1550 0.856129
1550 0.810323
1550 0.476774
1550 0.842581
1550 0.864516
1550 0.785161
1550 0.832903
1550 0.814839
1550 0.707742
1550 0.794194
1550 0.819355
1600 0.77625
1600 0.79
1600 0.73125
1600 0.803125
1600 0.783125
1600 0.793125
1600 0.768125
1600 0.72625
1600 0.6675
1600 0.915
1600 0.81375
1600 0.825
1600 0.81375
1600 0.795625
1600 0.765625
1600 0.664375
1600 0.79
1600 0.78
1600 0.7425
1600 0.78
1600 0.725
1600 0.855
1600 0.775
1600 0.76
1600 0.78625
1600 0.783125
1600 0.885625
1600 0.83
1600 0.749375
1600 0.815
1600 0.815625
1600 0.7275
1600 0.828125
1600 0.748125
1600 0.774375
1600 0.80625
1600 0.750625
1600 0.730625
1600 0.83125
1600 0.799375
1600 0.696875
1600 0.806875
1600 0.711875
1600 0.675625
1600 0.86875
1600 0.841875
1600 0.689375
1600 0.855625
1600 0.765
1600 0.68125
1600 0.740625
1600 0.81875
1600 0.748125
1600 0.748125
1600 0.79
1600 0.844375
1600 0.7475
1600 0.80625
1600 0.741875
1600 0.78375
1600 0.828125
1600 0.816875
1600 0.740625
1600 0.743125
1600 0.618125
1600 0.75125
1600 0.80625
1600 0.813125
1600 0.70625
1600 0.709375
1600 0.72
1600 0.7775
1600 0.834375
1600 0.8025
1600 0.743125
1650 0.593939
1650 0.744848
1650 0.763636
1650 0.852121
1650 0.82303
1650 0.609697
1650 0.681818
1650 0.793939
1650 0.830909
1650 0.813333
1650 0.752727
1650 0.800606
1650 0.788485
1650 0.854545
1650 0.769697
1650 0.829091
1650 0.768485
1650 0.727273
1650 0.67697
1650 0.845455
1650 0.769697
1650 0.821212
1650 0.741212
1650 0.809697
1650 0.775152
1650 0.469697
1650 0.744242
1650 0.506667
1650 0.793939
1650 0.813333
1650 0.809697
1650 0.514545
1650 0.813333
1650 0.85697
1650 0.766667
1650 0.76
1650 0.662424
1650 0.810303
1650 0.793939
1650 0.697576
1650 0.701818
1650 0.76303
1650 0.778788
1650 0.866667
1650 0.820606
1650 0.80303
1650 0.839394
1650 0.789091
1650 0.787273
1650 0.766061
1650 0.789091
1650 0.86303
1650 0.803636
1650 0.846667
1650 0.809697
1650 0.729697
1650 0.795758
1650 0.82303
1650 0.501818
1650 0.792727
1650 0.787879
1650 0.809697
1650 0.732121
1650 0.704848
1650 0.811515
1650 0.628485
1650 0.714545
1650 0.786061
1650 0.766061
1650 0.867273
1650 0.562424
1650 0.804242
1650 0.599394
1650 0.738788
1650 0.786061
1700 0.777647
1700 0.728824
1700 0.710588
1700 0.774118
1700 0.76
1700 0.789412
1700 0.591765
1700 0.889412
1700 0.765882
1700 0.817059
1700 0.719412
1700 0.757059
1700 0.741176
1700 0.86
1700 0.76
1700 0.831765
1700 0.769412
1700 0.755882
1700 0.809412
1700 0.849412
1700 0.757059
1700 0.795882
1700 0.75
1700 0.735882
1700 0.72
1700 0.786471
1700 0.685882
1700 0.750588
1700 0.792941
1700 0.854706
1700 0.767059
1700 0.772353
1700 0.677059
1700 0.865294
1700 0.778824
1700 0.872941
1700 0.81
1700 0.778824
1700 0.752941
1700 0.642941
1700 0.853529
1700 0.78
1700 0.786471
1700 0.624706
1700 0.795882
1700 0.777647
1700 0.801765
1700 0.849412
1700 0.817647
1700 0.732941
1700 0.921765
1700 0.667647
1700 0.804706
1700 0.727647
1700 0.825294
1700 0.829412
1700 0.812941
1700 0.790588
1700 0.763529
1700 0.694118
1700 0.812941
1700 0.677059
1700 0.803529
1700 0.752941
1700 0.805294
1700 0.873529
1700 0.693529
1700 0.820588
1700 0.750588
1700 0.739412
1700 0.825294
1700 0.815294
1700 0.727647
1700 0.825882
1700 0.596471
1750 0.786286
1750 0.822286
1750 0.786857
1750 0.821143
1750 0.814857
1750 0.764571
1750 0.84
1750 0.656
1750 0.823429
1750 0.760571
1750 0.801143
1750 0.748571
1750 0.854857
1750 0.805714
1750 0.735429
1750 0.818857
1750 0.795429
1750 0.626286
1750 0.754286
1750 0.84
1750 0.596571
1750 0.793714
1750 0.752
1750 0.781143
1750 0.739429
1750 0.850286
1750 0.772571
1750 0.767429
1750 0.773143
1750 0.922857
1750 0.868571
1750 0.84
1750 0.766857
1750 0.732571
1750 0.801143
1750 0.719429
1750 0.830286
1750 0.796
1750 0.633143
1750 0.764571
1750 0.781143
1750 0.716571
1750 0.836571
1750 0.794857
1750 0.771429
1750 0.887429
1750 0.723429
1750 0.667429
1750 0.928
1750 0.779429
1750 0.843429
1750 0.803429
1750 0.760571
1750 0.674857
1750 0.798286
1750 0.762286
1750 0.794857
1750 0.816
1750 0.881714
1750 0.820571
1750 0.800571
1750 0.852571
1750 0.789714
1750 0.810286
1750 0.788571
1750 0.761714
1750 0.72
1750 0.727429
1750 0.788
1750 0.846857
1750 0.633714
1750 0.804571
1750 0.829143
1750 0.783429
1750 0.739429
1800 0.821111
1800 0.805
1800 0.825556
1800 0.763333
1800 0.772222
1800 0.748889
1800 0.719444
1800 0.8
1800 0.705
1800 0.853333
1800 0.814444
1800 0.816667
1800 0.746667
1800 0.793333
1800 0.566667
1800 0.748333
1800 0.781667
1800 0.756667
1800 0.744444
1800 0.735556
1800 0.736111
1800 0.764444
1800 0.846667
1800 0.808889
1800 0.850556
1800 0.789444
1800 0.809444
1800 0.758889
1800 0.806111
1800 0.82
1800 0.753333
1800 0.812222
1800 0.683889
1800 0.841667
1800 0.753333
1800 0.727222
1800 0.655
1800 0.712778
1800 0.753889
1800 0.697222
1800 0.808889
1800 0.818889
1800 0.733889
1800 0.700556
1800 0.798333
1800 0.822222
1800 0.798889
1800 0.799444
1800 0.876111
1800 0.806667
1800 0.787222
1800 0.873889
1800 0.804444
1800 0.797222
1800 0.779444
1800 0.590556
1800 0.762222
1800 0.806667
1800 0.809444
1800 0.736667
1800 0.856111
1800 0.806667
1800 0.808889
1800 0.839444
1800 0.840556
1800 0.835
1800 0.837778
1800 0.846111
1800 0.718889
1800 0.577222
1800 0.773889
1800 0.690556
1800 0.761667
1800 0.781667
1800 0.806667
1850 0.674054
1850 0.776757
1850 0.64
1850 0.814054
1850 0.739459
1850 0.788649
1850 0.784324
1850 0.782162
1850 0.83027
1850 0.648108
1850 0.858919
1850 0.747568
1850 0.758919
1850 0.787027
1850 0.802162
1850 0.747568
1850 0.837297
1850 0.778378
1850 0.601081
1850 0.656757
1850 0.747568
1850 0.834054
1850 0.824865
1850 0.708649
1850 0.719459
1850 0.801622
1850 0.916216
1850 0.565946
1850 0.815135
1850 0.78
1850 0.805946
1850 0.872432
1850 0.725946
1850 0.884324
1850 0.744324
1850 0.764324
1850 0.78973
1850 0.791351
1850 0.816216
1850 0.705405
1850 0.774595
1850 0.750811
1850 0.711351
1850 0.718378
1850 0.734054
1850 0.795135
1850 0.857838
1850 0.656757
1850 0.817838
1850 0.815135
1850 0.762703
1850 0.819459
1850 0.724324
1850 0.743243
1850 0.803243
1850 0.827568
1850 0.824865
1850 0.756757
1850 0.703243
1850 0.767568
1850 0.818378
1850 0.761622
1850 0.828649
1850 0.824324
1850 0.78
1850 0.808649
1850 0.75027
1850 0.822162
1850 0.812973
1850 0.622703
1850 0.705946
1850 0.815676
1850 0.74
1850 0.856757
1850 0.581622
1900 0.791579
1900 0.798421
1900 0.827368
1900 0.781053
1900 0.876316
1900 0.814737
1900 0.706316
1900 0.765263
1900 0.787895
1900 0.79
1900 0.878947
1900 0.838947
1900 0.704211
1900 0.627895
1900 0.87
1900 0.794737
1900 0.791053
1900 0.802632
1900 0.785789
1900 0.823684
1900 0.827368
1900 0.748421
1900 0.84
1900 0.784737
1900 0.775263
1900 0.821053
1900 0.791053
1900 0.836842
1900 0.863158
1900 0.857368
1900 0.774737
1900 0.791579
1900 0.870526
1900 0.828421
1900 0.714737
1900 0.624211
1900 0.841579
1900 0.841053
1900 0.818421
1900 0.816316
1900 0.81
1900 0.854737
1900 0.713158
1900 0.795789
1900 0.813684
1900 0.788947
1900 0.8
1900 0.722632
1900 0.773158
1900 0.777368
1900 0.884737
1900 0.825263
1900 0.722632
1900 0.647368
1900 0.842105
1900 0.866316
1900 0.673684
1900 0.852105
1900 0.77
1900 0.777368
1900 0.658421
1900 0.781579
1900 0.688421
1900 0.741579
1900 0.812105
1900 0.651053
1900 0.747895
1900 0.857368
1900 0.657368
1900 0.779474
1900 0.771053
1900 0.718947
1900 0.836316
1900 0.824737
1900 0.736316
1950 0.798974
1950 0.824615
1950 0.807692
1950 0.856923
1950 0.564615
1950 0.799487
1950 0.773333
1950 0.729231
1950 0.818462
1950 0.811282
1950 0.752308
1950 0.809744
1950 0.746667
1950 0.640513
1950 0.778462
1950 0.850256
1950 0.760513
1950 0.756923
1950 0.792308
1950 0.770256
1950 0.745641
1950 0.813333
1950 0.749744
1950 0.796923
1950 0.832821
1950 0.729744
1950 0.848205
1950 0.710256
1950 0.818462
1950 0.831795
1950 0.802051
1950 0.695897
1950 0.879487
1950 0.806154
1950 0.755385
1950 0.70359
1950 0.793333
1950 0.794872
1950 0.724615
1950 0.770769
1950 0.765641
1950 0.765641
1950 0.729231
1950 0.694359
1950 0.674872
1950 0.742564
1950 0.816923
1950 0.868205
1950 0.841538
1950 0.814359
1950 0.698974
1950 0.814872
1950 0.776923
1950 0.795897
1950 0.772821
1950 0.78
1950 0.749744
1950 0.78359
1950 0.869744
1950 0.808718
1950 0.794872
1950 0.754872
1950 0.779487
1950 0.68
1950 0.801026
1950 0.774872
1950 0.631282
1950 0.8
1950 0.7
1950 0.808205
1950 0.866667
1950 0.752308
1950 0.737436
1950 0.650769
1950 0.760513
2000 0.821
2000 0.7845
2000 0.835
2000 0.8355
2000 0.8005
2000 0.8415
2000 0.743
2000 0.76
2000 0.7465
2000 0.662
2000 0.7585
2000 0.7615
2000 0.7975
2000 0.762
2000 0.827
2000 0.7695
2000 0.7595
2000 0.8335
2000 0.63
2000 0.7675
2000 0.6055
2000 0.7985
2000 0.5215
2000 0.8105
2000 0.846
2000 0.7585
2000 0.817
2000 0.7875
2000 0.8855
2000 0.7245
2000 0.8575
2000 0.8045
2000 0.7065
2000 0.726
2000 0.741
2000 0.841
2000 0.845
2000 0.806
2000 0.797
2000 0.6815
2000 0.7975
2000 0.835
2000 0.7785
2000 0.6735
2000 0.663
2000 0.8475
2000 0.6905
2000 0.7935
2000 0.7095
2000 0.7355
2000 0.7005
2000 0.8105
2000 0.8025
2000 0.8005
2000 0.7655
2000 0.7105
2000 0.8255
2000 0.796
2000 0.8045
2000 0.8765
2000 0.8375
2000 0.755
2000 0.8025
2000 0.824
2000 0.6755
2000 0.8565
2000 0.771
2000 0.736
2000 0.754
2000 0.7475
2000 0.7165
2000 0.81
2000 0.8425
2000 0.816
2000 0.773
