50 0.04
50 0.46
50 0
50 0.56
50 0
50 0.18
50 0.64
50 0.54
50 0.02
50 0.3
50 0.12
50 0.06
50 0.3
50 0.24
50 0.16
50 0.1
50 0.36
50 0.6
50 0.24
50 0.28
50 0.1
50 0
50 0
50 0
50 0
50 0.66
50 0.28
50 0.66
50 0.22
50 0.26
50 0
50 0
50 0.56
50 0.3
50 0.08
50 0.36
50 0.38
50 0.72
50 0.62
50 0.04
50 0
50 0.2
50 0.18
50 0.74
50 0.26
50 0.4
50 0.18
50 0.68
50 0.4
50 0.22
50 0.48
50 0
50 0.42
50 0
50 0.64
50 0.3
50 0.44
50 0
50 0.04
50 0.1
50 0.34
50 0.32
50 0.34
50 0
50 0.82
50 0.26
50 0.2
50 0
50 0.58
50 0.12
50 0.04
50 0.26
50 0.2
50 0.72
50 0.1
100 0.27
100 0
100 0.38
100 0.51
100 0.67
100 0.78
100 0.5
100 0.76
100 0.82
100 0.44
100 0.82
100 0.54
100 0.31
100 0.01
100 0.91
100 0.34
100 0.58
100 0.29
100 0.28
100 0.68
100 0.69
100 0.69
100 0.5
100 0.56
100 0.5
100 0.63
100 0.24
100 0.4
100 0.21
100 0.75
100 0.49
100 0.46
100 0.19
100 0.72
100 0.72
100 0.54
100 0.71
100 0.62
100 0.04
100 0.59
100 0.6
100 0.81
100 0.28
100 0.79
100 0.75
100 0.72
100 0.45
100 0.36
100 0.76
100 0.45
100 0.38
100 0.36
100 0.4
100 0.6
100 0.53
100 0.93
100 0.77
100 0.73
100 0.82
100 0.78
100 0.73
100 0.26
100 0.49
100 0.46
100 0.39
100 0.2
100 0.66
100 0.54
100 0.65
100 0.66
100 0.02
100 0.66
100 0.57
100 0.07
100 0.79
150 0.573333
150 0.566667
150 0.76
150 0.786667
150 0.54
150 0.766667
150 0.8
150 0.713333
150 0.766667
150 0.793333
150 0.82
150 0.68
150 0.493333
150 0.58
150 0.826667
150 0.706667
150 0.866667
150 0.573333
150 0.72
150 0.94
150 0.746667
150 0.846667
150 0.62
150 0.266667
150 0.793333
150 0.68
150 0.54
150 0.826667
150 0.84
150 0.866667
150 0.766667
150 0.753333
150 0.82
150 0.8
150 0.666667
150 0.573333
150 0.74
150 0.586667
150 0.566667
150 0.793333
150 0.88
150 0.373333
150 0.366667
150 0.513333
150 0.28
150 0.793333
150 0.733333
150 0.513333
150 0.72
150 0.493333
150 0.773333
150 0.473333
150 0.813333
150 0.826667
150 0.533333
150 0.7
150 0.773333
150 0.753333
150 0.4
150 0.64
150 0.76
150 0.813333
150 0.746667
150 0.533333
150 0.88
150 0.673333
150 0.893333
150 0.293333
150 0.86
150 0.473333
150 0.873333
150 0.426667
150 0.74
150 0.726667
150 0.76
200 0.65
200 0.47
200 0.91
200 0.795
200 0.68
200 0.87
200 0.49
200 0.885
200 0.73
200 0.4
200 0.87
200 0.585
200 0.76
200 0.885
200 0.69
200 0.8
200 0.795
200 0.8
200 0.83
200 0.84
200 0.725
200 0.8
200 0.505
200 0.905
200 0.77
200 0.675
200 0.86
200 0.585
200 0.615
200 0.78
200 0.78
200 0.685
200 0.79
200 0.82
200 0.66
200 0.9
200 0.485
200 0.725
200 0.795
200 0.475
200 0.785
200 0.835
200 0.64
200 0.565
200 0.89
200 0.68
200 0.785
200 0.81
200 0.765
200 0.475
200 0.115
200 0.78
200 0.43
200 0.705
200 0.8
200 0.425
200 0.815
200 0.565
200 0.86
200 0.74
200 0.33
200 0.835
200 0.85
200 0.81
200 0.715
200 0.765
200 0.43
200 0.705
200 0.775
200 0.86
200 0.86
200 0.385
200 0.855
200 0.845
200 0.59
250 0.736
250 0.832
250 0.692
250 0.752
250 0.848
250 0.872
250 0.876
250 0.856
250 0.684
250 0.78
250 0.784
250 0.816
250 0.848
250 0.644
250 0.768
250 0.812
250 0.708
250 0.748
250 0.832
250 0.856
250 0.86
250 0.684
250 0.68
250 0.768
250 0.924
250 0.864
250 0.864
250 0.88
250 0.412
250 0.8
250 0.532
250 0.868
250 0.676
250 0.676
250 0.856
250 0.812
250 0.848
250 0.692
250 0.812
250 0.856
250 0.748
250 0.484
250 0.676
250 0.456
250 0.852
250 0.856
250 0.928
250 0.564
250 0.832
250 0.78
250 0.908
250 0.744
250 0.62
250 0.8
250 0.828
250 0.88
250 0.828
250 0.568
250 0.792
250 0.512
250 0.588
250 0.844
250 0.648
250 0.812
250 0.776
250 0.796
250 0.76
250 0.76
250 0.784
250 0.896
250 0.812
250 0.724
250 0.872
250 0.888
250 0.824
300 0.843333
300 0.87
300 0.736667
300 0.813333
300 0.93
300 0.83
300 0.76
300 0.64
300 0.603333
300 0.91
300 0.823333
300 0.766667
300 0.736667
300 0.816667
300 0.853333
300 0.786667
300 0.836667
300 0.846667
300 0.793333
300 0.826667
300 0.716667
300 0.82
300 0.813333
300 0.92
300 0.706667
300 0.83
300 0.836667
300 0.89
300 0.87
300 0.743333
300 0.796667
300 0.776667
300 0.746667
300 0.84
300 0.856667
300 0.813333
300 0.88
300 0.863333
300 0.86
300 0.77
300 0.82
300 0.676667
300 0.856667
300 0.78
300 0.856667
300 0.646667
300 0.763333
300 0.816667
300 0.463333
300 0.936667
300 0.596667
300 0.833333
300 0.566667
300 0.786667
300 0.87
300 0.756667
300 0.796667
300 0.766667
300 0.78
300 0.793333
300 0.88
300 0.79
300 0.82
300 0.823333
300 0.716667
300 0.796667
300 0.786667
300 0.786667
300 0.616667
300 0.8
300 0.626667
300 0.913333
300 0.813333
300 0.81
300 0.783333
350 0.851429
350 0.848571
350 0.88
350 0.64
350 0.868571
350 0.628571
350 0.754286
350 0.794286
350 0.891429
350 0.78
350 0.777143
350 0.748571
350 0.885714
350 0.677143
350 0.877143
350 0.605714
350 0.888571
350 0.834286
350 0.785714
350 0.811429
350 0.831429
350 0.748571
350 0.854286
350 0.845714
350 0.805714
350 0.842857
350 0.831429
350 0.785714
350 0.885714
350 0.777143
350 0.671429
350 0.9
350 0.948571
350 0.877143
350 0.802857
350 0.814286
350 0.902857
350 0.574286
350 0.822857
350 0.8
350 0.88
350 0.825714
350 0.868571
350 0.782857
350 0.908571
350 0.851429
350 0.871429
350 0.908571
350 0.765714
350 0.828571
350 0.825714
350 0.825714
350 0.857143
350 0.822857
350 0.8
350 0.937143
350 0.934286
350 0.808571
350 0.811429
350 0.825714
350 0.957143
350 0.805714
350 0.831429
350 0.848571
350 0.597143
350 0.837143
350 0.748571
350 0.825714
350 0.825714
350 0.945714
350 0.854286
350 0.882857
350 0.311429
350 0.788571
350 0.908571
400 0.8575
400 0.8325
400 0.78
400 0.76
400 0.7375
400 0.835
400 0.8375
400 0.6125
400 0.87
400 0.8975
400 0.895
400 0.9075
400 0.84
400 0.9
400 0.8575
400 0.8425
400 0.8225
400 0.6625
400 0.8825
400 0.8225
400 0.7825
400 0.865
400 0.855
400 0.775
400 0.8775
400 0.825
400 0.595
400 0.68
400 0.83
400 0.84
400 0.8675
400 0.8725
400 0.825
400 0.8975
400 0.8475
400 0.9525
400 0.765
400 0.6525
400 0.9125
400 0.9425
400 0.745
400 0.84
400 0.91
400 0.7725
400 0.84
400 0.82
400 0.6275
400 0.74
400 0.8425
400 0.835
400 0.94
400 0.85
400 0.7825
400 0.7625
400 0.8525
400 0.89
400 0.9025
400 0.59
400 0.8475
400 0.825
400 0.82
400 0.795
400 0.845
400 0.845
400 0.8175
400 0.9525
400 0.805
400 0.87
400 0.86
400 0.91
400 0.8025
400 0.875
400 0.8525
400 0.9
400 0.8775
450 0.777778
450 0.857778
450 0.622222
450 0.775556
450 0.882222
450 0.791111
450 0.804444
450 0.886667
450 0.835556
450 0.857778
450 0.835556
450 0.922222
450 0.782222
450 0.908889
450 0.711111
450 0.848889
450 0.691111
450 0.886667
450 0.822222
450 0.826667
450 0.848889
450 0.626667
450 0.606667
450 0.953333
450 0.886667
450 0.597778
450 0.873333
450 0.686667
450 0.766667
450 0.706667
450 0.875556
450 0.868889
450 0.88
450 0.828889
450 0.888889
450 0.868889
450 0.917778
450 0.9
450 0.888889
450 0.826667
450 0.664444
450 0.684444
450 0.626667
450 0.904444
450 0.853333
450 0.844444
450 0.911111
450 0.844444
450 0.693333
450 0.711111
450 0.857778
450 0.797778
450 0.813333
450 0.74
450 0.873333
450 0.88
450 0.846667
450 0.897778
450 0.802222
450 0.904444
450 0.704444
450 0.868889
450 0.9
450 0.891111
450 0.815556
450 0.828889
450 0.777778
450 0.744444
450 0.784444
450 0.884444
450 0.777778
450 0.824444
450 0.906667
450 0.924444
450 0.673333
500 0.746
500 0.882
500 0.928
500 0.932
500 0.73
500 0.786
500 0.878
500 0.704
500 0.76
500 0.906
500 0.862
500 0.836
500 0.82
500 0.896
500 0.832
500 0.85
500 0.772
500 0.874
500 0.818
500 0.808
500 0.808
500 0.856
500 0.916
500 0.776
500 0.738
500 0.768
500 0.89
500 0.836
500 0.894
500 0.878
500 0.834
500 0.81
500 0.77
500 0.856
500 0.862
500 0.97
500 0.854
500 0.852
500 0.872
500 0.628
500 0.866
500 0.86
500 0.904
500 0.794
500 0.86
500 0.86
500 0.842
500 0.844
500 0.928
500 0.858
500 0.772
500 0.784
500 0.84
500 0.854
500 0.824
500 0.858
500 0.87
500 0.932
500 0.878
500 0.81
500 0.806
500 0.828
500 0.834
500 0.614
500 0.912
500 0.734
500 0.878
500 0.786
500 0.842
500 0.904
500 0.822
500 0.862
500 0.896
500 0.854
500 0.89
550 0.736364
550 0.883636
550 0.874545
550 0.816364
550 0.887273
550 0.847273
550 0.836364
550 0.8
550 0.901818
550 0.852727
550 0.847273
550 0.814545
550 0.514545
550 0.834545
550 0.892727
550 0.838182
550 0.836364
550 0.856364
550 0.910909
550 0.850909
550 0.834545
550 0.716364
550 0.909091
550 0.569091
550 0.869091
550 0.783636
550 0.9
550 0.863636
550 0.783636
550 0.809091
550 0.86
550 0.838182
550 0.903636
550 0.150909
550 0.729091
550 0.787273
550 0.814545
550 0.687273
550 0.832727
550 0.872727
550 0.890909
550 0.834545
550 0.709091
550 0.807273
550 0.909091
550 0.829091
550 0.858182
550 0.849091
550 0.789091
550 0.763636
550 0.850909
550 0.925455
550 0.894545
550 0.84
550 0.758182
550 0.701818
550 0.912727
550 0.850909
550 0.783636
550 0.661818
550 0.88
550 0.949091
550 0.790909
550 0.909091
550 0.9
550 0.829091
550 0.872727
550 0.814545
550 0.836364
550 0.763636
550 0.852727
550 0.809091
550 0.763636
550 0.890909
550 0.896364
600 0.87
600 0.831667
600 0.813333
600 0.635
600 0.898333
600 0.875
600 0.851667
600 0.913333
600 0.73
600 0.763333
600 0.878333
600 0.76
600 0.795
600 0.931667
600 0.845
600 0.811667
600 0.683333
600 0.83
600 0.848333
600 0.83
600 0.841667
600 0.89
600 0.848333
600 0.908333
600 0.796667
600 0.886667
600 0.908333
600 0.875
600 0.916667
600 0.825
600 0.82
600 0.901667
600 0.881667
600 0.876667
600 0.736667
600 0.835
600 0.855
600 0.783333
600 0.906667
600 0.85
600 0.655
600 0.89
600 0.875
600 0.858333
600 0.86
600 0.896667
600 0.871667
600 0.815
600 0.798333
600 0.876667
600 0.816667
600 0.688333
600 0.866667
600 0.816667
600 0.853333
600 0.896667
600 0.893333
600 0.913333
600 0.868333
600 0.885
600 0.908333
600 0.875
600 0.825
600 0.818333
600 0.833333
600 0.803333
600 0.876667
600 0.818333
600 0.925
600 0.875
600 0.863333
600 0.8
600 0.88
600 0.958333
600 0.743333
650 0.918462
650 0.650769
650 0.886154
650 0.735385
650 0.567692
650 0.835385
650 0.838462
650 0.775385
650 0.818462
650 0.776923
650 0.676923
650 0.773846
650 0.838462
650 0.798462
650 0.775385
650 0.901538
650 0.881538
650 0.74
650 0.88
650 0.856923
650 0.804615
650 0.755385
650 0.88
650 0.890769
650 0.750769
650 0.816923
650 0.866154
650 0.873846
650 0.869231
650 0.884615
650 0.82
650 0.909231
650 0.896923
650 0.772308
650 0.903077
650 0.870769
650 0.852308
650 0.843077
650 0.643077
650 0.932308
650 0.867692
650 0.930769
650 0.804615
650 0.806154
650 0.895385
650 0.855385
650 0.849231
650 0.686154
650 0.890769
650 0.853846
650 0.930769
650 0.864615
650 0.913846
650 0.903077
650 0.756923
650 0.832308
650 0.84
650 0.783077
650 0.846154
650 0.744615
650 0.863077
650 0.803077
650 0.781538
650 0.909231
650 0.835385
650 0.876923
650 0.867692
650 0.906154
650 0.950769
650 0.904615
650 0.806154
650 0.864615
650 0.952308
650 0.893846
650 0.956923
700 0.78
700 0.878571
700 0.875714
700 0.831429
700 0.898571
700 0.804286
700 0.807143
700 0.885714
700 0.885714
700 0.875714
700 0.868571
700 0.841429
700 0.851429
700 0.96
700 0.878571
700 0.835714
700 0.81
700 0.895714
700 0.895714
700 0.752857
700 0.887143
700 0.882857
700 0.868571
700 0.838571
700 0.847143
700 0.858571
700 0.871429
700 0.831429
700 0.842857
700 0.897143
700 0.772857
700 0.811429
700 0.915714
700 0.827143
700 0.962857
700 0.82
700 0.884286
700 0.87
700 0.824286
700 0.898571
700 0.768571
700 0.898571
700 0.921429
700 0.912857
700 0.697143
700 0.91
700 0.671429
700 0.9
700 0.927143
700 0.935714
700 0.818571
700 0.81
700 0.864286
700 0.868571
700 0.745714
700 0.847143
700 0.865714
700 0.86
700 0.791429
700 0.892857
700 0.762857
700 0.9
700 0.862857
700 0.858571
700 0.942857
700 0.914286
700 0.894286
700 0.845714
700 0.905714
700 0.838571
700 0.867143
700 0.881429
700 0.807143
700 0.734286
700 0.89
750 0.924
750 0.904
750 0.790667
750 0.82
750 0.94
750 0.890667
750 0.905333
750 0.88
750 0.868
750 0.798667
750 0.742667
750 0.862667
750 0.817333
750 0.96
750 0.912
750 0.925333
750 0.701333
750 0.856
750 0.873333
750 0.894667
750 0.916
750 0.850667
750 0.777333
750 0.945333
750 0.817333
750 0.92
750 0.872
750 0.78
750 0.842667
750 0.904
750 0.832
750 0.861333
750 0.816
750 0.898667
750 0.858667
750 0.814667
750 0.892
750 0.856
750 0.757333
750 0.824
750 0.845333
750 0.744
750 0.884
750 0.836
750 0.88
750 0.849333
750 0.888
750 0.905333
750 0.846667
750 0.862667
750 0.868
750 0.898667
750 0.830667
750 0.964
750 0.845333
750 0.934667
750 0.898667
750 0.841333
750 0.822667
750 0.678667
750 0.834667
750 0.836
750 0.845333
750 0.818667
750 0.828
750 0.876
750 0.664
750 0.852
750 0.756
750 0.912
750 0.889333
750 0.821333
750 0.850667
750 0.849333
750 0.846667
800 0.8775
800 0.7625
800 0.8575
800 0.81375
800 0.9175
800 0.9275
800 0.85
800 0.81375
800 0.89
800 0.835
800 0.91
800 0.83875
800 0.8525
800 0.83875
800 0.85375
800 0.9075
800 0.835
800 0.83875
800 0.91
800 0.81625
800 0.87
800 0.88125
800 0.89625
800 0.83625
800 0.9025
800 0.87375
800 0.82625
800 0.89875
800 0.72875
800 0.85
800 0.87125
800 0.87375
800 0.8575
800 0.9125
800 0.865
800 0.88625
800 0.76375
800 0.90625
800 0.72625
800 0.91
800 0.8625
800 0.8775
800 0.82375
800 0.80875
800 0.8625
800 0.8575
800 0.8075
800 0.7025
800 0.88375
800 0.78625
800 0.85
800 0.86875
800 0.85375
800 0.89625
800 0.85375
800 0.7875
800 0.9075
800 0.92625
800 0.86125
800 0.855
800 0.89375
800 0.96375
800 0.76625
800 0.9175
800 0.83125
800 0.845
800 0.83625
800 0.89
800 0.8275
800 0.90375
800 0.745
800 0.87125
800 0.805
800 0.8925
800 0.90375
850 0.843529
850 0.907059
850 0.842353
850 0.910588
850 0.844706
850 0.825882
850 0.894118
850 0.882353
850 0.892941
850 0.491765
850 0.758824
850 0.838824
850 0.841176
850 0.798824
850 0.709412
850 0.915294
850 0.874118
850 0.902353
850 0.829412
850 0.812941
850 0.875294
850 0.884706
850 0.871765
850 0.872941
850 0.835294
850 0.895294
850 0.756471
850 0.758824
850 0.9
850 0.86
850 0.84
850 0.844706
850 0.935294
850 0.730588
850 0.831765
850 0.907059
850 0.868235
850 0.790588
850 0.863529
850 0.851765
850 0.827059
850 0.969412
850 0.922353
850 0.891765
850 0.834118
850 0.898824
850 0.908235
850 0.828235
850 0.815294
850 0.822353
850 0.909412
850 0.754118
850 0.861176
850 0.902353
850 0.849412
850 0.925882
850 0.828235
850 0.8
850 0.921176
850 0.872941
850 0.808235
850 0.687059
850 0.921176
850 0.868235
850 0.874118
850 0.909412
850 0.911765
850 0.876471
850 0.872941
850 0.869412
850 0.912941
850 0.851765
850 0.914118
850 0.871765
850 0.885882
900 0.872222
900 0.934444
900 0.912222
900 0.857778
900 0.922222
900 0.815556
900 0.865556
900 0.866667
900 0.772222
900 0.881111
900 0.87
900 0.891111
900 0.782222
900 0.874444
900 0.92
900 0.85
900 0.872222
900 0.791111
900 0.748889
900 0.854444
900 0.886667
900 0.8
900 0.951111
900 0.882222
900 0.82
900 0.636667
900 0.822222
900 0.82
900 0.774444
900 0.83
900 0.85
900 0.865556
900 0.854444
900 0.88
900 0.652222
900 0.864444
900 0.923333
900 0.917778
900 0.838889
900 0.918889
900 0.738889
900 0.824444
900 0.702222
900 0.871111
900 0.921111
900 0.78
900 0.882222
900 0.877778
900 0.935556
900 0.923333
900 0.734444
900 0.82
900 0.761111
900 0.873333
900 0.892222
900 0.806667
900 0.878889
900 0.847778
900 0.837778
900 0.89
900 0.84
900 0.837778
900 0.875556
900 0.902222
900 0.856667
900 0.854444
900 0.762222
900 0.802222
900 0.962222
900 0.815556
900 0.846667
900 0.852222
900 0.83
900 0.863333
900 0.908889
950 0.889474
950 0.817895
950 0.873684
950 0.836842
950 0.832632
950 0.798947
950 0.797895
950 0.892632
950 0.895789
950 0.855789
950 0.727368
950 0.861053
950 0.836842
950 0.890526
950 0.92
950 0.889474
950 0.878947
950 0.850526
950 0.917895
950 0.890526
950 0.9
950 0.857895
950 0.9
950 0.852632
950 0.886316
950 0.877895
950 0.822105
950 0.907368
950 0.869474
950 0.877895
950 0.868421
950 0.76
950 0.857895
950 0.895789
950 0.876842
950 0.813684
950 0.933684
950 0.790526
950 0.877895
950 0.818947
950 0.855789
950 0.874737
950 0.888421
950 0.854737
950 0.881053
950 0.751579
950 0.845263
950 0.727368
950 0.926316
950 0.896842
950 0.893684
950 0.776842
950 0.878947
950 0.837895
950 0.847368
950 0.926316
950 0.825263
950 0.905263
950 0.948421
950 0.9
950 0.787368
950 0.86
950 0.847368
950 0.868421
950 0.911579
950 0.937895
950 0.868421
950 0.870526
950 0.895789
950 0.883158
950 0.850526
950 0.851579
950 0.865263
950 0.933684
950 0.828421
1000 0.903
1000 0.784
1000 0.898
1000 0.86
1000 0.859
1000 0.845
1000 0.64
1000 0.798
1000 0.877
1000 0.881
1000 0.838
1000 0.866
1000 0.891
1000 0.796
1000 0.911
1000 0.834
1000 0.853
1000 0.881
1000 0.863
1000 0.901
1000 0.805
1000 0.717
1000 0.894
1000 0.903
1000 0.845
1000 0.827
1000 0.864
1000 0.831
1000 0.9
1000 0.767
1000 0.891
1000 0.926
1000 0.928
1000 0.873
1000 0.819
1000 0.842
1000 0.887
1000 0.874
1000 0.859
1000 0.929
1000 0.797
1000 0.915
1000 0.875
1000 0.891
1000 0.85
1000 0.887
1000 0.914
1000 0.908
1000 0.83
1000 0.844
1000 0.892
1000 0.883
1000 0.86
1000 0.865
1000 0.858
1000 0.93
1000 0.896
1000 0.808
1000 0.901
1000 0.895
1000 0.818
1000 0.946
1000 0.871
1000 0.837
1000 0.901
1000 0.881
1000 0.843
1000 0.754
1000 0.726
1000 0.89
1000 0.892
1000 0.925
1000 0.905
1000 0.895
1000 0.831
1050 0.909524
1050 0.832381
1050 0.858095
1050 0.9
1050 0.668571
1050 0.88381
1050 0.809524
1050 0.82
1050 0.893333
1050 0.77619
1050 0.840952
1050 0.844762
1050 0.865714
1050 0.874286
1050 0.897143
1050 0.817143
1050 0.88381
1050 0.894286
1050 0.922857
1050 0.882857
1050 0.800952
1050 0.90381
1050 0.906667
1050 0.861905
1050 0.853333
1050 0.782857
1050 0.875238
1050 0.878095
1050 0.840952
1050 0.92381
1050 0.926667
1050 0.859048
1050 0.839048
1050 0.904762
1050 0.893333
1050 0.829524
1050 0.87619
1050 0.891429
1050 0.62381
1050 0.89619
1050 0.942857
1050 0.854286
1050 0.840952
1050 0.854286
1050 0.902857
1050 0.898095
1050 0.858095
1050 0.872381
1050 0.879048
1050 0.859048
1050 0.9
1050 0.838095
1050 0.933333
1050 0.845714
1050 0.875238
1050 0.83619
1050 0.864762
1050 0.853333
1050 0.866667
1050 0.902857
1050 0.82
1050 0.859048
1050 0.949524
1050 0.870476
1050 0.777143
1050 0.810476
1050 0.889524
1050 0.812381
1050 0.852381
1050 0.878095
1050 0.894286
1050 0.798095
1050 0.857143
1050 0.821905
1050 0.905714
1100 0.957273
1100 0.859091
1100 0.864545
1100 0.889091
1100 0.839091
1100 0.820909
1100 0.876364
1100 0.922727
1100 0.881818
1100 0.757273
1100 0.858182
1100 0.911818
1100 0.820909
1100 0.872727
1100 0.893636
1100 0.912727
1100 0.877273
1100 0.825455
1100 0.824545
1100 0.909091
1100 0.83
1100 0.764545
1100 0.899091
1100 0.825455
1100 0.790909
1100 0.758182
1100 0.970909
1100 0.921818
1100 0.881818
1100 0.892727
1100 0.883636
1100 0.893636
1100 0.903636
1100 0.84
1100 0.830909
1100 0.921818
1100 0.843636
1100 0.827273
1100 0.857273
1100 0.88
1100 0.9
1100 0.772727
1100 0.870909
1100 0.929091
1100 0.818182
1100 0.812727
1100 0.959091
1100 0.869091
1100 0.883636
1100 0.891818
1100 0.825455
1100 0.916364
1100 0.861818
1100 0.707273
1100 0.858182
1100 0.893636
1100 0.828182
1100 0.920909
1100 0.892727
1100 0.874545
1100 0.850909
1100 0.901818
1100 0.824545
1100 0.818182
1100 0.773636
1100 0.922727
1100 0.865455
1100 0.888182
1100 0.908182
1100 0.846364
1100 0.83
1100 0.805455
1100 0.883636
1100 0.864545
1100 0.457273
1150 0.878261
1150 0.813913
1150 0.88
1150 0.846087
1150 0.872174
1150 0.92
1150 0.872174
1150 0.950435
1150 0.854783
1150 0.87913
1150 0.906087
1150 0.887826
1150 0.828696
1150 0.786957
1150 0.861739
1150 0.727826
1150 0.85913
1150 0.782609
1150 0.894783
1150 0.836522
1150 0.904348
1150 0.862609
1150 0.891304
1150 0.9
1150 0.850435
1150 0.863478
1150 0.863478
1150 0.853913
1150 0.911304
1150 0.838261
1150 0.866087
1150 0.953043
1150 0.862609
1150 0.807826
1150 0.905217
1150 0.921739
1150 0.792174
1150 0.833043
1150 0.915652
1150 0.873043
1150 0.853913
1150 0.866957
1150 0.881739
1150 0.902609
1150 0.911304
1150 0.725217
1150 0.883478
1150 0.830435
1150 0.835652
1150 0.826087
1150 0.841739
1150 0.88
1150 0.933043
1150 0.694783
1150 0.943478
1150 0.845217
1150 0.904348
1150 0.90087
1150 0.85913
1150 0.888696
1150 0.893043
1150 0.953043
1150 0.976522
1150 0.884348
1150 0.857391
1150 0.809565
1150 0.866957
1150 0.935652
1150 0.867826
1150 0.884348
1150 0.90087
1150 0.865217
1150 0.946087
1150 0.834783
1150 0.865217
1200 0.873333
1200 0.866667
1200 0.865833
1200 0.863333
1200 0.866667
1200 0.8825
1200 0.8475
1200 0.775833
1200 0.8125
1200 0.77
1200 0.844167
1200 0.843333
1200 0.931667
1200 0.9
1200 0.8475
1200 0.865833
1200 0.86
1200 0.843333
1200 0.908333
1200 0.900833
1200 0.8775
1200 0.946667
1200 0.874167
1200 0.875
1200 0.86
1200 0.923333
1200 0.810833
1200 0.911667
1200 0.895833
1200 0.876667
1200 0.900833
1200 0.87
1200 0.855833
1200 0.865833
1200 0.89
1200 0.85
1200 0.883333
1200 0.946667
1200 0.905833
1200 0.880833
1200 0.846667
1200 0.750833
1200 0.889167
1200 0.86
1200 0.925833
1200 0.943333
1200 0.955833
1200 0.915833
1200 0.844167
1200 0.816667
1200 0.88
1200 0.8475
1200 0.89
1200 0.9175
1200 0.861667
1200 0.86
1200 0.795
1200 0.891667
1200 0.8675
1200 0.889167
1200 0.8475
1200 0.916667
1200 0.785
1200 0.949167
1200 0.9075
1200 0.838333
1200 0.864167
1200 0.8325
1200 0.886667
1200 0.780833
1200 0.93
1200 0.798333
1200 0.829167
1200 0.885
1200 0.894167
1250 0.8784
1250 0.8808
1250 0.8936
1250 0.7944
1250 0.9032
1250 0.8608
1250 0.804
1250 0.92
1250 0.824
1250 0.872
1250 0.9256
1250 0.8312
1250 0.8512
1250 0.8632
1250 0.86
1250 0.88
1250 0.8672
1250 0.84
1250 0.908
1250 0.8304
1250 0.888
1250 0.7592
1250 0.9208
1250 0.8424
1250 0.9408
1250 0.856
1250 0.9496
1250 0.856
1250 0.916
1250 0.8968
1250 0.9408
1250 0.8104
1250 0.868
1250 0.8808
1250 0.9104
1250 0.872
1250 0.852
1250 0.8472
1250 0.868
1250 0.8888
1250 0.8616
1250 0.8928
1250 0.844
1250 0.8168
1250 0.872
1250 0.8616
1250 0.6864
1250 0.7504
1250 0.8784
1250 0.8904
1250 0.8864
1250 0.772
1250 0.8928
1250 0.8768
1250 0.852
1250 0.9264
1250 0.924
1250 0.876
1250 0.9024
1250 0.908
1250 0.8968
1250 0.88
1250 0.8432
1250 0.8872
1250 0.8784
1250 0.8568
1250 0.8648
1250 0.928
1250 0.9056
1250 0.9208
1250 0.8632
1250 0.892
1250 0.8976
1250 0.8624
1250 0.8792
1300 0.802308
1300 0.896154
1300 0.869231
1300 0.689231
1300 0.931538
1300 0.966154
1300 0.919231
1300 0.858462
1300 0.916923
1300 0.904615
1300 0.913846
1300 0.938462
1300 0.85
1300 0.846923
1300 0.843077
1300 0.794615
1300 0.865385
1300 0.862308
1300 0.854615
1300 0.877692
1300 0.873077
1300 0.883077
1300 0.783846
1300 0.945385
1300 0.873846
1300 0.873077
1300 0.822308
1300 0.899231
1300 0.806923
1300 0.743077
1300 0.943077
1300 0.922308
1300 0.828462
1300 0.858462
1300 0.884615
1300 0.888462
1300 0.934615
1300 0.926154
1300 0.803077
1300 0.728462
1300 0.907692
1300 0.844615
1300 0.878462
1300 0.831538
1300 0.93
1300 0.947692
1300 0.847692
1300 0.919231
1300 0.877692
1300 0.916923
1300 0.883846
1300 0.913846
1300 0.828462
1300 0.886154
1300 0.815385
1300 0.883846
1300 0.876154
1300 0.901538
1300 0.917692
1300 0.933077
1300 0.837692
1300 0.861538
1300 0.912308
1300 0.832308
1300 0.840769
1300 0.882308
1300 0.887692
1300 0.844615
1300 0.897692
1300 0.852308
1300 0.89
1300 0.705385
1300 0.890769
1300 0.893077
1300 0.954615
1350 0.922963
1350 0.941481
1350 0.915556
1350 0.87037
1350 0.871111
1350 0.882222
1350 0.937037
1350 0.859259
1350 0.888889
1350 0.908148
1350 0.842963
1350 0.942222
1350 0.871852
1350 0.885926
1350 0.925185
1350 0.871111
1350 0.914074
1350 0.817778
1350 0.874074
1350 0.84
1350 0.894815
1350 0.84963
1350 0.805926
1350 0.84963
1350 0.878519
1350 0.897037
1350 0.845185
1350 0.939259
1350 0.922222
1350 0.855556
1350 0.877778
1350 0.873333
1350 0.901481
1350 0.880741
1350 0.887407
1350 0.893333
1350 0.723704
1350 0.912593
1350 0.800741
1350 0.857778
1350 0.857778
1350 0.80963
1350 0.868889
1350 0.94
1350 0.868889
1350 0.922222
1350 0.855556
1350 0.898519
1350 0.939259
1350 0.854074
1350 0.885185
1350 0.937778
1350 0.821481
1350 0.925926
1350 0.872593
1350 0.920741
1350 0.920741
1350 0.848148
1350 0.907407
1350 0.894074
1350 0.862222
1350 0.905926
1350 0.891852
1350 0.778519
1350 0.847407
1350 0.802222
1350 0.877778
1350 0.858519
1350 0.877037
1350 0.776296
1350 0.865185
1350 0.848889
1350 0.862963
1350 0.899259
1350 0.837778
1400 0.861429
1400 0.867143
1400 0.828571
1400 0.863571
1400 0.92
1400 0.852143
1400 0.870714
1400 0.851429
1400 0.884286
1400 0.837857
1400 0.846429
1400 0.870714
1400 0.811429
1400 0.875
1400 0.925714
1400 0.635714
1400 0.886429
1400 0.907143
1400 0.854286
1400 0.901429
1400 0.825714
1400 0.830714
1400 0.867143
1400 0.882143
1400 0.847857
1400 0.808571
1400 0.815
1400 0.880714
1400 0.825
1400 0.876429
1400 0.890714
1400 0.891429
1400 0.922857
1400 0.900714
1400 0.888571
1400 0.855714
1400 0.918571
1400 0.897857
1400 0.923571
1400 0.847857
1400 0.880714
1400 0.907143
1400 0.852857
1400 0.805714
1400 0.89
1400 0.865
1400 0.952143
1400 0.904286
1400 0.862857
1400 0.897143
1400 0.97
1400 0.877857
1400 0.850714
1400 0.911429
1400 0.829286
1400 0.866429
1400 0.854286
1400 0.857143
1400 0.876429
1400 0.857857
1400 0.851429
1400 0.925
1400 0.872857
1400 0.907857
1400 0.833571
1400 0.862857
1400 0.855
1400 0.867143
1400 0.847143
1400 0.9
1400 0.845714
1400 0.762143
1400 0.790714
1400 0.87
1400 0.827143
1450 0.88069
1450 0.871724
1450 0.934483
1450 0.904828
1450 0.915172
1450 0.842759
1450 0.936552
1450 0.764138
1450 0.9
1450 0.84069
1450 0.791034
1450 0.849655
1450 0.81931
1450 0.833103
1450 0.912414
1450 0.804138
1450 0.789655
1450 0.794483
1450 0.87931
1450 0.875172
1450 0.917931
1450 0.83931
1450 0.935172
1450 0.897241
1450 0.896552
1450 0.82069
1450 0.869655
1450 0.754483
1450 0.843448
1450 0.844828
1450 0.850345
1450 0.902759
1450 0.904828
1450 0.826897
1450 0.877931
1450 0.817931
1450 0.842759
1450 0.888276
1450 0.798621
1450 0.850345
1450 0.811724
1450 0.865517
1450 0.911724
1450 0.88069
1450 0.846897
1450 0.933793
1450 0.910345
1450 0.924828
1450 0.884828
1450 0.89931
1450 0.804138
1450 0.916552
1450 0.849655
1450 0.834483
1450 0.925517
1450 0.832414
1450 0.927586
1450 0.822759
1450 0.924138
1450 0.913103
1450 0.922069
1450 0.904138
1450 0.928966
1450 0.891724
1450 0.831724
1450 0.857241
1450 0.846897
1450 0.902069
1450 0.844828
1450 0.885517
1450 0.762759
1450 0.890345
1450 0.873793
1450 0.865517
1450 0.82069
1500 0.861333
1500 0.870667
1500 0.856667
1500 0.887333
1500 0.892667
1500 0.835333
1500 0.850667
1500 0.853333
1500 0.885333
1500 0.688
1500 0.755333
1500 0.862
1500 0.876667
1500 0.876
1500 0.874667
1500 0.879333
1500 0.89
1500 0.85
1500 0.919333
1500 0.938
1500 0.880667
1500 0.826667
1500 0.872
1500 0.809333
1500 0.894667
1500 0.848667
1500 0.846
1500 0.92
1500 0.843333
1500 0.769333
1500 0.81
1500 0.911333
1500 0.894667
1500 0.93
1500 0.878
1500 0.918667
1500 0.887333
1500 0.886
1500 0.834
1500 0.908
1500 0.894667
1500 0.896
1500 0.829333
1500 0.774667
1500 0.868
1500 0.887333
1500 0.833333
1500 0.876
1500 0.801333
1500 0.809333
1500 0.893333
1500 0.871333
1500 0.844667
1500 0.892
1500 0.805333
1500 0.912
1500 0.798667
1500 0.944667
1500 0.829333
1500 0.89
1500 0.874667
1500 0.752667
1500 0.816667
1500 0.846
1500 0.911333
1500 0.916667
1500 0.811333
1500 0.845333
1500 0.871333
1500 0.935333
1500 0.848
1500 0.898
1500 0.803333
1500 0.856
1500 0.842
1550 0.87871
1550 0.859355
1550 0.862581
1550 0.910968
1550 0.845806
1550 0.911613
1550 0.9
1550 0.836774
1550 0.883871
1550 0.583226
1550 0.921935
1550 0.743226
1550 0.887097
1550 0.885161
1550 0.895484
1550 0.847097
1550 0.893548
1550 0.889032
1550 0.919355
1550 0.845806
1550 0.832258
1550 0.89871
1550 0.780645
1550 0.874194
1550 0.839355
1550 0.846452
1550 0.846452
1550 0.869677
1550 0.765806
1550 0.847742
1550 0.823871
1550 0.894194
1550 0.861935
1550 0.860645
1550 0.818065
1550 0.861935
1550 0.896774
1550 0.882581
1550 0.889032
1550 0.868387
1550 0.794194
1550 0.896774
1550 0.863226
1550 0.896774
1550 0.865161
1550 0.829677
1550 0.890323
1550 0.872903
1550 0.88
1550 0.886452
1550 0.831613
1550 0.878065
1550 0.880645
1550 0.965161
1550 0.861935
1550 0.865161
1550 0.901935
1550 0.887097
1550 0.897419
1550 0.926452
1550 0.922581
1550 0.92
1550 0.920645
1550 0.907742
1550 0.92
1550 0.837419
1550 0.929677
1550 0.934839
1550 0.816129
1550 0.850323
1550 0.909032
1550 0.899355
1550 0.865806
1550 0.923226
1550 0.901935
1600 0.8375
1600 0.855
1600 0.81875
1600 0.8175
1600 0.918125
1600 0.858125
1600 0.84
1600 0.8575
1600 0.843125
1600 0.92625
1600 0.844375
1600 0.880625
1600 0.915
1600 0.91375
1600 0.92125
1600 0.876875
1600 0.835
1600 0.8925
1600 0.913125
1600 0.838125
1600 0.895
1600 0.889375
1600 0.83375
1600 0.876875
1600 0.89625
1600 0.874375
1600 0.868125
1600 0.875
1600 0.8325
1600 0.910625
1600 0.9125
1600 0.88
1600 0.885625
1600 0.92125
1600 0.903125
1600 0.829375
1600 0.868125
1600 0.815
1600 0.859375
1600 0.96875
1600 0.865
1600 0.905
1600 0.9075
1600 0.901875
1600 0.829375
1600 0.945
1600 0.765
1600 0.914375
1600 0.85125
1600 0.89375
1600 0.9225
1600 0.88625
1600 0.839375
1600 0.9125
1600 0.900625
1600 0.91875
1600 0.788125
1600 0.915625
1600 0.860625
1600 0.910625
1600 0.856875
1600 0.914375
1600 0.895
1600 0.87375
1600 0.934375
1600 0.82
1600 0.909375
1600 0.87125
1600 0.870625
1600 0.8925
1600 0.776875
1600 0.864375
1600 0.889375
1600 0.8175
1600 0.785625
1650 0.879394
1650 0.801212
1650 0.807879
1650 0.82
1650 0.894545
1650 0.851515
1650 0.871515
1650 0.830909
1650 0.862424
1650 0.837576
1650 0.752121
1650 0.843636
1650 0.92303
1650 0.844848
1650 0.898788
1650 0.881818
1650 0.895152
1650 0.897576
1650 0.944848
1650 0.690303
1650 0.846061
1650 0.922424
1650 0.845455
1650 0.869091
1650 0.884848
1650 0.890303
1650 0.847273
1650 0.897576
1650 0.89697
1650 0.853939
1650 0.921212
1650 0.852121
1650 0.853939
1650 0.94
1650 0.775152
1650 0.856364
1650 0.830303
1650 0.805455
1650 0.911515
1650 0.88
1650 0.827273
1650 0.872727
1650 0.853939
1650 0.866667
1650 0.88
1650 0.804848
1650 0.865455
1650 0.852121
1650 0.869091
1650 0.829697
1650 0.855152
1650 0.838788
1650 0.875152
1650 0.926667
1650 0.927879
1650 0.904242
1650 0.855758
1650 0.868485
1650 0.893333
1650 0.853333
1650 0.901212
1650 0.884242
1650 0.819394
1650 0.830909
1650 0.806061
1650 0.769091
1650 0.859394
1650 0.865455
1650 0.84
1650 0.902424
1650 0.818788
1650 0.877576
1650 0.82303
1650 0.793939
1650 0.772121
1700 0.796471
1700 0.951176
1700 0.841176
1700 0.918235
1700 0.944118
1700 0.814118
1700 0.917647
1700 0.854118
1700 0.786471
1700 0.840588
1700 0.849412
1700 0.873529
1700 0.870588
1700 0.894118
1700 0.845294
1700 0.870588
1700 0.88
1700 0.862353
1700 0.901176
1700 0.874118
1700 0.927647
1700 0.828235
1700 0.783529
1700 0.877647
1700 0.888235
1700 0.882353
1700 0.866471
1700 0.892353
1700 0.811765
1700 0.847647
1700 0.877059
1700 0.838824
1700 0.862941
1700 0.928235
1700 0.864118
1700 0.891176
1700 0.850588
1700 0.870588
1700 0.768235
1700 0.890588
1700 0.878824
1700 0.917059
1700 0.887647
1700 0.918824
1700 0.883529
1700 0.868824
1700 0.881765
1700 0.904118
1700 0.914706
1700 0.904118
1700 0.852353
1700 0.883529
1700 0.822353
1700 0.792941
1700 0.809412
1700 0.833529
1700 0.874706
1700 0.903529
1700 0.896471
1700 0.84
1700 0.89
1700 0.868235
1700 0.817059
1700 0.892941
1700 0.907059
1700 0.834706
1700 0.865294
1700 0.884118
1700 0.884706
1700 0.92
1700 0.878235
1700 0.86
1700 0.858235
1700 0.907647
1700 0.92
1750 0.926857
1750 0.857143
1750 0.898286
1750 0.868
1750 0.928
1750 0.879429
1750 0.856
1750 0.762286
1750 0.912571
1750 0.913143
1750 0.876571
1750 0.833143
1750 0.893143
1750 0.909143
1750 0.826857
1750 0.948
1750 0.880571
1750 0.908
1750 0.843429
1750 0.960571
1750 0.883429
1750 0.867429
1750 0.818857
1750 0.849714
1750 0.851429
1750 0.933714
1750 0.876571
1750 0.858286
1750 0.844
1750 0.883429
1750 0.821714
1750 0.902857
1750 0.860571
1750 0.897714
1750 0.871429
1750 0.881714
1750 0.961714
1750 0.850286
1750 0.786286
1750 0.837714
1750 0.929714
1750 0.850857
1750 0.944571
1750 0.886857
1750 0.873714
1750 0.905714
1750 0.956
1750 0.806286
1750 0.845714
1750 0.830857
1750 0.904
1750 0.906857
1750 0.874857
1750 0.881143
1750 0.870286
1750 0.874286
1750 0.859429
1750 0.906286
1750 0.837143
1750 0.837143
1750 0.893143
1750 0.856
1750 0.888571
1750 0.898286
1750 0.881714
1750 0.931429
1750 0.852571
1750 0.82
1750 0.878286
1750 0.852571
1750 0.761143
1750 0.901714
1750 0.891429
1750 0.869714
1750 0.92
1800 0.926667
1800 0.893333
1800 0.856667
1800 0.923889
1800 0.841111
1800 0.884444
1800 0.828889
1800 0.852222
1800 0.871667
1800 0.855
1800 0.857222
1800 0.902778
1800 0.874444
1800 0.816111
1800 0.841667
1800 0.916111
1800 0.916111
1800 0.909444
1800 0.917222
1800 0.901667
1800 0.864444
1800 0.853333
1800 0.865
1800 0.915
1800 0.920556
1800 0.849444
1800 0.927222
1800 0.925556
1800 0.903889
1800 0.873333
1800 0.912222
1800 0.886667
1800 0.902222
1800 0.932222
1800 0.791111
1800 0.815
1800 0.846667
1800 0.87
1800 0.839444
1800 0.840556
1800 0.956111
1800 0.930556
1800 0.832222
1800 0.893889
1800 0.831111
1800 0.874444
1800 0.931111
1800 0.89
1800 0.896111
1800 0.804444
1800 0.837778
1800 0.818889
1800 0.842222
1800 0.820556
1800 0.893333
1800 0.723889
1800 0.871111
1800 0.825
1800 0.88
1800 0.86
1800 0.828889
1800 0.91
1800 0.838889
1800 0.912222
1800 0.852778
1800 0.850556
1800 0.924444
1800 0.868333
1800 0.843333
1800 0.911111
1800 0.855
1800 0.881667
1800 0.84
1800 0.847778
1800 0.847222
1850 0.873514
1850 0.9
1850 0.843784
1850 0.845946
1850 0.905405
1850 0.898378
1850 0.954595
1850 0.866486
1850 0.803243
1850 0.891892
1850 0.873514
1850 0.911892
1850 0.904865
1850 0.859459
1850 0.894054
1850 0.84973
1850 0.908108
1850 0.911892
1850 0.877838
1850 0.821081
1850 0.835135
1850 0.816216
1850 0.855135
1850 0.890811
1850 0.861622
1850 0.902162
1850 0.951892
1850 0.816757
1850 0.721622
1850 0.820541
1850 0.834595
1850 0.845405
1850 0.923784
1850 0.928108
1850 0.858919
1850 0.841622
1850 0.857297
1850 0.925946
1850 0.867027
1850 0.865405
1850 0.836757
1850 0.840541
1850 0.925946
1850 0.857297
1850 0.897838
1850 0.868649
1850 0.850811
1850 0.834595
1850 0.898919
1850 0.915135
1850 0.893514
1850 0.825405
1850 0.8
1850 0.876757
1850 0.872432
1850 0.845946
1850 0.892432
1850 0.867027
1850 0.823784
1850 0.808649
1850 0.83027
1850 0.81027
1850 0.918919
1850 0.866486
1850 0.950811
1850 0.897838
1850 0.825405
1850 0.796216
1850 0.852432
1850 0.882162
1850 0.813514
1850 0.865946
1850 0.830811
1850 0.853514
1850 0.854595
1900 0.903158
1900 0.886842
1900 0.905263
1900 0.911053
1900 0.867368
1900 0.866316
1900 0.895263
1900 0.866842
1900 0.858421
1900 0.86
1900 0.902632
1900 0.866316
1900 0.803684
1900 0.980526
1900 0.863158
1900 0.885263
1900 0.823158
1900 0.918421
1900 0.911053
1900 0.951053
1900 0.890526
1900 0.807368
1900 0.88
1900 0.896842
1900 0.871053
1900 0.886316
1900 0.892632
1900 0.903684
1900 0.866842
1900 0.833684
1900 0.883684
1900 0.846316
1900 0.831053
1900 0.908421
1900 0.878421
1900 0.92
1900 0.902632
1900 0.900526
1900 0.875263
1900 0.981053
1900 0.833158
1900 0.874737
1900 0.867368
1900 0.942105
1900 0.899474
1900 0.93
1900 0.838421
1900 0.858947
1900 0.826842
1900 0.919474
1900 0.883158
1900 0.807895
1900 0.92
1900 0.878421
1900 0.887368
1900 0.795789
1900 0.937895
1900 0.868421
1900 0.860526
1900 0.866842
1900 0.920526
1900 0.874737
1900 0.812105
1900 0.944737
1900 0.884737
1900 0.820526
1900 0.865789
1900 0.883684
1900 0.902632
1900 0.824737
1900 0.841053
1900 0.913684
1900 0.842632
1900 0.925789
1900 0.779474
1950 0.82
1950 0.837436
1950 0.909231
1950 0.862564
1950 0.887692
1950 0.849744
1950 0.874872
1950 0.824615
1950 0.818462
1950 0.872308
1950 0.885641
1950 0.912821
1950 0.868205
1950 0.788205
1950 0.913846
1950 0.835385
1950 0.894359
1950 0.887692
1950 0.927692
1950 0.86
1950 0.858974
1950 0.850256
1950 0.850256
1950 0.886667
1950 0.870769
1950 0.881026
1950 0.837436
1950 0.837949
1950 0.818974
1950 0.840513
1950 0.846154
1950 0.865641
1950 0.855897
1950 0.908205
1950 0.884103
1950 0.747179
1950 0.881026
1950 0.870256
1950 0.874359
1950 0.831795
1950 0.868205
1950 0.845128
1950 0.878462
1950 0.933846
1950 0.859487
1950 0.924103
1950 0.900513
1950 0.847179
1950 0.811795
1950 0.870256
1950 0.865128
1950 0.890256
1950 0.898974
1950 0.892308
1950 0.834359
1950 0.853333
1950 0.885641
1950 0.845128
1950 0.879487
1950 0.853333
1950 0.855897
1950 0.879487
1950 0.915897
1950 0.894359
1950 0.904615
1950 0.832821
1950 0.914872
1950 0.864615
1950 0.817436
1950 0.925641
1950 0.9
1950 0.881538
1950 0.830256
1950 0.849231
1950 0.84
2000 0.8345
2000 0.879
2000 0.8825
2000 0.877
2000 0.831
2000 0.8765
2000 0.9185
2000 0.7835
2000 0.8085
2000 0.8445
2000 0.874
2000 0.8945
2000 0.9295
2000 0.8585
2000 0.8785
2000 0.907
2000 0.929
2000 0.9355
2000 0.7465
2000 0.8625
2000 0.9365
2000 0.832
2000 0.8205
2000 0.9505
2000 0.908
2000 0.8635
2000 0.7505
2000 0.855
2000 0.929
2000 0.8655
2000 0.82
2000 0.874
2000 0.862
2000 0.825
2000 0.8685
2000 0.912
2000 0.918
2000 0.851
2000 0.905
2000 0.887
2000 0.844
2000 0.905
2000 0.8505
2000 0.8745
2000 0.8965
2000 0.838
2000 0.847
2000 0.87
2000 0.7895
2000 0.898
2000 0.8645
2000 0.91
2000 0.91
2000 0.8765
2000 0.8655
2000 0.8445
2000 0.882
2000 0.879
2000 0.829
2000 0.8835
2000 0.879
2000 0.8695
2000 0.8035
2000 0.901
2000 0.8635
2000 0.9155
2000 0.841
2000 0.842
2000 0.868
2000 0.851
2000 0.8865
2000 0.835
2000 0.8495
2000 0.913
2000 0.973
