50 0.1
50 0.46
50 0
50 0.14
50 0.28
50 0.18
50 0.36
50 0.56
50 0.08
50 0.32
50 0.02
50 0.22
50 0.12
50 0.24
50 0.16
50 0.2
50 0.42
50 0.6
50 0.02
50 0
50 0.16
50 0
50 0
50 0.04
50 0.12
50 0.64
50 0.38
50 0.58
50 0.22
50 0.12
50 0.26
50 0
50 0.02
50 0.34
50 0.08
50 0.06
50 0.38
50 0.7
50 0.02
50 0
50 0.02
50 0.12
50 0.14
50 0.78
50 0.5
50 0.44
50 0.18
50 0.54
50 0.3
50 0.24
50 0.38
50 0.04
50 0.5
50 0.4
50 0.62
50 0.12
50 0.5
50 0
50 0.08
50 0.02
50 0.38
50 0.28
50 0.2
50 0
50 0.74
50 0.26
50 0.14
50 0.02
50 0.46
50 0.12
50 0
50 0.2
50 0.4
50 0.72
50 0.14
100 0.23
100 0.04
100 0.28
100 0.62
100 0.78
100 0.67
100 0.53
100 0.83
100 0.83
100 0.84
100 0.82
100 0.83
100 0.31
100 0.01
100 0.61
100 0.14
100 0.59
100 0.42
100 0.28
100 0.71
100 0.64
100 0.67
100 0.57
100 0.59
100 0.57
100 0.61
100 0.38
100 0.47
100 0.2
100 0.57
100 0.75
100 0.45
100 0.22
100 0.77
100 0.74
100 0.62
100 0.7
100 0.59
100 0.11
100 0.55
100 0.6
100 0.14
100 0.22
100 0.72
100 0.72
100 0.72
100 0.5
100 0.36
100 0.73
100 0.64
100 0.28
100 0.51
100 0.61
100 0.68
100 0.55
100 0.96
100 0.69
100 0.29
100 0.84
100 0.78
100 0.81
100 0.37
100 0.52
100 0.6
100 0.55
100 0.17
100 0.64
100 0.21
100 0.68
100 0.66
100 0
100 0.66
100 0.55
100 0.06
100 0.73
150 0.726667
150 0.593333
150 0.853333
150 0.78
150 0.433333
150 0.906667
150 0.893333
150 0.88
150 0.746667
150 0.633333
150 0.7
150 0.713333
150 0.693333
150 0.746667
150 0.646667
150 0.68
150 0.6
150 0.62
150 0.686667
150 0.74
150 0.793333
150 0.86
150 0.606667
150 0.266667
150 0.813333
150 0.74
150 0.546667
150 0.826667
150 0.846667
150 0.766667
150 0.746667
150 0.72
150 0.74
150 0.9
150 0.693333
150 0.533333
150 0.433333
150 0.626667
150 0.46
150 0.793333
150 0.84
150 0.313333
150 0.34
150 0.466667
150 0.34
150 0.826667
150 0.726667
150 0.72
150 0.68
150 0.42
150 0.533333
150 0.453333
150 0.74
150 0.826667
150 0.78
150 0.786667
150 0.8
150 0.786667
150 0.353333
150 0.64
150 0.846667
150 0.753333
150 0.833333
150 0.693333
150 0.853333
150 0.673333
150 0.88
150 0.313333
150 0.88
150 0.566667
150 0.746667
150 0.48
150 0.713333
150 0.726667
150 0.74
200 0.65
200 0.28
200 0.87
200 0.735
200 0.31
200 0.88
200 0.505
200 0.875
200 0.75
200 0.73
200 0.87
200 0.64
200 0.79
200 0.795
200 0.67
200 0.575
200 0.715
200 0.83
200 0.75
200 0.835
200 0.72
200 0.8
200 0.235
200 0.81
200 0.725
200 0.67
200 0.865
200 0.84
200 0.695
200 0.83
200 0.695
200 0.93
200 0.62
200 0.805
200 0.76
200 0.87
200 0.46
200 0.705
200 0.795
200 0.565
200 0.785
200 0.79
200 0.27
200 0.435
200 0.695
200 0.625
200 0.9
200 0.825
200 0.855
200 0.82
200 0.62
200 0.54
200 0.345
200 0.69
200 0.84
200 0.625
200 0.87
200 0.535
200 0.865
200 0.59
200 0.19
200 0.505
200 0.88
200 0.775
200 0.91
200 0.77
200 0.59
200 0.74
200 0.595
200 0.815
200 0.88
200 0.405
200 0.82
200 0.86
200 0.8
250 0.72
250 0.876
250 0.86
250 0.76
250 0.832
250 0.884
250 0.832
250 0.88
250 0.488
250 0.836
250 0.872
250 0.772
250 0.8
250 0.7
250 0.86
250 0.852
250 0.824
250 0.828
250 0.816
250 0.796
250 0.824
250 0.684
250 0.716
250 0.756
250 0.944
250 0.852
250 0.892
250 0.808
250 0.476
250 0.752
250 0.408
250 0.864
250 0.484
250 0.812
250 0.732
250 0.732
250 0.896
250 0.736
250 0.828
250 0.676
250 0.744
250 0.672
250 0.924
250 0.42
250 0.856
250 0.9
250 0.9
250 0.592
250 0.924
250 0.58
250 0.784
250 0.848
250 0.424
250 0.776
250 0.84
250 0.884
250 0.82
250 0.568
250 0.832
250 0.884
250 0.9
250 0.796
250 0.892
250 0.812
250 0.688
250 0.632
250 0.824
250 0.712
250 0.816
250 0.856
250 0.764
250 0.72
250 0.88
250 0.864
250 0.836
300 0.536667
300 0.786667
300 0.733333
300 0.8
300 0.463333
300 0.663333
300 0.76
300 0.6
300 0.82
300 0.796667
300 0.786667
300 0.823333
300 0.826667
300 0.9
300 0.833333
300 0.776667
300 0.816667
300 0.776667
300 0.86
300 0.726667
300 0.856667
300 0.793333
300 0.803333
300 0.9
300 0.566667
300 0.886667
300 0.933333
300 0.876667
300 0.806667
300 0.703333
300 0.773333
300 0.85
300 0.806667
300 0.79
300 0.833333
300 0.87
300 0.73
300 0.89
300 0.86
300 0.74
300 0.803333
300 0.853333
300 0.9
300 0.86
300 0.616667
300 0.716667
300 0.753333
300 0.483333
300 0.5
300 0.84
300 0.523333
300 0.833333
300 0.743333
300 0.73
300 0.843333
300 0.74
300 0.796667
300 0.89
300 0.82
300 0.79
300 0.843333
300 0.9
300 0.85
300 0.813333
300 0.886667
300 0.85
300 0.9
300 0.713333
300 0.873333
300 0.833333
300 0.87
300 0.873333
300 0.916667
300 0.783333
300 0.786667
350 0.888571
350 0.785714
350 0.865714
350 0.665714
350 0.845714
350 0.634286
350 0.754286
350 0.348571
350 0.822857
350 0.842857
350 0.777143
350 0.785714
350 0.851429
350 0.714286
350 0.92
350 0.631429
350 0.851429
350 0.854286
350 0.765714
350 0.54
350 0.891429
350 0.8
350 0.825714
350 0.76
350 0.877143
350 0.854286
350 0.911429
350 0.834286
350 0.905714
350 0.768571
350 0.745714
350 0.82
350 0.834286
350 0.888571
350 0.825714
350 0.92
350 0.82
350 0.571429
350 0.874286
350 0.74
350 0.834286
350 0.854286
350 0.897143
350 0.902857
350 0.905714
350 0.868571
350 0.537143
350 0.702857
350 0.791429
350 0.92
350 0.822857
350 0.854286
350 0.925714
350 0.86
350 0.742857
350 0.891429
350 0.851429
350 0.817143
350 0.848571
350 0.717143
350 0.782857
350 0.66
350 0.808571
350 0.794286
350 0.662857
350 0.877143
350 0.868571
350 0.834286
350 0.88
350 0.837143
350 0.911429
350 0.84
350 0.288571
350 0.788571
350 0.811429
400 0.8675
400 0.8725
400 0.8375
400 0.765
400 0.705
400 0.84
400 0.91
400 0.6375
400 0.8475
400 0.6675
400 0.9175
400 0.7675
400 0.835
400 0.7825
400 0.865
400 0.855
400 0.735
400 0.645
400 0.9125
400 0.835
400 0.7025
400 0.83
400 0.82
400 0.9075
400 0.8425
400 0.6525
400 0.66
400 0.6375
400 0.82
400 0.9125
400 0.8525
400 0.7625
400 0.8425
400 0.7875
400 0.885
400 0.8825
400 0.8575
400 0.41
400 0.91
400 0.8175
400 0.8775
400 0.8625
400 0.88
400 0.9
400 0.895
400 0.87
400 0.8075
400 0.745
400 0.8375
400 0.865
400 0.96
400 0.805
400 0.8075
400 0.8
400 0.8325
400 0.8425
400 0.8775
400 0.8675
400 0.705
400 0.855
400 0.815
400 0.9675
400 0.9475
400 0.805
400 0.8925
400 0.8375
400 0.835
400 0.8875
400 0.86
400 0.7075
400 0.775
400 0.79
400 0.845
400 0.945
400 0.8075
450 0.797778
450 0.833333
450 0.873333
450 0.837778
450 0.611111
450 0.906667
450 0.862222
450 0.826667
450 0.806667
450 0.884444
450 0.868889
450 0.742222
450 0.804444
450 0.855556
450 0.691111
450 0.875556
450 0.84
450 0.793333
450 0.835556
450 0.882222
450 0.851111
450 0.791111
450 0.828889
450 0.784444
450 0.844444
450 0.748889
450 0.9
450 0.595556
450 0.697778
450 0.735556
450 0.875556
450 0.871111
450 0.857778
450 0.897778
450 0.786667
450 0.948889
450 0.86
450 0.828889
450 0.915556
450 0.908889
450 0.824444
450 0.831111
450 0.673333
450 0.877778
450 0.768889
450 0.857778
450 0.888889
450 0.717778
450 0.904444
450 0.777778
450 0.875556
450 0.964444
450 0.768889
450 0.815556
450 0.826667
450 0.864444
450 0.764444
450 0.851111
450 0.895556
450 0.935556
450 0.704444
450 0.811111
450 0.911111
450 0.826667
450 0.871111
450 0.857778
450 0.835556
450 0.708889
450 0.777778
450 0.828889
450 0.831111
450 0.76
450 0.857778
450 0.844444
450 0.722222
500 0.89
500 0.856
500 0.838
500 0.848
500 0.808
500 0.798
500 0.9
500 0.754
500 0.796
500 0.858
500 0.86
500 0.834
500 0.85
500 0.834
500 0.852
500 0.898
500 0.81
500 0.904
500 0.87
500 0.824
500 0.884
500 0.824
500 0.862
500 0.816
500 0.8
500 0.786
500 0.91
500 0.89
500 0.934
500 0.814
500 0.834
500 0.826
500 0.844
500 0.852
500 0.88
500 0.85
500 0.846
500 0.914
500 0.738
500 0.91
500 0.874
500 0.874
500 0.89
500 0.898
500 0.89
500 0.842
500 0.866
500 0.88
500 0.906
500 0.786
500 0.828
500 0.868
500 0.838
500 0.802
500 0.892
500 0.852
500 0.904
500 0.894
500 0.878
500 0.854
500 0.86
500 0.824
500 0.846
500 0.762
500 0.63
500 0.848
500 0.882
500 0.844
500 0.874
500 0.894
500 0.566
500 0.87
500 0.894
500 0.858
500 0.862
550 0.741818
550 0.838182
550 0.865455
550 0.752727
550 0.821818
550 0.921818
550 0.869091
550 0.816364
550 0.76
550 0.84
550 0.847273
550 0.827273
550 0.8
550 0.872727
550 0.889091
550 0.861818
550 0.785455
550 0.814545
550 0.814545
550 0.796364
550 0.905455
550 0.809091
550 0.825455
550 0.818182
550 0.94
550 0.794545
550 0.809091
550 0.787273
550 0.810909
550 0.832727
550 0.827273
550 0.645455
550 0.896364
550 0
550 0.792727
550 0.843636
550 0.909091
550 0.787273
550 0.798182
550 0.832727
550 0.870909
550 0.901818
550 0.896364
550 0.918182
550 0.772727
550 0.854545
550 0.781818
550 0.818182
550 0.832727
550 0.707273
550 0.892727
550 0.930909
550 0.892727
550 0.807273
550 0.736364
550 0.834545
550 0.852727
550 0.816364
550 0.889091
550 0.681818
550 0.870909
550 0.832727
550 0.863636
550 0.810909
550 0.892727
550 0.867273
550 0.949091
550 0.905455
550 0.849091
550 0.789091
550 0.881818
550 0.88
550 0.86
550 0.874545
550 0.892727
600 0.841667
600 0.81
600 0.935
600 0.766667
600 0.861667
600 0.783333
600 0.936667
600 0.818333
600 0.828333
600 0.876667
600 0.825
600 0.83
600 0.908333
600 0.936667
600 0.645
600 0.785
600 0.835
600 0.905
600 0.861667
600 0.928333
600 0.74
600 0.898333
600 0.825
600 0.92
600 0.705
600 0.89
600 0.946667
600 0.91
600 0.891667
600 0.903333
600 0.821667
600 0.861667
600 0.876667
600 0.865
600 0.843333
600 0.796667
600 0.916667
600 0.818333
600 0.93
600 0.836667
600 0.57
600 0.896667
600 0.903333
600 0.818333
600 0.891667
600 0.871667
600 0.906667
600 0.893333
600 0.878333
600 0.92
600 0.831667
600 0.888333
600 0.926667
600 0.823333
600 0.84
600 0.865
600 0.855
600 0.84
600 0.93
600 0.933333
600 0.875
600 0.88
600 0.826667
600 0.881667
600 0.885
600 0.856667
600 0.888333
600 0.793333
600 0.816667
600 0.86
600 0.898333
600 0.801667
600 0.82
600 0.888333
600 0.783333
650 0.916923
650 0.82
650 0.858462
650 0.792308
650 0.889231
650 0.852308
650 0.835385
650 0.907692
650 0.807692
650 0.890769
650 0.821538
650 0.806154
650 0.853846
650 0.810769
650 0.676923
650 0.86
650 0.895385
650 0.738462
650 0.861538
650 0.841538
650 0.832308
650 0.826154
650 0.892308
650 0.932308
650 0.74
650 0.916923
650 0.887692
650 0.870769
650 0.889231
650 0.821538
650 0.764615
650 0.866154
650 0.778462
650 0.821538
650 0.866154
650 0.847692
650 0.881538
650 0.912308
650 0.858462
650 0.861538
650 0.823077
650 0.856923
650 0.866154
650 0.856923
650 0.827692
650 0.881538
650 0.855385
650 0.92
650 0.810769
650 0.884615
650 0.844615
650 0.855385
650 0.924615
650 0.858462
650 0.812308
650 0.852308
650 0.863077
650 0.903077
650 0.790769
650 0.84
650 0.872308
650 0.852308
650 0.855385
650 0.855385
650 0.76
650 0.896923
650 0.792308
650 0.887692
650 0.826154
650 0.887692
650 0.907692
650 0.910769
650 0.910769
650 0.903077
650 0.789231
700 0.84
700 0.917143
700 0.861429
700 0.841429
700 0.858571
700 0.807143
700 0.735714
700 0.828571
700 0.94
700 0.847143
700 0.891429
700 0.842857
700 0.878571
700 0.915714
700 0.8
700 0.835714
700 0.842857
700 0.81
700 0.871429
700 0.667143
700 0.844286
700 0.891429
700 0.871429
700 0.858571
700 0.818571
700 0.768571
700 0.884286
700 0.812857
700 0.885714
700 0.887143
700 0.78
700 0.885714
700 0.851429
700 0.86
700 0.862857
700 0.867143
700 0.847143
700 0.83
700 0.798571
700 0.87
700 0.861429
700 0.618571
700 0.898571
700 0.885714
700 0.665714
700 0.737143
700 0.754286
700 0.834286
700 0.9
700 0.868571
700 0.841429
700 0.821429
700 0.904286
700 0.847143
700 0.774286
700 0.825714
700 0.914286
700 0.747143
700 0.8
700 0.867143
700 0.611429
700 0.821429
700 0.795714
700 0.781429
700 0.885714
700 0.867143
700 0.86
700 0.884286
700 0.844286
700 0.831429
700 0.871429
700 0.925714
700 0.848571
700 0.878571
700 0.827143
750 0.897333
750 0.888
750 0.828
750 0.832
750 0.801333
750 0.864
750 0.870667
750 0.798667
750 0.881333
750 0.773333
750 0.905333
750 0.865333
750 0.852
750 0.92
750 0.870667
750 0.901333
750 0.788
750 0.810667
750 0.812
750 0.888
750 0.841333
750 0.82
750 0.914667
750 0.898667
750 0.857333
750 0.885333
750 0.904
750 0.862667
750 0.898667
750 0.948
750 0.86
750 0.828
750 0.937333
750 0.834667
750 0.937333
750 0.784
750 0.742667
750 0.936
750 0.790667
750 0.806667
750 0.848
750 0.705333
750 0.94
750 0.785333
750 0.797333
750 0.845333
750 0.904
750 0.76
750 0.853333
750 0.654667
750 0.82
750 0.934667
750 0.838667
750 0.92
750 0.798667
750 0.886667
750 0.908
750 0.818667
750 0.861333
750 0.890667
750 0.844
750 0.886667
750 0.866667
750 0.882667
750 0.805333
750 0.868
750 0.768
750 0.885333
750 0.929333
750 0.768
750 0.838667
750 0.830667
750 0.882667
750 0.874667
750 0.870667
800 0.90625
800 0.76875
800 0.895
800 0.885
800 0.89625
800 0.84125
800 0.715
800 0.80375
800 0.91875
800 0.8975
800 0.85125
800 0.855
800 0.8625
800 0.87625
800 0.8275
800 0.76
800 0.86375
800 0.91375
800 0.80375
800 0.75875
800 0.9175
800 0.86875
800 0.83375
800 0.895
800 0.89375
800 0.8825
800 0.855
800 0.88125
800 0.86375
800 0.85625
800 0.7975
800 0.8475
800 0.91875
800 0.85875
800 0.865
800 0.8475
800 0.80125
800 0.915
800 0.77375
800 0.95375
800 0.8675
800 0.88
800 0.78875
800 0.69875
800 0.89625
800 0.8625
800 0.805
800 0.8775
800 0.87125
800 0.67
800 0.87375
800 0.89125
800 0.90375
800 0.90625
800 0.78875
800 0.81625
800 0.8575
800 0.8225
800 0.87
800 0.85875
800 0.86875
800 0.90125
800 0.69125
800 0.895
800 0.87125
800 0.94625
800 0.745
800 0.8625
800 0.83875
800 0.8925
800 0.81
800 0.84375
800 0.805
800 0.9375
800 0.8975
850 0.888235
850 0.767059
850 0.923529
850 0.912941
850 0.785882
850 0.821176
850 0.787059
850 0.890588
850 0.821176
850 0.771765
850 0.802353
850 0.943529
850 0.851765
850 0.854118
850 0.745882
850 0.887059
850 0.872941
850 0.914118
850 0.867059
850 0.809412
850 0.871765
850 0.9
850 0.870588
850 0.891765
850 0.86
850 0.902353
850 0.861176
850 0.944706
850 0.876471
850 0.894118
850 0.717647
850 0.891765
850 0.854118
850 0.810588
850 0.845882
850 0.838824
850 0.882353
850 0.82
850 0.92
850 0.842353
850 0.908235
850 0.804706
850 0.887059
850 0.882353
850 0.887059
850 0.874118
850 0.850588
850 0.735294
850 0.810588
850 0.862353
850 0.870588
850 0.897647
850 0.857647
850 0.923529
850 0.842353
850 0.952941
850 0.869412
850 0.862353
850 0.936471
850 0.882353
850 0.751765
850 0.856471
850 0.865882
850 0.932941
850 0.865882
850 0.895294
850 0.914118
850 0.810588
850 0.851765
850 0.888235
850 0.888235
850 0.869412
850 0.788235
850 0.894118
850 0.828235
900 0.875556
900 0.835556
900 0.885556
900 0.888889
900 0.871111
900 0.831111
900 0.863333
900 0.841111
900 0.875556
900 0.865556
900 0.945556
900 0.835556
900 0.844444
900 0.935556
900 0.838889
900 0.858889
900 0.898889
900 0.953333
900 0.693333
900 0.874444
900 0.865556
900 0.841111
900 0.813333
900 0.846667
900 0.743333
900 0.665556
900 0.825556
900 0.835556
900 0.823333
900 0.836667
900 0.823333
900 0.828889
900 0.84
900 0.887778
900 0.843333
900 0.863333
900 0.857778
900 0.874444
900 0.875556
900 0.917778
900 0.86
900 0.81
900 0.862222
900 0.737778
900 0.874444
900 0.907778
900 0.845556
900 0.862222
900 0.95
900 0.89
900 0.898889
900 0.772222
900 0.826667
900 0.805556
900 0.891111
900 0.875556
900 0.853333
900 0.792222
900 0.914444
900 0.861111
900 0.902222
900 0.92
900 0.826667
900 0.812222
900 0.848889
900 0.85
900 0.731111
900 0.863333
900 0.94
900 0.868889
900 0.867778
900 0.887778
900 0.89
900 0.845556
900 0.864444
950 0.968421
950 0.88
950 0.825263
950 0.865263
950 0.890526
950 0.86
950 0.792632
950 0.855789
950 0.866316
950 0.870526
950 0.741053
950 0.813684
950 0.885263
950 0.962105
950 0.882105
950 0.910526
950 0.82
950 0.84
950 0.898947
950 0.812632
950 0.851579
950 0.858947
950 0.833684
950 0.833684
950 0.844211
950 0.924211
950 0.866316
950 0.861053
950 0.863158
950 0.858947
950 0.894737
950 0.88
950 0.911579
950 0.906316
950 0.844211
950 0.913684
950 0.885263
950 0.84
950 0.850526
950 0.842105
950 0.878947
950 0.826316
950 0.898947
950 0.867368
950 0.929474
950 0.743158
950 0.894737
950 0.882105
950 0.888421
950 0.855789
950 0.866316
950 0.907368
950 0.756842
950 0.809474
950 0.693684
950 0.885263
950 0.752632
950 0.787368
950 0.781053
950 0.874737
950 0.874737
950 0.809474
950 0.815789
950 0.765263
950 0.917895
950 0.832632
950 0.886316
950 0.888421
950 0.863158
950 0.895789
950 0.94
950 0.833684
950 0.938947
950 0.925263
950 0.918947
1000 0.95
1000 0.723
1000 0.865
1000 0.845
1000 0.908
1000 0.841
1000 0.623
1000 0.882
1000 0.877
1000 0.809
1000 0.804
1000 0.846
1000 0.857
1000 0.867
1000 0.834
1000 0.874
1000 0.865
1000 0.849
1000 0.866
1000 0.79
1000 0.926
1000 0.779
1000 0.873
1000 0.848
1000 0.871
1000 0.868
1000 0.88
1000 0.862
1000 0.842
1000 0.894
1000 0.83
1000 0.86
1000 0.916
1000 0.802
1000 0.906
1000 0.871
1000 0.838
1000 0.91
1000 0.882
1000 0.853
1000 0.824
1000 0.881
1000 0.885
1000 0.822
1000 0.928
1000 0.869
1000 0.881
1000 0.909
1000 0.93
1000 0.82
1000 0.9
1000 0.807
1000 0.847
1000 0.749
1000 0.898
1000 0.847
1000 0.874
1000 0.895
1000 0.884
1000 0.94
1000 0.875
1000 0.836
1000 0.851
1000 0.943
1000 0.861
1000 0.777
1000 0.806
1000 0.813
1000 0.84
1000 0.832
1000 0.913
1000 0.798
1000 0.921
1000 0.892
1000 0.89
1050 0.841905
1050 0.825714
1050 0.789524
1050 0.853333
1050 0.672381
1050 0.880952
1050 0.799048
1050 0.761905
1050 0.872381
1050 0.824762
1050 0.889524
1050 0.848571
1050 0.821905
1050 0.782857
1050 0.817143
1050 0.850476
1050 0.855238
1050 0.974286
1050 0.834286
1050 0.952381
1050 0.868571
1050 0.870476
1050 0.815238
1050 0.835238
1050 0.88381
1050 0.86
1050 0.871429
1050 0.862857
1050 0.914286
1050 0.847619
1050 0.837143
1050 0.924762
1050 0.842857
1050 0.919048
1050 0.899048
1050 0.837143
1050 0.881905
1050 0.848571
1050 0.857143
1050 0.829524
1050 0.89619
1050 0.829524
1050 0.7
1050 0.880952
1050 0.879048
1050 0.904762
1050 0.733333
1050 0.860952
1050 0.858095
1050 0.879048
1050 0.878095
1050 0.892381
1050 0.921905
1050 0.800952
1050 0.929524
1050 0.899048
1050 0.892381
1050 0.828571
1050 0.842857
1050 0.82381
1050 0.805714
1050 0.852381
1050 0.834286
1050 0.941905
1050 0.792381
1050 0.891429
1050 0.886667
1050 0.859048
1050 0.835238
1050 0.809524
1050 0.907619
1050 0.86
1050 0.894286
1050 0.855238
1050 0.890476
1100 0.849091
1100 0.87
1100 0.914545
1100 0.948182
1100 0.901818
1100 0.86
1100 0.817273
1100 0.838182
1100 0.847273
1100 0.875455
1100 0.836364
1100 0.877273
1100 0.883636
1100 0.654545
1100 0.869091
1100 0.930909
1100 0.892727
1100 0.762727
1100 0.879091
1100 0.925455
1100 0.847273
1100 0.89
1100 0.9
1100 0.874545
1100 0.780909
1100 0.740909
1100 0.871818
1100 0.858182
1100 0.85
1100 0.889091
1100 0.820909
1100 0.826364
1100 0.832727
1100 0.856364
1100 0.866364
1100 0.911818
1100 0.813636
1100 0.867273
1100 0.837273
1100 0.825455
1100 0.843636
1100 0.885455
1100 0.804545
1100 0.854545
1100 0.947273
1100 0.902727
1100 0.845455
1100 0.87
1100 0.886364
1100 0.866364
1100 0.898182
1100 0.901818
1100 0.857273
1100 0.839091
1100 0.893636
1100 0.835455
1100 0.884545
1100 0.932727
1100 0.723636
1100 0.837273
1100 0.872727
1100 0.878182
1100 0.830909
1100 0.861818
1100 0.810909
1100 0.907273
1100 0.918182
1100 0.841818
1100 0.902727
1100 0.87
1100 0.789091
1100 0.859091
1100 0.937273
1100 0.888182
1100 0.744545
1150 0.829565
1150 0.788696
1150 0.866087
1150 0.922609
1150 0.881739
1150 0.854783
1150 0.870435
1150 0.851304
1150 0.947826
1150 0.854783
1150 0.835652
1150 0.827826
1150 0.910435
1150 0.82087
1150 0.875652
1150 0.90087
1150 0.906957
1150 0.795652
1150 0.886087
1150 0.867826
1150 0.878261
1150 0.933043
1150 0.906957
1150 0.871304
1150 0.806087
1150 0.846087
1150 0.894783
1150 0.843478
1150 0.877391
1150 0.854783
1150 0.932174
1150 0.862609
1150 0.835652
1150 0.881739
1150 0.786087
1150 0.928696
1150 0.767826
1150 0.901739
1150 0.863478
1150 0.858261
1150 0.862609
1150 0.844348
1150 0.897391
1150 0.893913
1150 0.888696
1150 0.77913
1150 0.895652
1150 0.850435
1150 0.843478
1150 0.833043
1150 0.90087
1150 0.851304
1150 0.894783
1150 0.637391
1150 0.862609
1150 0.832174
1150 0.893913
1150 0.909565
1150 0.96087
1150 0.871304
1150 0.909565
1150 0.866957
1150 0.935652
1150 0.777391
1150 0.875652
1150 0.796522
1150 0.911304
1150 0.912174
1150 0.81913
1150 0.909565
1150 0.85913
1150 0.813043
1150 0.822609
1150 0.824348
1150 0.861739
1200 0.940833
1200 0.896667
1200 0.884167
1200 0.865833
1200 0.850833
1200 0.8975
1200 0.904167
1200 0.870833
1200 0.884167
1200 0.880833
1200 0.785833
1200 0.8925
1200 0.843333
1200 0.888333
1200 0.823333
1200 0.875833
1200 0.8875
1200 0.8375
1200 0.925
1200 0.884167
1200 0.898333
1200 0.88
1200 0.899167
1200 0.9425
1200 0.944167
1200 0.853333
1200 0.826667
1200 0.845833
1200 0.889167
1200 0.846667
1200 0.9275
1200 0.900833
1200 0.914167
1200 0.891667
1200 0.866667
1200 0.924167
1200 0.884167
1200 0.849167
1200 0.835
1200 0.886667
1200 0.8625
1200 0.794167
1200 0.876667
1200 0.809167
1200 0.864167
1200 0.8925
1200 0.8525
1200 0.891667
1200 0.8425
1200 0.881667
1200 0.890833
1200 0.908333
1200 0.875
1200 0.8725
1200 0.914167
1200 0.883333
1200 0.849167
1200 0.835
1200 0.920833
1200 0.930833
1200 0.911667
1200 0.863333
1200 0.889167
1200 0.925
1200 0.826667
1200 0.800833
1200 0.8725
1200 0.86
1200 0.906667
1200 0.839167
1200 0.869167
1200 0.818333
1200 0.863333
1200 0.929167
1200 0.903333
1250 0.8784
1250 0.912
1250 0.8384
1250 0.9224
1250 0.8368
1250 0.844
1250 0.784
1250 0.8344
1250 0.9296
1250 0.8848
1250 0.8184
1250 0.8592
1250 0.9024
1250 0.8464
1250 0.8632
1250 0.8928
1250 0.7952
1250 0.7984
1250 0.9
1250 0.8336
1250 0.8752
1250 0.7752
1250 0.8824
1250 0.8704
1250 0.8424
1250 0.876
1250 0.8744
1250 0.7808
1250 0.688
1250 0.8808
1250 0.8752
1250 0.9056
1250 0.8984
1250 0.8464
1250 0.864
1250 0.8752
1250 0.8648
1250 0.8376
1250 0.932
1250 0.9128
1250 0.8384
1250 0.8736
1250 0.8208
1250 0.9
1250 0.8912
1250 0.8816
1250 0.744
1250 0.7064
1250 0.9344
1250 0.8608
1250 0.8824
1250 0.8152
1250 0.8536
1250 0.9016
1250 0.8448
1250 0.8424
1250 0.896
1250 0.8496
1250 0.8992
1250 0.9136
1250 0.88
1250 0.8864
1250 0.8576
1250 0.9032
1250 0.884
1250 0.8704
1250 0.8376
1250 0.7304
1250 0.8632
1250 0.9032
1250 0.8168
1250 0.9096
1250 0.8968
1250 0.8576
1250 0.8392
1300 0.863846
1300 0.885385
1300 0.87
1300 0.825385
1300 0.906154
1300 0.931538
1300 0.850769
1300 0.88
1300 0.895385
1300 0.977692
1300 0.906154
1300 0.893077
1300 0.798462
1300 0.858462
1300 0.856923
1300 0.869231
1300 0.786923
1300 0.875385
1300 0.910769
1300 0.87
1300 0.860769
1300 0.9
1300 0.711538
1300 0.945385
1300 0.816923
1300 0.892308
1300 0.868462
1300 0.933846
1300 0.862308
1300 0.777692
1300 0.853077
1300 0.836923
1300 0.833846
1300 0.915385
1300 0.824615
1300 0.919231
1300 0.863846
1300 0.860769
1300 0.891538
1300 0.847692
1300 0.893077
1300 0.906154
1300 0.836923
1300 0.787692
1300 0.860769
1300 0.894615
1300 0.869231
1300 0.920769
1300 0.865385
1300 0.88
1300 0.881538
1300 0.859231
1300 0.856154
1300 0.927692
1300 0.83
1300 0.94
1300 0.843846
1300 0.885385
1300 0.864615
1300 0.845385
1300 0.793077
1300 0.92
1300 0.863077
1300 0.862308
1300 0.736923
1300 0.821538
1300 0.804615
1300 0.902308
1300 0.927692
1300 0.854615
1300 0.835385
1300 0.81
1300 0.833846
1300 0.863846
1300 0.935385
1350 0.907407
1350 0.871111
1350 0.87037
1350 0.884444
1350 0.79037
1350 0.892593
1350 0.871111
1350 0.915556
1350 0.848148
1350 0.836296
1350 0.919259
1350 0.817037
1350 0.848889
1350 0.922963
1350 0.852593
1350 0.896296
1350 0.88963
1350 0.811852
1350 0.726667
1350 0.804444
1350 0.865185
1350 0.806667
1350 0.882222
1350 0.867407
1350 0.908889
1350 0.86
1350 0.872593
1350 0.937778
1350 0.905185
1350 0.934074
1350 0.893333
1350 0.928889
1350 0.971111
1350 0.871852
1350 0.888889
1350 0.843704
1350 0.833333
1350 0.866667
1350 0.837037
1350 0.800741
1350 0.900741
1350 0.851111
1350 0.87037
1350 0.888889
1350 0.805185
1350 0.851111
1350 0.883704
1350 0.825926
1350 0.866667
1350 0.715556
1350 0.884444
1350 0.893333
1350 0.874074
1350 0.808889
1350 0.80963
1350 0.845926
1350 0.861481
1350 0.878519
1350 0.908889
1350 0.89037
1350 0.866667
1350 0.905185
1350 0.873333
1350 0.854074
1350 0.812593
1350 0.771111
1350 0.915556
1350 0.881481
1350 0.888148
1350 0.881481
1350 0.902222
1350 0.800741
1350 0.888889
1350 0.912593
1350 0.878519
1400 0.839286
1400 0.924286
1400 0.931429
1400 0.826429
1400 0.961429
1400 0.847857
1400 0.808571
1400 0.886429
1400 0.827143
1400 0.74
1400 0.835714
1400 0.903571
1400 0.945
1400 0.913571
1400 0.86
1400 0.628571
1400 0.825
1400 0.885
1400 0.85
1400 0.892143
1400 0.84
1400 0.905
1400 0.828571
1400 0.83
1400 0.79
1400 0.887143
1400 0.829286
1400 0.895714
1400 0.930714
1400 0.818571
1400 0.874286
1400 0.822143
1400 0.893571
1400 0.861429
1400 0.837857
1400 0.923571
1400 0.747143
1400 0.822857
1400 0.967143
1400 0.847143
1400 0.938571
1400 0.857143
1400 0.919286
1400 0.892857
1400 0.952857
1400 0.889286
1400 0.866429
1400 0.894286
1400 0.832143
1400 0.887143
1400 0.895714
1400 0.885714
1400 0.861429
1400 0.825
1400 0.845
1400 0.847857
1400 0.888571
1400 0.874286
1400 0.859286
1400 0.892143
1400 0.736429
1400 0.83
1400 0.899286
1400 0.873571
1400 0.833571
1400 0.914286
1400 0.882857
1400 0.890714
1400 0.911429
1400 0.894286
1400 0.849286
1400 0.797857
1400 0.884286
1400 0.857143
1400 0.881429
1450 0.883448
1450 0.885517
1450 0.871034
1450 0.951034
1450 0.912414
1450 0.83931
1450 0.81931
1450 0.862759
1450 0.861379
1450 0.896552
1450 0.893103
1450 0.861379
1450 0.888966
1450 0.905517
1450 0.846207
1450 0.833793
1450 0.835172
1450 0.833103
1450 0.898621
1450 0.888276
1450 0.895172
1450 0.946207
1450 0.915172
1450 0.924828
1450 0.890345
1450 0.908276
1450 0.874483
1450 0.830345
1450 0.914483
1450 0.92
1450 0.911724
1450 0.854483
1450 0.826207
1450 0.911724
1450 0.90069
1450 0.831034
1450 0.877931
1450 0.91931
1450 0.813793
1450 0.888276
1450 0.813793
1450 0.913103
1450 0.908276
1450 0.93931
1450 0.745517
1450 0.901379
1450 0.867586
1450 0.893103
1450 0.882069
1450 0.882069
1450 0.892414
1450 0.897241
1450 0.877241
1450 0.808276
1450 0.973793
1450 0.752414
1450 0.96
1450 0.973793
1450 0.872414
1450 0.888276
1450 0.884138
1450 0.854483
1450 0.817241
1450 0.857241
1450 0.864828
1450 0.934483
1450 0.887586
1450 0.797241
1450 0.833793
1450 0.889655
1450 0.891724
1450 0.92
1450 0.928276
1450 0.844138
1450 0.916552
1500 0.886667
1500 0.892
1500 0.896667
1500 0.843333
1500 0.9
1500 0.888667
1500 0.772667
1500 0.903333
1500 0.866
1500 0.858667
1500 0.776
1500 0.906
1500 0.864667
1500 0.857333
1500 0.872667
1500 0.882
1500 0.884667
1500 0.922
1500 0.845333
1500 0.927333
1500 0.862
1500 0.871333
1500 0.893333
1500 0.88
1500 0.921333
1500 0.844
1500 0.755333
1500 0.918667
1500 0.873333
1500 0.826667
1500 0.873333
1500 0.898
1500 0.878
1500 0.870667
1500 0.821333
1500 0.851333
1500 0.872667
1500 0.846
1500 0.904667
1500 0.875333
1500 0.873333
1500 0.934
1500 0.888667
1500 0.857333
1500 0.832
1500 0.902
1500 0.955333
1500 0.864
1500 0.832667
1500 0.884667
1500 0.884
1500 0.898667
1500 0.846667
1500 0.86
1500 0.832667
1500 0.888
1500 0.891333
1500 0.876667
1500 0.876
1500 0.928
1500 0.755333
1500 0.932667
1500 0.872
1500 0.87
1500 0.833333
1500 0.945333
1500 0.834
1500 0.875333
1500 0.856
1500 0.888
1500 0.879333
1500 0.904
1500 0.753333
1500 0.886
1500 0.820667
1550 0.903226
1550 0.913548
1550 0.86129
1550 0.950323
1550 0.887097
1550 0.84129
1550 0.887097
1550 0.836129
1550 0.88
1550 0.650323
1550 0.876129
1550 0.731613
1550 0.832903
1550 0.707742
1550 0.857419
1550 0.912903
1550 0.892258
1550 0.85871
1550 0.797419
1550 0.884516
1550 0.894194
1550 0.861935
1550 0.876774
1550 0.904516
1550 0.888387
1550 0.875484
1550 0.83871
1550 0.886452
1550 0.837419
1550 0.82
1550 0.84129
1550 0.898065
1550 0.883226
1550 0.898065
1550 0.871613
1550 0.922581
1550 0.857419
1550 0.833548
1550 0.909677
1550 0.914839
1550 0.944516
1550 0.866452
1550 0.94129
1550 0.852258
1550 0.799355
1550 0.822581
1550 0.884516
1550 0.905161
1550 0.884516
1550 0.856774
1550 0.929032
1550 0.851613
1550 0.88129
1550 0.843226
1550 0.893548
1550 0.820645
1550 0.876129
1550 0.869677
1550 0.892903
1550 0.814839
1550 0.893548
1550 0.886452
1550 0.900645
1550 0.912258
1550 0.870323
1550 0.867742
1550 0.785161
1550 0.867097
1550 0.856129
1550 0.916129
1550 0.909677
1550 0.922581
1550 0.855484
1550 0.854839
1550 0.920645
1600 0.84875
1600 0.909375
1600 0.865
1600 0.919375
1600 0.92125
1600 0.8325
1600 0.918125
1600 0.830625
1600 0.756875
1600 0.855625
1600 0.909375
1600 0.83375
1600 0.923125
1600 0.828125
1600 0.820625
1600 0.82
1600 0.879375
1600 0.821875
1600 0.788125
1600 0.820625
1600 0.826875
1600 0.898125
1600 0.885
1600 0.881875
1600 0.863125
1600 0.9225
1600 0.879375
1600 0.8925
1600 0.89875
1600 0.863125
1600 0.9
1600 0.87125
1600 0.89875
1600 0.93125
1600 0.883125
1600 0.853125
1600 0.90375
1600 0.8725
1600 0.891875
1600 0.929375
1600 0.89375
1600 0.874375
1600 0.926875
1600 0.760625
1600 0.840625
1600 0.856875
1600 0.823125
1600 0.9
1600 0.843125
1600 0.815625
1600 0.909375
1600 0.880625
1600 0.8725
1600 0.83375
1600 0.9525
1600 0.885625
1600 0.838125
1600 0.905
1600 0.87375
1600 0.84375
1600 0.7875
1600 0.81125
1600 0.9175
1600 0.875625
1600 0.83625
1600 0.9
1600 0.904375
1600 0.895
1600 0.93375
1600 0.86875
1600 0.878125
1600 0.855625
1600 0.785625
1600 0.88125
1600 0.92875
1650 0.941818
1650 0.809697
1650 0.85697
1650 0.88303
1650 0.845455
1650 0.811515
1650 0.85697
1650 0.895758
1650 0.875152
1650 0.815758
1650 0.867879
1650 0.890303
1650 0.921818
1650 0.780606
1650 0.866667
1650 0.826667
1650 0.892121
1650 0.878788
1650 0.859394
1650 0.850909
1650 0.847273
1650 0.887273
1650 0.873939
1650 0.872121
1650 0.875758
1650 0.783636
1650 0.876364
1650 0.784242
1650 0.935152
1650 0.858182
1650 0.869697
1650 0.906667
1650 0.888485
1650 0.850909
1650 0.787273
1650 0.82303
1650 0.809697
1650 0.829091
1650 0.86303
1650 0.866667
1650 0.895758
1650 0.898788
1650 0.82303
1650 0.812727
1650 0.870909
1650 0.891515
1650 0.866667
1650 0.817576
1650 0.917576
1650 0.843636
1650 0.905455
1650 0.925455
1650 0.826061
1650 0.933333
1650 0.929697
1650 0.881212
1650 0.907879
1650 0.88
1650 0.897576
1650 0.833333
1650 0.887879
1650 0.865455
1650 0.891515
1650 0.773333
1650 0.813333
1650 0.70303
1650 0.813939
1650 0.909697
1650 0.916364
1650 0.909697
1650 0.779394
1650 0.924242
1650 0.935152
1650 0.878788
1650 0.870303
1700 0.82
1700 0.881765
1700 0.828824
1700 0.887647
1700 0.865882
1700 0.874118
1700 0.829412
1700 0.804118
1700 0.825882
1700 0.93
1700 0.875882
1700 0.885882
1700 0.871176
1700 0.832941
1700 0.876471
1700 0.892353
1700 0.875294
1700 0.863529
1700 0.805882
1700 0.873529
1700 0.887059
1700 0.738824
1700 0.948824
1700 0.834706
1700 0.846471
1700 0.833529
1700 0.85
1700 0.828824
1700 0.907059
1700 0.881765
1700 0.845882
1700 0.920588
1700 0.898235
1700 0.861765
1700 0.922353
1700 0.818235
1700 0.842353
1700 0.871765
1700 0.835882
1700 0.845882
1700 0.897059
1700 0.84
1700 0.812941
1700 0.87
1700 0.860588
1700 0.794706
1700 0.866471
1700 0.912353
1700 0.823529
1700 0.872941
1700 0.915882
1700 0.854706
1700 0.885882
1700 0.871765
1700 0.879412
1700 0.912941
1700 0.793529
1700 0.864118
1700 0.875882
1700 0.865882
1700 0.911765
1700 0.863529
1700 0.913529
1700 0.885882
1700 0.814118
1700 0.821765
1700 0.775882
1700 0.916471
1700 0.882353
1700 0.817647
1700 0.935294
1700 0.867059
1700 0.878824
1700 0.871176
1700 0.898235
1750 0.926286
1750 0.872571
1750 0.888
1750 0.880571
1750 0.857714
1750 0.793143
1750 0.781714
1750 0.947429
1750 0.874857
1750 0.901714
1750 0.887429
1750 0.897143
1750 0.879429
1750 0.863429
1750 0.841714
1750 0.869714
1750 0.906857
1750 0.924
1750 0.880571
1750 0.86
1750 0.783429
1750 0.849714
1750 0.848
1750 0.932
1750 0.818857
1750 0.882286
1750 0.816571
1750 0.876571
1750 0.867429
1750 0.817143
1750 0.899429
1750 0.910857
1750 0.796
1750 0.887429
1750 0.849714
1750 0.822857
1750 0.886286
1750 0.849143
1750 0.746286
1750 0.938286
1750 0.913714
1750 0.842286
1750 0.861143
1750 0.856571
1750 0.850286
1750 0.910857
1750 0.884
1750 0.822286
1750 0.829714
1750 0.919429
1750 0.808571
1750 0.896571
1750 0.717143
1750 0.884571
1750 0.946286
1750 0.766857
1750 0.905143
1750 0.871429
1750 0.836
1750 0.918286
1750 0.944571
1750 0.773143
1750 0.896
1750 0.925143
1750 0.862857
1750 0.913714
1750 0.781714
1750 0.933714
1750 0.835429
1750 0.894857
1750 0.472
1750 0.801714
1750 0.898857
1750 0.872
1750 0.832571
1800 0.912222
1800 0.901667
1800 0.889444
1800 0.853889
1800 0.89
1800 0.913889
1800 0.909444
1800 0.830556
1800 0.843333
1800 0.813889
1800 0.896111
1800 0.871111
1800 0.912222
1800 0.852222
1800 0.932778
1800 0.816667
1800 0.858333
1800 0.913889
1800 0.895
1800 0.892222
1800 0.866111
1800 0.871667
1800 0.8
1800 0.897222
1800 0.933889
1800 0.865
1800 0.87
1800 0.860556
1800 0.891667
1800 0.877778
1800 0.869444
1800 0.866667
1800 0.852778
1800 0.918333
1800 0.888889
1800 0.763333
1800 0.872222
1800 0.888333
1800 0.893333
1800 0.828333
1800 0.913889
1800 0.875556
1800 0.866111
1800 0.920556
1800 0.899444
1800 0.938333
1800 0.875
1800 0.935
1800 0.898333
1800 0.87
1800 0.837222
1800 0.865556
1800 0.841111
1800 0.852778
1800 0.852778
1800 0.784444
1800 0.860556
1800 0.889444
1800 0.907222
1800 0.886667
1800 0.837778
1800 0.943889
1800 0.923889
1800 0.916111
1800 0.862778
1800 0.804444
1800 0.84
1800 0.901111
1800 0.885
1800 0.852778
1800 0.856111
1800 0.920556
1800 0.872222
1800 0.840556
1800 0.918889
1850 0.816757
1850 0.841081
1850 0.844324
1850 0.838378
1850 0.855135
1850 0.903243
1850 0.915676
1850 0.892432
1850 0.837297
1850 0.887568
1850 0.893514
1850 0.890811
1850 0.835676
1850 0.782162
1850 0.929189
1850 0.875135
1850 0.898378
1850 0.790811
1850 0.896216
1850 0.897297
1850 0.915676
1850 0.805946
1850 0.848649
1850 0.865946
1850 0.86
1850 0.84973
1850 0.852973
1850 0.894595
1850 0.931892
1850 0.817297
1850 0.848649
1850 0.847568
1850 0.856216
1850 0.894595
1850 0.821081
1850 0.835676
1850 0.894595
1850 0.894054
1850 0.894595
1850 0.862162
1850 0.888649
1850 0.874595
1850 0.90973
1850 0.889189
1850 0.854595
1850 0.821622
1850 0.745405
1850 0.877297
1850 0.861622
1850 0.84973
1850 0.798919
1850 0.839459
1850 0.948649
1850 0.915135
1850 0.88973
1850 0.836216
1850 0.798919
1850 0.852973
1850 0.843784
1850 0.924324
1850 0.943243
1850 0.911351
1850 0.909189
1850 0.877297
1850 0.919459
1850 0.916757
1850 0.895135
1850 0.868108
1850 0.875135
1850 0.786486
1850 0.863784
1850 0.901622
1850 0.841081
1850 0.868108
1850 0.834054
1900 0.888947
1900 0.873684
1900 0.851053
1900 0.841053
1900 0.824211
1900 0.883684
1900 0.826842
1900 0.882632
1900 0.862105
1900 0.855263
1900 0.867368
1900 0.814737
1900 0.871579
1900 0.862105
1900 0.86
1900 0.909474
1900 0.847895
1900 0.861579
1900 0.909474
1900 0.873158
1900 0.881579
1900 0.805263
1900 0.895789
1900 0.87
1900 0.884737
1900 0.867895
1900 0.834737
1900 0.956842
1900 0.865263
1900 0.871053
1900 0.922105
1900 0.894737
1900 0.925789
1900 0.858947
1900 0.88
1900 0.857368
1900 0.863684
1900 0.833684
1900 0.943684
1900 0.870526
1900 0.917895
1900 0.833684
1900 0.837368
1900 0.872105
1900 0.901053
1900 0.904737
1900 0.931579
1900 0.92
1900 0.821579
1900 0.880526
1900 0.908947
1900 0.874737
1900 0.896316
1900 0.811579
1900 0.894211
1900 0.897368
1900 0.867368
1900 0.917895
1900 0.848421
1900 0.813684
1900 0.894737
1900 0.857895
1900 0.826842
1900 0.885789
1900 0.843158
1900 0.915263
1900 0.896316
1900 0.85
1900 0.953684
1900 0.793684
1900 0.915263
1900 0.898947
1900 0.881579
1900 0.884737
1900 0.857895
1950 0.826667
1950 0.878462
1950 0.853846
1950 0.905641
1950 0.908718
1950 0.854872
1950 0.865641
1950 0.870256
1950 0.879487
1950 0.879487
1950 0.951282
1950 0.862564
1950 0.877949
1950 0.712821
1950 0.857949
1950 0.869744
1950 0.852821
1950 0.866667
1950 0.891795
1950 0.950769
1950 0.861538
1950 0.879487
1950 0.911795
1950 0.956923
1950 0.86359
1950 0.893333
1950 0.926154
1950 0.802564
1950 0.822564
1950 0.817436
1950 0.823077
1950 0.895897
1950 0.895385
1950 0.889231
1950 0.822564
1950 0.90359
1950 0.816923
1950 0.926667
1950 0.886154
1950 0.872308
1950 0.865641
1950 0.823077
1950 0.897949
1950 0.853333
1950 0.926154
1950 0.933846
1950 0.890256
1950 0.85641
1950 0.791282
1950 0.848205
1950 0.837949
1950 0.90359
1950 0.810256
1950 0.84359
1950 0.873846
1950 0.783077
1950 0.87641
1950 0.851795
1950 0.837436
1950 0.798462
1950 0.886667
1950 0.910256
1950 0.888205
1950 0.918462
1950 0.890769
1950 0.866154
1950 0.911795
1950 0.925128
1950 0.726154
1950 0.89641
1950 0.866154
1950 0.824615
1950 0.910256
1950 0.835385
1950 0.791282
2000 0.8585
2000 0.9465
2000 0.832
2000 0.838
2000 0.865
2000 0.8475
2000 0.893
2000 0.8665
2000 0.868
2000 0.7275
2000 0.8425
2000 0.8135
2000 0.909
2000 0.8765
2000 0.8715
2000 0.859
2000 0.884
2000 0.8865
2000 0.8095
2000 0.8855
2000 0.8065
2000 0.863
2000 0.8415
2000 0.8235
2000 0.9495
2000 0.869
2000 0.759
2000 0.903
2000 0.803
2000 0.882
2000 0.8705
2000 0.9065
2000 0.873
2000 0.8595
2000 0.869
2000 0.9155
2000 0.8715
2000 0.8645
2000 0.897
2000 0.7775
2000 0.935
2000 0.8605
2000 0.8275
2000 0.8525
2000 0.895
2000 0.8165
2000 0.8915
2000 0.8945
2000 0.845
2000 0.928
2000 0.9005
2000 0.864
2000 0.8195
2000 0.8175
2000 0.859
2000 0.909
2000 0.907
2000 0.9095
2000 0.9325
2000 0.8805
2000 0.89
2000 0.9025
2000 0.84
2000 0.8765
2000 0.892
2000 0.8655
2000 0.8345
2000 0.927
2000 0.869
2000 0.9295
2000 0.858
2000 0.8805
2000 0.922
2000 0.9285
2000 0.8685
