50 0.04
50 0.5
50 0
50 0.58
50 0.28
50 0.18
50 0.36
50 0.78
50 0.02
50 0.3
50 0.12
50 0.22
50 0.22
50 0.28
50 0.16
50 0.22
50 0
50 0.6
50 0.2
50 0.02
50 0.1
50 0.04
50 0
50 0
50 0.16
50 0.64
50 0.3
50 0.32
50 0.36
50 0.1
50 0
50 0.06
50 0.06
50 0.14
50 0.1
50 0.04
50 0.66
50 0.72
50 0.8
50 0
50 0
50 0.2
50 0.08
50 0.8
50 0.48
50 0.6
50 0.18
50 0.4
50 0.34
50 0.22
50 0.46
50 0
50 0.7
50 0.22
50 0.6
50 0.46
50 0.5
50 0.12
50 0.02
50 0.08
50 0.36
50 0.28
50 0.14
50 0.24
50 0.78
50 0.28
50 0.1
50 0.02
50 0.48
50 0
50 0
50 0.2
50 0.48
50 0.64
50 0.08
100 0.22
100 0
100 0.25
100 0.23
100 0.71
100 0.84
100 0.51
100 0.74
100 0.8
100 0.44
100 0.84
100 0.52
100 0.28
100 0.01
100 0.89
100 0.29
100 0.64
100 0.49
100 0.39
100 0.68
100 0.76
100 0.7
100 0.58
100 0.5
100 0.53
100 0.73
100 0.12
100 0.58
100 0.82
100 0.59
100 0.76
100 0.45
100 0.48
100 0.81
100 0.71
100 0.46
100 0.53
100 0.59
100 0.03
100 0.55
100 0.61
100 0.17
100 0.19
100 0.85
100 0.73
100 0.74
100 0.52
100 0.39
100 0.02
100 0.64
100 0.25
100 0.33
100 0.06
100 0.62
100 0.57
100 0.94
100 0.83
100 0.68
100 0.75
100 0.76
100 0.78
100 0.45
100 0.47
100 0.89
100 0.56
100 0.09
100 0.67
100 0.31
100 0.65
100 0.66
100 0.1
100 0.72
100 0.44
100 0.08
100 0.85
150 0.593333
150 0.5
150 0.56
150 0.693333
150 0.58
150 0.806667
150 0.633333
150 0.813333
150 0.726667
150 0.373333
150 0.853333
150 0.74
150 0.606667
150 0.5
150 0.626667
150 0.666667
150 0.86
150 0.333333
150 0.48
150 0.78
150 0.68
150 0.793333
150 0.546667
150 0.246667
150 0.766667
150 0.933333
150 0.68
150 0.773333
150 0.806667
150 0.733333
150 0.733333
150 0.833333
150 0.786667
150 0.82
150 0.693333
150 0.553333
150 0.4
150 0.546667
150 0.613333
150 0.613333
150 0.78
150 0.553333
150 0.8
150 0.413333
150 0.373333
150 0.72
150 0.693333
150 0.56
150 0.646667
150 0.386667
150 0.66
150 0.526667
150 0.74
150 0.0933333
150 0.646667
150 0.8
150 0.733333
150 0.766667
150 0.3
150 0.686667
150 0.793333
150 0.66
150 0.826667
150 0.386667
150 0.813333
150 0.726667
150 0.66
150 0.546667
150 0.806667
150 0.433333
150 0.7
150 0.486667
150 0.76
150 0.78
150 0.76
200 0.675
200 0.405
200 0.755
200 0.7
200 0.705
200 0.83
200 0.47
200 0.88
200 0.71
200 0.65
200 0.815
200 0.57
200 0.735
200 0.84
200 0.655
200 0.805
200 0.795
200 0.815
200 0.815
200 0.81
200 0.71
200 0.735
200 0.86
200 0.75
200 0.705
200 0.6
200 0.87
200 0.405
200 0.64
200 0.545
200 0.5
200 0.845
200 0.775
200 0.46
200 0.74
200 0.865
200 0.425
200 0.675
200 0.735
200 0.475
200 0.675
200 0.86
200 0.655
200 0.45
200 0.82
200 0.75
200 0.82
200 0.67
200 0.82
200 0.775
200 0.55
200 0.865
200 0.38
200 0.645
200 0.585
200 0.645
200 0.845
200 0.64
200 0.765
200 0.595
200 0.31
200 0.87
200 0.92
200 0.825
200 0.61
200 0.79
200 0.655
200 0.735
200 0.625
200 0.84
200 0.835
200 0.395
200 0.82
200 0.805
200 0.705
250 0.796
250 0.84
250 0.604
250 0.748
250 0.824
250 0.608
250 0.804
250 0.696
250 0.752
250 0.764
250 0.836
250 0.828
250 0.776
250 0.672
250 0.752
250 0.78
250 0.824
250 0.592
250 0.816
250 0.804
250 0.904
250 0.716
250 0.696
250 0.784
250 0.908
250 0.804
250 0.828
250 0.884
250 0.596
250 0.716
250 0.772
250 0.812
250 0.772
250 0.792
250 0.788
250 0.788
250 0.912
250 0.668
250 0.724
250 0.836
250 0.556
250 0.356
250 0.828
250 0.332
250 0.744
250 0.692
250 0.848
250 0.556
250 0.808
250 0.5
250 0.828
250 0.568
250 0.768
250 0.796
250 0.836
250 0.848
250 0.764
250 0.308
250 0.724
250 0.58
250 0.872
250 0.792
250 0.684
250 0.772
250 0.644
250 0.632
250 0.824
250 0.836
250 0.764
250 0.86
250 0.596
250 0.484
250 0.876
250 0.856
250 0.772
300 0.643333
300 0.816667
300 0.733333
300 0.88
300 0.643333
300 0.613333
300 0.673333
300 0.573333
300 0.766667
300 0.8
300 0.873333
300 0.78
300 0.813333
300 0.813333
300 0.866667
300 0.786667
300 0.803333
300 0.89
300 0.87
300 0.816667
300 0.836667
300 0.773333
300 0.756667
300 0.85
300 0.733333
300 0.826667
300 0.78
300 0.796667
300 0.67
300 0.663333
300 0.773333
300 0.766667
300 0.486667
300 0.766667
300 0.75
300 0.86
300 0.77
300 0.84
300 0.653333
300 0.743333
300 0.81
300 0.58
300 0.75
300 0.803333
300 0.62
300 0.68
300 0.836667
300 0.613333
300 0.5
300 0.82
300 0.73
300 0.806667
300 0.643333
300 0.713333
300 0.806667
300 0.863333
300 0.86
300 0.843333
300 0.81
300 0.83
300 0.803333
300 0.813333
300 0.866667
300 0.756667
300 0.79
300 0.783333
300 0.9
300 0.8
300 0.793333
300 0.816667
300 0.886667
300 0.876667
300 0.796667
300 0.8
300 0.776667
350 0.765714
350 0.882857
350 0.8
350 0.58
350 0.828571
350 0.66
350 0.677143
350 0.797143
350 0.897143
350 0.708571
350 0.822857
350 0.76
350 0.857143
350 0.857143
350 0.76
350 0.754286
350 0.845714
350 0.828571
350 0.785714
350 0.662857
350 0.9
350 0.714286
350 0.777143
350 0.871429
350 0.831429
350 0.805714
350 0.882857
350 0.737143
350 0.731429
350 0.825714
350 0.702857
350 0.891429
350 0.754286
350 0.96
350 0.82
350 0.754286
350 0.711429
350 0.582857
350 0.837143
350 0.782857
350 0.862857
350 0.705714
350 0.808571
350 0.751429
350 0.931429
350 0.822857
350 0.471429
350 0.645714
350 0.825714
350 0.888571
350 0.794286
350 0.777143
350 0.845714
350 0.814286
350 0.794286
350 0.888571
350 0.848571
350 0.811429
350 0.814286
350 0.831429
350 0.86
350 0.802857
350 0.897143
350 0.734286
350 0.64
350 0.885714
350 0.711429
350 0.868571
350 0.882857
350 0.837143
350 0.911429
350 0.891429
350 0.334286
350 0.825714
350 0.762857
400 0.8025
400 0.7775
400 0.7575
400 0.64
400 0.7225
400 0.835
400 0.84
400 0.56
400 0.78
400 0.8125
400 0.88
400 0.8925
400 0.8075
400 0.8125
400 0.67
400 0.835
400 0.8125
400 0.4475
400 0.8925
400 0.8625
400 0.75
400 0.7675
400 0.8
400 0.6125
400 0.7975
400 0.81
400 0.7925
400 0.525
400 0.8725
400 0.8625
400 0.855
400 0.7925
400 0.8775
400 0.78
400 0.7775
400 0.8575
400 0.715
400 0.535
400 0.8325
400 0.905
400 0.7075
400 0.8675
400 0.73
400 0.78
400 0.8675
400 0.8225
400 0.5675
400 0.5675
400 0.855
400 0.855
400 0.77
400 0.82
400 0.805
400 0.5975
400 0.7925
400 0.7725
400 0.8225
400 0.8525
400 0.6325
400 0.775
400 0.815
400 0.78
400 0.685
400 0.795
400 0.7575
400 0.9175
400 0.73
400 0.845
400 0.82
400 0.93
400 0.8025
400 0.7825
400 0.895
400 0.68
400 0.8475
450 0.817778
450 0.797778
450 0.868889
450 0.871111
450 0.617778
450 0.806667
450 0.828889
450 0.795556
450 0.853333
450 0.762222
450 0.722222
450 0.824444
450 0.828889
450 0.842222
450 0.726667
450 0.9
450 0.837778
450 0.844444
450 0.817778
450 0.775556
450 0.826667
450 0.897778
450 0.602222
450 0.882222
450 0.775556
450 0.764444
450 0.866667
450 0.844444
450 0.702222
450 0.6
450 0.864444
450 0.808889
450 0.813333
450 0.824444
450 0.737778
450 0.782222
450 0.788889
450 0.813333
450 0.711111
450 0.771111
450 0.784444
450 0.873333
450 0.782222
450 0.857778
450 0.826667
450 0.813333
450 0.748889
450 0.857778
450 0.882222
450 0.842222
450 0.835556
450 0.773333
450 0.797778
450 0.777778
450 0.762222
450 0.862222
450 0.826667
450 0.897778
450 0.788889
450 0.788889
450 0.757778
450 0.773333
450 0.86
450 0.826667
450 0.797778
450 0.875556
450 0.76
450 0.704444
450 0.853333
450 0.8
450 0.464444
450 0.751111
450 0.835556
450 0.731111
450 0.68
500 0.85
500 0.854
500 0.894
500 0.868
500 0.79
500 0.892
500 0.764
500 0.756
500 0.784
500 0.82
500 0.852
500 0.78
500 0.786
500 0.776
500 0.77
500 0.804
500 0.798
500 0.79
500 0.826
500 0.808
500 0.848
500 0.682
500 0.788
500 0.878
500 0.794
500 0.808
500 0.79
500 0.918
500 0.808
500 0.86
500 0.836
500 0.876
500 0.818
500 0.798
500 0.78
500 0.88
500 0.858
500 0.744
500 0.79
500 0.736
500 0.86
500 0.884
500 0.856
500 0.746
500 0.856
500 0.732
500 0.872
500 0.846
500 0.912
500 0.798
500 0.67
500 0.84
500 0.872
500 0.718
500 0.844
500 0.804
500 0.864
500 0.862
500 0.898
500 0.814
500 0.722
500 0.866
500 0.746
500 0.65
500 0.598
500 0.788
500 0.852
500 0.742
500 0.878
500 0.816
500 0.476
500 0.856
500 0.83
500 0.858
500 0.872
550 0.652727
550 0.881818
550 0.881818
550 0.761818
550 0.792727
550 0.836364
550 0.836364
550 0.929091
550 0.830909
550 0.68
550 0.849091
550 0.874545
550 0.610909
550 0.741818
550 0.803636
550 0.727273
550 0.772727
550 0.861818
550 0.869091
550 0.783636
550 0.654545
550 0.767273
550 0.84
550 0.832727
550 0.92
550 0.86
550 0.823636
550 0.78
550 0.765455
550 0.823636
550 0.727273
550 0.823636
550 0.805455
550 0.205455
550 0.730909
550 0.781818
550 0.852727
550 0.869091
550 0.823636
550 0.883636
550 0.776364
550 0.805455
550 0.901818
550 0.581818
550 0.890909
550 0.72
550 0.401818
550 0.705455
550 0.941818
550 0.770909
550 0.870909
550 0.867273
550 0.905455
550 0.703636
550 0.843636
550 0.934545
550 0.903636
550 0.76
550 0.812727
550 0.718182
550 0.738182
550 0.781818
550 0.761818
550 0.818182
550 0.9
550 0.803636
550 0.850909
550 0.901818
550 0.885455
550 0.807273
550 0.830909
550 0.801818
550 0.849091
550 0.86
550 0.892727
600 0.775
600 0.838333
600 0.955
600 0.708333
600 0.84
600 0.84
600 0.788333
600 0.803333
600 0.825
600 0.793333
600 0.83
600 0.808333
600 0.68
600 0.8
600 0.815
600 0.805
600 0.765
600 0.766667
600 0.808333
600 0.791667
600 0.856667
600 0.895
600 0.783333
600 0.926667
600 0.75
600 0.85
600 0.876667
600 0.783333
600 0.826667
600 0.841667
600 0.921667
600 0.863333
600 0.801667
600 0.881667
600 0.818333
600 0.826667
600 0.813333
600 0.813333
600 0.821667
600 0.918333
600 0.835
600 0.866667
600 0.793333
600 0.815
600 0.883333
600 0.81
600 0.796667
600 0.725
600 0.733333
600 0.831667
600 0.66
600 0.608333
600 0.866667
600 0.87
600 0.866667
600 0.781667
600 0.861667
600 0.748333
600 0.621667
600 0.836667
600 0.765
600 0.793333
600 0.67
600 0.808333
600 0.738333
600 0.736667
600 0.871667
600 0.866667
600 0.813333
600 0.826667
600 0.876667
600 0.8
600 0.698333
600 0.808333
600 0.763333
650 0.915385
650 0.84
650 0.786154
650 0.824615
650 0.58
650 0.84
650 0.844615
650 0.801538
650 0.732308
650 0.892308
650 0.746154
650 0.738462
650 0.695385
650 0.581538
650 0.901538
650 0.858462
650 0.892308
650 0.733846
650 0.847692
650 0.843077
650 0.690769
650 0.483077
650 0.838462
650 0.844615
650 0.826154
650 0.829231
650 0.867692
650 0.861538
650 0.915385
650 0.898462
650 0.809231
650 0.823077
650 0.810769
650 0.7
650 0.830769
650 0.770769
650 0.744615
650 0.807692
650 0.852308
650 0.872308
650 0.896923
650 0.864615
650 0.792308
650 0.806154
650 0.824615
650 0.813846
650 0.801538
650 0.806154
650 0.810769
650 0.812308
650 0.838462
650 0.86
650 0.872308
650 0.850769
650 0.718462
650 0.701538
650 0.856923
650 0.813846
650 0.861538
650 0.666154
650 0.829231
650 0.830769
650 0.773846
650 0.847692
650 0.829231
650 0.836923
650 0.836923
650 0.881538
650 0.844615
650 0.852308
650 0.843077
650 0.892308
650 0.887692
650 0.878462
650 0.778462
700 0.735714
700 0.852857
700 0.862857
700 0.804286
700 0.872857
700 0.855714
700 0.845714
700 0.914286
700 0.87
700 0.817143
700 0.864286
700 0.798571
700 0.831429
700 0.804286
700 0.81
700 0.852857
700 0.808571
700 0.865714
700 0.86
700 0.631429
700 0.814286
700 0.837143
700 0.864286
700 0.861429
700 0.88
700 0.73
700 0.834286
700 0.907143
700 0.86
700 0.875714
700 0.86
700 0.851429
700 0.914286
700 0.84
700 0.86
700 0.794286
700 0.717143
700 0.748571
700 0.735714
700 0.81
700 0.845714
700 0.712857
700 0.844286
700 0.795714
700 0.688571
700 0.88
700 0.667143
700 0.812857
700 0.88
700 0.81
700 0.828571
700 0.837143
700 0.874286
700 0.845714
700 0.848571
700 0.81
700 0.891429
700 0.835714
700 0.878571
700 0.831429
700 0.851429
700 0.815714
700 0.892857
700 0.704286
700 0.935714
700 0.8
700 0.828571
700 0.835714
700 0.757143
700 0.82
700 0.811429
700 0.851429
700 0.787143
700 0.794286
700 0.898571
750 0.836
750 0.909333
750 0.856
750 0.810667
750 0.845333
750 0.901333
750 0.816
750 0.881333
750 0.837333
750 0.818667
750 0.838667
750 0.868
750 0.925333
750 0.848
750 0.858667
750 0.876
750 0.614667
750 0.797333
750 0.94
750 0.705333
750 0.84
750 0.825333
750 0.730667
750 0.918667
750 0.845333
750 0.870667
750 0.902667
750 0.838667
750 0.794667
750 0.829333
750 0.888
750 0.896
750 0.796
750 0.898667
750 0.902667
750 0.845333
750 0.845333
750 0.882667
750 0.758667
750 0.897333
750 0.833333
750 0.68
750 0.905333
750 0.826667
750 0.68
750 0.865333
750 0.898667
750 0.950667
750 0.818667
750 0.772
750 0.778667
750 0.896
750 0.825333
750 0.846667
750 0.809333
750 0.862667
750 0.888
750 0.832
750 0.906667
750 0.816
750 0.874667
750 0.854667
750 0.790667
750 0.774667
750 0.822667
750 0.816
750 0.624
750 0.898667
750 0.752
750 0.868
750 0.741333
750 0.869333
750 0.830667
750 0.846667
750 0.877333
800 0.80125
800 0.7625
800 0.84625
800 0.79625
800 0.86
800 0.78375
800 0.79625
800 0.7775
800 0.95125
800 0.87875
800 0.8025
800 0.90875
800 0.83125
800 0.8525
800 0.87625
800 0.705
800 0.79875
800 0.805
800 0.83875
800 0.775
800 0.80875
800 0.93125
800 0.85625
800 0.80875
800 0.84625
800 0.8675
800 0.7575
800 0.875
800 0.86875
800 0.88875
800 0.81875
800 0.87375
800 0.86625
800 0.85
800 0.87875
800 0.80375
800 0.5575
800 0.8925
800 0.8325
800 0.77375
800 0.8125
800 0.8675
800 0.8
800 0.77875
800 0.94875
800 0.76625
800 0.82375
800 0.6875
800 0.895
800 0.69625
800 0.86125
800 0.80875
800 0.84875
800 0.9
800 0.83875
800 0.85875
800 0.73625
800 0.88875
800 0.80375
800 0.825
800 0.80625
800 0.805
800 0.8175
800 0.8675
800 0.8925
800 0.87125
800 0.82375
800 0.84375
800 0.82625
800 0.87
800 0.64375
800 0.9025
800 0.78625
800 0.80875
800 0.875
850 0.827059
850 0.805882
850 0.871765
850 0.887059
850 0.864706
850 0.787059
850 0.805882
850 0.848235
850 0.852941
850 0.631765
850 0.843529
850 0.851765
850 0.887059
850 0.849412
850 0.865882
850 0.864706
850 0.849412
850 0.878824
850 0.878824
850 0.801176
850 0.871765
850 0.827059
850 0.789412
850 0.851765
850 0.86
850 0.747059
850 0.811765
850 0.844706
850 0.86
850 0.834118
850 0.832941
850 0.910588
850 0.904706
850 0.849412
850 0.787059
850 0.749412
850 0.907059
850 0.802353
850 0.862353
850 0.808235
850 0.822353
850 0.855294
850 0.870588
850 0.823529
850 0.856471
850 0.854118
850 0.803529
850 0.884706
850 0.811765
850 0.875294
850 0.841176
850 0.868235
850 0.871765
850 0.816471
850 0.836471
850 0.871765
850 0.692941
850 0.770588
850 0.830588
850 0.754118
850 0.763529
850 0.855294
850 0.88
850 0.851765
850 0.849412
850 0.854118
850 0.835294
850 0.76
850 0.795294
850 0.775294
850 0.871765
850 0.829412
850 0.863529
850 0.764706
850 0.794118
900 0.9
900 0.908889
900 0.928889
900 0.854444
900 0.873333
900 0.924444
900 0.798889
900 0.86
900 0.903333
900 0.812222
900 0.763333
900 0.772222
900 0.732222
900 0.895556
900 0.82
900 0.858889
900 0.857778
900 0.888889
900 0.751111
900 0.851111
900 0.873333
900 0.777778
900 0.812222
900 0.862222
900 0.73
900 0.544444
900 0.853333
900 0.913333
900 0.867778
900 0.807778
900 0.795556
900 0.904444
900 0.735556
900 0.795556
900 0.762222
900 0.894444
900 0.872222
900 0.915556
900 0.897778
900 0.868889
900 0.642222
900 0.762222
900 0.404444
900 0.852222
900 0.915556
900 0.872222
900 0.881111
900 0.816667
900 0.786667
900 0.793333
900 0.882222
900 0.834444
900 0.79
900 0.833333
900 0.873333
900 0.793333
900 0.89
900 0.828889
900 0.871111
900 0.778889
900 0.83
900 0.886667
900 0.797778
900 0.871111
900 0.833333
900 0.8
900 0.821111
900 0.934444
900 0.88
900 0.905556
900 0.826667
900 0.886667
900 0.824444
900 0.886667
900 0.752222
950 0.829474
950 0.698947
950 0.824211
950 0.786316
950 0.871579
950 0.656842
950 0.890526
950 0.878947
950 0.875789
950 0.857895
950 0.762105
950 0.908421
950 0.862105
950 0.842105
950 0.9
950 0.828421
950 0.884211
950 0.845263
950 0.771579
950 0.865263
950 0.856842
950 0.837895
950 0.826316
950 0.778947
950 0.873684
950 0.915789
950 0.764211
950 0.86
950 0.868421
950 0.849474
950 0.885263
950 0.910526
950 0.801053
950 0.898947
950 0.884211
950 0.784211
950 0.836842
950 0.806316
950 0.924211
950 0.787368
950 0.809474
950 0.821053
950 0.916842
950 0.82
950 0.830526
950 0.692632
950 0.871579
950 0.896842
950 0.885263
950 0.888421
950 0.868421
950 0.782105
950 0.806316
950 0.853684
950 0.737895
950 0.885263
950 0.84
950 0.854737
950 0.792632
950 0.887368
950 0.837895
950 0.848421
950 0.801053
950 0.723158
950 0.930526
950 0.845263
950 0.831579
950 0.822105
950 0.812632
950 0.846316
950 0.877895
950 0.790526
950 0.818947
950 0.887368
950 0.863158
1000 0.816
1000 0.728
1000 0.862
1000 0.866
1000 0.865
1000 0.869
1000 0.614
1000 0.872
1000 0.729
1000 0.834
1000 0.8
1000 0.956
1000 0.911
1000 0.878
1000 0.793
1000 0.806
1000 0.892
1000 0.73
1000 0.871
1000 0.849
1000 0.849
1000 0.796
1000 0.913
1000 0.857
1000 0.95
1000 0.878
1000 0.715
1000 0.928
1000 0.901
1000 0.773
1000 0.787
1000 0.842
1000 0.723
1000 0.912
1000 0.861
1000 0.834
1000 0.879
1000 0.848
1000 0.782
1000 0.889
1000 0.747
1000 0.821
1000 0.799
1000 0.861
1000 0.957
1000 0.843
1000 0.797
1000 0.911
1000 0.77
1000 0.83
1000 0.916
1000 0.815
1000 0.822
1000 0.887
1000 0.887
1000 0.974
1000 0.898
1000 0.787
1000 0.893
1000 0.769
1000 0.816
1000 0.878
1000 0.81
1000 0.908
1000 0.843
1000 0.776
1000 0.736
1000 0.834
1000 0.773
1000 0.866
1000 0.912
1000 0.752
1000 0.764
1000 0.644
1000 0.853
1050 0.877143
1050 0.850476
1050 0.84381
1050 0.874286
1050 0.725714
1050 0.852381
1050 0.85619
1050 0.664762
1050 0.82
1050 0.858095
1050 0.92
1050 0.794286
1050 0.82
1050 0.86381
1050 0.815238
1050 0.869524
1050 0.919048
1050 0.865714
1050 0.798095
1050 0.901905
1050 0.849524
1050 0.849524
1050 0.778095
1050 0.831429
1050 0.84
1050 0.835238
1050 0.865714
1050 0.85619
1050 0.844762
1050 0.85619
1050 0.886667
1050 0.860952
1050 0.777143
1050 0.889524
1050 0.850476
1050 0.802857
1050 0.884762
1050 0.911429
1050 0.893333
1050 0.833333
1050 0.838095
1050 0.821905
1050 0.768571
1050 0.817143
1050 0.846667
1050 0.873333
1050 0.858095
1050 0.818095
1050 0.818095
1050 0.86
1050 0.9
1050 0.727619
1050 0.902857
1050 0.815238
1050 0.814286
1050 0.664762
1050 0.867619
1050 0.884762
1050 0.752381
1050 0.785714
1050 0.886667
1050 0.829524
1050 0.929524
1050 0.842857
1050 0.869524
1050 0.875238
1050 0.801905
1050 0.830476
1050 0.837143
1050 0.812381
1050 0.84381
1050 0.865714
1050 0.915238
1050 0.837143
1050 0.837143
1100 0.917273
1100 0.863636
1100 0.789091
1100 0.877273
1100 0.885455
1100 0.854545
1100 0.832727
1100 0.779091
1100 0.822727
1100 0.893636
1100 0.891818
1100 0.790909
1100 0.873636
1100 0.922727
1100 0.859091
1100 0.853636
1100 0.870909
1100 0.802727
1100 0.733636
1100 0.850909
1100 0.831818
1100 0.893636
1100 0.858182
1100 0.895455
1100 0.864545
1100 0.766364
1100 0.837273
1100 0.718182
1100 0.914545
1100 0.834545
1100 0.893636
1100 0.897273
1100 0.931818
1100 0.771818
1100 0.856364
1100 0.931818
1100 0.882727
1100 0.860909
1100 0.865455
1100 0.871818
1100 0.851818
1100 0.821818
1100 0.822727
1100 0.778182
1100 0.857273
1100 0.824545
1100 0.853636
1100 0.801818
1100 0.889091
1100 0.660909
1100 0.792727
1100 0.855455
1100 0.810909
1100 0.702727
1100 0.777273
1100 0.854545
1100 0.879091
1100 0.860909
1100 0.774545
1100 0.778182
1100 0.828182
1100 0.870909
1100 0.732727
1100 0.769091
1100 0.773636
1100 0.774545
1100 0.856364
1100 0.865455
1100 0.871818
1100 0.853636
1100 0.872727
1100 0.833636
1100 0.801818
1100 0.756364
1100 0.559091
1150 0.831304
1150 0.79913
1150 0.789565
1150 0.876522
1150 0.82087
1150 0.84087
1150 0.796522
1150 0.78087
1150 0.855652
1150 0.846087
1150 0.868696
1150 0.876522
1150 0.801739
1150 0.731304
1150 0.691304
1150 0.850435
1150 0.890435
1150 0.866087
1150 0.893043
1150 0.84087
1150 0.907826
1150 0.83913
1150 0.794783
1150 0.867826
1150 0.852174
1150 0.870435
1150 0.688696
1150 0.754783
1150 0.875652
1150 0.87913
1150 0.865217
1150 0.857391
1150 0.848696
1150 0.66
1150 0.870435
1150 0.853913
1150 0.724348
1150 0.837391
1150 0.829565
1150 0.894783
1150 0.798261
1150 0.96087
1150 0.731304
1150 0.883478
1150 0.833043
1150 0.730435
1150 0.843478
1150 0.847826
1150 0.910435
1150 0.88
1150 0.862609
1150 0.810435
1150 0.843478
1150 0.575652
1150 0.8
1150 0.878261
1150 0.83913
1150 0.825217
1150 0.76087
1150 0.887826
1150 0.861739
1150 0.793913
1150 0.846087
1150 0.637391
1150 0.79913
1150 0.830435
1150 0.793043
1150 0.833043
1150 0.895652
1150 0.922609
1150 0.874783
1150 0.77913
1150 0.873043
1150 0.813043
1150 0.82087
1200 0.834167
1200 0.8475
1200 0.864167
1200 0.848333
1200 0.775
1200 0.871667
1200 0.815833
1200 0.821667
1200 0.831667
1200 0.771667
1200 0.806667
1200 0.834167
1200 0.8275
1200 0.889167
1200 0.758333
1200 0.899167
1200 0.81
1200 0.785
1200 0.884167
1200 0.861667
1200 0.875833
1200 0.8175
1200 0.7575
1200 0.8025
1200 0.879167
1200 0.884167
1200 0.9525
1200 0.826667
1200 0.891667
1200 0.8275
1200 0.834167
1200 0.818333
1200 0.89
1200 0.850833
1200 0.84
1200 0.845833
1200 0.918333
1200 0.854167
1200 0.855
1200 0.8125
1200 0.801667
1200 0.715
1200 0.8175
1200 0.910833
1200 0.839167
1200 0.868333
1200 0.885833
1200 0.8425
1200 0.766667
1200 0.904167
1200 0.858333
1200 0.858333
1200 0.891667
1200 0.875
1200 0.805
1200 0.774167
1200 0.863333
1200 0.815
1200 0.840833
1200 0.833333
1200 0.87
1200 0.825833
1200 0.8225
1200 0.856667
1200 0.841667
1200 0.8175
1200 0.805833
1200 0.881667
1200 0.815
1200 0.708333
1200 0.868333
1200 0.846667
1200 0.808333
1200 0.848333
1200 0.828333
1250 0.7616
1250 0.8264
1250 0.8312
1250 0.7672
1250 0.8088
1250 0.9448
1250 0.7656
1250 0.8352
1250 0.8376
1250 0.888
1250 0.8408
1250 0.8808
1250 0.8544
1250 0.8928
1250 0.8992
1250 0.8448
1250 0.7544
1250 0.7656
1250 0.8776
1250 0.8792
1250 0.7688
1250 0.8392
1250 0.8248
1250 0.8616
1250 0.8192
1250 0.784
1250 0.8968
1250 0.7656
1250 0.8208
1250 0.8992
1250 0.916
1250 0.848
1250 0.8384
1250 0.8816
1250 0.9344
1250 0.8352
1250 0.8784
1250 0.8064
1250 0.908
1250 0.8088
1250 0.8408
1250 0.7952
1250 0.7872
1250 0.764
1250 0.9096
1250 0.7272
1250 0.6904
1250 0.7072
1250 0.8472
1250 0.836
1250 0.7936
1250 0.8248
1250 0.8456
1250 0.828
1250 0.852
1250 0.8432
1250 0.8312
1250 0.7216
1250 0.804
1250 0.928
1250 0.8936
1250 0.8208
1250 0.8808
1250 0.8856
1250 0.736
1250 0.8496
1250 0.8192
1250 0.8648
1250 0.8704
1250 0.9112
1250 0.7624
1250 0.868
1250 0.7832
1250 0.8536
1250 0.8952
1300 0.818462
1300 0.823077
1300 0.806923
1300 0.703077
1300 0.817692
1300 0.89
1300 0.826154
1300 0.878462
1300 0.909231
1300 0.862308
1300 0.889231
1300 0.856923
1300 0.833077
1300 0.862308
1300 0.908462
1300 0.934615
1300 0.836923
1300 0.790769
1300 0.859231
1300 0.882308
1300 0.915385
1300 0.866154
1300 0.791538
1300 0.875385
1300 0.816923
1300 0.880769
1300 0.876154
1300 0.842308
1300 0.823077
1300 0.753077
1300 0.864615
1300 0.802308
1300 0.723846
1300 0.856154
1300 0.886923
1300 0.763077
1300 0.900769
1300 0.894615
1300 0.827692
1300 0.787692
1300 0.791538
1300 0.837692
1300 0.823077
1300 0.859231
1300 0.823077
1300 0.894615
1300 0.903077
1300 0.857692
1300 0.856154
1300 0.841538
1300 0.849231
1300 0.831538
1300 0.870769
1300 0.853846
1300 0.727692
1300 0.883077
1300 0.818462
1300 0.837692
1300 0.788462
1300 0.866923
1300 0.783077
1300 0.872308
1300 0.903846
1300 0.802308
1300 0.758462
1300 0.9
1300 0.66
1300 0.841538
1300 0.893077
1300 0.838462
1300 0.841538
1300 0.771538
1300 0.876923
1300 0.836923
1300 0.850769
1350 0.837778
1350 0.828148
1350 0.86963
1350 0.933333
1350 0.808148
1350 0.817778
1350 0.84
1350 0.924444
1350 0.893333
1350 0.831111
1350 0.853333
1350 0.791111
1350 0.805926
1350 0.808148
1350 0.9
1350 0.865185
1350 0.939259
1350 0.894074
1350 0.828148
1350 0.693333
1350 0.817037
1350 0.85037
1350 0.81037
1350 0.892593
1350 0.88963
1350 0.825926
1350 0.837037
1350 0.916296
1350 0.878519
1350 0.88
1350 0.835556
1350 0.865926
1350 0.82963
1350 0.862963
1350 0.908889
1350 0.867407
1350 0.83037
1350 0.831111
1350 0.863704
1350 0.795556
1350 0.763704
1350 0.846667
1350 0.954074
1350 0.865926
1350 0.862222
1350 0.80963
1350 0.808889
1350 0.83037
1350 0.851852
1350 0.88
1350 0.937037
1350 0.834815
1350 0.848889
1350 0.714074
1350 0.805185
1350 0.859259
1350 0.832593
1350 0.854815
1350 0.85037
1350 0.84963
1350 0.882222
1350 0.793333
1350 0.922222
1350 0.803704
1350 0.82
1350 0.888889
1350 0.884444
1350 0.837037
1350 0.851852
1350 0.853333
1350 0.833333
1350 0.751111
1350 0.906667
1350 0.925926
1350 0.817778
1400 0.807857
1400 0.792857
1400 0.749286
1400 0.897143
1400 0.858571
1400 0.852143
1400 0.946429
1400 0.906429
1400 0.765714
1400 0.897857
1400 0.882143
1400 0.799286
1400 0.807857
1400 0.87
1400 0.848571
1400 0.647143
1400 0.830714
1400 0.790714
1400 0.888571
1400 0.837857
1400 0.855714
1400 0.810714
1400 0.888571
1400 0.812143
1400 0.933571
1400 0.752143
1400 0.88
1400 0.896429
1400 0.842143
1400 0.851429
1400 0.931429
1400 0.760714
1400 0.897143
1400 0.807857
1400 0.871429
1400 0.891429
1400 0.915
1400 0.782143
1400 0.807143
1400 0.883571
1400 0.807143
1400 0.888571
1400 0.773571
1400 0.877857
1400 0.84
1400 0.86
1400 0.807857
1400 0.915714
1400 0.870714
1400 0.895
1400 0.918571
1400 0.764286
1400 0.84
1400 0.822143
1400 0.784286
1400 0.812857
1400 0.852857
1400 0.910714
1400 0.850714
1400 0.832857
1400 0.867143
1400 0.852857
1400 0.953571
1400 0.871429
1400 0.662857
1400 0.830714
1400 0.850714
1400 0.851429
1400 0.855
1400 0.803571
1400 0.84
1400 0.82
1400 0.761429
1400 0.787143
1400 0.8
1450 0.876552
1450 0.864828
1450 0.842069
1450 0.82069
1450 0.886897
1450 0.927586
1450 0.868276
1450 0.697931
1450 0.866897
1450 0.871724
1450 0.870345
1450 0.907586
1450 0.824828
1450 0.82
1450 0.788276
1450 0.686897
1450 0.824828
1450 0.865517
1450 0.835862
1450 0.889655
1450 0.873793
1450 0.816552
1450 0.902069
1450 0.881379
1450 0.795172
1450 0.906897
1450 0.811724
1450 0.846207
1450 0.786897
1450 0.803448
1450 0.744138
1450 0.786207
1450 0.82069
1450 0.862069
1450 0.801379
1450 0.877241
1450 0.855172
1450 0.826897
1450 0.837241
1450 0.868276
1450 0.826207
1450 0.804138
1450 0.834483
1450 0.878621
1450 0.708276
1450 0.902069
1450 0.867586
1450 0.897931
1450 0.867586
1450 0.895862
1450 0.86
1450 0.87931
1450 0.906207
1450 0.866897
1450 0.902069
1450 0.795172
1450 0.928966
1450 0.882759
1450 0.896552
1450 0.755172
1450 0.864828
1450 0.892414
1450 0.865517
1450 0.904828
1450 0.871034
1450 0.870345
1450 0.886207
1450 0.915862
1450 0.753793
1450 0.856552
1450 0.821379
1450 0.874483
1450 0.851724
1450 0.888966
1450 0.896552
1500 0.938667
1500 0.768
1500 0.867333
1500 0.798667
1500 0.888
1500 0.840667
1500 0.837333
1500 0.842667
1500 0.786
1500 0.908
1500 0.714
1500 0.788
1500 0.855333
1500 0.824
1500 0.883333
1500 0.822667
1500 0.752
1500 0.847333
1500 0.802
1500 0.902667
1500 0.873333
1500 0.848667
1500 0.720667
1500 0.856
1500 0.829333
1500 0.798667
1500 0.802
1500 0.876
1500 0.827333
1500 0.836667
1500 0.844
1500 0.884
1500 0.832667
1500 0.925333
1500 0.826667
1500 0.841333
1500 0.834
1500 0.802667
1500 0.82
1500 0.870667
1500 0.903333
1500 0.936
1500 0.798667
1500 0.837333
1500 0.893333
1500 0.851333
1500 0.878667
1500 0.864
1500 0.881333
1500 0.875333
1500 0.816667
1500 0.891333
1500 0.884
1500 0.871333
1500 0.769333
1500 0.861333
1500 0.901333
1500 0.83
1500 0.822
1500 0.842
1500 0.828
1500 0.748667
1500 0.853333
1500 0.823333
1500 0.863333
1500 0.877333
1500 0.81
1500 0.868667
1500 0.884667
1500 0.826667
1500 0.845333
1500 0.886667
1500 0.725333
1500 0.760667
1500 0.863333
1550 0.884516
1550 0.838065
1550 0.830323
1550 0.765806
1550 0.86129
1550 0.899355
1550 0.871613
1550 0.791613
1550 0.825161
1550 0.663871
1550 0.907742
1550 0.825806
1550 0.841935
1550 0.707097
1550 0.823871
1550 0.868387
1550 0.815484
1550 0.89871
1550 0.862581
1550 0.845806
1550 0.852258
1550 0.750968
1550 0.847097
1550 0.909032
1550 0.834839
1550 0.84129
1550 0.877419
1550 0.838065
1550 0.890323
1550 0.838065
1550 0.88129
1550 0.90129
1550 0.87871
1550 0.872258
1550 0.82
1550 0.834194
1550 0.914194
1550 0.79871
1550 0.905806
1550 0.774194
1550 0.891613
1550 0.884516
1550 0.860645
1550 0.832258
1550 0.830968
1550 0.772903
1550 0.874839
1550 0.861935
1550 0.811613
1550 0.837419
1550 0.772258
1550 0.666452
1550 0.899355
1550 0.892903
1550 0.836129
1550 0.829677
1550 0.832258
1550 0.844516
1550 0.881935
1550 0.76
1550 0.847742
1550 0.873548
1550 0.92129
1550 0.929032
1550 0.911613
1550 0.909677
1550 0.831613
1550 0.846452
1550 0.849032
1550 0.767742
1550 0.861935
1550 0.905161
1550 0.80129
1550 0.85871
1550 0.840645
1600 0.874375
1600 0.794375
1600 0.76375
1600 0.83875
1600 0.925625
1600 0.93375
1600 0.899375
1600 0.826875
1600 0.871875
1600 0.87375
1600 0.859375
1600 0.908125
1600 0.8175
1600 0.876875
1600 0.835625
1600 0.826875
1600 0.90625
1600 0.684375
1600 0.871875
1600 0.931875
1600 0.855
1600 0.81625
1600 0.893125
1600 0.9075
1600 0.8375
1600 0.84125
1600 0.85375
1600 0.808125
1600 0.859375
1600 0.86
1600 0.86125
1600 0.875625
1600 0.843125
1600 0.8325
1600 0.780625
1600 0.845625
1600 0.87625
1600 0.769375
1600 0.850625
1600 0.745625
1600 0.883125
1600 0.918125
1600 0.869375
1600 0.948125
1600 0.864375
1600 0.9025
1600 0.775625
1600 0.885
1600 0.78875
1600 0.775625
1600 0.86875
1600 0.895625
1600 0.878125
1600 0.81375
1600 0.811875
1600 0.740625
1600 0.79125
1600 0.8375
1600 0.8025
1600 0.8475
1600 0.850625
1600 0.86
1600 0.8175
1600 0.751875
1600 0.81375
1600 0.843125
1600 0.885625
1600 0.79
1600 0.860625
1600 0.82125
1600 0.833125
1600 0.81375
1600 0.90625
1600 0.76875
1600 0.8025
1650 0.833939
1650 0.900606
1650 0.806061
1650 0.798182
1650 0.785455
1650 0.831515
1650 0.853939
1650 0.768485
1650 0.832121
1650 0.969697
1650 0.775758
1650 0.794545
1650 0.886667
1650 0.831515
1650 0.921212
1650 0.797576
1650 0.703636
1650 0.848485
1650 0.865455
1650 0.821212
1650 0.866667
1650 0.81697
1650 0.704242
1650 0.801818
1650 0.832121
1650 0.9
1650 0.904848
1650 0.84
1650 0.87697
1650 0.684848
1650 0.824242
1650 0.956364
1650 0.862424
1650 0.867273
1650 0.85697
1650 0.81697
1650 0.815758
1650 0.781818
1650 0.856364
1650 0.752727
1650 0.780606
1650 0.863636
1650 0.916364
1650 0.851515
1650 0.851515
1650 0.793939
1650 0.866061
1650 0.838788
1650 0.910303
1650 0.92
1650 0.878182
1650 0.890909
1650 0.837576
1650 0.736364
1650 0.830909
1650 0.857576
1650 0.838788
1650 0.877576
1650 0.864242
1650 0.822424
1650 0.851515
1650 0.796364
1650 0.769091
1650 0.835758
1650 0.82
1650 0.844242
1650 0.822424
1650 0.825455
1650 0.829697
1650 0.902424
1650 0.905455
1650 0.906061
1650 0.889091
1650 0.755758
1650 0.860606
1700 0.78
1700 0.879412
1700 0.810588
1700 0.847647
1700 0.807647
1700 0.766471
1700 0.904118
1700 0.825294
1700 0.835882
1700 0.821765
1700 0.821765
1700 0.843529
1700 0.824706
1700 0.862941
1700 0.874706
1700 0.851765
1700 0.847059
1700 0.841765
1700 0.795882
1700 0.857647
1700 0.857647
1700 0.885882
1700 0.877647
1700 0.828824
1700 0.837647
1700 0.883529
1700 0.820588
1700 0.835882
1700 0.831176
1700 0.832353
1700 0.89
1700 0.864118
1700 0.836471
1700 0.848824
1700 0.751176
1700 0.845882
1700 0.849412
1700 0.837647
1700 0.88
1700 0.885294
1700 0.871765
1700 0.843529
1700 0.93
1700 0.784118
1700 0.821176
1700 0.819412
1700 0.881765
1700 0.887647
1700 0.814706
1700 0.874706
1700 0.819412
1700 0.804706
1700 0.867059
1700 0.782941
1700 0.765882
1700 0.870588
1700 0.938824
1700 0.838824
1700 0.880588
1700 0.774118
1700 0.861765
1700 0.77
1700 0.811176
1700 0.829412
1700 0.824706
1700 0.857059
1700 0.756471
1700 0.903529
1700 0.831176
1700 0.872353
1700 0.914118
1700 0.871176
1700 0.874706
1700 0.837647
1700 0.834118
1750 0.894286
1750 0.849143
1750 0.793714
1750 0.841143
1750 0.847429
1750 0.826286
1750 0.805714
1750 0.863429
1750 0.882286
1750 0.828
1750 0.829143
1750 0.812571
1750 0.884571
1750 0.861143
1750 0.872
1750 0.933143
1750 0.826286
1750 0.856
1750 0.762857
1750 0.801714
1750 0.772571
1750 0.888571
1750 0.873714
1750 0.814286
1750 0.881714
1750 0.901714
1750 0.796
1750 0.886286
1750 0.869143
1750 0.838286
1750 0.796
1750 0.745714
1750 0.857714
1750 0.836
1750 0.827429
1750 0.827429
1750 0.857714
1750 0.816571
1750 0.743429
1750 0.869143
1750 0.816571
1750 0.758286
1750 0.885143
1750 0.86
1750 0.756
1750 0.871429
1750 0.908
1750 0.834857
1750 0.849714
1750 0.839429
1750 0.782286
1750 0.822286
1750 0.885714
1750 0.912
1750 0.871429
1750 0.836
1750 0.877714
1750 0.844
1750 0.809143
1750 0.907429
1750 0.874286
1750 0.790286
1750 0.853143
1750 0.917714
1750 0.844
1750 0.857143
1750 0.642857
1750 0.858857
1750 0.784
1750 0.905714
1750 0.805143
1750 0.834857
1750 0.810857
1750 0.905714
1750 0.840571
1800 0.872222
1800 0.818889
1800 0.805
1800 0.862778
1800 0.761111
1800 0.860556
1800 0.902222
1800 0.875556
1800 0.796667
1800 0.851667
1800 0.886111
1800 0.84
1800 0.869444
1800 0.837778
1800 0.835556
1800 0.843333
1800 0.830556
1800 0.815556
1800 0.762222
1800 0.809444
1800 0.852222
1800 0.837778
1800 0.822778
1800 0.82
1800 0.818889
1800 0.885
1800 0.898889
1800 0.808889
1800 0.827778
1800 0.792222
1800 0.861667
1800 0.750556
1800 0.850556
1800 0.832222
1800 0.867222
1800 0.937778
1800 0.715
1800 0.853889
1800 0.811111
1800 0.856111
1800 0.803333
1800 0.869444
1800 0.902222
1800 0.876111
1800 0.786111
1800 0.863889
1800 0.848333
1800 0.841667
1800 0.908889
1800 0.812778
1800 0.856111
1800 0.793333
1800 0.897222
1800 0.864444
1800 0.793889
1800 0.837778
1800 0.833889
1800 0.858333
1800 0.851667
1800 0.9
1800 0.893333
1800 0.886111
1800 0.808889
1800 0.907222
1800 0.853333
1800 0.916667
1800 0.902222
1800 0.900556
1800 0.816667
1800 0.836111
1800 0.857222
1800 0.781111
1800 0.774444
1800 0.773333
1800 0.87
1850 0.783243
1850 0.771892
1850 0.872432
1850 0.812973
1850 0.897838
1850 0.852973
1850 0.831351
1850 0.938919
1850 0.847027
1850 0.844324
1850 0.821622
1850 0.871892
1850 0.810811
1850 0.851892
1850 0.881622
1850 0.901622
1850 0.943243
1850 0.867568
1850 0.850811
1850 0.823784
1850 0.897838
1850 0.818919
1850 0.937838
1850 0.811351
1850 0.875135
1850 0.858378
1850 0.896216
1850 0.837297
1850 0.74
1850 0.847568
1850 0.876216
1850 0.835135
1850 0.834054
1850 0.811351
1850 0.86
1850 0.821081
1850 0.868649
1850 0.852973
1850 0.815135
1850 0.889189
1850 0.893514
1850 0.794595
1850 0.889189
1850 0.821081
1850 0.83027
1850 0.847027
1850 0.811351
1850 0.757297
1850 0.889189
1850 0.840541
1850 0.831892
1850 0.87027
1850 0.780541
1850 0.863784
1850 0.866486
1850 0.856216
1850 0.857838
1850 0.812432
1850 0.906486
1850 0.880541
1850 0.872973
1850 0.81027
1850 0.874054
1850 0.942162
1850 0.822703
1850 0.847568
1850 0.78
1850 0.898919
1850 0.854595
1850 0.905946
1850 0.855676
1850 0.849189
1850 0.869189
1850 0.837297
1850 0.852973
1900 0.872105
1900 0.870526
1900 0.852105
1900 0.838947
1900 0.863684
1900 0.872632
1900 0.796316
1900 0.884737
1900 0.799474
1900 0.857368
1900 0.941053
1900 0.943684
1900 0.895263
1900 0.815789
1900 0.914211
1900 0.865789
1900 0.761579
1900 0.844211
1900 0.854211
1900 0.823684
1900 0.852105
1900 0.798947
1900 0.907895
1900 0.885263
1900 0.762632
1900 0.923158
1900 0.884211
1900 0.837895
1900 0.902105
1900 0.891579
1900 0.867895
1900 0.842105
1900 0.870526
1900 0.949474
1900 0.858421
1900 0.811579
1900 0.877895
1900 0.807895
1900 0.804211
1900 0.875789
1900 0.85
1900 0.789474
1900 0.848947
1900 0.907368
1900 0.793158
1900 0.905789
1900 0.844737
1900 0.779474
1900 0.710526
1900 0.832105
1900 0.873158
1900 0.814737
1900 0.799474
1900 0.842105
1900 0.891579
1900 0.881053
1900 0.805789
1900 0.901579
1900 0.858947
1900 0.781579
1900 0.926316
1900 0.845789
1900 0.792632
1900 0.905789
1900 0.835789
1900 0.847895
1900 0.862632
1900 0.77
1900 0.873684
1900 0.86
1900 0.836842
1900 0.898421
1900 0.938421
1900 0.931053
1900 0.733684
1950 0.784103
1950 0.91641
1950 0.873333
1950 0.961026
1950 0.850769
1950 0.890256
1950 0.684103
1950 0.82
1950 0.877949
1950 0.798462
1950 0.731282
1950 0.862564
1950 0.86359
1950 0.602051
1950 0.766667
1950 0.824103
1950 0.876923
1950 0.818462
1950 0.669231
1950 0.828718
1950 0.860513
1950 0.813846
1950 0.89641
1950 0.805641
1950 0.894359
1950 0.893333
1950 0.827179
1950 0.98
1950 0.802051
1950 0.85641
1950 0.867179
1950 0.909744
1950 0.902051
1950 0.862564
1950 0.833333
1950 0.906154
1950 0.763077
1950 0.895385
1950 0.826667
1950 0.778462
1950 0.842051
1950 0.869231
1950 0.893846
1950 0.903077
1950 0.878974
1950 0.815897
1950 0.906667
1950 0.860513
1950 0.880513
1950 0.831795
1950 0.903077
1950 0.801026
1950 0.836923
1950 0.880513
1950 0.859487
1950 0.866667
1950 0.807692
1950 0.885641
1950 0.844103
1950 0.846154
1950 0.842564
1950 0.854359
1950 0.885641
1950 0.898974
1950 0.886667
1950 0.798462
1950 0.79641
1950 0.835385
1950 0.785641
1950 0.842051
1950 0.947692
1950 0.813333
1950 0.882051
1950 0.848205
1950 0.865641
2000 0.8695
2000 0.932
2000 0.8765
2000 0.819
2000 0.8305
2000 0.8765
2000 0.8655
2000 0.866
2000 0.821
2000 0.7635
2000 0.83
2000 0.887
2000 0.9305
2000 0.885
2000 0.8795
2000 0.7755
2000 0.843
2000 0.924
2000 0.821
2000 0.8215
2000 0.828
2000 0.8365
2000 0.888
2000 0.8615
2000 0.934
2000 0.7835
2000 0.8205
2000 0.835
2000 0.8975
2000 0.8485
2000 0.8615
2000 0.8185
2000 0.765
2000 0.816
2000 0.9155
2000 0.858
2000 0.8485
2000 0.881
2000 0.8455
2000 0.8645
2000 0.8315
2000 0.8095
2000 0.859
2000 0.8165
2000 0.817
2000 0.8625
2000 0.8095
2000 0.7845
2000 0.7565
2000 0.852
2000 0.852
2000 0.8755
2000 0.948
2000 0.8275
2000 0.829
2000 0.8645
2000 0.861
2000 0.8765
2000 0.836
2000 0.835
2000 0.816
2000 0.776
2000 0.9045
2000 0.839
2000 0.788
2000 0.8075
2000 0.86
2000 0.8285
2000 0.8685
2000 0.8615
2000 0.8645
2000 0.899
2000 0.831
2000 0.93
2000 0.863
