50 0.06
50 0.52
50 0
50 0.54
50 0
50 0.18
50 0.32
50 0.58
50 0.06
50 0.24
50 0.12
50 0.16
50 0.3
50 0
50 0.16
50 0.2
50 0.26
50 0.64
50 0.2
50 0
50 0.16
50 0.06
50 0
50 0.04
50 0.14
50 0.64
50 0.28
50 0.6
50 0.32
50 0.22
50 0.16
50 0
50 0.02
50 0.14
50 0.08
50 0.1
50 0.56
50 0.7
50 0.62
50 0
50 0.02
50 0.3
50 0
50 0.78
50 0.48
50 0.4
50 0.18
50 0.66
50 0.4
50 0.24
50 0.46
50 0.18
50 0.54
50 0
50 0.66
50 0.14
50 0.44
50 0
50 0
50 0.1
50 0.38
50 0.32
50 0.08
50 0.1
50 0.74
50 0.3
50 0.24
50 0.12
50 0.52
50 0.02
50 0.04
50 0.3
50 0.08
50 0.7
50 0.08
100 0.25
100 0
100 0.58
100 0.69
100 0.69
100 0.81
100 0.42
100 0.8
100 0.79
100 0.46
100 0.81
100 0.82
100 0.33
100 0.37
100 0.86
100 0.24
100 0.62
100 0.42
100 0.29
100 0.64
100 0.65
100 0.16
100 0.57
100 0.61
100 0.39
100 0.62
100 0.2
100 0.6
100 0.85
100 0.6
100 0.74
100 0.45
100 0.2
100 0.76
100 0.82
100 0.55
100 0.7
100 0.6
100 0.14
100 0.57
100 0.59
100 0.16
100 0.29
100 0.79
100 0.78
100 0.73
100 0.18
100 0.38
100 0.78
100 0.65
100 0.35
100 0.54
100 0.44
100 0.81
100 0.55
100 0.97
100 0.84
100 0.64
100 0.78
100 0.76
100 0.73
100 0.31
100 0.52
100 0.74
100 0.54
100 0.15
100 0.64
100 0.51
100 0.74
100 0.72
100 0
100 0.65
100 0
100 0.12
100 0.78
150 0.666667
150 0.76
150 0.78
150 0.88
150 0.54
150 0.846667
150 0.806667
150 0.9
150 0.84
150 0.806667
150 0.713333
150 0.886667
150 0.446667
150 0.58
150 0.706667
150 0.68
150 0.86
150 0.573333
150 0.393333
150 0.786667
150 0.74
150 0.813333
150 0.64
150 0.32
150 0.906667
150 0.726667
150 0.466667
150 0.8
150 0.8
150 0.813333
150 0.726667
150 0.813333
150 0.826667
150 0.926667
150 0.673333
150 0.54
150 0.373333
150 0.733333
150 0.466667
150 0.786667
150 0.813333
150 0.4
150 0.306667
150 0.426667
150 0.36
150 0.846667
150 0.806667
150 0.48
150 0.686667
150 0.473333
150 0.653333
150 0.526667
150 0.786667
150 0.713333
150 0.54
150 0.793333
150 0.706667
150 0.773333
150 0.353333
150 0.74
150 0.82
150 0.66
150 0.706667
150 0.386667
150 0.833333
150 0.706667
150 0.573333
150 0.286667
150 0.8
150 0.593333
150 0.886667
150 0.466667
150 0.726667
150 0.733333
150 0.76
200 0.565
200 0.42
200 0.885
200 0.72
200 0.365
200 0.86
200 0.495
200 0.885
200 0.715
200 0.755
200 0.865
200 0.55
200 0.785
200 0.8
200 0.69
200 0.055
200 0.79
200 0.82
200 0.91
200 0.8
200 0.73
200 0.805
200 0.085
200 0.795
200 0.815
200 0.805
200 0.885
200 0.57
200 0.63
200 0.795
200 0.695
200 0.805
200 0.745
200 0.745
200 0.625
200 0.88
200 0.435
200 0.72
200 0.765
200 0.465
200 0.73
200 0.77
200 0.74
200 0.57
200 0.855
200 0.75
200 0.86
200 0.77
200 0.64
200 0.58
200 0.39
200 0.53
200 0.575
200 0.695
200 0.585
200 0.56
200 0.815
200 0.64
200 0.81
200 0.645
200 0.495
200 0.685
200 0.91
200 0.86
200 0.775
200 0.665
200 0.65
200 0.785
200 0.705
200 0.945
200 0.79
200 0.62
200 0.825
200 0.805
200 0.625
250 0.82
250 0.864
250 0.708
250 0.78
250 0.812
250 0.876
250 0.844
250 0.86
250 0.696
250 0.824
250 0.844
250 0.792
250 0.668
250 0.74
250 0.696
250 0.892
250 0.844
250 0.592
250 0.8
250 0.8
250 0.832
250 0.676
250 0.68
250 0.452
250 0.9
250 0.908
250 0.824
250 0.812
250 0.72
250 0.76
250 0.716
250 0.876
250 0.66
250 0.724
250 0.796
250 0.824
250 0.908
250 0.812
250 0.872
250 0.868
250 0.748
250 0.788
250 0.656
250 0.48
250 0.82
250 0.904
250 0.896
250 0.596
250 0.908
250 0.604
250 0.904
250 0.576
250 0.376
250 0.78
250 0.8
250 0.76
250 0.772
250 0.492
250 0.84
250 0.532
250 0.772
250 0.884
250 0.62
250 0.852
250 0.876
250 0.612
250 0.864
250 0.728
250 0.804
250 0.852
250 0.72
250 0.552
250 0.9
250 0.804
250 0.796
300 0.806667
300 0.783333
300 0.723333
300 0.923333
300 0.663333
300 0.606667
300 0.773333
300 0.416667
300 0.866667
300 0.83
300 0.836667
300 0.83
300 0.823333
300 0.853333
300 0.86
300 0.78
300 0.766667
300 0.883333
300 0.783333
300 0.81
300 0.72
300 0.83
300 0.853333
300 0.816667
300 0.566667
300 0.693333
300 0.846667
300 0.843333
300 0.793333
300 0.756667
300 0.78
300 0.813333
300 0.486667
300 0.823333
300 0.863333
300 0.893333
300 0.706667
300 0.93
300 0.846667
300 0.663333
300 0.88
300 0.6
300 0.906667
300 0.89
300 0.776667
300 0.726667
300 0.743333
300 0.363333
300 0.633333
300 0.87
300 0.766667
300 0.883333
300 0.693333
300 0.796667
300 0.76
300 0.673333
300 0.93
300 0.83
300 0.85
300 0.783333
300 0.816667
300 0.813333
300 0.886667
300 0.74
300 0.88
300 0.813333
300 0.87
300 0.573333
300 0.836667
300 0.77
300 0.886667
300 0.833333
300 0.883333
300 0.82
300 0.823333
350 0.845714
350 0.865714
350 0.84
350 0.622857
350 0.828571
350 0.608571
350 0.78
350 0.874286
350 0.84
350 0.925714
350 0.8
350 0.785714
350 0.74
350 0.862857
350 0.894286
350 0.642857
350 0.842857
350 0.874286
350 0.734286
350 0.757143
350 0.897143
350 0.768571
350 0.791429
350 0.831429
350 0.845714
350 0.831429
350 0.765714
350 0.82
350 0.848571
350 0.874286
350 0.588571
350 0.882857
350 0.88
350 0.831429
350 0.811429
350 0.837143
350 0.794286
350 0.648571
350 0.842857
350 0.808571
350 0.874286
350 0.834286
350 0.9
350 0.76
350 0.885714
350 0.74
350 0.497143
350 0.711429
350 0.748571
350 0.874286
350 0.84
350 0.865714
350 0.86
350 0.637143
350 0.828571
350 0.691429
350 0.871429
350 0.7
350 0.837143
350 0.728571
350 0.871429
350 0.82
350 0.905714
350 0.851429
350 0.471429
350 0.842857
350 0.791429
350 0.834286
350 0.908571
350 0.871429
350 0.922857
350 0.805714
350 0.305714
350 0.805714
350 0.845714
400 0.855
400 0.985
400 0.9325
400 0.87
400 0.795
400 0.8125
400 0.8825
400 0.6475
400 0.8775
400 0.89
400 0.8075
400 0.815
400 0.8625
400 0.8775
400 0.8575
400 0.7775
400 0.8125
400 0.5975
400 0.8375
400 0.825
400 0.8075
400 0.8175
400 0.9025
400 0.7875
400 0.8325
400 0.635
400 0.5475
400 0.6325
400 0.8375
400 0.9125
400 0.8725
400 0.77
400 0.8325
400 0.82
400 0.8825
400 0.95
400 0.7075
400 0.6775
400 0.8875
400 0.895
400 0.8825
400 0.9
400 0.78
400 0.7725
400 0.8925
400 0.7725
400 0.7825
400 0.7
400 0.8375
400 0.89
400 0.9675
400 0.7775
400 0.835
400 0.8375
400 0.825
400 0.895
400 0.8825
400 0.8125
400 0.8825
400 0.925
400 0.8125
400 0.855
400 0.8375
400 0.8475
400 0.83
400 0.85
400 0.8075
400 0.745
400 0.89
400 0.78
400 0.8475
400 0.8275
400 0.8175
400 0.8675
400 0.865
450 0.868889
450 0.811111
450 0.855556
450 0.955556
450 0.591111
450 0.773333
450 0.953333
450 0.897778
450 0.911111
450 0.802222
450 0.864444
450 0.788889
450 0.822222
450 0.851111
450 0.653333
450 0.822222
450 0.924444
450 0.802222
450 0.82
450 0.915556
450 0.837778
450 0.46
450 0.695556
450 0.797778
450 0.822222
450 0.671111
450 0.864444
450 0.733333
450 0.551111
450 0.624444
450 0.875556
450 0.824444
450 0.833333
450 0.864444
450 0.733333
450 0.88
450 0.911111
450 0.9
450 0.757778
450 0.875556
450 0.831111
450 0.848889
450 0.7
450 0.904444
450 0.875556
450 0.851111
450 0.742222
450 0.755556
450 0.693333
450 0.873333
450 0.813333
450 0.744444
450 0.895556
450 0.862222
450 0.891111
450 0.913333
450 0.857778
450 0.884444
450 0.868889
450 0.842222
450 0.751111
450 0.824444
450 0.897778
450 0.888889
450 0.904444
450 0.871111
450 0.868889
450 0.737778
450 0.74
450 0.868889
450 0.835556
450 0.806667
450 0.877778
450 0.795556
450 0.877778
500 0.896
500 0.882
500 0.862
500 0.902
500 0.796
500 0.764
500 0.888
500 0.848
500 0.872
500 0.844
500 0.836
500 0.796
500 0.81
500 0.85
500 0.902
500 0.86
500 0.762
500 0.91
500 0.858
500 0.854
500 0.812
500 0.852
500 0.862
500 0.808
500 0.808
500 0.842
500 0.882
500 0.926
500 0.918
500 0.85
500 0.848
500 0.79
500 0.84
500 0.792
500 0.822
500 0.798
500 0.806
500 0.886
500 0.904
500 0.87
500 0.816
500 0.78
500 0.912
500 0.836
500 0.878
500 0.852
500 0.856
500 0.886
500 0.884
500 0.838
500 0.772
500 0.804
500 0.79
500 0.746
500 0.838
500 0.846
500 0.902
500 0.866
500 0.928
500 0.886
500 0.842
500 0.862
500 0.81
500 0.898
500 0.614
500 0.776
500 0.928
500 0.774
500 0.884
500 0.866
500 0.58
500 0.842
500 0.796
500 0.89
500 0.894
550 0.689091
550 0.84
550 0.858182
550 0.694545
550 0.84
550 0.88
550 0.843636
550 0.754545
550 0.8
550 0.894545
550 0.778182
550 0.854545
550 0.796364
550 0.712727
550 0.9
550 0.916364
550 0.732727
550 0.896364
550 0.850909
550 0.854545
550 0.856364
550 0.854545
550 0.86
550 0.816364
550 0.925455
550 0.792727
550 0.883636
550 0.794545
550 0.892727
550 0.867273
550 0.825455
550 0.783636
550 0.827273
550 0
550 0.736364
550 0.82
550 0.883636
550 0.867273
550 0.823636
550 0.878182
550 0.867273
550 0.847273
550 0.923636
550 0.64
550 0.865455
550 0.861818
550 0.429091
550 0.885455
550 0.814545
550 0.672727
550 0.869091
550 0.890909
550 0.741818
550 0.721818
550 0.827273
550 0.68
550 0.854545
550 0.774545
550 0.823636
550 0.714545
550 0.812727
550 0.872727
550 0.885455
550 0.872727
550 0.814545
550 0.834545
550 0.814545
550 0.892727
550 0.867273
550 0.807273
550 0.86
550 0.818182
550 0.798182
550 0.872727
550 0.883636
600 0.85
600 0.823333
600 0.81
600 0.785
600 0.905
600 0.866667
600 0.86
600 0.865
600 0.845
600 0.831667
600 0.786667
600 0.775
600 0.665
600 0.915
600 0.843333
600 0.856667
600 0.87
600 0.803333
600 0.893333
600 0.801667
600 0.785
600 0.888333
600 0.84
600 0.903333
600 0.75
600 0.903333
600 0.858333
600 0.821667
600 0.86
600 0.831667
600 0.846667
600 0.945
600 0.838333
600 0.87
600 0.823333
600 0.873333
600 0.846667
600 0.783333
600 0.835
600 0.865
600 0.603333
600 0.861667
600 0.871667
600 0.845
600 0.873333
600 0.906667
600 0.841667
600 0.916667
600 0.811667
600 0.896667
600 0.695
600 0.736667
600 0.886667
600 0.843333
600 0.883333
600 0.881667
600 0.775
600 0.858333
600 0.876667
600 0.855
600 0.67
600 0.911667
600 0.843333
600 0.866667
600 0.893333
600 0.851667
600 0.895
600 0.811667
600 0.705
600 0.903333
600 0.823333
600 0.826667
600 0.806667
600 0.896667
600 0.801667
650 0.835385
650 0.866154
650 0.772308
650 0.838462
650 0.535385
650 0.861538
650 0.809231
650 0.876923
650 0.749231
650 0.875385
650 0.716923
650 0.926154
650 0.787692
650 0.906154
650 0.630769
650 0.826154
650 0.884615
650 0.772308
650 0.866154
650 0.858462
650 0.801538
650 0.809231
650 0.889231
650 0.841538
650 0.761538
650 0.896923
650 0.795385
650 0.901538
650 0.932308
650 0.835385
650 0.852308
650 0.943077
650 0.836923
650 0.896923
650 0.904615
650 0.833846
650 0.909231
650 0.878462
650 0.755385
650 0.907692
650 0.883077
650 0.9
650 0.912308
650 0.923077
650 0.863077
650 0.886154
650 0.836923
650 0.764615
650 0.975385
650 0.864615
650 0.876923
650 0.846154
650 0.926154
650 0.852308
650 0.883077
650 0.909231
650 0.890769
650 0.887692
650 0.88
650 0.72
650 0.821538
650 0.896923
650 0.807692
650 0.823077
650 0.870769
650 0.933846
650 0.855385
650 0.713846
650 0.903077
650 0.835385
650 0.827692
650 0.873846
650 0.887692
650 0.890769
650 0.903077
700 0.844286
700 0.825714
700 0.87
700 0.861429
700 0.868571
700 0.872857
700 0.758571
700 0.958571
700 0.935714
700 0.837143
700 0.865714
700 0.898571
700 0.837143
700 0.772857
700 0.897143
700 0.788571
700 0.804286
700 0.84
700 0.865714
700 0.701429
700 0.785714
700 0.822857
700 0.884286
700 0.88
700 0.888571
700 0.835714
700 0.902857
700 0.861429
700 0.888571
700 0.882857
700 0.77
700 0.874286
700 0.891429
700 0.837143
700 0.855714
700 0.878571
700 0.847143
700 0.805714
700 0.732857
700 0.874286
700 0.841429
700 0.582857
700 0.904286
700 0.835714
700 0.695714
700 0.798571
700 0.918571
700 0.892857
700 0.864286
700 0.974286
700 0.861429
700 0.851429
700 0.812857
700 0.902857
700 0.741429
700 0.9
700 0.822857
700 0.842857
700 0.767143
700 0.824286
700 0.75
700 0.88
700 0.785714
700 0.71
700 0.842857
700 0.825714
700 0.874286
700 0.945714
700 0.875714
700 0.768571
700 0.831429
700 0.857143
700 0.9
700 0.827143
700 0.895714
750 0.897333
750 0.828
750 0.804
750 0.88
750 0.934667
750 0.905333
750 0.776
750 0.742667
750 0.834667
750 0.824
750 0.838667
750 0.918667
750 0.856
750 0.804
750 0.822667
750 0.869333
750 0.82
750 0.842667
750 0.906667
750 0.84
750 0.872
750 0.797333
750 0.784
750 0.928
750 0.817333
750 0.866667
750 0.862667
750 0.874667
750 0.9
750 0.888
750 0.864
750 0.792
750 0.836
750 0.916
750 0.88
750 0.805333
750 0.774667
750 0.862667
750 0.74
750 0.865333
750 0.889333
750 0.656
750 0.821333
750 0.814667
750 0.837333
750 0.821333
750 0.852
750 0.934667
750 0.866667
750 0.717333
750 0.818667
750 0.873333
750 0.893333
750 0.921333
750 0.821333
750 0.822667
750 0.896
750 0.712
750 0.829333
750 0.833333
750 0.913333
750 0.833333
750 0.870667
750 0.864
750 0.864
750 0.833333
750 0.834667
750 0.786667
750 0.738667
750 0.830667
750 0.828
750 0.78
750 0.737333
750 0.872
750 0.826667
800 0.83
800 0.92125
800 0.855
800 0.88625
800 0.7675
800 0.82
800 0.805
800 0.89
800 0.92875
800 0.87625
800 0.8475
800 0.84375
800 0.85375
800 0.815
800 0.85875
800 0.70875
800 0.86875
800 0.82
800 0.88375
800 0.7525
800 0.8975
800 0.8275
800 0.92375
800 0.86375
800 0.92875
800 0.88875
800 0.8325
800 0.90875
800 0.87875
800 0.88375
800 0.6275
800 0.86
800 0.84875
800 0.85125
800 0.88625
800 0.855
800 0.76875
800 0.8925
800 0.84625
800 0.89875
800 0.865
800 0.8425
800 0.84875
800 0.72
800 0.8825
800 0.8775
800 0.87875
800 0.8525
800 0.855
800 0.84125
800 0.80625
800 0.8775
800 0.905
800 0.74625
800 0.81375
800 0.89
800 0.87875
800 0.8875
800 0.8425
800 0.92625
800 0.83
800 0.91625
800 0.84875
800 0.89625
800 0.9
800 0.85125
800 0.88
800 0.865
800 0.86125
800 0.9025
800 0.62
800 0.91125
800 0.83
800 0.86625
800 0.87125
850 0.885882
850 0.882353
850 0.809412
850 0.847059
850 0.790588
850 0.828235
850 0.78
850 0.868235
850 0.847059
850 0.865882
850 0.815294
850 0.858824
850 0.817647
850 0.9
850 0.767059
850 0.863529
850 0.885882
850 0.830588
850 0.824706
850 0.864706
850 0.852941
850 0.9
850 0.945882
850 0.810588
850 0.908235
850 0.925882
850 0.858824
850 0.890588
850 0.938824
850 0.870588
850 0.844706
850 0.854118
850 0.870588
850 0.756471
850 0.84
850 0.911765
850 0.9
850 0.848235
850 0.889412
850 0.897647
850 0.863529
850 0.869412
850 0.921176
850 0.847059
850 0.902353
850 0.877647
850 0.841176
850 0.867059
850 0.612941
850 0.843529
850 0.867059
850 0.828235
850 0.865882
850 0.924706
850 0.861176
850 0.911765
850 0.777647
850 0.843529
850 0.827059
850 0.815294
850 0.68
850 0.844706
850 0.874118
850 0.851765
850 0.863529
850 0.9
850 0.794118
850 0.805882
850 0.803529
850 0.869412
850 0.844706
850 0.874118
850 0.847059
850 0.856471
850 0.789412
900 0.867778
900 0.885556
900 0.833333
900 0.855556
900 0.828889
900 0.904444
900 0.793333
900 0.801111
900 0.92
900 0.88
900 0.757778
900 0.894444
900 0.895556
900 0.887778
900 0.941111
900 0.925556
900 0.852222
900 0.82
900 0.704444
900 0.924444
900 0.876667
900 0.925556
900 0.907778
900 0.917778
900 0.83
900 0.707778
900 0.858889
900 0.968889
900 0.876667
900 0.87
900 0.884444
900 0.803333
900 0.86
900 0.893333
900 0.546667
900 0.927778
900 0.86
900 0.868889
900 0.855556
900 0.902222
900 0.926667
900 0.781111
900 0.884444
900 0.834444
900 0.888889
900 0.842222
900 0.894444
900 0.897778
900 0.884444
900 0.915556
900 0.877778
900 0.91
900 0.804444
900 0.828889
900 0.843333
900 0.84
900 0.913333
900 0.81
900 0.818889
900 0.793333
900 0.9
900 0.785556
900 0.875556
900 0.814444
900 0.84
900 0.746667
900 0.9
900 0.871111
900 0.892222
900 0.924444
900 0.847778
900 0.848889
900 0.887778
900 0.91
900 0.846667
950 0.858947
950 0.868421
950 0.911579
950 0.835789
950 0.911579
950 0.851579
950 0.803158
950 0.906316
950 0.828421
950 0.869474
950 0.868421
950 0.827368
950 0.84
950 0.863158
950 0.913684
950 0.842105
950 0.863158
950 0.837895
950 0.946316
950 0.884211
950 0.830526
950 0.811579
950 0.892632
950 0.901053
950 0.873684
950 0.873684
950 0.793684
950 0.815789
950 0.870526
950 0.844211
950 0.764211
950 0.902105
950 0.938947
950 0.888421
950 0.872632
950 0.796842
950 0.883158
950 0.792632
950 0.872632
950 0.887368
950 0.850526
950 0.857895
950 0.88
950 0.829474
950 0.927368
950 0.710526
950 0.885263
950 0.910526
950 0.847368
950 0.814737
950 0.867368
950 0.818947
950 0.894737
950 0.861053
950 0.629474
950 0.837895
950 0.850526
950 0.854737
950 0.844211
950 0.831579
950 0.848421
950 0.834737
950 0.864211
950 0.875789
950 0.752632
950 0.907368
950 0.94
950 0.949474
950 0.855789
950 0.849474
950 0.835789
950 0.817895
950 0.858947
950 0.847368
950 0.815789
1000 0.898
1000 0.81
1000 0.892
1000 0.933
1000 0.847
1000 0.914
1000 0.68
1000 0.77
1000 0.911
1000 0.743
1000 0.962
1000 0.888
1000 0.854
1000 0.929
1000 0.862
1000 0.782
1000 0.917
1000 0.879
1000 0.89
1000 0.872
1000 0.93
1000 0.723
1000 0.912
1000 0.82
1000 0.891
1000 0.896
1000 0.756
1000 0.869
1000 0.884
1000 0.835
1000 0.845
1000 0.849
1000 0.919
1000 0.851
1000 0.833
1000 0.925
1000 0.874
1000 0.869
1000 0.893
1000 0.87
1000 0.811
1000 0.906
1000 0.882
1000 0.872
1000 0.863
1000 0.926
1000 0.828
1000 0.882
1000 0.694
1000 0.865
1000 0.867
1000 0.867
1000 0.872
1000 0.859
1000 0.899
1000 0.848
1000 0.862
1000 0.814
1000 0.839
1000 0.93
1000 0.9
1000 0.868
1000 0.887
1000 0.909
1000 0.88
1000 0.86
1000 0.931
1000 0.885
1000 0.861
1000 0.881
1000 0.874
1000 0.838
1000 0.835
1000 0.93
1000 0.866
1050 0.841905
1050 0.852381
1050 0.877143
1050 0.862857
1050 0.687619
1050 0.908571
1050 0.824762
1050 0.848571
1050 0.851429
1050 0.844762
1050 0.832381
1050 0.924762
1050 0.873333
1050 0.849524
1050 0.901905
1050 0.83619
1050 0.92381
1050 0.889524
1050 0.79619
1050 0.89619
1050 0.855238
1050 0.884762
1050 0.861905
1050 0.815238
1050 0.784762
1050 0.872381
1050 0.860952
1050 0.78381
1050 0.88381
1050 0.951429
1050 0.857143
1050 0.878095
1050 0.813333
1050 0.852381
1050 0.851429
1050 0.786667
1050 0.94381
1050 0.882857
1050 0.839048
1050 0.777143
1050 0.805714
1050 0.937143
1050 0.784762
1050 0.826667
1050 0.920952
1050 0.88
1050 0.87619
1050 0.906667
1050 0.921905
1050 0.738095
1050 0.899048
1050 0.884762
1050 0.858095
1050 0.902857
1050 0.949524
1050 0.773333
1050 0.888571
1050 0.850476
1050 0.926667
1050 0.848571
1050 0.854286
1050 0.775238
1050 0.917143
1050 0.778095
1050 0.851429
1050 0.894286
1050 0.926667
1050 0.925714
1050 0.888571
1050 0.818095
1050 0.91619
1050 0.933333
1050 0.904762
1050 0.820952
1050 0.92381
1100 0.893636
1100 0.833636
1100 0.784545
1100 0.912727
1100 0.868182
1100 0.811818
1100 0.903636
1100 0.829091
1100 0.920909
1100 0.824545
1100 0.931818
1100 0.950909
1100 0.881818
1100 0.875455
1100 0.940909
1100 0.848182
1100 0.827273
1100 0.894545
1100 0.923636
1100 0.908182
1100 0.910909
1100 0.905455
1100 0.908182
1100 0.900909
1100 0.896364
1100 0.846364
1100 0.833636
1100 0.95
1100 0.944545
1100 0.838182
1100 0.836364
1100 0.843636
1100 0.98
1100 0.85
1100 0.842727
1100 0.876364
1100 0.886364
1100 0.887273
1100 0.919091
1100 0.890909
1100 0.792727
1100 0.878182
1100 0.816364
1100 0.910909
1100 0.919091
1100 0.836364
1100 0.866364
1100 0.922727
1100 0.932727
1100 0.854545
1100 0.92
1100 0.900909
1100 0.86
1100 0.878182
1100 0.841818
1100 0.889091
1100 0.930909
1100 0.912727
1100 0.87
1100 0.927273
1100 0.866364
1100 0.905455
1100 0.840909
1100 0.829091
1100 0.906364
1100 0.861818
1100 0.793636
1100 0.878182
1100 0.864545
1100 0.831818
1100 0.873636
1100 0.910909
1100 0.725455
1100 0.927273
1100 0.659091
1150 0.872174
1150 0.834783
1150 0.898261
1150 0.894783
1150 0.866087
1150 0.892174
1150 0.851304
1150 0.833913
1150 0.838261
1150 0.856522
1150 0.907826
1150 0.857391
1150 0.82
1150 0.822609
1150 0.891304
1150 0.890435
1150 0.867826
1150 0.901739
1150 0.8
1150 0.874783
1150 0.742609
1150 0.870435
1150 0.826087
1150 0.849565
1150 0.772174
1150 0.874783
1150 0.92087
1150 0.856522
1150 0.788696
1150 0.882609
1150 0.757391
1150 0.906957
1150 0.876522
1150 0.848696
1150 0.841739
1150 0.893043
1150 0.841739
1150 0.852174
1150 0.895652
1150 0.933043
1150 0.863478
1150 0.602609
1150 0.865217
1150 0.845217
1150 0.901739
1150 0.776522
1150 0.863478
1150 0.846957
1150 0.853043
1150 0.786087
1150 0.871304
1150 0.86087
1150 0.861739
1150 0.883478
1150 0.862609
1150 0.754783
1150 0.890435
1150 0.821739
1150 0.806087
1150 0.87913
1150 0.878261
1150 0.836522
1150 0.82
1150 0.77913
1150 0.893913
1150 0.823478
1150 0.893043
1150 0.894783
1150 0.913913
1150 0.853913
1150 0.77913
1150 0.873913
1150 0.901739
1150 0.875652
1150 0.936522
1200 0.886667
1200 0.914167
1200 0.881667
1200 0.868333
1200 0.845833
1200 0.818333
1200 0.910833
1200 0.8325
1200 0.831667
1200 0.824167
1200 0.883333
1200 0.9075
1200 0.889167
1200 0.925
1200 0.845
1200 0.86
1200 0.836667
1200 0.844167
1200 0.879167
1200 0.900833
1200 0.8425
1200 0.861667
1200 0.871667
1200 0.855833
1200 0.865833
1200 0.865833
1200 0.875
1200 0.836667
1200 0.8525
1200 0.885
1200 0.935
1200 0.891667
1200 0.938333
1200 0.893333
1200 0.898333
1200 0.924167
1200 0.931667
1200 0.85
1200 0.898333
1200 0.851667
1200 0.870833
1200 0.700833
1200 0.879167
1200 0.8775
1200 0.915833
1200 0.8875
1200 0.851667
1200 0.873333
1200 0.86
1200 0.916667
1200 0.848333
1200 0.85
1200 0.909167
1200 0.865833
1200 0.8625
1200 0.848333
1200 0.9225
1200 0.875
1200 0.818333
1200 0.8275
1200 0.9175
1200 0.950833
1200 0.809167
1200 0.870833
1200 0.919167
1200 0.8625
1200 0.883333
1200 0.840833
1200 0.888333
1200 0.880833
1200 0.8825
1200 0.826667
1200 0.87
1200 0.913333
1200 0.809167
1250 0.8344
1250 0.9104
1250 0.8776
1250 0.8704
1250 0.8552
1250 0.9208
1250 0.844
1250 0.8984
1250 0.8488
1250 0.8488
1250 0.9048
1250 0.8496
1250 0.9536
1250 0.8392
1250 0.8576
1250 0.8608
1250 0.8552
1250 0.9344
1250 0.8736
1250 0.8304
1250 0.8864
1250 0.6968
1250 0.8736
1250 0.8264
1250 0.8824
1250 0.8616
1250 0.86
1250 0.8944
1250 0.8608
1250 0.8848
1250 0.8856
1250 0.8248
1250 0.8872
1250 0.848
1250 0.8736
1250 0.8784
1250 0.852
1250 0.8344
1250 0.9064
1250 0.8792
1250 0.8064
1250 0.8632
1250 0.8936
1250 0.7448
1250 0.8552
1250 0.876
1250 0.8712
1250 0.68
1250 0.8744
1250 0.8936
1250 0.9
1250 0.8392
1250 0.8816
1250 0.8936
1250 0.8448
1250 0.8976
1250 0.8552
1250 0.8464
1250 0.856
1250 0.8032
1250 0.7208
1250 0.9336
1250 0.8864
1250 0.8384
1250 0.9128
1250 0.8848
1250 0.8456
1250 0.848
1250 0.8896
1250 0.8728
1250 0.864
1250 0.8608
1250 0.8544
1250 0.8168
1250 0.8744
1300 0.886923
1300 0.773077
1300 0.883077
1300 0.851538
1300 0.860769
1300 0.88
1300 0.873846
1300 0.863846
1300 0.886154
1300 0.952308
1300 0.880769
1300 0.853846
1300 0.719231
1300 0.881538
1300 0.9
1300 0.811538
1300 0.890769
1300 0.860769
1300 0.806154
1300 0.887692
1300 0.876154
1300 0.872308
1300 0.698462
1300 0.891538
1300 0.753846
1300 0.827692
1300 0.791538
1300 0.834615
1300 0.841538
1300 0.711538
1300 0.884615
1300 0.943846
1300 0.782308
1300 0.863077
1300 0.853846
1300 0.873846
1300 0.806923
1300 0.826923
1300 0.878462
1300 0.785385
1300 0.846154
1300 0.874615
1300 0.82
1300 0.888462
1300 0.843077
1300 0.937692
1300 0.802308
1300 0.907692
1300 0.845385
1300 0.876923
1300 0.856923
1300 0.879231
1300 0.743846
1300 0.905385
1300 0.811538
1300 0.940769
1300 0.851538
1300 0.885385
1300 0.86
1300 0.891538
1300 0.904615
1300 0.870769
1300 0.847692
1300 0.870769
1300 0.908462
1300 0.867692
1300 0.884615
1300 0.847692
1300 0.803846
1300 0.952308
1300 0.858462
1300 0.756923
1300 0.837692
1300 0.823077
1300 0.949231
1350 0.841481
1350 0.922222
1350 0.903704
1350 0.882222
1350 0.868148
1350 0.83037
1350 0.882222
1350 0.81037
1350 0.885926
1350 0.908148
1350 0.874815
1350 0.834815
1350 0.868889
1350 0.836296
1350 0.827407
1350 0.90963
1350 0.825926
1350 0.845926
1350 0.874074
1350 0.804444
1350 0.896296
1350 0.866667
1350 0.837037
1350 0.83037
1350 0.819259
1350 0.875556
1350 0.865185
1350 0.894074
1350 0.891111
1350 0.862963
1350 0.863704
1350 0.871111
1350 0.851111
1350 0.905185
1350 0.922963
1350 0.876296
1350 0.86
1350 0.891852
1350 0.848148
1350 0.888148
1350 0.9
1350 0.867407
1350 0.903704
1350 0.901481
1350 0.894815
1350 0.939259
1350 0.834074
1350 0.874074
1350 0.882222
1350 0.88
1350 0.811852
1350 0.844444
1350 0.894074
1350 0.825185
1350 0.874815
1350 0.871111
1350 0.894074
1350 0.888889
1350 0.879259
1350 0.923704
1350 0.897778
1350 0.91037
1350 0.898519
1350 0.751111
1350 0.820741
1350 0.917778
1350 0.894815
1350 0.854815
1350 0.88
1350 0.860741
1350 0.863704
1350 0.916296
1350 0.801481
1350 0.906667
1350 0.898519
1400 0.849286
1400 0.876429
1400 0.875
1400 0.877857
1400 0.912143
1400 0.807143
1400 0.882143
1400 0.932143
1400 0.882857
1400 0.912143
1400 0.790714
1400 0.794286
1400 0.868571
1400 0.838571
1400 0.858571
1400 0.858571
1400 0.875
1400 0.877143
1400 0.819286
1400 0.922143
1400 0.917857
1400 0.843571
1400 0.903571
1400 0.837143
1400 0.872143
1400 0.875
1400 0.805714
1400 0.85
1400 0.877857
1400 0.892143
1400 0.884286
1400 0.860714
1400 0.906429
1400 0.882857
1400 0.821429
1400 0.956429
1400 0.804286
1400 0.892857
1400 0.872143
1400 0.835714
1400 0.881429
1400 0.838571
1400 0.895714
1400 0.890714
1400 0.929286
1400 0.909286
1400 0.932143
1400 0.886429
1400 0.905714
1400 0.89
1400 0.876429
1400 0.900714
1400 0.822143
1400 0.876429
1400 0.9
1400 0.912857
1400 0.898571
1400 0.892857
1400 0.832143
1400 0.870714
1400 0.800714
1400 0.9
1400 0.872143
1400 0.834286
1400 0.895714
1400 0.835714
1400 0.905
1400 0.932143
1400 0.871429
1400 0.865714
1400 0.828571
1400 0.797857
1400 0.831429
1400 0.928571
1400 0.852857
1450 0.864138
1450 0.917931
1450 0.912414
1450 0.817931
1450 0.924138
1450 0.791724
1450 0.907586
1450 0.924828
1450 0.833103
1450 0.938621
1450 0.836552
1450 0.842759
1450 0.817931
1450 0.865517
1450 0.856552
1450 0.70069
1450 0.902759
1450 0.848276
1450 0.788966
1450 0.893793
1450 0.948966
1450 0.86069
1450 0.914483
1450 0.888966
1450 0.84
1450 0.861379
1450 0.896552
1450 0.903448
1450 0.875172
1450 0.811724
1450 0.841379
1450 0.833793
1450 0.895172
1450 0.88
1450 0.941379
1450 0.883448
1450 0.828276
1450 0.888276
1450 0.812414
1450 0.89931
1450 0.844138
1450 0.832414
1450 0.928276
1450 0.84069
1450 0.732414
1450 0.930345
1450 0.895172
1450 0.87931
1450 0.851724
1450 0.882069
1450 0.777931
1450 0.911034
1450 0.893793
1450 0.809655
1450 0.868966
1450 0.824138
1450 0.895172
1450 0.805517
1450 0.828276
1450 0.824828
1450 0.869655
1450 0.867586
1450 0.808966
1450 0.866207
1450 0.829655
1450 0.846897
1450 0.877241
1450 0.888276
1450 0.813103
1450 0.886207
1450 0.890345
1450 0.863448
1450 0.956552
1450 0.84
1450 0.933103
1500 0.878
1500 0.826667
1500 0.902667
1500 0.822667
1500 0.829333
1500 0.896
1500 0.824667
1500 0.876
1500 0.724
1500 0.872667
1500 0.702667
1500 0.849333
1500 0.842667
1500 0.942667
1500 0.859333
1500 0.844
1500 0.896667
1500 0.922667
1500 0.885333
1500 0.890667
1500 0.907333
1500 0.829333
1500 0.906
1500 0.858667
1500 0.862
1500 0.886
1500 0.734
1500 0.884
1500 0.884667
1500 0.840667
1500 0.804667
1500 0.902667
1500 0.914
1500 0.876667
1500 0.872667
1500 0.892667
1500 0.896
1500 0.876667
1500 0.907333
1500 0.862
1500 0.880667
1500 0.884
1500 0.859333
1500 0.816
1500 0.941333
1500 0.875333
1500 0.907333
1500 0.914
1500 0.93
1500 0.898
1500 0.868667
1500 0.81
1500 0.808667
1500 0.85
1500 0.878
1500 0.856667
1500 0.898667
1500 0.904667
1500 0.851333
1500 0.908667
1500 0.734667
1500 0.724667
1500 0.868667
1500 0.924667
1500 0.918667
1500 0.849333
1500 0.888667
1500 0.902
1500 0.890667
1500 0.86
1500 0.791333
1500 0.914
1500 0.909333
1500 0.866667
1500 0.808
1550 0.913548
1550 0.876774
1550 0.838065
1550 0.852903
1550 0.874839
1550 0.883226
1550 0.905161
1550 0.86129
1550 0.94
1550 0.666452
1550 0.883871
1550 0.770323
1550 0.809677
1550 0.776774
1550 0.852903
1550 0.916129
1550 0.919355
1550 0.859355
1550 0.845806
1550 0.909677
1550 0.869677
1550 0.87871
1550 0.832258
1550 0.906452
1550 0.837419
1550 0.874194
1550 0.867097
1550 0.896129
1550 0.883226
1550 0.894839
1550 0.915484
1550 0.892258
1550 0.874194
1550 0.865161
1550 0.866452
1550 0.827742
1550 0.898065
1550 0.902581
1550 0.908387
1550 0.882581
1550 0.81871
1550 0.713548
1550 0.937419
1550 0.893548
1550 0.891613
1550 0.891613
1550 0.834839
1550 0.851613
1550 0.867742
1550 0.823871
1550 0.810323
1550 0.856129
1550 0.863871
1550 0.938065
1550 0.914194
1550 0.868387
1550 0.910323
1550 0.863226
1550 0.891613
1550 0.824516
1550 0.826452
1550 0.883226
1550 0.897419
1550 0.881935
1550 0.922581
1550 0.848387
1550 0.734839
1550 0.829032
1550 0.881935
1550 0.883871
1550 0.728387
1550 0.884516
1550 0.840645
1550 0.871613
1550 0.855484
1600 0.87875
1600 0.850625
1600 0.9
1600 0.84875
1600 0.875
1600 0.865625
1600 0.885625
1600 0.868125
1600 0.89875
1600 0.888125
1600 0.870625
1600 0.929375
1600 0.8625
1600 0.890625
1600 0.9525
1600 0.825625
1600 0.805625
1600 0.851875
1600 0.900625
1600 0.8275
1600 0.863125
1600 0.89875
1600 0.8725
1600 0.886875
1600 0.855625
1600 0.83625
1600 0.926875
1600 0.890625
1600 0.899375
1600 0.88375
1600 0.85375
1600 0.93125
1600 0.905625
1600 0.90375
1600 0.88375
1600 0.886875
1600 0.84
1600 0.921875
1600 0.883125
1600 0.948125
1600 0.838125
1600 0.908125
1600 0.879375
1600 0.840625
1600 0.89375
1600 0.97125
1600 0.7525
1600 0.87625
1600 0.845
1600 0.785625
1600 0.87875
1600 0.89375
1600 0.859375
1600 0.81375
1600 0.941875
1600 0.9025
1600 0.8175
1600 0.851875
1600 0.82125
1600 0.875625
1600 0.839375
1600 0.786875
1600 0.914375
1600 0.798125
1600 0.824375
1600 0.833125
1600 0.93125
1600 0.91125
1600 0.89625
1600 0.90875
1600 0.89375
1600 0.82125
1600 0.8375
1600 0.88125
1600 0.876875
1650 0.896364
1650 0.801212
1650 0.881212
1650 0.834545
1650 0.926667
1650 0.844848
1650 0.907879
1650 0.849091
1650 0.92
1650 0.821212
1650 0.916364
1650 0.886667
1650 0.911515
1650 0.898788
1650 0.880606
1650 0.881818
1650 0.805455
1650 0.873939
1650 0.804848
1650 0.867879
1650 0.870303
1650 0.880606
1650 0.813939
1650 0.841212
1650 0.851515
1650 0.878788
1650 0.902424
1650 0.839394
1650 0.856364
1650 0.834545
1650 0.85697
1650 0.857576
1650 0.893333
1650 0.853333
1650 0.76303
1650 0.890303
1650 0.84
1650 0.855758
1650 0.88303
1650 0.84303
1650 0.849697
1650 0.951515
1650 0.930303
1650 0.867879
1650 0.815152
1650 0.833333
1650 0.885455
1650 0.835152
1650 0.864242
1650 0.878788
1650 0.835758
1650 0.92
1650 0.880606
1650 0.770909
1650 0.920606
1650 0.829697
1650 0.90303
1650 0.871515
1650 0.919394
1650 0.817576
1650 0.91697
1650 0.894545
1650 0.842424
1650 0.793333
1650 0.821818
1650 0.881818
1650 0.894545
1650 0.836364
1650 0.874545
1650 0.890909
1650 0.815758
1650 0.898788
1650 0.915758
1650 0.752727
1650 0.892121
1700 0.775294
1700 0.912353
1700 0.841765
1700 0.926471
1700 0.939412
1700 0.867059
1700 0.877059
1700 0.900588
1700 0.814118
1700 0.859412
1700 0.822353
1700 0.848824
1700 0.857059
1700 0.846471
1700 0.860588
1700 0.912941
1700 0.967647
1700 0.891765
1700 0.868235
1700 0.879412
1700 0.848235
1700 0.880588
1700 0.884118
1700 0.83
1700 0.830588
1700 0.88
1700 0.872941
1700 0.896471
1700 0.875294
1700 0.901765
1700 0.880588
1700 0.888235
1700 0.862353
1700 0.905882
1700 0.85
1700 0.895294
1700 0.861176
1700 0.760588
1700 0.858824
1700 0.887647
1700 0.920588
1700 0.882353
1700 0.904706
1700 0.916471
1700 0.838824
1700 0.889412
1700 0.93
1700 0.907647
1700 0.917647
1700 0.854118
1700 0.882353
1700 0.889412
1700 0.815882
1700 0.837059
1700 0.902353
1700 0.855294
1700 0.836471
1700 0.829412
1700 0.857647
1700 0.831765
1700 0.882353
1700 0.791176
1700 0.797059
1700 0.922941
1700 0.901176
1700 0.866471
1700 0.869412
1700 0.887059
1700 0.904118
1700 0.927059
1700 0.884118
1700 0.884118
1700 0.821765
1700 0.968235
1700 0.941176
1750 0.84
1750 0.873714
1750 0.793714
1750 0.881714
1750 0.938857
1750 0.88
1750 0.885714
1750 0.769714
1750 0.849714
1750 0.9
1750 0.851429
1750 0.833143
1750 0.866286
1750 0.876571
1750 0.841714
1750 0.857714
1750 0.901714
1750 0.901714
1750 0.830286
1750 0.956571
1750 0.783429
1750 0.874857
1750 0.799429
1750 0.861714
1750 0.826286
1750 0.900571
1750 0.873714
1750 0.894857
1750 0.874857
1750 0.855429
1750 0.859429
1750 0.859429
1750 0.861143
1750 0.943429
1750 0.894857
1750 0.876571
1750 0.833714
1750 0.854286
1750 0.855429
1750 0.906286
1750 0.816
1750 0.818857
1750 0.898286
1750 0.822857
1750 0.924
1750 0.896571
1750 0.879429
1750 0.852
1750 0.916571
1750 0.916
1750 0.791429
1750 0.908571
1750 0.867429
1750 0.878286
1750 0.874857
1750 0.913143
1750 0.895429
1750 0.902857
1750 0.861143
1750 0.886857
1750 0.902286
1750 0.890286
1750 0.858286
1750 0.904
1750 0.897714
1750 0.907429
1750 0.861143
1750 0.858857
1750 0.851429
1750 0.856
1750 0.497714
1750 0.778857
1750 0.846286
1750 0.881714
1750 0.882857
1800 0.924444
1800 0.874444
1800 0.888889
1800 0.92
1800 0.853333
1800 0.911111
1800 0.857222
1800 0.893333
1800 0.884444
1800 0.876111
1800 0.828333
1800 0.835556
1800 0.856111
1800 0.855
1800 0.892222
1800 0.837778
1800 0.869444
1800 0.855556
1800 0.854444
1800 0.906111
1800 0.777222
1800 0.881111
1800 0.876667
1800 0.955
1800 0.910556
1800 0.893889
1800 0.882778
1800 0.912222
1800 0.907778
1800 0.859444
1800 0.903889
1800 0.862222
1800 0.868889
1800 0.89
1800 0.897222
1800 0.870556
1800 0.738333
1800 0.885556
1800 0.923333
1800 0.875
1800 0.890556
1800 0.943333
1800 0.882778
1800 0.936667
1800 0.863333
1800 0.881111
1800 0.861667
1800 0.833333
1800 0.904444
1800 0.933889
1800 0.875556
1800 0.88
1800 0.787778
1800 0.842222
1800 0.845
1800 0.804444
1800 0.852778
1800 0.880556
1800 0.811111
1800 0.825
1800 0.937222
1800 0.836667
1800 0.938889
1800 0.893889
1800 0.870556
1800 0.875
1800 0.91
1800 0.828889
1800 0.958333
1800 0.873333
1800 0.895
1800 0.879444
1800 0.817222
1800 0.858889
1800 0.889444
1850 0.82
1850 0.856216
1850 0.845405
1850 0.848649
1850 0.857838
1850 0.903784
1850 0.91027
1850 0.886486
1850 0.88973
1850 0.905946
1850 0.86973
1850 0.921622
1850 0.798378
1850 0.911351
1850 0.918378
1850 0.821081
1850 0.911892
1850 0.924865
1850 0.838378
1850 0.784865
1850 0.804865
1850 0.881081
1850 0.9
1850 0.848649
1850 0.849189
1850 0.863784
1850 0.83027
1850 0.877297
1850 0.651351
1850 0.903243
1850 0.892973
1850 0.874595
1850 0.920541
1850 0.917297
1850 0.954595
1850 0.846486
1850 0.889189
1850 0.892973
1850 0.832973
1850 0.918919
1850 0.873514
1850 0.88
1850 0.870811
1850 0.891892
1850 0.872432
1850 0.900541
1850 0.871351
1850 0.925405
1850 0.912432
1850 0.864324
1850 0.862162
1850 0.715135
1850 0.817297
1850 0.876757
1850 0.868108
1850 0.848649
1850 0.907568
1850 0.835135
1850 0.877838
1850 0.874595
1850 0.862703
1850 0.911892
1850 0.861081
1850 0.822703
1850 0.908108
1850 0.873514
1850 0.813514
1850 0.861081
1850 0.857297
1850 0.863243
1850 0.922703
1850 0.908649
1850 0.914595
1850 0.823243
1850 0.854595
1900 0.845263
1900 0.872105
1900 0.864737
1900 0.836842
1900 0.879474
1900 0.896316
1900 0.821579
1900 0.866842
1900 0.873158
1900 0.878421
1900 0.902105
1900 0.828947
1900 0.9
1900 0.873158
1900 0.877895
1900 0.929474
1900 0.862105
1900 0.891579
1900 0.810526
1900 0.902632
1900 0.875263
1900 0.801579
1900 0.911579
1900 0.868421
1900 0.882632
1900 0.86
1900 0.846316
1900 0.887368
1900 0.768421
1900 0.723684
1900 0.826842
1900 0.91
1900 0.876842
1900 0.789474
1900 0.886842
1900 0.919474
1900 0.928947
1900 0.937895
1900 0.872105
1900 0.893684
1900 0.919474
1900 0.865789
1900 0.916316
1900 0.920526
1900 0.899474
1900 0.891053
1900 0.87
1900 0.912105
1900 0.805789
1900 0.893684
1900 0.911579
1900 0.852105
1900 0.893684
1900 0.874211
1900 0.926316
1900 0.864737
1900 0.857895
1900 0.894737
1900 0.947895
1900 0.824211
1900 0.911579
1900 0.824737
1900 0.775263
1900 0.817368
1900 0.860526
1900 0.863158
1900 0.905263
1900 0.823684
1900 0.84
1900 0.901579
1900 0.706842
1900 0.918421
1900 0.868947
1900 0.885263
1900 0.895789
1950 0.812821
1950 0.902051
1950 0.855385
1950 0.905641
1950 0.90359
1950 0.931795
1950 0.779487
1950 0.846667
1950 0.855897
1950 0.893333
1950 0.85641
1950 0.837436
1950 0.785641
1950 0.754359
1950 0.903077
1950 0.903077
1950 0.924615
1950 0.816923
1950 0.853333
1950 0.870769
1950 0.910256
1950 0.909744
1950 0.898974
1950 0.884615
1950 0.917436
1950 0.823077
1950 0.867179
1950 0.901538
1950 0.853333
1950 0.834872
1950 0.877949
1950 0.913846
1950 0.934359
1950 0.806667
1950 0.934872
1950 0.804615
1950 0.840513
1950 0.926667
1950 0.759487
1950 0.927692
1950 0.933846
1950 0.917949
1950 0.947692
1950 0.88
1950 0.927179
1950 0.858974
1950 0.873846
1950 0.921026
1950 0.791282
1950 0.853846
1950 0.857949
1950 0.866667
1950 0.878462
1950 0.954872
1950 0.861026
1950 0.842051
1950 0.845641
1950 0.920513
1950 0.833846
1950 0.821026
1950 0.88
1950 0.906667
1950 0.854359
1950 0.894359
1950 0.872308
1950 0.865641
1950 0.905128
1950 0.883077
1950 0.868205
1950 0.893846
1950 0.872308
1950 0.848718
1950 0.914872
1950 0.856923
1950 0.881026
2000 0.854
2000 0.8685
2000 0.8655
2000 0.894
2000 0.887
2000 0.8935
2000 0.905
2000 0.7825
2000 0.849
2000 0.777
2000 0.8965
2000 0.8975
2000 0.862
2000 0.915
2000 0.9155
2000 0.8135
2000 0.8985
2000 0.8735
2000 0.8845
2000 0.8285
2000 0.928
2000 0.761
2000 0.889
2000 0.8765
2000 0.9425
2000 0.853
2000 0.861
2000 0.8655
2000 0.9165
2000 0.9415
2000 0.9085
2000 0.904
2000 0.827
2000 0.857
2000 0.8685
2000 0.821
2000 0.879
2000 0.8755
2000 0.8975
2000 0.911
2000 0.8505
2000 0.849
2000 0.892
2000 0.844
2000 0.889
2000 0.8665
2000 0.8555
2000 0.9065
2000 0.862
2000 0.826
2000 0.7385
2000 0.8475
2000 0.874
2000 0.951
2000 0.869
2000 0.8755
2000 0.9045
2000 0.865
2000 0.917
2000 0.8815
2000 0.8565
2000 0.8145
2000 0.838
2000 0.868
2000 0.8765
2000 0.863
2000 0.8785
2000 0.812
2000 0.864
2000 0.9055
2000 0.8305
2000 0.8765
2000 0.8625
2000 0.9155
2000 0.836
