50 0.14
50 0.5
50 0.04
50 0.18
50 0.26
50 0.18
50 0.8
50 0.54
50 0
50 0.22
50 0.16
50 0.34
50 0.34
50 0.24
50 0.16
50 0.22
50 0.08
50 0.58
50 0.36
50 0.06
50 0.16
50 0.04
50 0.48
50 0
50 0.02
50 0.68
50 0.06
50 0.34
50 0.18
50 0.26
50 0
50 0.02
50 0.02
50 0.34
50 0
50 0
50 0.68
50 0.7
50 0.02
50 0
50 0
50 0.3
50 0.14
50 0.74
50 0.46
50 0.44
50 0.18
50 0.7
50 0.24
50 0.36
50 0.48
50 0
50 0.02
50 0.12
50 0.62
50 0.34
50 0.46
50 0
50 0
50 0
50 0.38
50 0.32
50 0
50 0.1
50 0.76
50 0.3
50 0.14
50 0.08
50 0.44
50 0.12
50 0.04
50 0.2
50 0.2
50 0.72
50 0.12
100 0.27
100 0.24
100 0.43
100 0.7
100 0.7
100 0.71
100 0.59
100 0.88
100 0.87
100 0.44
100 0.86
100 0.53
100 0.28
100 0.08
100 0.9
100 0.19
100 0.6
100 0.42
100 0.28
100 0.7
100 0.67
100 0.2
100 0.53
100 0.54
100 0.54
100 0.33
100 0.35
100 0.57
100 0.2
100 0.6
100 0.78
100 0.47
100 0.22
100 0.83
100 0.79
100 0.48
100 0.53
100 0.59
100 0.04
100 0.55
100 0.71
100 0.88
100 0.34
100 0.86
100 0.79
100 0.72
100 0.2
100 0.6
100 0.77
100 0.6
100 0.29
100 0.34
100 0.23
100 0.65
100 0.55
100 0.97
100 0.84
100 0.84
100 0.81
100 0.8
100 0.77
100 0.52
100 0.5
100 0.87
100 0.39
100 0.16
100 0.64
100 0.66
100 0.69
100 0.66
100 0
100 0.65
100 0.5
100 0.06
100 0.86
150 0.646667
150 0.66
150 0.813333
150 0.753333
150 0.573333
150 0.906667
150 0.846667
150 0.846667
150 0.866667
150 0.893333
150 0.9
150 0.7
150 0.493333
150 0.54
150 0.72
150 0.686667
150 0.953333
150 0.62
150 0.753333
150 0.786667
150 0.793333
150 0.906667
150 0.6
150 0.28
150 0.873333
150 0.826667
150 0.746667
150 0.833333
150 0.86
150 0.806667
150 0.773333
150 0.753333
150 0.826667
150 0.946667
150 0.693333
150 0.573333
150 0.546667
150 0.533333
150 0.546667
150 0.92
150 0.9
150 0.433333
150 0.273333
150 0.493333
150 0.273333
150 0.88
150 0.84
150 0.813333
150 0.706667
150 0.373333
150 0.673333
150 0.473333
150 0.773333
150 0.853333
150 0.786667
150 0.746667
150 0.746667
150 0.833333
150 0.413333
150 0.733333
150 0.886667
150 0.646667
150 0.953333
150 0.68
150 0.86
150 0.706667
150 0.86
150 0.286667
150 0.906667
150 0.566667
150 0.793333
150 0.46
150 0.746667
150 0.733333
150 0.74
200 0.67
200 0.44
200 0.98
200 0.72
200 0.705
200 0.82
200 0.595
200 0.88
200 0.78
200 0.77
200 0.925
200 0.58
200 0.82
200 0.88
200 0.725
200 0.73
200 0.815
200 0.96
200 0.9
200 0.845
200 0.735
200 0.895
200 0.595
200 0.89
200 0.825
200 0.825
200 0.87
200 0.575
200 0.705
200 0.915
200 0.75
200 0.885
200 0.75
200 0.865
200 0.68
200 0.91
200 0.325
200 0.725
200 0.92
200 0.5
200 0.7
200 0.88
200 0.815
200 0.55
200 0.925
200 0.765
200 0.8
200 0.735
200 0.855
200 0.785
200 0.175
200 0.79
200 0.85
200 0.715
200 0.925
200 0.875
200 0.915
200 0.63
200 0.925
200 0.6
200 0.545
200 0.67
200 0.91
200 0.83
200 0.93
200 0.665
200 0.64
200 0.86
200 0.725
200 0.91
200 0.71
200 0.4
200 0.885
200 0.865
200 0.73
250 0.784
250 0.912
250 0.912
250 0.76
250 0.9
250 0.936
250 0.896
250 0.888
250 0.716
250 0.852
250 0.896
250 0.852
250 0.872
250 0.82
250 0.832
250 0.972
250 0.936
250 0.616
250 0.824
250 0.924
250 0.876
250 0.804
250 0.708
250 0.748
250 0.904
250 0.836
250 0.848
250 0.972
250 0.788
250 0.836
250 0.756
250 0.88
250 0.944
250 0.8
250 0.92
250 0.94
250 0.852
250 0.86
250 0.868
250 0.76
250 0.716
250 0.7
250 0.852
250 0.472
250 0.86
250 0.9
250 0.92
250 0.58
250 0.884
250 0.912
250 0.912
250 0.62
250 0.856
250 0.808
250 0.916
250 0.96
250 0.844
250 0.616
250 0.896
250 0.912
250 0.836
250 0.824
250 0.868
250 0.844
250 0.884
250 0.86
250 0.844
250 0.768
250 0.916
250 0.896
250 0.728
250 0.692
250 0.976
250 0.904
250 0.828
300 0.846667
300 0.893333
300 0.87
300 0.883333
300 0.69
300 0.686667
300 0.806667
300 0.91
300 0.903333
300 0.876667
300 0.863333
300 0.796667
300 0.9
300 0.856667
300 0.886667
300 0.93
300 0.88
300 0.936667
300 0.843333
300 0.82
300 0.896667
300 0.9
300 0.826667
300 0.936667
300 0.903333
300 0.883333
300 0.9
300 0.843333
300 0.91
300 0.8
300 0.8
300 0.836667
300 0.913333
300 0.81
300 0.846667
300 0.933333
300 0.926667
300 0.91
300 0.886667
300 0.94
300 0.866667
300 0.883333
300 0.98
300 0.81
300 0.67
300 0.79
300 0.813333
300 0.876667
300 0.54
300 0.956667
300 0.816667
300 0.976667
300 0.8
300 0.766667
300 0.81
300 0.873333
300 0.97
300 0.88
300 0.92
300 0.876667
300 0.88
300 0.83
300 0.87
300 0.76
300 0.956667
300 0.95
300 0.963333
300 0.87
300 0.946667
300 0.883333
300 0.93
300 0.86
300 0.923333
300 0.79
300 0.843333
350 0.908571
350 0.954286
350 0.88
350 0.688571
350 0.945714
350 0.631429
350 0.754286
350 0.94
350 0.917143
350 0.954286
350 0.84
350 0.828571
350 0.905714
350 0.942857
350 0.911429
350 0.82
350 0.9
350 0.897143
350 0.8
350 0.891429
350 0.971429
350 0.757143
350 0.957143
350 0.854286
350 0.902857
350 0.94
350 0.86
350 0.834286
350 0.945714
350 0.882857
350 0.762857
350 0.96
350 0.822857
350 0.877143
350 0.937143
350 0.894286
350 0.942857
350 0.582857
350 0.888571
350 0.848571
350 0.828571
350 0.885714
350 0.908571
350 0.871429
350 0.974286
350 0.908571
350 0.894286
350 0.922857
350 0.86
350 0.965714
350 0.834286
350 0.905714
350 0.968571
350 0.831429
350 0.857143
350 0.948571
350 0.937143
350 0.845714
350 0.92
350 0.925714
350 0.888571
350 0.834286
350 0.945714
350 0.868571
350 0.671429
350 0.925714
350 0.854286
350 0.925714
350 0.951429
350 0.871429
350 0.908571
350 0.948571
350 0.751429
350 0.877143
350 0.937143
400 0.9275
400 0.8175
400 0.9125
400 0.85
400 0.7725
400 0.95
400 0.95
400 0.6125
400 0.915
400 0.895
400 0.8825
400 0.9325
400 0.8975
400 0.8
400 0.8775
400 0.87
400 0.8975
400 0.575
400 0.9825
400 0.88
400 0.805
400 0.9525
400 0.9275
400 0.9175
400 0.905
400 0.92
400 0.88
400 0.6375
400 0.87
400 0.905
400 0.9125
400 0.845
400 0.895
400 0.835
400 0.95
400 0.97
400 0.8675
400 0.735
400 0.9825
400 0.94
400 0.915
400 0.92
400 0.935
400 0.8575
400 0.9175
400 0.9
400 0.895
400 0.725
400 0.9275
400 0.95
400 0.96
400 0.9
400 0.915
400 0.8375
400 0.86
400 0.89
400 0.9525
400 0.8225
400 0.9025
400 0.91
400 0.86
400 0.8575
400 0.8625
400 0.93
400 0.8425
400 0.9375
400 0.8725
400 0.9225
400 0.865
400 0.9675
400 0.81
400 0.9
400 0.92
400 0.96
400 0.905
450 0.904444
450 0.895556
450 0.933333
450 0.928889
450 0.882222
450 0.931111
450 0.977778
450 0.991111
450 0.877778
450 0.855556
450 0.886667
450 0.833333
450 0.886667
450 0.902222
450 0.753333
450 0.897778
450 0.855556
450 0.891111
450 0.848889
450 0.924444
450 0.86
450 0.984444
450 0.924444
450 0.986667
450 0.915556
450 0.757778
450 0.966667
450 0.7
450 0.853333
450 0.582222
450 0.862222
450 0.882222
450 0.924444
450 0.942222
450 0.886667
450 0.835556
450 0.942222
450 0.873333
450 0.964444
450 0.884444
450 0.942222
450 0.864444
450 0.768889
450 0.957778
450 0.904444
450 0.906667
450 0.846667
450 0.96
450 0.924444
450 0.951111
450 0.957778
450 0.848889
450 0.897778
450 0.864444
450 0.942222
450 0.951111
450 0.853333
450 0.953333
450 0.94
450 0.964444
450 0.968889
450 0.948889
450 0.911111
450 0.902222
450 0.913333
450 0.84
450 0.888889
450 0.782222
450 0.871111
450 0.917778
450 0.871111
450 0.797778
450 0.971111
450 0.875556
450 0.753333
500 0.948
500 0.882
500 0.97
500 0.962
500 0.73
500 0.922
500 0.918
500 0.952
500 0.876
500 0.906
500 0.866
500 0.822
500 0.912
500 0.936
500 0.942
500 0.856
500 0.952
500 0.974
500 0.95
500 0.892
500 0.968
500 0.912
500 0.894
500 0.884
500 0.936
500 0.864
500 0.924
500 0.934
500 0.9
500 0.88
500 0.888
500 0.922
500 0.87
500 0.886
500 0.894
500 0.962
500 0.964
500 0.926
500 0.942
500 0.794
500 0.906
500 0.944
500 0.914
500 0.904
500 0.922
500 0.974
500 0.882
500 0.94
500 0.94
500 0.992
500 0.858
500 0.868
500 0.852
500 0.918
500 0.862
500 0.888
500 0.96
500 0.928
500 0.964
500 0.928
500 0.882
500 0.856
500 0.934
500 0.82
500 0.936
500 0.854
500 0.888
500 0.886
500 0.94
500 0.92
500 0.53
500 0.898
500 0.948
500 0.926
500 0.926
550 0.792727
550 0.892727
550 0.894545
550 0.947273
550 0.918182
550 0.923636
550 0.94
550 0.861818
550 0.889091
550 0.965455
550 0.936364
550 0.881818
550 0.681818
550 0.883636
550 0.898182
550 0.94
550 0.818182
550 0.954545
550 0.974545
550 0.845455
550 0.96
550 0.854545
550 0.881818
550 0.88
550 0.961818
550 0.909091
550 0.885455
550 0.841818
550 0.909091
550 0.963636
550 0.936364
550 0.938182
550 0.94
550 0.0363636
550 0.758182
550 0.834545
550 0.949091
550 0.894545
550 0.954545
550 0.921818
550 0.927273
550 0.929091
550 0.918182
550 0.901818
550 0.978182
550 0.927273
550 0.689091
550 0.907273
550 0.896364
550 0.923636
550 0.947273
550 0.96
550 0.972727
550 0.918182
550 0.843636
550 0.903636
550 0.961818
550 0.858182
550 0.847273
550 0.652727
550 0.98
550 0.921818
550 0.978182
550 0.932727
550 0.934545
550 0.952727
550 0.961818
550 0.941818
550 0.945455
550 0.878182
550 0.849091
550 0.954545
550 0.86
550 0.949091
550 0.941818
600 0.906667
600 0.996667
600 0.821667
600 0.731667
600 0.955
600 0.945
600 0.948333
600 0.995
600 0.906667
600 0.871667
600 0.981667
600 0.918333
600 0.828333
600 0.961667
600 0.92
600 0.866667
600 0.975
600 0.885
600 0.911667
600 0.846667
600 0.9
600 0.921667
600 0.975
600 0.976667
600 0.91
600 0.91
600 0.908333
600 0.93
600 0.898333
600 0.931667
600 0.885
600 0.993333
600 0.9
600 0.973333
600 0.896667
600 0.936667
600 0.921667
600 0.911667
600 0.95
600 0.935
600 0.928333
600 0.928333
600 0.955
600 0.94
600 0.976667
600 0.943333
600 0.936667
600 0.8
600 0.88
600 0.88
600 0.888333
600 0.93
600 0.971667
600 0.938333
600 0.913333
600 0.935
600 0.88
600 0.92
600 0.915
600 0.97
600 0.93
600 0.948333
600 0.995
600 0.886667
600 0.891667
600 0.86
600 0.93
600 0.88
600 0.903333
600 0.891667
600 0.941667
600 0.825
600 0.973333
600 0.953333
600 0.765
650 0.903077
650 0.858462
650 0.949231
650 0.915385
650 0.883077
650 0.958462
650 0.873846
650 0.898462
650 0.867692
650 0.913846
650 0.892308
650 0.947692
650 0.935385
650 0.889231
650 0.901538
650 0.924615
650 0.953846
650 0.927692
650 0.956923
650 0.826154
650 0.773846
650 0.82
650 0.950769
650 0.895385
650 0.943077
650 0.983077
650 0.956923
650 0.952308
650 0.896923
650 0.923077
650 0.901538
650 0.92
650 0.92
650 0.930769
650 0.918462
650 0.876923
650 0.769231
650 0.936923
650 0.886154
650 0.929231
650 0.98
650 0.930769
650 0.915385
650 0.967692
650 0.823077
650 0.907692
650 0.875385
650 0.94
650 0.975385
650 0.901538
650 0.858462
650 0.872308
650 0.952308
650 0.844615
650 0.915385
650 0.932308
650 0.88
650 0.94
650 0.955385
650 0.967692
650 0.949231
650 0.941538
650 0.867692
650 0.949231
650 0.855385
650 0.892308
650 0.936923
650 0.987692
650 0.950769
650 0.850769
650 0.975385
650 0.952308
650 0.924615
650 0.94
650 0.935385
700 0.937143
700 0.91
700 0.908571
700 0.911429
700 0.981429
700 0.988571
700 0.804286
700 0.941429
700 0.938571
700 0.92
700 0.96
700 0.981429
700 0.978571
700 0.935714
700 0.857143
700 0.847143
700 0.852857
700 0.878571
700 0.908571
700 0.952857
700 0.922857
700 0.884286
700 0.96
700 0.938571
700 0.878571
700 0.858571
700 0.927143
700 0.944286
700 0.875714
700 0.86
700 0.914286
700 0.957143
700 0.95
700 0.957143
700 0.888571
700 0.93
700 0.932857
700 0.887143
700 0.988571
700 0.957143
700 0.964286
700 0.63
700 0.97
700 0.942857
700 0.695714
700 0.945714
700 0.88
700 0.99
700 0.957143
700 0.948571
700 0.865714
700 0.928571
700 0.964286
700 0.935714
700 0.912857
700 0.928571
700 0.968571
700 0.92
700 0.892857
700 0.98
700 0.841429
700 0.901429
700 0.911429
700 0.84
700 0.937143
700 0.932857
700 0.877143
700 0.927143
700 0.898571
700 0.902857
700 0.981429
700 0.964286
700 0.944286
700 0.868571
700 0.928571
750 0.958667
750 0.949333
750 0.917333
750 0.956
750 0.961333
750 0.982667
750 0.972
750 0.846667
750 0.992
750 0.902667
750 0.788
750 0.868
750 0.984
750 0.968
750 0.864
750 0.930667
750 0.966667
750 0.862667
750 0.978667
750 0.889333
750 0.924
750 0.894667
750 0.746667
750 0.948
750 0.912
750 0.912
750 0.906667
750 0.898667
750 0.913333
750 0.894667
750 0.925333
750 0.924
750 0.956
750 0.905333
750 0.916
750 0.852
750 0.932
750 0.858667
750 0.8
750 0.926667
750 0.950667
750 0.705333
750 0.944
750 0.94
750 0.934667
750 0.92
750 0.906667
750 0.948
750 0.929333
750 0.910667
750 0.958667
750 0.990667
750 0.954667
750 0.96
750 0.878667
750 0.965333
750 0.954667
750 0.876
750 0.930667
750 0.842667
750 0.926667
750 0.921333
750 0.918667
750 0.864
750 0.909333
750 0.985333
750 0.890667
750 0.948
750 0.945333
750 0.978667
750 0.96
750 0.957333
750 0.974667
750 0.930667
750 0.873333
800 0.945
800 0.81125
800 0.9525
800 0.95375
800 0.8775
800 0.9125
800 0.8125
800 0.95625
800 0.96375
800 0.8825
800 0.91875
800 0.87625
800 0.91875
800 0.9325
800 0.8825
800 0.8775
800 0.9225
800 0.9475
800 0.94375
800 0.96125
800 0.95625
800 0.8975
800 0.93125
800 0.93625
800 0.94875
800 0.9325
800 0.905
800 0.89
800 0.9675
800 0.9275
800 0.89625
800 0.905
800 0.8575
800 0.95125
800 0.91875
800 0.9925
800 0.7675
800 0.9675
800 0.91
800 0.92
800 0.94
800 0.95625
800 0.9425
800 0.795
800 0.83125
800 0.97375
800 0.90125
800 0.97375
800 0.96
800 0.9225
800 0.8825
800 0.87875
800 0.96
800 0.94
800 0.93875
800 0.88875
800 0.905
800 0.94375
800 0.91125
800 0.93875
800 0.95375
800 0.96875
800 0.93625
800 0.9075
800 0.975
800 0.91625
800 0.97125
800 0.94
800 0.93375
800 0.86625
800 0.885
800 0.87
800 0.88
800 0.94375
800 0.93125
850 0.895294
850 0.94
850 0.903529
850 0.874118
850 0.981176
850 0.894118
850 0.931765
850 0.957647
850 0.867059
850 0.869412
850 0.909412
850 0.930588
850 0.972941
850 0.918824
850 0.923529
850 0.890588
850 0.912941
850 0.902353
850 0.861176
850 0.836471
850 0.945882
850 0.930588
850 0.909412
850 0.892941
850 0.924706
850 0.929412
850 0.962353
850 0.974118
850 0.945882
850 0.901176
850 0.811765
850 0.935294
850 0.925882
850 0.962353
850 0.955294
850 0.952941
850 0.942353
850 0.951765
850 0.963529
850 0.937647
850 0.891765
850 0.932941
850 0.944706
850 0.938824
850 0.922353
850 0.957647
850 0.9
850 0.847059
850 0.863529
850 0.884706
850 0.912941
850 0.930588
850 0.88
850 0.963529
850 0.943529
850 0.934118
850 0.967059
850 0.925882
850 0.934118
850 0.956471
850 0.844706
850 0.914118
850 0.891765
850 0.942353
850 0.92
850 0.955294
850 0.96
850 0.824706
850 0.949412
850 0.922353
850 0.941176
850 0.88
850 0.909412
850 0.961176
850 0.783529
900 0.933333
900 0.951111
900 0.943333
900 0.928889
900 0.923333
900 0.965556
900 0.894444
900 0.923333
900 0.938889
900 0.961111
900 0.952222
900 0.97
900 0.975556
900 0.935556
900 0.937778
900 0.945556
900 0.962222
900 0.917778
900 0.946667
900 0.877778
900 0.972222
900 0.892222
900 0.947778
900 0.955556
900 0.886667
900 0.841111
900 0.938889
900 0.898889
900 0.828889
900 0.872222
900 0.914444
900 0.934444
900 0.861111
900 0.914444
900 0.985556
900 0.931111
900 0.921111
900 0.935556
900 0.92
900 0.915556
900 0.76
900 0.855556
900 0.976667
900 0.897778
900 0.954444
900 0.976667
900 0.981111
900 0.967778
900 0.915556
900 0.943333
900 0.902222
900 0.883333
900 0.881111
900 0.952222
900 0.942222
900 0.958889
900 0.924444
900 0.977778
900 0.986667
900 0.936667
900 0.972222
900 0.951111
900 1
900 0.973333
900 0.791111
900 0.91
900 0.857778
900 0.921111
900 0.917778
900 0.953333
900 0.902222
900 0.906667
900 0.964444
900 0.986667
900 0.935556
950 0.970526
950 0.944211
950 0.950526
950 0.918947
950 0.958947
950 0.951579
950 0.803158
950 0.924211
950 0.94
950 0.863158
950 0.783158
950 0.916842
950 0.953684
950 0.98
950 0.956842
950 0.936842
950 0.914737
950 0.890526
950 0.981053
950 0.890526
950 0.910526
950 0.965263
950 0.946316
950 0.951579
950 0.914737
950 0.906316
950 0.957895
950 0.950526
950 0.930526
950 0.986316
950 0.884211
950 0.928421
950 0.915789
950 0.943158
950 0.905263
950 0.913684
950 0.930526
950 0.886316
950 0.996842
950 0.912632
950 0.937895
950 0.930526
950 0.904211
950 0.98
950 0.950526
950 0.798947
950 0.964211
950 0.931579
950 0.974737
950 0.907368
950 0.9
950 0.934737
950 0.918947
950 0.898947
950 0.967368
950 0.936842
950 0.943158
950 0.891579
950 0.948421
950 0.942105
950 0.894737
950 0.885263
950 0.891579
950 0.983158
950 0.983158
950 0.971579
950 0.941053
950 0.933684
950 0.905263
950 0.914737
950 0.938947
950 0.941053
950 0.938947
950 0.903158
950 0.956842
1000 0.922
1000 0.92
1000 0.938
1000 0.896
1000 0.983
1000 0.929
1000 0.877
1000 0.974
1000 0.937
1000 0.932
1000 0.96
1000 0.924
1000 0.947
1000 0.805
1000 0.947
1000 0.888
1000 0.993
1000 0.898
1000 0.951
1000 0.968
1000 0.948
1000 0.792
1000 0.943
1000 0.917
1000 0.981
1000 0.954
1000 0.979
1000 0.967
1000 0.864
1000 0.99
1000 0.933
1000 0.901
1000 0.954
1000 0.929
1000 0.972
1000 0.96
1000 0.948
1000 0.953
1000 0.915
1000 0.919
1000 0.914
1000 0.959
1000 0.921
1000 0.875
1000 0.974
1000 0.903
1000 0.952
1000 0.981
1000 0.983
1000 0.928
1000 0.909
1000 0.883
1000 0.97
1000 0.886
1000 0.947
1000 0.96
1000 0.848
1000 0.803
1000 0.909
1000 0.946
1000 0.966
1000 0.952
1000 0.955
1000 0.955
1000 0.929
1000 0.939
1000 0.97
1000 0.925
1000 0.857
1000 0.978
1000 0.918
1000 0.901
1000 0.952
1000 0.955
1000 0.931
1050 0.979048
1050 0.888571
1050 0.98381
1050 0.948571
1050 0.691429
1050 0.917143
1050 0.866667
1050 0.933333
1050 0.949524
1050 0.937143
1050 0.94381
1050 0.939048
1050 0.912381
1050 0.966667
1050 0.946667
1050 0.96
1050 0.800952
1050 0.935238
1050 0.87619
1050 0.931429
1050 0.911429
1050 0.969524
1050 0.842857
1050 0.88
1050 0.917143
1050 0.867619
1050 0.92381
1050 0.966667
1050 0.933333
1050 0.991429
1050 0.91619
1050 0.945714
1050 0.927619
1050 0.94
1050 0.877143
1050 0.894286
1050 0.96381
1050 0.871429
1050 0.919048
1050 1
1050 0.932381
1050 0.961905
1050 0.905714
1050 0.848571
1050 0.975238
1050 0.921905
1050 0.971429
1050 0.879048
1050 0.928571
1050 0.948571
1050 0.972381
1050 0.920952
1050 0.970476
1050 0.869524
1050 0.95619
1050 0.911429
1050 0.950476
1050 0.979048
1050 0.970476
1050 0.920952
1050 0.878095
1050 0.964762
1050 0.914286
1050 0.938095
1050 0.96381
1050 0.921905
1050 0.962857
1050 0.908571
1050 0.962857
1050 0.912381
1050 0.919048
1050 0.955238
1050 0.93619
1050 0.871429
1050 0.914286
1100 0.944545
1100 0.88
1100 0.981818
1100 0.955455
1100 0.968182
1100 0.95
1100 0.953636
1100 0.943636
1100 0.919091
1100 0.903636
1100 0.96
1100 0.902727
1100 0.944545
1100 0.898182
1100 0.900909
1100 0.965455
1100 0.972727
1100 0.962727
1100 0.953636
1100 0.895455
1100 0.89
1100 0.958182
1100 0.929091
1100 0.957273
1100 0.940909
1100 0.867273
1100 0.9
1100 0.982727
1100 0.901818
1100 0.898182
1100 0.938182
1100 0.956364
1100 0.934545
1100 0.927273
1100 0.942727
1100 0.921818
1100 0.980909
1100 0.960909
1100 0.95
1100 0.955455
1100 0.948182
1100 0.911818
1100 0.913636
1100 0.907273
1100 0.971818
1100 0.892727
1100 0.928182
1100 0.969091
1100 0.988182
1100 0.913636
1100 0.977273
1100 0.971818
1100 0.952727
1100 0.967273
1100 0.875455
1100 0.918182
1100 0.937273
1100 0.951818
1100 0.951818
1100 0.970909
1100 0.95
1100 0.943636
1100 0.979091
1100 0.911818
1100 0.97
1100 0.98
1100 0.959091
1100 0.926364
1100 0.970909
1100 0.913636
1100 0.930909
1100 0.95
1100 0.975455
1100 0.880909
1100 0.828182
1150 0.943478
1150 0.831304
1150 0.964348
1150 0.987826
1150 0.866957
1150 0.938261
1150 0.976522
1150 0.897391
1150 0.941739
1150 0.988696
1150 0.917391
1150 0.851304
1150 0.948696
1150 0.912174
1150 0.936522
1150 0.933043
1150 0.943478
1150 0.841739
1150 0.930435
1150 0.862609
1150 0.961739
1150 0.947826
1150 0.94
1150 0.936522
1150 0.929565
1150 0.909565
1150 0.933043
1150 0.847826
1150 0.913913
1150 0.933913
1150 0.955652
1150 0.933043
1150 0.886087
1150 0.94
1150 0.941739
1150 0.928696
1150 0.997391
1150 0.938261
1150 0.962609
1150 0.908696
1150 0.917391
1150 0.948696
1150 0.911304
1150 0.890435
1150 0.956522
1150 0.977391
1150 0.969565
1150 0.963478
1150 0.972174
1150 0.887826
1150 0.926957
1150 0.944348
1150 0.961739
1150 0.78087
1150 0.969565
1150 0.894783
1150 0.98
1150 0.967826
1150 0.965217
1150 0.933913
1150 0.975652
1150 0.96
1150 0.916522
1150 0.958261
1150 0.898261
1150 0.893043
1150 0.950435
1150 0.967826
1150 0.941739
1150 0.964348
1150 0.815652
1150 0.94087
1150 0.882609
1150 0.848696
1150 0.947826
1200 0.94
1200 0.915
1200 0.950833
1200 0.92
1200 0.941667
1200 0.968333
1200 0.983333
1200 0.946667
1200 0.9
1200 0.903333
1200 0.931667
1200 0.919167
1200 0.973333
1200 0.863333
1200 0.958333
1200 0.921667
1200 0.926667
1200 0.93
1200 0.973333
1200 0.933333
1200 0.948333
1200 0.934167
1200 0.923333
1200 0.933333
1200 0.96
1200 0.888333
1200 0.9125
1200 0.925
1200 0.976667
1200 0.968333
1200 0.95
1200 0.909167
1200 0.976667
1200 0.96
1200 0.99
1200 0.959167
1200 0.970833
1200 0.886667
1200 0.9475
1200 0.944167
1200 0.929167
1200 0.83
1200 0.949167
1200 0.956667
1200 0.939167
1200 0.928333
1200 0.936667
1200 0.971667
1200 0.945833
1200 0.958333
1200 0.961667
1200 0.925
1200 0.935833
1200 0.960833
1200 0.965833
1200 0.949167
1200 0.941667
1200 0.9275
1200 0.8975
1200 0.939167
1200 0.955833
1200 0.986667
1200 0.888333
1200 0.985
1200 0.921667
1200 0.9475
1200 0.940833
1200 0.9075
1200 0.993333
1200 0.823333
1200 0.898333
1200 0.8875
1200 0.963333
1200 0.975833
1200 0.976667
1250 0.9584
1250 0.9552
1250 0.896
1250 0.9344
1250 0.9184
1250 0.9472
1250 0.9
1250 0.9528
1250 0.9024
1250 0.9248
1250 0.8968
1250 0.936
1250 0.872
1250 0.932
1250 0.9656
1250 0.9344
1250 0.8888
1250 0.9152
1250 0.9232
1250 0.948
1250 0.8744
1250 0.9512
1250 0.9296
1250 0.8912
1250 0.9392
1250 0.9208
1250 0.936
1250 0.9176
1250 0.9496
1250 0.9056
1250 0.9408
1250 0.8424
1250 0.9256
1250 0.9744
1250 0.9272
1250 0.9072
1250 0.9488
1250 0.9312
1250 0.9568
1250 0.9144
1250 0.9424
1250 0.9624
1250 0.9176
1250 0.852
1250 0.9656
1250 0.8968
1250 0.7448
1250 0.9224
1250 0.8816
1250 0.9408
1250 0.9744
1250 0.9256
1250 0.9248
1250 0.9352
1250 0.9952
1250 0.9224
1250 0.8984
1250 0.9576
1250 0.9512
1250 0.944
1250 0.9456
1250 0.9728
1250 0.9288
1250 0.952
1250 0.9208
1250 0.9264
1250 0.8952
1250 0.9128
1250 0.9496
1250 0.98
1250 0.8544
1250 0.9504
1250 0.8984
1250 0.916
1250 0.9736
1300 0.967692
1300 0.932308
1300 0.961538
1300 0.910769
1300 0.93
1300 0.964615
1300 0.951538
1300 0.961538
1300 0.918462
1300 0.967692
1300 0.956154
1300 0.918462
1300 0.909231
1300 0.918462
1300 0.925385
1300 0.905385
1300 0.904615
1300 0.927692
1300 0.923846
1300 0.957692
1300 0.915385
1300 0.956923
1300 0.782308
1300 0.925385
1300 0.936923
1300 0.936154
1300 0.964615
1300 0.892308
1300 0.940769
1300 0.810769
1300 0.961538
1300 0.908462
1300 0.881538
1300 0.988462
1300 0.943846
1300 0.930769
1300 0.942308
1300 0.957692
1300 0.906923
1300 0.915385
1300 0.940769
1300 0.902308
1300 0.933077
1300 0.966923
1300 0.877692
1300 0.931538
1300 0.969231
1300 0.937692
1300 0.941538
1300 0.912308
1300 0.946923
1300 0.957692
1300 0.916154
1300 0.95
1300 0.911538
1300 0.934615
1300 0.941538
1300 0.911538
1300 0.95
1300 0.966923
1300 0.960769
1300 0.947692
1300 0.921538
1300 0.9
1300 0.966923
1300 0.983077
1300 0.913077
1300 0.940769
1300 0.928462
1300 0.958462
1300 0.963077
1300 0.925385
1300 0.973846
1300 0.938462
1300 0.925385
1350 0.958519
1350 0.934074
1350 0.962222
1350 0.954074
1350 0.907407
1350 0.885926
1350 0.965185
1350 0.93037
1350 0.878519
1350 0.943704
1350 0.965926
1350 0.916296
1350 0.968889
1350 0.894074
1350 0.941481
1350 0.938519
1350 0.955556
1350 0.932593
1350 0.824444
1350 0.920741
1350 0.942963
1350 0.922222
1350 0.886667
1350 0.925185
1350 0.925926
1350 0.956296
1350 0.948889
1350 0.951852
1350 0.936296
1350 0.938519
1350 0.985926
1350 0.938519
1350 0.915556
1350 0.971852
1350 0.94963
1350 0.940741
1350 0.94963
1350 0.932593
1350 0.937778
1350 0.885185
1350 0.931852
1350 0.882222
1350 0.911852
1350 0.951111
1350 0.975556
1350 0.985185
1350 0.922963
1350 0.917778
1350 0.91037
1350 0.956296
1350 0.919259
1350 0.957037
1350 0.894074
1350 0.899259
1350 0.902963
1350 0.905926
1350 0.911111
1350 0.954074
1350 0.931852
1350 0.945926
1350 0.875556
1350 0.936296
1350 0.960741
1350 0.908889
1350 0.9
1350 0.872593
1350 0.957037
1350 0.920741
1350 0.865185
1350 0.91037
1350 0.962963
1350 0.926667
1350 0.899259
1350 0.95037
1350 0.957037
1400 0.917857
1400 0.968571
1400 0.914286
1400 0.931429
1400 0.942857
1400 0.930714
1400 0.945
1400 0.960714
1400 0.972857
1400 0.935
1400 0.944286
1400 0.937143
1400 0.937857
1400 0.967857
1400 0.973571
1400 0.868571
1400 0.946429
1400 0.961429
1400 0.912143
1400 0.952143
1400 0.883571
1400 0.931429
1400 0.994286
1400 0.93
1400 0.887143
1400 0.917143
1400 0.858571
1400 0.965
1400 0.965
1400 0.972857
1400 0.924286
1400 0.933571
1400 0.940714
1400 0.957857
1400 0.920714
1400 0.962143
1400 1
1400 0.905
1400 0.932857
1400 0.895714
1400 0.961429
1400 0.952857
1400 0.955714
1400 0.953571
1400 0.950714
1400 0.965
1400 0.924286
1400 0.970714
1400 0.925714
1400 0.956429
1400 0.956429
1400 0.954286
1400 0.855714
1400 0.985714
1400 0.935
1400 0.965
1400 0.917857
1400 0.967143
1400 0.883571
1400 0.95
1400 0.910714
1400 0.958571
1400 0.962857
1400 0.978571
1400 0.885
1400 0.968571
1400 0.929286
1400 0.952143
1400 0.893571
1400 0.913571
1400 0.902857
1400 0.856429
1400 0.945714
1400 0.979286
1400 0.979286
1450 0.949655
1450 0.938621
1450 0.936552
1450 0.971034
1450 0.962759
1450 0.929655
1450 0.910345
1450 0.848276
1450 0.957241
1450 0.901379
1450 0.905517
1450 0.991724
1450 0.904138
1450 0.971724
1450 0.962069
1450 0.963448
1450 0.951724
1450 0.94069
1450 0.956552
1450 0.975172
1450 0.908966
1450 0.921379
1450 0.876552
1450 0.861379
1450 0.904138
1450 0.947586
1450 0.926207
1450 0.928276
1450 0.970345
1450 0.95931
1450 0.937241
1450 0.943448
1450 0.991034
1450 0.931724
1450 0.93931
1450 0.951724
1450 0.948276
1450 0.917241
1450 0.868276
1450 0.954483
1450 0.921379
1450 0.908966
1450 0.897241
1450 0.911724
1450 0.933103
1450 0.970345
1450 0.895172
1450 0.966207
1450 0.917241
1450 0.957241
1450 0.849655
1450 0.961379
1450 0.925517
1450 0.954483
1450 0.984138
1450 0.90069
1450 0.973103
1450 0.941379
1450 0.964138
1450 0.935172
1450 0.982069
1450 0.943448
1450 0.915862
1450 0.870345
1450 0.89931
1450 0.908966
1450 0.91931
1450 0.952414
1450 0.882069
1450 0.96
1450 0.94069
1450 0.94
1450 0.942069
1450 0.975172
1450 0.947586
1500 0.968
1500 0.877333
1500 0.948
1500 0.907333
1500 0.928667
1500 0.956667
1500 0.939333
1500 0.946
1500 0.933333
1500 0.904667
1500 0.757333
1500 0.944667
1500 0.976667
1500 0.898667
1500 0.879333
1500 0.954667
1500 0.89
1500 0.936667
1500 0.960667
1500 0.966667
1500 0.940667
1500 0.925333
1500 0.95
1500 0.900667
1500 0.931333
1500 0.937333
1500 0.904667
1500 0.96
1500 0.964
1500 0.912667
1500 0.964667
1500 0.941333
1500 0.980667
1500 0.998
1500 0.914
1500 0.927333
1500 0.955333
1500 0.904
1500 0.872
1500 0.954667
1500 0.964
1500 0.924667
1500 0.950667
1500 0.96
1500 0.979333
1500 0.930667
1500 0.958667
1500 0.932667
1500 0.898667
1500 0.919333
1500 0.936
1500 0.934667
1500 0.933333
1500 0.934
1500 0.970667
1500 0.972667
1500 0.946
1500 0.980667
1500 0.951333
1500 0.919333
1500 0.912667
1500 0.92
1500 0.964
1500 0.9
1500 0.944667
1500 0.956667
1500 0.905333
1500 0.936
1500 0.930667
1500 0.916667
1500 0.931333
1500 0.936667
1500 0.914
1500 0.936
1500 0.927333
1550 0.947742
1550 0.890968
1550 0.898065
1550 0.943871
1550 0.873548
1550 0.933548
1550 0.95871
1550 0.890968
1550 0.916129
1550 0.684516
1550 0.916129
1550 0.887097
1550 0.878065
1550 0.984516
1550 0.947097
1550 0.950323
1550 0.970968
1550 0.966452
1550 0.976774
1550 0.888387
1550 0.939355
1550 0.945161
1550 0.883871
1550 0.994194
1550 0.983226
1550 0.934839
1550 0.923871
1550 0.92129
1550 0.935484
1550 0.92129
1550 0.894839
1550 0.963871
1550 0.994839
1550 0.920645
1550 0.912903
1550 0.976774
1550 0.932258
1550 0.918065
1550 0.950323
1550 0.980645
1550 0.949032
1550 0.951613
1550 0.949032
1550 0.941935
1550 0.925161
1550 0.940645
1550 0.914194
1550 0.966452
1550 0.867097
1550 0.904516
1550 0.955484
1550 0.893548
1550 0.992258
1550 0.944516
1550 0.965806
1550 0.977419
1550 0.949677
1550 0.938065
1550 0.911613
1550 0.930968
1550 0.927097
1550 0.955484
1550 0.951613
1550 0.930323
1550 0.926452
1550 0.946452
1550 0.98129
1550 0.827742
1550 0.954194
1550 0.92129
1550 0.923871
1550 0.976129
1550 0.906452
1550 0.945161
1550 0.98129
1600 0.928125
1600 0.885
1600 0.85625
1600 0.904375
1600 0.905625
1600 0.94875
1600 0.95875
1600 0.955625
1600 0.965625
1600 0.96875
1600 0.93375
1600 0.954375
1600 0.92625
1600 0.9125
1600 0.95125
1600 0.869375
1600 0.959375
1600 0.94
1600 0.9075
1600 0.938125
1600 0.9675
1600 0.970625
1600 0.975625
1600 0.95375
1600 0.925
1600 0.8975
1600 0.9375
1600 0.92
1600 0.92875
1600 0.941875
1600 0.940625
1600 0.941875
1600 0.945
1600 0.93375
1600 0.951875
1600 0.9675
1600 0.960625
1600 0.976875
1600 0.93875
1600 0.965625
1600 0.94
1600 0.92625
1600 0.943125
1600 0.9825
1600 0.978125
1600 0.968125
1600 0.9425
1600 0.96875
1600 0.94
1600 0.90625
1600 0.935625
1600 0.94375
1600 0.92625
1600 0.9325
1600 0.965
1600 0.96375
1600 0.84875
1600 0.94625
1600 0.926875
1600 0.966875
1600 0.91625
1600 0.93875
1600 0.95125
1600 0.9675
1600 0.89625
1600 0.995625
1600 0.944375
1600 0.930625
1600 0.9375
1600 0.95625
1600 0.87125
1600 0.9775
1600 0.909375
1600 0.935625
1600 0.899375
1650 0.952727
1650 0.93697
1650 0.942424
1650 0.956364
1650 0.955758
1650 0.955758
1650 0.953333
1650 0.964848
1650 0.94303
1650 0.912121
1650 0.909091
1650 0.921818
1650 0.949091
1650 0.92
1650 0.961818
1650 0.961212
1650 0.964242
1650 0.938182
1650 0.970909
1650 0.975758
1650 0.904242
1650 0.924242
1650 0.887273
1650 0.989697
1650 0.873333
1650 0.932727
1650 0.966061
1650 0.982424
1650 0.986667
1650 0.891515
1650 0.952121
1650 0.932727
1650 0.929697
1650 0.973333
1650 0.843636
1650 0.885455
1650 0.907879
1650 0.932121
1650 0.904848
1650 0.904848
1650 0.930303
1650 0.942424
1650 0.949697
1650 0.932121
1650 0.951515
1650 0.937576
1650 0.948485
1650 0.909697
1650 0.982424
1650 0.950909
1650 0.910909
1650 0.95697
1650 0.944242
1650 0.928485
1650 0.961818
1650 0.948485
1650 0.892727
1650 0.97697
1650 0.944242
1650 0.901212
1650 0.945455
1650 0.981212
1650 0.913939
1650 0.933939
1650 0.854545
1650 0.975758
1650 0.966061
1650 0.935758
1650 0.970303
1650 0.930303
1650 0.851515
1650 0.848485
1650 0.915152
1650 0.839394
1650 0.915152
1700 0.947647
1700 0.957647
1700 0.924706
1700 0.944118
1700 0.944118
1700 0.958824
1700 0.926471
1700 0.876471
1700 0.913529
1700 0.941176
1700 0.957647
1700 0.925882
1700 0.939412
1700 0.890588
1700 0.887647
1700 0.933529
1700 0.934118
1700 0.933529
1700 0.925294
1700 0.97
1700 0.976471
1700 0.943529
1700 0.961176
1700 0.927647
1700 0.923529
1700 0.971176
1700 0.959412
1700 0.967647
1700 0.942353
1700 0.907647
1700 0.904706
1700 0.92
1700 0.939412
1700 0.902353
1700 0.944706
1700 0.945294
1700 0.959412
1700 0.94
1700 0.938235
1700 0.959412
1700 0.945882
1700 0.925882
1700 0.974706
1700 0.921176
1700 0.912941
1700 0.862941
1700 0.917647
1700 0.932941
1700 0.969412
1700 0.904118
1700 0.971176
1700 0.926471
1700 0.907647
1700 0.918824
1700 0.951176
1700 0.948824
1700 0.962941
1700 0.884706
1700 0.931176
1700 0.905294
1700 0.933529
1700 0.975294
1700 0.928235
1700 0.898824
1700 0.915882
1700 0.902941
1700 0.891765
1700 0.958235
1700 0.915294
1700 0.962941
1700 0.925294
1700 0.960588
1700 0.963529
1700 0.911176
1700 0.924706
1750 0.954857
1750 0.960571
1750 0.970857
1750 0.88
1750 0.905143
1750 0.937143
1750 0.934286
1750 0.898857
1750 0.970286
1750 0.94
1750 0.932571
1750 0.904571
1750 0.956
1750 0.950857
1750 0.929143
1750 0.936571
1750 0.938286
1750 0.947429
1750 0.958286
1750 0.966286
1750 0.880571
1750 0.968571
1750 0.906857
1750 0.885714
1750 0.878857
1750 0.929714
1750 0.946857
1750 0.957714
1750 0.902286
1750 0.928571
1750 0.892571
1750 0.913714
1750 0.947429
1750 0.938857
1750 0.965714
1750 0.947429
1750 0.970857
1750 0.932
1750 0.942857
1750 0.974286
1750 0.942286
1750 0.908
1750 0.985714
1750 0.88
1750 0.954857
1750 0.978286
1750 0.885714
1750 0.965143
1750 0.952
1750 0.951429
1750 0.932
1750 0.969714
1750 0.896571
1750 0.957143
1750 0.912571
1750 0.954286
1750 0.902286
1750 0.901143
1750 0.958286
1750 0.982286
1750 0.934286
1750 0.902857
1750 0.974857
1750 0.936
1750 0.912571
1750 0.986857
1750 0.938857
1750 0.943429
1750 0.900571
1750 0.989714
1750 0.521143
1750 0.945714
1750 0.993143
1750 0.924
1750 0.938857
1800 0.994444
1800 0.938889
1800 0.938889
1800 0.913333
1800 0.969444
1800 0.937778
1800 0.954444
1800 0.930556
1800 0.955556
1800 0.928333
1800 0.916111
1800 0.93
1800 0.911111
1800 0.940556
1800 0.892778
1800 0.953889
1800 0.969444
1800 0.926111
1800 0.881111
1800 0.879444
1800 0.963333
1800 0.971667
1800 0.918333
1800 0.942222
1800 0.917222
1800 0.928333
1800 0.951111
1800 0.96
1800 0.952778
1800 0.962222
1800 0.943889
1800 0.906111
1800 0.959444
1800 0.942778
1800 0.963333
1800 0.931111
1800 0.94
1800 0.982222
1800 0.957778
1800 0.885
1800 0.971111
1800 0.925
1800 0.936667
1800 0.957778
1800 0.858889
1800 0.971667
1800 0.94
1800 0.947222
1800 0.943333
1800 0.917222
1800 0.962222
1800 0.960556
1800 0.895556
1800 0.925
1800 0.950556
1800 0.857222
1800 0.911667
1800 0.904444
1800 0.927222
1800 0.887778
1800 0.961667
1800 0.96
1800 0.926667
1800 0.953333
1800 0.920556
1800 0.928333
1800 0.927778
1800 0.945556
1800 0.953889
1800 0.958333
1800 0.965556
1800 0.963889
1800 0.959444
1800 0.962778
1800 0.975556
1850 0.890811
1850 0.873514
1850 0.968649
1850 0.890811
1850 0.928649
1850 0.933514
1850 0.936757
1850 0.875135
1850 0.918378
1850 0.927027
1850 0.921622
1850 0.950811
1850 0.943243
1850 0.92973
1850 0.943784
1850 0.940541
1850 0.971892
1850 0.884324
1850 0.954595
1850 0.834054
1850 0.940541
1850 0.938919
1850 0.93027
1850 0.948108
1850 0.903243
1850 0.984865
1850 0.944324
1850 0.98
1850 0.943784
1850 0.965946
1850 0.953514
1850 0.943784
1850 0.971892
1850 0.979459
1850 0.942162
1850 0.95027
1850 0.951351
1850 0.994595
1850 0.979459
1850 0.967027
1850 0.930811
1850 0.914054
1850 0.912432
1850 0.959459
1850 0.897838
1850 0.926486
1850 0.862703
1850 0.921622
1850 0.963784
1850 0.965946
1850 0.947568
1850 0.962162
1850 0.912973
1850 0.964865
1850 0.96
1850 0.94973
1850 0.932432
1850 0.958919
1850 0.944324
1850 0.949189
1850 0.947027
1850 0.947027
1850 0.949189
1850 0.904324
1850 0.929189
1850 0.985946
1850 0.934595
1850 0.993514
1850 0.907568
1850 0.783243
1850 0.899459
1850 0.906486
1850 0.854595
1850 0.86973
1850 0.989189
1900 0.936316
1900 0.946842
1900 0.943684
1900 0.891579
1900 0.978947
1900 0.913158
1900 0.936842
1900 0.922105
1900 0.958947
1900 0.989474
1900 0.957368
1900 0.965263
1900 0.938421
1900 0.917895
1900 0.972105
1900 0.953684
1900 0.893684
1900 0.951579
1900 0.98
1900 0.883684
1900 0.966842
1900 0.923158
1900 0.942632
1900 0.945789
1900 0.863158
1900 0.982632
1900 0.967368
1900 0.954211
1900 0.955789
1900 0.994211
1900 1
1900 0.912632
1900 0.947368
1900 0.904737
1900 0.960526
1900 0.924211
1900 0.933158
1900 0.947895
1900 0.942632
1900 0.978947
1900 0.966316
1900 0.929474
1900 0.946842
1900 0.938947
1900 0.89
1900 0.954211
1900 0.951053
1900 0.941579
1900 0.990526
1900 0.980526
1900 0.9
1900 0.957368
1900 0.948947
1900 0.900526
1900 0.976316
1900 0.952105
1900 0.945789
1900 0.934211
1900 0.926842
1900 0.941579
1900 0.961053
1900 0.98
1900 0.933684
1900 0.916842
1900 0.915263
1900 0.974211
1900 0.955263
1900 0.932105
1900 0.952632
1900 0.947368
1900 0.928421
1900 0.956316
1900 0.973158
1900 0.967368
1900 0.860526
1950 0.933333
1950 0.953333
1950 0.935897
1950 0.931795
1950 0.953333
1950 0.985128
1950 0.934359
1950 0.898974
1950 0.945641
1950 0.907692
1950 0.966154
1950 0.949231
1950 0.9
1950 0.896923
1950 0.952821
1950 0.951282
1950 0.966667
1950 0.896923
1950 0.984103
1950 0.955897
1950 0.931795
1950 0.906667
1950 0.948205
1950 0.895385
1950 0.933846
1950 0.984103
1950 0.944615
1950 0.934359
1950 0.921026
1950 0.889744
1950 0.945641
1950 0.978974
1950 0.974872
1950 0.911282
1950 0.967692
1950 0.940513
1950 0.93641
1950 0.965128
1950 0.82
1950 0.944615
1950 0.937949
1950 0.910769
1950 0.918974
1950 0.879487
1950 0.961026
1950 0.957949
1950 0.954872
1950 0.969231
1950 0.921538
1950 0.960513
1950 0.914872
1950 0.894359
1950 0.884103
1950 0.985641
1950 0.942051
1950 0.918974
1950 0.997949
1950 0.917949
1950 0.898462
1950 0.958974
1950 0.937436
1950 0.894872
1950 0.942564
1950 0.958462
1950 0.949744
1950 0.905128
1950 0.921026
1950 0.889231
1950 0.852821
1950 0.926667
1950 0.942051
1950 0.91641
1950 0.959487
1950 0.972821
1950 0.961026
2000 0.9805
2000 0.982
2000 0.9445
2000 0.907
2000 0.886
2000 0.875
2000 0.9375
2000 0.89
2000 0.9575
2000 0.8915
2000 0.995
2000 0.9095
2000 0.9795
2000 0.917
2000 0.95
2000 0.9405
2000 0.9045
2000 0.9405
2000 0.877
2000 0.957
2000 0.956
2000 0.9045
2000 0.962
2000 0.917
2000 0.9775
2000 0.9485
2000 0.902
2000 0.9085
2000 0.957
2000 0.99
2000 0.957
2000 0.9745
2000 0.9615
2000 0.9525
2000 0.9195
2000 0.9505
2000 0.9625
2000 0.959
2000 0.9625
2000 0.92
2000 0.9165
2000 0.9875
2000 0.987
2000 0.866
2000 0.957
2000 0.94
2000 0.8815
2000 0.9125
2000 0.95
2000 0.9655
2000 0.8935
2000 0.947
2000 0.9475
2000 0.928
2000 0.978
2000 0.987
2000 0.9725
2000 0.883
2000 0.9065
2000 0.9735
2000 0.917
2000 0.985
2000 0.9115
2000 0.9475
2000 0.9415
2000 0.952
2000 0.873
2000 0.944
2000 0.9655
2000 0.983
2000 0.933
2000 0.946
2000 0.897
2000 0.9465
2000 0.9195
