50 0.06
50 0.5
50 0.02
50 0.18
50 0.26
50 0.26
50 0.32
50 0.58
50 0.02
50 0.2
50 0.14
50 0.14
50 0
50 0.12
50 0.18
50 0.12
50 0.44
50 0.66
50 0
50 0.02
50 0.16
50 0.04
50 0
50 0
50 0.08
50 0.66
50 0.36
50 0.68
50 0.18
50 0.16
50 0.12
50 0.06
50 0
50 0.14
50 0.1
50 0
50 0
50 0.7
50 0.82
50 0
50 0
50 0.3
50 0.14
50 0.78
50 0.5
50 0.4
50 0.18
50 0.68
50 0.4
50 0.2
50 0.48
50 0.1
50 0.56
50 0.14
50 0.32
50 0
50 0.44
50 0.12
50 0.1
50 0.08
50 0.34
50 0.2
50 0
50 0.22
50 0.74
50 0.26
50 0
50 0.02
50 0.54
50 0.12
50 0
50 0.2
50 0.5
50 0.68
50 0.14
100 0.27
100 0.26
100 0.54
100 0.21
100 0.84
100 0.89
100 0.56
100 0.83
100 0.79
100 0.59
100 0.86
100 0.81
100 0.28
100 0.33
100 0.95
100 0.18
100 0.69
100 0.43
100 0.29
100 0.72
100 0.69
100 0.69
100 0.53
100 0.72
100 0.46
100 0.67
100 0.35
100 0.48
100 0.21
100 0.6
100 0.75
100 0.45
100 0.24
100 0.76
100 0.81
100 0.49
100 0.74
100 0.61
100 0.13
100 0.6
100 0.6
100 0.12
100 0.29
100 0.72
100 0.78
100 0.81
100 0.2
100 0.36
100 0.74
100 0.71
100 0.76
100 0.35
100 0.27
100 0.62
100 0.57
100 0.94
100 0.86
100 0.8
100 0.82
100 0.82
100 0.77
100 0.52
100 0.46
100 0.53
100 0.55
100 0.18
100 0.76
100 0.68
100 0.76
100 0.72
100 0.03
100 0.63
100 0.56
100 0.07
100 0.79
150 0.693333
150 0.6
150 0.76
150 0.686667
150 0.546667
150 0.933333
150 0.74
150 0.866667
150 0.86
150 0.913333
150 0.933333
150 0.846667
150 0.493333
150 0.54
150 0.713333
150 0.706667
150 0.933333
150 0.686667
150 0.486667
150 0.88
150 0.84
150 0.753333
150 0.586667
150 0.58
150 0.866667
150 0.72
150 0.786667
150 0.853333
150 0.993333
150 0.826667
150 0.726667
150 0.766667
150 0.82
150 0.946667
150 0.693333
150 0.593333
150 0.453333
150 0.553333
150 0.52
150 0.686667
150 0.846667
150 0.4
150 0.333333
150 0.406667
150 0.286667
150 0.88
150 0.806667
150 0.58
150 0.766667
150 0.32
150 0.64
150 0.646667
150 0.746667
150 0.82
150 0.786667
150 0.686667
150 0.746667
150 0.786667
150 0.373333
150 0.713333
150 0.94
150 0.733333
150 0.92
150 0.593333
150 0.86
150 0.72
150 0.673333
150 0.32
150 0.886667
150 0.433333
150 0.733333
150 0.453333
150 0.733333
150 0.746667
150 0.766667
200 0.705
200 0.425
200 0.93
200 0.81
200 0.68
200 0.78
200 0.665
200 0.925
200 0.76
200 0.715
200 0.875
200 0.555
200 0.8
200 0.89
200 0.7
200 0.8
200 0.83
200 0.865
200 0.87
200 0.865
200 0.755
200 0.86
200 0.58
200 0.85
200 0.8
200 0.695
200 0.845
200 0.465
200 0.64
200 0.82
200 0.595
200 0.86
200 0.63
200 0.83
200 0.795
200 0.91
200 0.54
200 0.65
200 0.76
200 0.48
200 0.69
200 0.89
200 0.6
200 0.525
200 0.85
200 0.78
200 0.85
200 0.815
200 0.82
200 0.77
200 0.145
200 0.57
200 0.86
200 0.71
200 0.74
200 0.865
200 0.81
200 0.66
200 0.865
200 0.845
200 0.335
200 0.68
200 0.83
200 0.82
200 0.75
200 0.665
200 0.675
200 0.805
200 0.75
200 0.895
200 0.71
200 0.405
200 0.805
200 0.92
200 0.835
250 0.84
250 0.9
250 0.892
250 0.788
250 0.848
250 0.88
250 0.932
250 0.86
250 0.752
250 0.872
250 0.824
250 0.872
250 0.896
250 0.972
250 0.904
250 0.884
250 0.928
250 0.812
250 0.852
250 0.84
250 0.92
250 0.74
250 0.756
250 0.792
250 0.988
250 0.932
250 0.88
250 0.844
250 0.48
250 0.86
250 0.772
250 0.908
250 0.928
250 0.772
250 0.896
250 0.72
250 0.9
250 0.736
250 0.908
250 0.74
250 0.604
250 0.932
250 0.796
250 0.516
250 0.82
250 0.856
250 0.944
250 0.596
250 0.892
250 0.904
250 0.892
250 0.816
250 0.72
250 0.832
250 0.896
250 0.864
250 0.84
250 0.616
250 0.848
250 0.528
250 0.928
250 0.856
250 0.844
250 0.852
250 0.824
250 0.944
250 0.82
250 0.848
250 0.82
250 0.94
250 0.756
250 0.756
250 0.932
250 0.932
250 0.848
300 0.806667
300 0.926667
300 0.766667
300 0.823333
300 0.64
300 0.806667
300 0.813333
300 0.89
300 0.75
300 0.776667
300 0.93
300 0.816667
300 0.736667
300 0.876667
300 0.943333
300 0.76
300 0.863333
300 0.853333
300 0.823333
300 0.863333
300 0.916667
300 0.873333
300 0.803333
300 0.866667
300 0.96
300 0.89
300 0.923333
300 0.886667
300 0.89
300 0.916667
300 0.77
300 0.826667
300 0.833333
300 0.84
300 0.88
300 0.9
300 0.813333
300 0.943333
300 0.813333
300 0.953333
300 0.853333
300 0.883333
300 0.843333
300 0.9
300 0.796667
300 0.716667
300 0.8
300 0.863333
300 0.553333
300 0.903333
300 0.653333
300 0.933333
300 0.693333
300 0.746667
300 0.783333
300 0.92
300 0.923333
300 0.906667
300 0.893333
300 0.946667
300 0.873333
300 0.823333
300 0.91
300 0.796667
300 0.926667
300 0.913333
300 0.82
300 0.88
300 0.96
300 0.853333
300 0.64
300 0.903333
300 0.856667
300 0.816667
300 0.863333
350 0.922857
350 0.931429
350 0.871429
350 0.66
350 0.957143
350 0.56
350 0.737143
350 0.931429
350 0.908571
350 0.971429
350 0.851429
350 0.888571
350 0.891429
350 0.902857
350 0.84
350 0.842857
350 0.857143
350 0.88
350 0.905714
350 0.865714
350 0.92
350 0.651429
350 0.848571
350 0.791429
350 0.948571
350 0.877143
350 0.928571
350 0.851429
350 0.897143
350 0.862857
350 0.748571
350 0.985714
350 0.874286
350 0.911429
350 0.908571
350 0.842857
350 0.928571
350 0.562857
350 0.897143
350 0.788571
350 0.871429
350 0.922857
350 0.874286
350 0.928571
350 1
350 0.877143
350 0.742857
350 0.822857
350 0.828571
350 0.954286
350 0.854286
350 0.854286
350 0.942857
350 0.865714
350 0.98
350 0.954286
350 0.934286
350 0.857143
350 0.865714
350 0.774286
350 0.908571
350 0.828571
350 0.914286
350 0.905714
350 0.717143
350 0.865714
350 0.908571
350 0.874286
350 0.842857
350 0.865714
350 0.925714
350 0.931429
350 0.4
350 0.917143
350 0.865714
400 0.9
400 0.8425
400 0.9325
400 0.72
400 0.75
400 0.9025
400 0.895
400 0.685
400 0.8975
400 0.915
400 0.92
400 0.97
400 0.8975
400 0.7975
400 0.9075
400 0.89
400 0.88
400 0.5875
400 0.905
400 0.9375
400 0.9275
400 0.8675
400 0.9125
400 0.6775
400 0.9275
400 0.915
400 0.7175
400 0.635
400 0.8725
400 0.9275
400 0.9025
400 0.815
400 0.865
400 0.8975
400 0.9125
400 0.7875
400 0.8275
400 0.6325
400 0.94
400 0.925
400 0.8825
400 0.9125
400 0.875
400 0.79
400 0.87
400 0.89
400 0.9025
400 0.785
400 0.95
400 0.925
400 0.875
400 0.915
400 0.8875
400 0.7625
400 0.8675
400 0.895
400 0.915
400 0.8575
400 0.87
400 0.9475
400 0.855
400 0.8175
400 0.8225
400 0.93
400 0.93
400 0.9025
400 0.84
400 0.9275
400 0.9275
400 0.945
400 0.845
400 0.86
400 0.87
400 0.9875
400 0.8975
450 0.904444
450 0.957778
450 0.931111
450 0.995556
450 0.948889
450 0.897778
450 0.977778
450 0.982222
450 0.884444
450 0.877778
450 0.837778
450 0.8
450 0.955556
450 0.935556
450 0.764444
450 0.88
450 0.751111
450 0.855556
450 0.902222
450 0.953333
450 0.937778
450 0.953333
450 0.871111
450 0.931111
450 0.893333
450 0.806667
450 0.955556
450 0.702222
450 0.928889
450 0.66
450 0.902222
450 0.828889
450 0.937778
450 0.926667
450 0.935556
450 0.884444
450 0.848889
450 0.922222
450 0.915556
450 0.893333
450 0.873333
450 0.815556
450 0.642222
450 0.975556
450 0.946667
450 0.988889
450 0.864444
450 0.837778
450 0.924444
450 0.908889
450 0.904444
450 0.982222
450 0.891111
450 0.953333
450 0.94
450 0.908889
450 0.853333
450 0.944444
450 0.915556
450 0.904444
450 0.893333
450 0.86
450 0.884444
450 0.897778
450 0.893333
450 0.931111
450 0.92
450 0.793333
450 0.777778
450 0.848889
450 0.926667
450 0.826667
450 0.94
450 0.886667
450 0.664444
500 0.87
500 0.886
500 0.858
500 0.956
500 0.74
500 0.768
500 0.796
500 0.888
500 0.786
500 0.888
500 0.882
500 0.89
500 0.832
500 0.886
500 0.92
500 0.892
500 0.97
500 0.91
500 0.936
500 0.858
500 0.918
500 0.828
500 0.9
500 0.884
500 0.908
500 0.834
500 0.924
500 0.908
500 0.908
500 0.988
500 0.82
500 0.838
500 0.862
500 0.866
500 0.886
500 0.85
500 0.884
500 0.832
500 0.942
500 0.836
500 0.926
500 0.866
500 0.902
500 0.898
500 0.878
500 0.946
500 0.908
500 0.91
500 0.928
500 0.882
500 0.832
500 0.92
500 0.854
500 0.884
500 0.862
500 0.938
500 0.896
500 0.864
500 0.964
500 0.91
500 0.908
500 0.862
500 0.896
500 0.938
500 0.848
500 0.84
500 0.9
500 0.796
500 0.92
500 0.9
500 0.888
500 0.916
500 0.908
500 0.946
500 0.948
550 0.76
550 0.930909
550 0.910909
550 0.830909
550 0.88
550 0.952727
550 0.910909
550 0.896364
550 0.910909
550 0.910909
550 0.890909
550 0.849091
550 0.62
550 0.86
550 0.863636
550 0.894545
550 0.821818
550 0.852727
550 0.92
550 0.890909
550 0.961818
550 0.883636
550 0.861818
550 0.861818
550 0.983636
550 0.9
550 0.872727
550 0.905455
550 0.925455
550 0.870909
550 0.916364
550 0.856364
550 0.930909
550 0.0363636
550 0.898182
550 0.881818
550 0.929091
550 0.883636
550 0.916364
550 0.905455
550 0.94
550 0.901818
550 0.627273
550 0.858182
550 0.927273
550 0.867273
550 0.970909
550 0.870909
550 0.925455
550 0.965455
550 0.914545
550 0.930909
550 0.905455
550 0.847273
550 0.761818
550 0.898182
550 0.958182
550 0.84
550 0.86
550 0.785455
550 0.956364
550 0.952727
550 0.912727
550 0.86
550 0.965455
550 0.961818
550 0.86
550 0.898182
550 0.894545
550 0.803636
550 0.883636
550 0.870909
550 0.852727
550 0.965455
550 0.885455
600 0.948333
600 0.925
600 0.98
600 0.868333
600 0.931667
600 0.938333
600 0.863333
600 0.981667
600 0.9
600 0.84
600 0.771667
600 0.956667
600 0.803333
600 0.938333
600 0.845
600 0.905
600 0.886667
600 0.871667
600 0.91
600 0.926667
600 0.925
600 0.913333
600 0.948333
600 0.958333
600 0.865
600 0.933333
600 0.915
600 0.868333
600 0.92
600 0.928333
600 0.871667
600 0.896667
600 0.868333
600 0.918333
600 0.9
600 0.881667
600 0.951667
600 0.863333
600 0.926667
600 0.945
600 0.935
600 0.9
600 0.925
600 0.853333
600 0.92
600 0.863333
600 0.775
600 0.851667
600 0.831667
600 0.875
600 0.901667
600 0.933333
600 0.958333
600 0.858333
600 0.93
600 0.913333
600 0.88
600 0.913333
600 0.945
600 0.956667
600 0.875
600 0.881667
600 0.91
600 0.838333
600 0.988333
600 0.848333
600 0.95
600 0.81
600 0.87
600 0.89
600 0.92
600 0.86
600 0.886667
600 0.946667
600 0.771667
650 0.884615
650 0.887692
650 0.853846
650 0.872308
650 0.847692
650 0.826154
650 0.9
650 0.975385
650 0.829231
650 0.916923
650 0.849231
650 0.941538
650 0.890769
650 0.913846
650 0.718462
650 0.896923
650 0.933846
650 0.803077
650 0.906154
650 0.864615
650 0.806154
650 0.816923
650 0.98
650 0.901538
650 0.904615
650 0.890769
650 0.935385
650 0.930769
650 0.903077
650 0.88
650 0.895385
650 0.929231
650 0.926154
650 0.929231
650 0.9
650 0.849231
650 0.896923
650 0.910769
650 0.907692
650 0.913846
650 0.92
650 0.912308
650 0.84
650 0.929231
650 0.867692
650 0.936923
650 0.864615
650 0.789231
650 0.921538
650 0.953846
650 0.856923
650 0.861538
650 0.96
650 0.869231
650 0.918462
650 0.875385
650 0.906154
650 0.903077
650 0.864615
650 0.88
650 0.913846
650 0.923077
650 0.935385
650 0.869231
650 0.881538
650 0.910769
650 0.783077
650 0.910769
650 0.961538
650 0.950769
650 0.818462
650 0.878462
650 0.913846
650 0.909231
650 0.923077
700 0.732857
700 0.867143
700 0.698571
700 0.85
700 0.914286
700 0.927143
700 0.892857
700 0.895714
700 0.941429
700 0.928571
700 0.91
700 0.917143
700 0.981429
700 0.955714
700 0.84
700 0.907143
700 0.82
700 0.852857
700 0.938571
700 0.892857
700 0.908571
700 0.972857
700 0.935714
700 0.972857
700 0.86
700 0.814286
700 0.945714
700 0.962857
700 0.898571
700 0.931429
700 0.914286
700 0.902857
700 0.932857
700 0.962857
700 0.794286
700 0.974286
700 0.964286
700 0.862857
700 0.932857
700 0.904286
700 0.867143
700 0.907143
700 0.921429
700 0.927143
700 0.754286
700 0.951429
700 0.782857
700 0.945714
700 0.89
700 0.938571
700 0.811429
700 0.824286
700 0.901429
700 0.882857
700 0.815714
700 0.911429
700 0.897143
700 0.902857
700 0.881429
700 0.871429
700 0.734286
700 0.892857
700 0.928571
700 0.704286
700 0.932857
700 0.918571
700 0.85
700 0.924286
700 0.871429
700 0.865714
700 0.891429
700 0.932857
700 0.892857
700 0.847143
700 0.93
750 0.897333
750 0.926667
750 0.990667
750 0.972
750 0.932
750 0.956
750 0.929333
750 0.924
750 0.949333
750 0.889333
750 0.758667
750 0.930667
750 0.884
750 0.942667
750 0.924
750 0.934667
750 0.870667
750 0.934667
750 0.912
750 0.892
750 0.977333
750 0.894667
750 0.924
750 0.948
750 0.956
750 0.822667
750 0.908
750 0.864
750 0.874667
750 0.921333
750 0.889333
750 0.969333
750 0.886667
750 0.914667
750 0.898667
750 0.904
750 0.861333
750 0.908
750 0.841333
750 0.948
750 0.924
750 0.756
750 0.953333
750 0.901333
750 0.9
750 0.858667
750 0.905333
750 0.946667
750 0.884
750 0.841333
750 0.926667
750 0.933333
750 0.882667
750 0.934667
750 0.932
750 0.912
750 0.933333
750 0.912
750 0.864
750 0.922667
750 0.936
750 0.861333
750 0.906667
750 0.853333
750 0.888
750 0.925333
750 0.856
750 0.969333
750 0.870667
750 0.942667
750 0.941333
750 0.973333
750 0.896
750 0.876
750 0.892
800 0.915
800 0.81375
800 0.90875
800 0.9475
800 0.93375
800 0.9375
800 0.80875
800 0.89625
800 0.96875
800 0.91875
800 0.825
800 0.91875
800 0.9475
800 0.9725
800 0.94125
800 0.8775
800 0.91125
800 0.9375
800 0.87875
800 0.7725
800 0.925
800 0.90875
800 0.90375
800 0.93125
800 0.86875
800 0.9025
800 0.91
800 0.95
800 0.8775
800 0.86375
800 0.8675
800 0.945
800 0.9225
800 0.9175
800 0.92125
800 0.86125
800 0.81
800 0.9425
800 0.915
800 0.93
800 0.90625
800 0.86
800 0.8725
800 0.78875
800 0.9
800 0.9
800 0.97375
800 0.8925
800 0.86375
800 0.88875
800 0.86375
800 0.885
800 0.9225
800 0.92625
800 0.8775
800 0.88375
800 0.8825
800 0.91375
800 0.9075
800 0.96
800 0.9325
800 0.94875
800 0.935
800 0.94875
800 0.95625
800 0.89
800 0.87625
800 0.9175
800 0.885
800 0.9525
800 0.905
800 0.9075
800 0.92125
800 0.9075
800 0.975
850 0.925882
850 0.885882
850 0.896471
850 0.910588
850 0.861176
850 0.86
850 0.856471
850 0.922353
850 0.845882
850 0.963529
850 0.938824
850 0.911765
850 0.908235
850 0.888235
850 0.898824
850 0.92
850 0.961176
850 0.909412
850 0.941176
850 0.902353
850 0.934118
850 0.949412
850 0.881176
850 0.884706
850 0.915294
850 0.969412
850 0.910588
850 0.909412
850 0.927059
850 0.929412
850 0.835294
850 0.869412
850 0.974118
850 0.88
850 0.896471
850 0.889412
850 0.917647
850 0.910588
850 0.937647
850 0.921176
850 0.876471
850 0.929412
850 0.915294
850 0.882353
850 0.949412
850 0.941176
850 0.918824
850 0.92
850 0.837647
850 0.831765
850 0.922353
850 0.852941
850 0.915294
850 0.948235
850 0.847059
850 0.985882
850 0.943529
850 0.885882
850 0.924706
850 0.834118
850 0.74
850 0.861176
850 0.910588
850 0.88
850 0.892941
850 0.949412
850 0.821176
850 0.889412
850 0.918824
850 0.882353
850 0.944706
850 0.994118
850 0.863529
850 0.929412
850 0.870588
900 0.964444
900 0.937778
900 0.962222
900 0.918889
900 0.931111
900 0.931111
900 0.886667
900 0.828889
900 0.973333
900 0.95
900 0.966667
900 0.941111
900 0.887778
900 0.953333
900 0.902222
900 0.943333
900 0.943333
900 0.953333
900 0.847778
900 0.952222
900 0.916667
900 0.957778
900 0.905556
900 0.844444
900 0.82
900 0.646667
900 0.985556
900 0.86
900 0.893333
900 0.917778
900 0.907778
900 0.925556
900 0.834444
900 0.916667
900 0.874444
900 0.925556
900 0.933333
900 0.874444
900 0.96
900 0.922222
900 0.785556
900 0.812222
900 0.887778
900 0.9
900 0.93
900 0.901111
900 0.906667
900 0.906667
900 0.953333
900 0.922222
900 0.961111
900 0.846667
900 0.802222
900 0.904444
900 0.974444
900 0.955556
900 0.944444
900 0.958889
900 0.935556
900 0.884444
900 0.976667
900 0.92
900 0.882222
900 0.876667
900 0.791111
900 0.947778
900 0.877778
900 0.952222
900 0.918889
900 0.89
900 0.937778
900 0.93
900 0.966667
900 0.965556
900 0.864444
950 0.958947
950 0.909474
950 0.98
950 0.855789
950 0.915789
950 0.903158
950 0.787368
950 0.931579
950 0.932632
950 0.889474
950 0.868421
950 0.897895
950 0.905263
950 0.94
950 0.949474
950 0.892632
950 0.903158
950 0.914737
950 0.864211
950 0.935789
950 0.848421
950 0.835789
950 0.921053
950 0.954737
950 0.949474
950 0.966316
950 0.894737
950 0.94
950 0.957895
950 0.916842
950 0.955789
950 0.890526
950 0.901053
950 0.942105
950 0.963158
950 0.914737
950 0.942105
950 0.824211
950 0.962105
950 0.910526
950 0.889474
950 0.889474
950 0.94
950 0.9
950 0.954737
950 0.796842
950 0.848421
950 0.961053
950 0.870526
950 0.898947
950 0.965263
950 0.938947
950 0.865263
950 0.908421
950 0.909474
950 0.918947
950 0.907368
950 0.968421
950 0.949474
950 0.885263
950 0.857895
950 0.893684
950 0.907368
950 0.909474
950 0.927368
950 0.942105
950 0.941053
950 0.948421
950 0.902105
950 0.916842
950 0.895789
950 0.865263
950 0.992632
950 0.892632
950 0.949474
1000 0.945
1000 0.86
1000 0.934
1000 0.923
1000 0.982
1000 0.89
1000 0.901
1000 0.913
1000 0.885
1000 0.832
1000 0.978
1000 0.886
1000 0.926
1000 0.88
1000 0.906
1000 0.917
1000 0.922
1000 0.937
1000 0.931
1000 0.944
1000 0.94
1000 0.868
1000 0.95
1000 0.912
1000 0.915
1000 0.885
1000 0.926
1000 0.951
1000 0.845
1000 0.911
1000 0.917
1000 0.93
1000 0.971
1000 0.861
1000 0.958
1000 0.948
1000 0.938
1000 0.876
1000 0.895
1000 0.892
1000 0.884
1000 0.947
1000 0.943
1000 0.882
1000 0.936
1000 0.919
1000 0.875
1000 0.943
1000 0.888
1000 0.933
1000 0.923
1000 0.921
1000 0.943
1000 0.93
1000 0.904
1000 0.908
1000 0.918
1000 0.867
1000 0.933
1000 0.917
1000 0.897
1000 0.919
1000 0.959
1000 0.949
1000 0.954
1000 0.95
1000 0.912
1000 0.968
1000 0.887
1000 0.988
1000 0.918
1000 0.909
1000 0.906
1000 0.915
1000 0.916
1050 0.891429
1050 0.925714
1050 0.970476
1050 0.888571
1050 0.706667
1050 0.929524
1050 0.880952
1050 0.901905
1050 0.953333
1050 0.951429
1050 0.882857
1050 0.92
1050 0.855238
1050 0.950476
1050 0.9
1050 0.881905
1050 0.98381
1050 0.894286
1050 0.942857
1050 0.889524
1050 0.928571
1050 0.927619
1050 0.925714
1050 0.901905
1050 0.934286
1050 0.907619
1050 0.893333
1050 0.966667
1050 0.947619
1050 0.966667
1050 0.928571
1050 0.938095
1050 0.962857
1050 0.955238
1050 0.950476
1050 0.846667
1050 0.981905
1050 0.914286
1050 0.907619
1050 0.913333
1050 0.933333
1050 0.957143
1050 0.782857
1050 0.947619
1050 0.892381
1050 0.934286
1050 0.906667
1050 0.928571
1050 0.918095
1050 0.944762
1050 0.895238
1050 0.977143
1050 0.924762
1050 0.891429
1050 0.937143
1050 0.944762
1050 0.924762
1050 0.965714
1050 0.932381
1050 0.932381
1050 0.881905
1050 0.877143
1050 0.927619
1050 0.911429
1050 0.91619
1050 0.94381
1050 0.911429
1050 0.908571
1050 0.822857
1050 0.91619
1050 0.929524
1050 0.927619
1050 0.909524
1050 0.908571
1050 0.888571
1100 0.923636
1100 0.907273
1100 0.917273
1100 0.892727
1100 0.921818
1100 0.857273
1100 0.884545
1100 0.873636
1100 0.931818
1100 0.884545
1100 0.962727
1100 0.941818
1100 0.912727
1100 0.914545
1100 0.963636
1100 0.954545
1100 0.938182
1100 0.969091
1100 0.962727
1100 0.924545
1100 0.911818
1100 0.924545
1100 0.890909
1100 0.87
1100 0.932727
1100 0.788182
1100 0.905455
1100 0.913636
1100 0.89
1100 0.943636
1100 0.868182
1100 0.87
1100 0.969091
1100 0.875455
1100 0.893636
1100 0.924545
1100 0.924545
1100 0.973636
1100 0.930909
1100 0.924545
1100 0.948182
1100 0.931818
1100 0.927273
1100 0.918182
1100 0.9
1100 0.881818
1100 0.987273
1100 0.91
1100 0.947273
1100 0.920909
1100 0.934545
1100 0.875455
1100 0.968182
1100 0.944545
1100 0.962727
1100 0.914545
1100 0.920909
1100 0.948182
1100 0.899091
1100 0.930909
1100 0.868182
1100 0.912727
1100 0.931818
1100 0.901818
1100 0.947273
1100 0.94
1100 0.935455
1100 0.947273
1100 0.954545
1100 0.935455
1100 0.965455
1100 0.927273
1100 0.936364
1100 0.862727
1100 0.82
1150 0.874783
1150 0.882609
1150 0.898261
1150 0.894783
1150 0.938261
1150 0.885217
1150 0.946957
1150 0.82
1150 0.924348
1150 0.926957
1150 0.849565
1150 0.893043
1150 0.833043
1150 0.873913
1150 0.930435
1150 0.91913
1150 0.855652
1150 0.88
1150 0.946957
1150 0.925217
1150 0.946087
1150 0.966957
1150 0.935652
1150 0.904348
1150 0.924348
1150 0.918261
1150 0.958261
1150 0.816522
1150 0.861739
1150 0.94
1150 0.867826
1150 0.926957
1150 0.923478
1150 0.853913
1150 0.914783
1150 0.92087
1150 0.897391
1150 0.87913
1150 0.948696
1150 0.881739
1150 0.862609
1150 0.893043
1150 0.956522
1150 0.926957
1150 0.933043
1150 0.803478
1150 0.93913
1150 0.933913
1150 0.96
1150 0.908696
1150 0.891304
1150 0.924348
1150 0.947826
1150 0.913043
1150 0.930435
1150 0.913043
1150 0.948696
1150 0.882609
1150 0.927826
1150 0.946957
1150 0.946087
1150 0.915652
1150 0.908696
1150 0.74087
1150 0.962609
1150 0.901739
1150 0.921739
1150 0.963478
1150 0.904348
1150 0.898261
1150 0.956522
1150 0.82087
1150 0.983478
1150 0.857391
1150 0.934783
1200 0.948333
1200 0.944167
1200 0.950833
1200 0.941667
1200 0.96
1200 0.906667
1200 0.913333
1200 0.903333
1200 0.905833
1200 0.836667
1200 0.888333
1200 0.924167
1200 0.975
1200 0.89
1200 0.915
1200 0.861667
1200 0.95
1200 0.92
1200 0.934167
1200 0.93
1200 0.94
1200 0.94
1200 0.94
1200 0.8275
1200 0.959167
1200 0.93
1200 0.849167
1200 0.8925
1200 0.974167
1200 0.955833
1200 0.8925
1200 0.8975
1200 0.910833
1200 0.993333
1200 0.971667
1200 0.889167
1200 0.938333
1200 0.934167
1200 0.866667
1200 0.8675
1200 0.88
1200 0.751667
1200 0.915
1200 0.9175
1200 0.98
1200 0.973333
1200 0.905833
1200 0.9775
1200 0.919167
1200 0.935
1200 0.928333
1200 0.896667
1200 0.894167
1200 0.9175
1200 0.943333
1200 0.89
1200 0.923333
1200 0.954167
1200 0.950833
1200 0.9325
1200 0.929167
1200 0.971667
1200 0.828333
1200 0.945
1200 0.863333
1200 0.8975
1200 0.926667
1200 0.873333
1200 0.936667
1200 0.8675
1200 0.931667
1200 0.853333
1200 0.948333
1200 0.946667
1200 0.905833
1250 0.948
1250 0.9016
1250 0.9328
1250 0.84
1250 0.9216
1250 0.948
1250 0.9752
1250 0.964
1250 0.8848
1250 0.9416
1250 0.9032
1250 0.9296
1250 0.912
1250 0.9168
1250 0.8512
1250 0.928
1250 0.8904
1250 0.9048
1250 0.9184
1250 0.8632
1250 0.872
1250 0.932
1250 0.9016
1250 0.9088
1250 0.9008
1250 0.916
1250 0.8424
1250 0.9424
1250 0.8584
1250 0.8688
1250 0.9424
1250 0.8608
1250 0.9328
1250 0.9256
1250 0.9112
1250 0.9512
1250 0.8936
1250 0.8944
1250 0.948
1250 0.94
1250 0.964
1250 0.876
1250 0.9
1250 0.9184
1250 0.8568
1250 0.944
1250 0.7624
1250 0.924
1250 0.8856
1250 0.9584
1250 0.9312
1250 0.9176
1250 0.9256
1250 0.9168
1250 0.8712
1250 0.9008
1250 0.8768
1250 0.8776
1250 0.8896
1250 0.9088
1250 0.944
1250 0.8936
1250 0.9312
1250 0.8992
1250 0.8952
1250 0.964
1250 0.912
1250 0.9072
1250 0.9136
1250 0.892
1250 0.8408
1250 0.9064
1250 0.9424
1250 0.9624
1250 0.9368
1300 0.763077
1300 0.878462
1300 0.933077
1300 0.858462
1300 0.876154
1300 0.900769
1300 0.914615
1300 0.947692
1300 0.887692
1300 0.905385
1300 0.902308
1300 0.913846
1300 0.933846
1300 0.924615
1300 0.896154
1300 0.953077
1300 0.886154
1300 0.886923
1300 0.912308
1300 0.929231
1300 0.944615
1300 0.976154
1300 0.878462
1300 0.933077
1300 0.89
1300 0.909231
1300 0.888462
1300 0.926923
1300 0.866923
1300 0.830769
1300 0.920769
1300 0.908462
1300 0.844615
1300 0.995385
1300 0.914615
1300 0.931538
1300 0.916923
1300 0.941538
1300 0.906923
1300 0.906154
1300 0.948462
1300 0.968462
1300 0.956154
1300 0.97
1300 0.863077
1300 0.944615
1300 0.943077
1300 0.943846
1300 0.952308
1300 0.882308
1300 0.919231
1300 0.871538
1300 0.923846
1300 0.92
1300 0.918462
1300 0.917692
1300 0.953846
1300 0.893077
1300 0.913077
1300 0.908462
1300 0.917692
1300 0.906923
1300 0.854615
1300 0.957692
1300 0.943077
1300 0.901538
1300 0.949231
1300 0.958462
1300 0.868462
1300 0.933846
1300 0.924615
1300 0.755385
1300 0.925385
1300 0.903846
1300 0.946154
1350 0.872593
1350 0.919259
1350 0.96963
1350 0.948148
1350 0.894815
1350 0.923704
1350 0.987407
1350 0.94
1350 0.881481
1350 0.928889
1350 0.945926
1350 0.927407
1350 0.928148
1350 0.898519
1350 0.839259
1350 0.884444
1350 0.938519
1350 0.939259
1350 0.92963
1350 0.937037
1350 0.928148
1350 0.931111
1350 0.917778
1350 0.871111
1350 0.968148
1350 0.898519
1350 0.876296
1350 0.932593
1350 0.954815
1350 0.904444
1350 0.876296
1350 0.974074
1350 0.871111
1350 0.922222
1350 0.927407
1350 0.911111
1350 0.946667
1350 0.914815
1350 0.86
1350 0.90963
1350 0.920741
1350 0.827407
1350 0.920741
1350 0.961481
1350 0.94963
1350 0.937037
1350 0.963704
1350 0.883704
1350 0.943704
1350 0.96
1350 0.945926
1350 0.882963
1350 0.837778
1350 0.928148
1350 0.840741
1350 0.846667
1350 0.891852
1350 0.917778
1350 0.927407
1350 0.936296
1350 0.928148
1350 0.931111
1350 0.931852
1350 0.79037
1350 0.922963
1350 0.947407
1350 0.943704
1350 0.908889
1350 0.882963
1350 0.881481
1350 0.956296
1350 0.934815
1350 0.919259
1350 0.913333
1350 0.933333
1400 0.971429
1400 0.935
1400 0.938571
1400 0.921429
1400 0.962857
1400 0.955714
1400 0.886429
1400 0.910714
1400 0.964286
1400 0.862857
1400 0.925714
1400 0.912143
1400 0.963571
1400 0.935
1400 0.935
1400 0.878571
1400 0.923571
1400 0.940714
1400 0.900714
1400 0.942857
1400 0.947143
1400 0.926429
1400 0.969286
1400 0.935714
1400 0.884286
1400 0.93
1400 0.884286
1400 0.945
1400 0.927143
1400 0.953571
1400 0.915714
1400 0.947857
1400 0.918571
1400 0.935714
1400 0.930714
1400 0.917143
1400 0.887143
1400 0.876429
1400 0.927143
1400 0.914286
1400 0.931429
1400 0.92
1400 0.962143
1400 0.872857
1400 0.927857
1400 0.910714
1400 0.93
1400 0.95
1400 0.906429
1400 0.943571
1400 0.920714
1400 0.962857
1400 0.915714
1400 0.911429
1400 0.885714
1400 0.937143
1400 0.926429
1400 0.926429
1400 0.927857
1400 0.82
1400 0.905
1400 0.898571
1400 0.89
1400 0.886429
1400 0.872143
1400 0.944286
1400 0.929286
1400 0.937143
1400 0.871429
1400 0.897857
1400 0.918571
1400 0.832143
1400 0.888571
1400 0.895714
1400 0.952143
1450 0.942069
1450 0.92
1450 0.990345
1450 0.921379
1450 0.951034
1450 0.944828
1450 0.906897
1450 0.898621
1450 0.917931
1450 0.907586
1450 0.84069
1450 0.876552
1450 0.886207
1450 0.961379
1450 0.950345
1450 0.914483
1450 0.930345
1450 0.918621
1450 0.9
1450 0.898621
1450 0.913103
1450 0.906207
1450 0.871034
1450 0.965517
1450 0.875172
1450 0.886897
1450 0.918621
1450 0.944828
1450 0.963448
1450 0.884828
1450 0.888276
1450 0.907586
1450 0.930345
1450 0.907586
1450 0.914483
1450 0.953793
1450 0.986207
1450 0.86
1450 0.893793
1450 0.875862
1450 0.966897
1450 0.929655
1450 0.92
1450 0.870345
1450 0.776552
1450 0.986897
1450 0.902759
1450 0.936552
1450 0.904828
1450 0.914483
1450 0.917931
1450 0.944828
1450 0.932414
1450 0.978621
1450 0.955172
1450 0.874483
1450 0.896552
1450 0.924138
1450 0.962759
1450 0.897241
1450 0.952414
1450 0.938621
1450 0.964138
1450 0.883448
1450 0.883448
1450 0.937931
1450 0.922759
1450 0.918621
1450 0.85931
1450 0.888276
1450 0.968276
1450 0.933793
1450 0.942759
1450 0.92069
1450 0.882069
1500 0.910667
1500 0.906
1500 0.968667
1500 0.889333
1500 0.893333
1500 0.874667
1500 0.874
1500 0.898
1500 0.873333
1500 0.865333
1500 0.740667
1500 0.952
1500 0.908667
1500 0.897333
1500 0.954
1500 0.928667
1500 0.86
1500 0.96
1500 0.924
1500 0.925333
1500 0.949333
1500 0.904
1500 0.884667
1500 0.876667
1500 0.939333
1500 0.916667
1500 0.886
1500 0.900667
1500 0.898
1500 0.927333
1500 0.948
1500 0.926667
1500 0.915333
1500 0.93
1500 0.881333
1500 0.888667
1500 0.901333
1500 0.878
1500 0.919333
1500 0.909333
1500 0.945333
1500 0.911333
1500 0.916
1500 0.914
1500 0.950667
1500 0.900667
1500 0.972
1500 0.921333
1500 0.896667
1500 0.920667
1500 0.887333
1500 0.872667
1500 0.926667
1500 0.894
1500 0.914667
1500 0.926667
1500 0.932667
1500 0.9
1500 0.948667
1500 0.932667
1500 0.942
1500 0.826667
1500 0.916
1500 0.950667
1500 0.931333
1500 0.902667
1500 0.896
1500 0.896667
1500 0.921333
1500 0.875333
1500 0.924667
1500 0.946
1500 0.681333
1500 0.898
1500 0.941333
1550 0.92129
1550 0.903871
1550 0.917419
1550 0.859355
1550 0.905806
1550 0.933548
1550 0.9
1550 0.905806
1550 0.929677
1550 0.683226
1550 0.935484
1550 0.881935
1550 0.862581
1550 0.949032
1550 0.971613
1550 0.916129
1550 0.94129
1550 0.899355
1550 0.953548
1550 0.886452
1550 0.901935
1550 0.931613
1550 0.912903
1550 0.928387
1550 0.917419
1550 0.926452
1550 0.909032
1550 0.909677
1550 0.990323
1550 0.929032
1550 0.916129
1550 0.930323
1550 0.935484
1550 0.914194
1550 0.945161
1550 0.927742
1550 0.854194
1550 0.945806
1550 0.939355
1550 0.909677
1550 0.857419
1550 0.891613
1550 0.962581
1550 0.934839
1550 0.962581
1550 0.88129
1550 0.96
1550 0.965806
1550 0.907097
1550 0.966452
1550 0.909677
1550 0.947097
1550 0.946452
1550 0.961935
1550 0.983871
1550 0.852258
1550 0.967742
1550 0.903871
1550 0.970323
1550 0.878065
1550 0.905161
1550 0.904516
1550 0.927097
1550 0.951613
1550 0.909677
1550 0.965806
1550 0.86
1550 0.908387
1550 0.907097
1550 0.903871
1550 0.967097
1550 0.939355
1550 0.954194
1550 0.913548
1550 0.920645
1600 0.875625
1600 0.858125
1600 0.934375
1600 0.92875
1600 0.91875
1600 0.9575
1600 0.96125
1600 0.94
1600 0.958125
1600 0.8675
1600 0.8975
1600 0.956875
1600 0.9475
1600 0.90875
1600 0.91
1600 0.879375
1600 0.8825
1600 0.895
1600 0.86625
1600 0.85625
1600 0.956875
1600 0.953125
1600 0.921875
1600 0.869375
1600 0.946875
1600 0.933125
1600 0.8725
1600 0.9475
1600 0.91625
1600 0.914375
1600 0.888125
1600 0.94
1600 0.960625
1600 0.91375
1600 0.904375
1600 0.941875
1600 0.929375
1600 0.921875
1600 0.901875
1600 0.94375
1600 0.935
1600 0.938125
1600 0.929375
1600 0.9625
1600 0.961875
1600 0.954375
1600 0.91375
1600 0.9125
1600 0.848125
1600 0.8425
1600 0.9425
1600 0.96625
1600 0.951875
1600 0.885625
1600 0.923125
1600 0.965625
1600 0.92125
1600 0.90875
1600 0.95125
1600 0.923125
1600 0.941875
1600 0.89875
1600 0.9225
1600 0.970625
1600 0.853125
1600 0.87125
1600 0.92
1600 0.98
1600 0.9325
1600 0.928125
1600 0.864375
1600 0.9325
1600 0.846875
1600 0.90375
1600 0.8
1650 0.951515
1650 0.948485
1650 0.970303
1650 0.925455
1650 0.92
1650 0.915152
1650 0.975152
1650 0.875758
1650 0.94303
1650 0.891515
1650 0.884242
1650 0.94
1650 0.965455
1650 0.964242
1650 0.947879
1650 0.905455
1650 0.898182
1650 0.90303
1650 0.887273
1650 0.918788
1650 0.873939
1650 0.913939
1650 0.887273
1650 0.933333
1650 0.898788
1650 0.927879
1650 0.933333
1650 0.931515
1650 0.927273
1650 0.906061
1650 0.973333
1650 0.914545
1650 0.967879
1650 0.932727
1650 0.850303
1650 0.924848
1650 0.890909
1650 0.852727
1650 0.93697
1650 0.931515
1650 0.949697
1650 0.909091
1650 0.94303
1650 0.898788
1650 0.944242
1650 0.947273
1650 0.910909
1650 0.868485
1650 0.901818
1650 0.931515
1650 0.944848
1650 0.9
1650 0.870909
1650 0.950303
1650 0.934545
1650 0.960606
1650 0.919394
1650 0.933939
1650 0.935758
1650 0.913333
1650 0.929091
1650 0.936364
1650 0.880606
1650 0.930303
1650 0.823636
1650 0.961212
1650 0.928485
1650 0.955152
1650 0.957576
1650 0.892727
1650 0.798788
1650 0.866061
1650 0.955152
1650 0.940606
1650 0.917576
1700 0.916471
1700 0.907059
1700 0.864706
1700 0.915294
1700 0.854706
1700 0.942353
1700 0.878824
1700 0.940588
1700 0.836471
1700 0.890588
1700 0.907647
1700 0.895882
1700 0.935882
1700 0.953529
1700 0.908824
1700 0.938824
1700 0.967647
1700 0.870588
1700 0.928235
1700 0.94
1700 0.93
1700 0.939412
1700 0.925882
1700 0.884706
1700 0.924118
1700 0.947059
1700 0.897647
1700 0.973529
1700 0.975882
1700 0.946471
1700 0.921765
1700 0.863529
1700 0.892353
1700 0.903529
1700 0.973529
1700 0.942941
1700 0.866471
1700 0.927647
1700 0.94
1700 0.982353
1700 0.925882
1700 0.945294
1700 0.972353
1700 0.884118
1700 0.888824
1700 0.851176
1700 0.933529
1700 0.918824
1700 0.866471
1700 0.944118
1700 0.958824
1700 0.874118
1700 0.910588
1700 0.947059
1700 0.908824
1700 0.891176
1700 0.891176
1700 0.863529
1700 0.901176
1700 0.872941
1700 0.954118
1700 0.927647
1700 0.914118
1700 0.973529
1700 0.928824
1700 0.921765
1700 0.859412
1700 0.937647
1700 0.946471
1700 0.911176
1700 0.92
1700 0.912353
1700 0.950588
1700 0.915294
1700 0.957059
1750 0.902857
1750 0.882286
1750 0.904
1750 0.879429
1750 0.967429
1750 0.936
1750 0.885714
1750 0.772
1750 0.935429
1750 0.902857
1750 0.953143
1750 0.864
1750 0.921714
1750 0.938286
1750 0.864
1750 0.92
1750 0.9
1750 0.972571
1750 0.933714
1750 0.932
1750 0.822286
1750 0.935429
1750 0.838857
1750 0.847429
1750 0.863429
1750 0.976
1750 0.888
1750 0.946857
1750 0.901143
1750 0.961714
1750 0.903429
1750 0.928
1750 0.914857
1750 0.940571
1750 0.936571
1750 0.921714
1750 0.922286
1750 0.846857
1750 0.913714
1750 0.964
1750 0.931429
1750 0.935429
1750 0.981714
1750 0.912571
1750 0.924
1750 0.922857
1750 0.954857
1750 0.913143
1750 0.859429
1750 0.950286
1750 0.904571
1750 0.971429
1750 0.9
1750 0.936
1750 0.925714
1750 0.898857
1750 0.942286
1750 0.907429
1750 0.914857
1750 0.917714
1750 0.914857
1750 0.796
1750 0.893714
1750 0.937143
1750 0.864571
1750 0.968
1750 0.865143
1750 0.896
1750 0.882286
1750 0.934286
1750 0.829143
1750 0.926857
1750 0.938857
1750 0.934286
1750 0.888571
1800 0.952778
1800 0.922222
1800 0.874444
1800 0.911111
1800 0.896667
1800 0.966111
1800 0.837778
1800 0.883333
1800 0.907778
1800 0.871667
1800 0.956111
1800 0.917222
1800 0.905
1800 0.891111
1800 0.917778
1800 0.921111
1800 0.956667
1800 0.920556
1800 0.955556
1800 0.923333
1800 0.910556
1800 0.876111
1800 0.905
1800 0.927778
1800 0.936111
1800 0.827222
1800 0.9
1800 0.951667
1800 0.945
1800 0.868889
1800 0.971111
1800 0.967778
1800 0.860556
1800 0.936667
1800 0.907778
1800 0.952778
1800 0.795556
1800 0.925556
1800 0.913889
1800 0.890556
1800 0.951667
1800 0.939444
1800 0.918333
1800 0.958889
1800 0.912778
1800 0.933333
1800 0.915556
1800 0.878333
1800 0.909444
1800 0.955
1800 0.917222
1800 0.882778
1800 0.94
1800 0.901111
1800 0.952778
1800 0.895
1800 0.918333
1800 0.882778
1800 0.962222
1800 0.915556
1800 0.897778
1800 0.961667
1800 0.910556
1800 0.943889
1800 0.917778
1800 0.872222
1800 0.957222
1800 0.911111
1800 0.933333
1800 0.937222
1800 0.957778
1800 0.894444
1800 0.907222
1800 0.966667
1800 0.935556
1850 0.96973
1850 0.837838
1850 0.893514
1850 0.958378
1850 0.919459
1850 0.921622
1850 0.908649
1850 0.946486
1850 0.915676
1850 0.935676
1850 0.944865
1850 0.90973
1850 0.948649
1850 0.895676
1850 0.952973
1850 0.933514
1850 0.964324
1850 0.903243
1850 0.904865
1850 0.873514
1850 0.866486
1850 0.935676
1850 0.883784
1850 0.908108
1850 0.867568
1850 0.868108
1850 0.931892
1850 0.841081
1850 0.792973
1850 0.97027
1850 0.953514
1850 0.932432
1850 0.928649
1850 0.831351
1850 0.902162
1850 0.882703
1850 0.899459
1850 0.963243
1850 0.908649
1850 0.925405
1850 0.929189
1850 0.926486
1850 0.893514
1850 0.847568
1850 0.903784
1850 0.922703
1850 0.863784
1850 0.857838
1850 0.914054
1850 0.871892
1850 0.881622
1850 0.895135
1850 0.894595
1850 0.941081
1850 0.891351
1850 0.91027
1850 0.916757
1850 0.903784
1850 0.948108
1850 0.912973
1850 0.923243
1850 0.935676
1850 0.935676
1850 0.914054
1850 0.845405
1850 0.955135
1850 0.931892
1850 0.866486
1850 0.880541
1850 0.971892
1850 0.947027
1850 0.894595
1850 0.938378
1850 0.916757
1850 0.905946
1900 0.902632
1900 0.965263
1900 0.905789
1900 0.900526
1900 0.921579
1900 0.933684
1900 0.920526
1900 0.921053
1900 0.911579
1900 0.935789
1900 0.953158
1900 0.777368
1900 0.917368
1900 0.876842
1900 0.932105
1900 0.968947
1900 0.936316
1900 0.951579
1900 0.895789
1900 0.924737
1900 0.937895
1900 0.880526
1900 0.915789
1900 0.925263
1900 0.866316
1900 0.908947
1900 0.96
1900 0.940526
1900 0.964211
1900 0.885789
1900 0.915263
1900 0.906842
1900 0.913684
1900 0.981053
1900 0.98
1900 0.872105
1900 0.956316
1900 0.925263
1900 0.896316
1900 0.914211
1900 0.838421
1900 0.871053
1900 0.881579
1900 0.933158
1900 0.948421
1900 0.953158
1900 0.922105
1900 0.868947
1900 0.856316
1900 0.947895
1900 0.954737
1900 0.951579
1900 0.921053
1900 0.973158
1900 0.954211
1900 0.953158
1900 0.942632
1900 0.937895
1900 0.891053
1900 0.902105
1900 0.964737
1900 0.926316
1900 0.944737
1900 0.95
1900 0.901579
1900 0.91
1900 0.892632
1900 0.943158
1900 0.840526
1900 0.898421
1900 0.896316
1900 0.961053
1900 0.966316
1900 0.961579
1900 0.908947
1950 0.969231
1950 0.971795
1950 0.950256
1950 0.908205
1950 0.909231
1950 0.964103
1950 0.930256
1950 0.890769
1950 0.909744
1950 0.938462
1950 0.96359
1950 0.925641
1950 0.905641
1950 0.771282
1950 0.943077
1950 0.964615
1950 0.942564
1950 0.898974
1950 0.926667
1950 0.891282
1950 0.890769
1950 0.941538
1950 0.9
1950 0.939487
1950 0.940513
1950 0.934359
1950 0.934872
1950 0.942564
1950 0.87641
1950 0.929744
1950 0.959487
1950 0.952821
1950 0.944615
1950 0.926154
1950 0.973846
1950 0.893333
1950 0.906667
1950 0.925641
1950 0.956923
1950 0.997436
1950 0.947692
1950 0.887692
1950 0.91641
1950 0.889231
1950 0.893333
1950 0.913333
1950 0.882051
1950 0.959487
1950 0.94
1950 0.896923
1950 0.902051
1950 0.95641
1950 0.86359
1950 0.913333
1950 0.915385
1950 0.908205
1950 0.904103
1950 0.851795
1950 0.848205
1950 0.89641
1950 0.949231
1950 0.957436
1950 0.901026
1950 0.920513
1950 0.914872
1950 0.884103
1950 0.934872
1950 0.906154
1950 0.891795
1950 0.944615
1950 0.910769
1950 0.910256
1950 0.948205
1950 0.946154
1950 0.94359
2000 0.919
2000 0.937
2000 0.934
2000 0.8985
2000 0.8865
2000 0.8595
2000 0.9375
2000 0.9135
2000 0.8785
2000 0.8465
2000 0.874
2000 0.9225
2000 0.962
2000 0.963
2000 0.9345
2000 0.9465
2000 0.9135
2000 0.9615
2000 0.952
2000 0.9405
2000 0.906
2000 0.902
2000 0.924
2000 0.88
2000 0.888
2000 0.876
2000 0.883
2000 0.9475
2000 0.926
2000 0.8875
2000 0.9
2000 0.975
2000 0.889
2000 0.935
2000 0.951
2000 0.9085
2000 0.965
2000 0.9385
2000 0.9015
2000 0.931
2000 0.947
2000 0.972
2000 0.961
2000 0.9485
2000 0.9125
2000 0.9395
2000 0.8775
2000 0.8955
2000 0.939
2000 0.9505
2000 0.9205
2000 0.9305
2000 0.909
2000 0.931
2000 0.914
2000 0.9375
2000 0.9375
2000 0.951
2000 0.9075
2000 0.9295
2000 0.9585
2000 0.8855
2000 0.9005
2000 0.894
2000 0.893
2000 0.877
2000 0.946
2000 0.8575
2000 0.929
2000 0.9485
2000 0.923
2000 0.9345
2000 0.9655
2000 0.949
2000 0.907
