50 0.16
50 0.5
50 0.04
50 0.2
50 0.26
50 0.6
50 0.32
50 0.54
50 0.3
50 0.18
50 0.16
50 0.14
50 0.04
50 0.16
50 0.16
50 0
50 0.2
50 0.58
50 0.22
50 0.02
50 0.16
50 0.04
50 0
50 0
50 0.2
50 0.22
50 0.3
50 0.64
50 0.18
50 0.12
50 0.2
50 0.06
50 0.02
50 0.34
50 0.1
50 0.3
50 0.38
50 0.68
50 0.02
50 0
50 0.08
50 0.2
50 0.14
50 0.74
50 0.4
50 0.4
50 0.18
50 0.68
50 0.42
50 0.2
50 0.52
50 0.18
50 0.06
50 0
50 0.66
50 0.46
50 0.44
50 0
50 0.1
50 0
50 0.38
50 0.28
50 0.08
50 0
50 0.76
50 0.28
50 0
50 0.02
50 0.5
50 0.12
50 0.04
50 0.58
50 0.52
50 0.76
50 0.16
100 0.23
100 0
100 0.43
100 0.23
100 0.74
100 0.71
100 0.48
100 0.83
100 0.83
100 0.48
100 0.86
100 0.54
100 0.27
100 0.07
100 0.88
100 0.14
100 0.65
100 0.43
100 0.3
100 0.72
100 0.71
100 0.67
100 0.58
100 0.57
100 0.53
100 0.33
100 0
100 0.51
100 0.2
100 0.6
100 0.78
100 0.45
100 0.25
100 0.76
100 0.79
100 0.47
100 0.7
100 0.59
100 0.1
100 0.55
100 0.67
100 0.89
100 0.35
100 0.83
100 0.84
100 0.73
100 0.55
100 0.62
100 0.78
100 0.48
100 0.44
100 0.51
100 0.4
100 0.62
100 0.55
100 0.97
100 0.84
100 0.83
100 0.75
100 0.82
100 0.71
100 0.53
100 0.53
100 0.9
100 0.41
100 0.17
100 0.67
100 0.7
100 0.72
100 0.69
100 0
100 0.67
100 0.52
100 0.08
100 0.93
150 0.646667
150 0.586667
150 0.773333
150 0.78
150 0.593333
150 0.906667
150 0.74
150 0.9
150 0.826667
150 0.86
150 0.766667
150 0.853333
150 0.493333
150 0.52
150 0.706667
150 0.72
150 0.98
150 0.62
150 0.473333
150 0.766667
150 0.82
150 0.893333
150 0.573333
150 0.606667
150 0.86
150 0.76
150 0.386667
150 0.953333
150 0.886667
150 0.833333
150 0.78
150 0.78
150 0.78
150 0.966667
150 0.693333
150 0.586667
150 0.433333
150 0.533333
150 0.546667
150 0.7
150 0.813333
150 0.626667
150 0.58
150 0.433333
150 0.306667
150 0.913333
150 0.813333
150 0.553333
150 0.806667
150 0.36
150 0.64
150 0.56
150 0.766667
150 0.82
150 0.706667
150 0.82
150 0.78
150 0.813333
150 0.366667
150 0.686667
150 0.86
150 0.76
150 0.9
150 0.773333
150 0.84
150 0.8
150 0.813333
150 0.366667
150 0.946667
150 0.566667
150 0.746667
150 0.44
150 0.753333
150 0.746667
150 0.74
200 0.685
200 0.4
200 0.985
200 0.765
200 0.715
200 0.84
200 0.63
200 0.885
200 0.765
200 0.705
200 0.915
200 0.615
200 0.79
200 0.92
200 0.675
200 0.735
200 0.82
200 0.84
200 0.835
200 0.86
200 0.705
200 0.86
200 0.54
200 0.87
200 0.82
200 0.82
200 0.94
200 0.595
200 0.75
200 0.825
200 0.79
200 0.895
200 0.685
200 0.85
200 0.805
200 0.84
200 0.585
200 0.69
200 0.945
200 0.51
200 0.7
200 0.905
200 0.715
200 0.51
200 0.925
200 0.8
200 0.81
200 0.73
200 0.85
200 0.84
200 0.13
200 0.845
200 0.89
200 0.755
200 0.855
200 0.775
200 0.94
200 0.605
200 0.91
200 0.725
200 0.3
200 0.68
200 0.92
200 0.79
200 0.885
200 0.67
200 0.605
200 0.89
200 0.865
200 0.95
200 0.895
200 0.41
200 0.935
200 0.845
200 0.765
250 0.724
250 0.896
250 0.908
250 0.764
250 0.82
250 0.884
250 0.912
250 0.924
250 0.74
250 0.844
250 0.912
250 0.872
250 0.936
250 0.764
250 0.928
250 0.908
250 0.76
250 0.88
250 0.868
250 0.896
250 0.864
250 0.716
250 0.72
250 0.78
250 0.956
250 0.992
250 0.904
250 0.9
250 0.792
250 0.888
250 0.768
250 0.9
250 0.916
250 0.812
250 0.748
250 0.716
250 0.908
250 0.776
250 0.944
250 0.716
250 0.76
250 0.88
250 0.868
250 0.472
250 0.884
250 0.924
250 0.936
250 0.58
250 0.956
250 0.676
250 0.912
250 0.856
250 0.732
250 0.832
250 0.868
250 0.916
250 0.8
250 0.568
250 0.828
250 0.924
250 0.936
250 0.84
250 0.904
250 0.828
250 0.812
250 0.94
250 0.876
250 0.804
250 0.9
250 0.928
250 0.684
250 0.808
250 0.916
250 0.944
250 0.876
300 0.913333
300 0.973333
300 0.886667
300 0.886667
300 0.673333
300 0.86
300 0.926667
300 0.68
300 0.71
300 0.826667
300 0.893333
300 0.83
300 0.816667
300 0.91
300 0.886667
300 0.88
300 0.863333
300 0.813333
300 0.896667
300 0.86
300 0.92
300 0.516667
300 0.923333
300 0.933333
300 0.953333
300 0.95
300 0.896667
300 0.853333
300 0.906667
300 0.933333
300 0.833333
300 0.8
300 0.823333
300 0.866667
300 0.84
300 0.96
300 0.94
300 0.953333
300 0.93
300 0.973333
300 0.836667
300 0.92
300 0.933333
300 0.833333
300 0.826667
300 0.733333
300 0.78
300 0.9
300 0.53
300 0.94
300 0.733333
300 0.946667
300 0.746667
300 0.773333
300 0.8
300 0.94
300 0.903333
300 0.893333
300 0.846667
300 0.95
300 0.9
300 0.82
300 0.833333
300 0.796667
300 0.84
300 0.933333
300 0.953333
300 0.88
300 0.92
300 0.906667
300 0.863333
300 0.916667
300 0.84
300 0.803333
300 0.84
350 0.871429
350 0.951429
350 0.854286
350 0.805714
350 0.962857
350 0.608571
350 0.797143
350 0.845714
350 0.902857
350 0.954286
350 0.831429
350 0.785714
350 0.92
350 0.885714
350 0.86
350 0.637143
350 0.888571
350 0.871429
350 0.908571
350 0.771429
350 0.931429
350 0.748571
350 0.957143
350 0.948571
350 0.945714
350 0.937143
350 0.845714
350 0.871429
350 0.96
350 0.937143
350 0.742857
350 0.871429
350 0.945714
350 0.905714
350 0.925714
350 0.931429
350 0.962857
350 0.611429
350 0.857143
350 0.831429
350 0.945714
350 0.897143
350 0.92
350 0.945714
350 0.971429
350 0.928571
350 0.731429
350 0.954286
350 0.865714
350 0.908571
350 0.894286
350 0.805714
350 0.865714
350 0.851429
350 0.862857
350 0.92
350 0.862857
350 0.794286
350 0.92
350 0.9
350 0.897143
350 0.851429
350 0.92
350 0.92
350 0.737143
350 0.84
350 0.948571
350 0.831429
350 0.888571
350 0.871429
350 0.96
350 0.937143
350 0.405714
350 0.828571
350 0.845714
400 0.9725
400 0.845
400 0.935
400 0.775
400 0.73
400 0.915
400 0.88
400 0.625
400 0.9925
400 0.9275
400 0.875
400 0.9425
400 0.8725
400 0.9
400 0.8975
400 0.8775
400 0.905
400 0.575
400 0.9125
400 0.9025
400 0.8475
400 0.955
400 0.8725
400 0.785
400 0.985
400 0.98
400 0.86
400 0.6225
400 0.95
400 0.8975
400 0.9175
400 0.8625
400 0.8875
400 0.8475
400 0.9275
400 0.87
400 0.8
400 0.66
400 0.94
400 0.93
400 0.955
400 0.9075
400 0.9
400 0.885
400 0.955
400 0.9525
400 0.8575
400 0.8175
400 0.9525
400 0.955
400 0.93
400 0.8775
400 0.9075
400 0.795
400 0.84
400 0.9225
400 0.9275
400 0.9575
400 0.9025
400 0.9125
400 0.815
400 0.77
400 0.895
400 0.91
400 0.8725
400 0.8625
400 0.86
400 0.9275
400 0.875
400 0.9625
400 0.8125
400 0.8725
400 0.91
400 0.9475
400 0.89
450 0.917778
450 0.915556
450 0.935556
450 0.962222
450 0.951111
450 0.942222
450 0.957778
450 0.953333
450 0.822222
450 0.875556
450 0.913333
450 0.808889
450 0.877778
450 0.935556
450 0.751111
450 0.924444
450 0.822222
450 0.886667
450 0.857778
450 0.942222
450 0.924444
450 0.968889
450 0.902222
450 0.935556
450 0.92
450 0.848889
450 0.926667
450 0.915556
450 0.86
450 0.575556
450 0.922222
450 0.848889
450 0.906667
450 0.931111
450 0.84
450 0.922222
450 0.877778
450 0.917778
450 0.908889
450 0.96
450 0.902222
450 0.928889
450 0.857778
450 0.964444
450 0.96
450 0.955556
450 0.831111
450 0.922222
450 0.92
450 0.986667
450 0.92
450 0.762222
450 0.877778
450 0.928889
450 0.893333
450 0.964444
450 0.853333
450 0.953333
450 0.911111
450 0.966667
450 0.793333
450 0.911111
450 0.915556
450 0.92
450 0.944444
450 0.868889
450 0.982222
450 0.753333
450 0.735556
450 0.924444
450 0.902222
450 0.788889
450 0.942222
450 0.842222
450 0.724444
500 0.97
500 0.934
500 0.93
500 0.92
500 0.754
500 0.958
500 0.904
500 0.94
500 0.89
500 0.93
500 0.876
500 0.892
500 0.882
500 0.932
500 0.898
500 0.986
500 0.932
500 0.946
500 0.968
500 0.838
500 0.964
500 0.764
500 0.934
500 0.848
500 0.814
500 0.938
500 0.968
500 0.956
500 0.954
500 0.972
500 0.902
500 0.878
500 0.928
500 0.884
500 0.894
500 0.85
500 0.906
500 0.914
500 0.936
500 0.83
500 0.914
500 0.974
500 0.952
500 0.91
500 0.892
500 0.92
500 0.962
500 0.96
500 0.94
500 0.968
500 0.904
500 0.9
500 0.836
500 0.888
500 0.828
500 0.904
500 0.918
500 0.926
500 0.896
500 0.914
500 0.91
500 0.866
500 0.878
500 0.938
500 0.76
500 0.898
500 0.944
500 0.888
500 0.938
500 0.926
500 0.552
500 0.91
500 0.906
500 0.928
500 0.94
550 0.807273
550 0.896364
550 0.912727
550 0.969091
550 0.936364
550 0.927273
550 0.925455
550 0.914545
550 0.921818
550 0.930909
550 0.923636
550 0.889091
550 0.62
550 0.903636
550 0.898182
550 0.943636
550 0.836364
550 0.863636
550 0.930909
550 0.858182
550 0.945455
550 0.816364
550 0.92
550 0.812727
550 0.956364
550 0.914545
550 0.865455
550 0.918182
550 0.812727
550 0.921818
550 0.929091
550 0.94
550 0.969091
550 0
550 0.94
550 0.892727
550 0.921818
550 0.892727
550 0.958182
550 0.996364
550 0.936364
550 0.967273
550 0.905455
550 0.954545
550 0.890909
550 0.949091
550 0.985455
550 0.870909
550 0.929091
550 0.903636
550 0.941818
550 0.96
550 0.925455
550 0.909091
550 0.823636
550 0.756364
550 0.967273
550 0.82
550 0.918182
550 0.714545
550 0.967273
550 0.969091
550 0.989091
550 0.972727
550 0.943636
550 0.938182
550 0.878182
550 0.909091
550 0.909091
550 0.887273
550 0.912727
550 0.894545
550 0.88
550 0.887273
550 0.965455
600 0.895
600 0.848333
600 0.9
600 1
600 0.93
600 0.97
600 0.938333
600 0.908333
600 0.896667
600 0.925
600 0.805
600 0.915
600 0.861667
600 0.926667
600 0.936667
600 0.861667
600 0.955
600 0.898333
600 0.958333
600 0.921667
600 0.871667
600 0.976667
600 0.915
600 0.885
600 0.883333
600 0.926667
600 0.925
600 0.925
600 0.895
600 0.96
600 0.863333
600 0.943333
600 0.901667
600 0.938333
600 0.975
600 0.858333
600 0.936667
600 0.876667
600 0.88
600 0.948333
600 0.936667
600 0.976667
600 0.963333
600 0.895
600 0.966667
600 0.965
600 0.93
600 0.885
600 0.858333
600 0.855
600 0.971667
600 0.898333
600 0.936667
600 0.925
600 0.966667
600 0.918333
600 0.901667
600 0.903333
600 0.908333
600 0.916667
600 0.931667
600 0.911667
600 0.903333
600 0.955
600 0.93
600 0.961667
600 0.966667
600 0.838333
600 0.901667
600 0.951667
600 0.831667
600 0.866667
600 0.903333
600 0.98
600 0.981667
650 0.944615
650 0.863077
650 0.938462
650 0.924615
650 0.903077
650 0.869231
650 0.896923
650 0.898462
650 0.878462
650 0.898462
650 0.926154
650 0.990769
650 0.933846
650 0.950769
650 0.936923
650 0.923077
650 0.966154
650 0.875385
650 0.963077
650 0.906154
650 0.796923
650 0.858462
650 0.898462
650 0.892308
650 0.847692
650 0.912308
650 0.958462
650 0.946154
650 0.932308
650 0.933846
650 0.847692
650 0.890769
650 0.946154
650 0.932308
650 0.938462
650 0.907692
650 0.727692
650 0.981538
650 0.772308
650 0.970769
650 0.944615
650 0.94
650 0.893846
650 0.941538
650 0.843077
650 0.952308
650 0.861538
650 0.927692
650 0.938462
650 0.883077
650 0.884615
650 0.921538
650 0.907692
650 0.981538
650 0.92
650 0.984615
650 0.938462
650 0.918462
650 0.946154
650 0.926154
650 0.9
650 0.935385
650 0.863077
650 0.973846
650 0.946154
650 0.94
650 0.961538
650 0.927692
650 0.927692
650 0.907692
650 0.892308
650 0.890769
650 0.986154
650 0.98
650 0.944615
700 0.874286
700 0.995714
700 0.958571
700 0.922857
700 0.927143
700 0.901429
700 0.891429
700 0.981429
700 0.951429
700 0.901429
700 0.885714
700 0.967143
700 0.931429
700 0.945714
700 0.857143
700 0.878571
700 0.932857
700 0.938571
700 0.961429
700 0.821429
700 0.922857
700 0.928571
700 0.902857
700 0.972857
700 0.941429
700 0.88
700 0.974286
700 0.838571
700 0.952857
700 0.951429
700 0.911429
700 0.938571
700 0.95
700 0.921429
700 0.911429
700 0.971429
700 0.937143
700 0.897143
700 0.952857
700 0.887143
700 0.94
700 0.935714
700 0.947143
700 0.934286
700 0.761429
700 0.947143
700 0.901429
700 0.93
700 0.972857
700 0.964286
700 0.851429
700 0.855714
700 0.875714
700 0.948571
700 0.867143
700 0.981429
700 0.951429
700 0.927143
700 0.881429
700 0.825714
700 0.922857
700 0.935714
700 0.965714
700 0.74
700 0.944286
700 0.907143
700 0.912857
700 0.891429
700 0.937143
700 0.822857
700 0.915714
700 0.957143
700 0.98
700 0.874286
700 0.952857
750 0.957333
750 0.932
750 0.990667
750 0.997333
750 0.94
750 0.925333
750 0.970667
750 0.941333
750 0.968
750 0.874667
750 0.813333
750 0.956
750 0.978667
750 0.922667
750 0.954667
750 0.942667
750 0.904
750 0.92
750 0.858667
750 0.965333
750 0.972
750 0.876
750 0.741333
750 0.896
750 0.930667
750 0.932
750 0.949333
750 0.98
750 0.828
750 0.969333
750 0.953333
750 0.954667
750 0.949333
750 0.925333
750 0.972
750 0.872
750 0.834667
750 0.922667
750 0.936
750 0.94
750 0.976
750 0.712
750 0.952
750 0.956
750 0.937333
750 0.889333
750 0.9
750 0.946667
750 0.986667
750 0.989333
750 0.938667
750 0.905333
750 0.902667
750 0.925333
750 0.948
750 0.942667
750 0.968
750 0.956
750 0.950667
750 0.905333
750 0.962667
750 0.945333
750 0.884
750 0.865333
750 0.894667
750 0.882667
750 0.885333
750 0.934667
750 0.968
750 0.962667
750 0.918667
750 0.956
750 0.924
750 0.918667
750 0.896
800 0.93375
800 0.7875
800 0.94375
800 0.93375
800 0.9775
800 0.905
800 0.835
800 0.93875
800 0.99125
800 0.9
800 0.92375
800 0.9
800 0.97125
800 0.895
800 0.92625
800 0.925
800 0.8875
800 0.83
800 0.84875
800 0.9075
800 0.9425
800 0.90125
800 0.89875
800 0.95875
800 0.90625
800 0.9725
800 0.89875
800 0.92125
800 0.92
800 0.93625
800 0.94625
800 0.95375
800 0.87875
800 0.965
800 0.94
800 0.92375
800 0.9625
800 0.98
800 0.83125
800 0.8875
800 0.8825
800 0.9425
800 0.9225
800 0.79125
800 0.89375
800 0.89375
800 0.97625
800 0.8825
800 0.87375
800 0.925
800 0.9025
800 0.90875
800 0.95875
800 0.925
800 0.8825
800 0.96625
800 0.89125
800 0.9425
800 0.91875
800 0.9425
800 0.95
800 0.9775
800 0.92125
800 0.9275
800 0.92
800 0.91875
800 0.88125
800 0.96125
800 0.99375
800 0.96875
800 0.9575
800 0.8975
800 0.9525
800 0.93
800 0.90125
850 0.916471
850 0.981176
850 0.951765
850 0.968235
850 0.996471
850 0.943529
850 0.877647
850 0.911765
850 0.878824
850 0.864706
850 0.829412
850 0.911765
850 0.934118
850 0.916471
850 0.965882
850 0.924706
850 0.94
850 0.907059
850 0.932941
850 0.898824
850 0.891765
850 0.923529
850 0.909412
850 0.872941
850 0.937647
850 0.938824
850 0.965882
850 0.985882
850 0.92
850 0.885882
850 0.94
850 0.951765
850 0.924706
850 0.948235
850 0.881176
850 0.930588
850 0.949412
850 0.9
850 0.965882
850 0.777647
850 0.970588
850 0.994118
850 0.958824
850 0.937647
850 0.98
850 0.945882
850 0.952941
850 0.962353
850 0.864706
850 0.864706
850 0.878824
850 0.877647
850 0.958824
850 0.945882
850 0.901176
850 0.972941
850 0.965882
850 0.925882
850 0.951765
850 0.975294
850 0.895294
850 0.92
850 0.867059
850 0.96
850 0.907059
850 0.943529
850 0.944706
850 0.952941
850 0.963529
850 0.907059
850 0.954118
850 0.912941
850 0.92
850 0.92
850 0.897647
900 0.936667
900 0.925556
900 0.932222
900 0.901111
900 0.944444
900 0.983333
900 0.887778
900 0.881111
900 0.952222
900 0.926667
900 0.956667
900 0.917778
900 0.957778
900 0.943333
900 0.976667
900 0.966667
900 0.898889
900 0.92
900 0.902222
900 0.946667
900 0.992222
900 0.908889
900 0.997778
900 0.924444
900 0.955556
900 0.877778
900 0.878889
900 0.954444
900 0.84
900 0.888889
900 0.9
900 0.935556
900 0.945556
900 0.887778
900 0.892222
900 0.932222
900 0.917778
900 0.961111
900 0.922222
900 0.945556
900 0.764444
900 0.896667
900 0.962222
900 0.904444
900 0.964444
900 0.92
900 0.891111
900 0.904444
900 0.947778
900 0.971111
900 0.938889
900 0.905556
900 0.908889
900 0.927778
900 0.946667
900 0.952222
900 0.937778
900 0.868889
900 0.923333
900 0.947778
900 0.948889
900 0.913333
900 0.942222
900 0.974444
900 0.856667
900 0.936667
900 0.948889
900 0.957778
900 0.958889
900 0.947778
900 0.918889
900 0.947778
900 0.981111
900 0.922222
900 0.928889
950 0.975789
950 0.912632
950 0.929474
950 0.913684
950 0.909474
950 0.916842
950 0.873684
950 0.92
950 0.911579
950 0.929474
950 0.775789
950 0.946316
950 0.905263
950 0.963158
950 0.981053
950 0.934737
950 0.921053
950 0.904211
950 0.966316
950 0.882105
950 0.955789
950 0.815789
950 0.883158
950 0.911579
950 0.956842
950 0.954737
950 0.936842
950 0.927368
950 0.897895
950 0.952632
950 0.906316
950 0.928421
950 0.945263
950 0.949474
950 0.911579
950 0.88
950 0.96
950 0.877895
950 0.962105
950 0.896842
950 0.890526
950 0.916842
950 0.915789
950 0.973684
950 0.943158
950 0.935789
950 0.969474
950 0.942105
950 0.964211
950 0.908421
950 0.893684
950 0.977895
950 0.952632
950 0.958947
950 0.931579
950 0.934737
950 0.922105
950 0.909474
950 0.917895
950 0.931579
950 0.897895
950 0.872632
950 0.902105
950 0.925263
950 0.946316
950 0.942105
950 0.950526
950 0.961053
950 0.950526
950 0.871579
950 0.997895
950 0.875789
950 0.978947
950 0.948421
950 0.875789
1000 0.924
1000 0.887
1000 0.891
1000 0.906
1000 0.975
1000 0.92
1000 0.917
1000 0.956
1000 0.936
1000 0.806
1000 0.926
1000 0.915
1000 0.947
1000 0.929
1000 0.942
1000 0.919
1000 0.867
1000 0.921
1000 0.938
1000 0.973
1000 0.904
1000 0.833
1000 0.936
1000 0.927
1000 0.923
1000 0.907
1000 0.904
1000 0.963
1000 0.913
1000 0.974
1000 0.952
1000 0.93
1000 0.975
1000 0.935
1000 0.953
1000 0.986
1000 0.955
1000 0.938
1000 0.922
1000 1
1000 0.941
1000 0.888
1000 0.968
1000 0.867
1000 0.941
1000 0.897
1000 0.936
1000 0.95
1000 0.856
1000 0.984
1000 0.92
1000 0.932
1000 0.944
1000 0.945
1000 0.971
1000 0.929
1000 0.959
1000 0.907
1000 0.883
1000 0.961
1000 0.917
1000 0.935
1000 0.916
1000 0.958
1000 0.925
1000 0.893
1000 0.93
1000 0.918
1000 0.877
1000 0.933
1000 0.92
1000 0.901
1000 0.973
1000 0.947
1000 0.906
1050 0.926667
1050 0.95619
1050 0.938095
1050 0.940952
1050 0.787619
1050 0.972381
1050 0.94381
1050 0.944762
1050 0.919048
1050 0.933333
1050 0.909524
1050 0.922857
1050 0.94381
1050 0.929524
1050 0.900952
1050 0.950476
1050 0.972381
1050 0.962857
1050 0.93619
1050 0.961905
1050 0.914286
1050 0.939048
1050 0.861905
1050 0.89619
1050 0.925714
1050 0.909524
1050 0.933333
1050 0.886667
1050 0.933333
1050 0.948571
1050 0.940952
1050 0.966667
1050 0.9
1050 0.92
1050 0.905714
1050 0.860952
1050 0.888571
1050 0.932381
1050 0.910476
1050 0.921905
1050 0.915238
1050 0.973333
1050 0.781905
1050 0.88
1050 0.908571
1050 0.953333
1050 0.94
1050 0.939048
1050 0.917143
1050 0.920952
1050 0.89619
1050 0.930476
1050 0.961905
1050 0.893333
1050 0.975238
1050 0.92
1050 0.975238
1050 0.987619
1050 0.950476
1050 0.94381
1050 0.849524
1050 0.974286
1050 0.919048
1050 0.904762
1050 0.991429
1050 0.88
1050 0.911429
1050 0.968571
1050 0.969524
1050 0.961905
1050 0.935238
1050 0.954286
1050 0.955238
1050 0.933333
1050 0.948571
1100 0.929091
1100 0.920909
1100 0.950909
1100 0.923636
1100 0.979091
1100 0.979091
1100 0.920909
1100 0.897273
1100 0.961818
1100 0.97
1100 0.93
1100 0.952727
1100 0.947273
1100 0.96
1100 0.99
1100 0.955455
1100 0.914545
1100 0.951818
1100 0.976364
1100 0.929091
1100 0.870909
1100 0.940909
1100 0.947273
1100 0.930909
1100 0.938182
1100 0.938182
1100 0.895455
1100 0.956364
1100 0.92
1100 0.987273
1100 0.924545
1100 0.930909
1100 0.946364
1100 0.93
1100 0.909091
1100 0.924545
1100 0.910909
1100 0.937273
1100 0.953636
1100 0.951818
1100 0.959091
1100 0.895455
1100 0.934545
1100 0.985455
1100 0.952727
1100 0.903636
1100 0.943636
1100 0.982727
1100 0.970909
1100 0.921818
1100 0.925455
1100 0.984545
1100 0.942727
1100 0.758182
1100 0.857273
1100 0.95
1100 0.928182
1100 0.957273
1100 0.986364
1100 0.915455
1100 0.967273
1100 0.950909
1100 0.874545
1100 0.943636
1100 0.995455
1100 0.949091
1100 0.962727
1100 0.992727
1100 0.934545
1100 0.896364
1100 0.919091
1100 0.896364
1100 0.968182
1100 0.984545
1100 0.847273
1150 0.965217
1150 0.906957
1150 0.906957
1150 0.964348
1150 0.942609
1150 0.932174
1150 0.906087
1150 0.889565
1150 0.938261
1150 0.953913
1150 0.946957
1150 0.956522
1150 0.904348
1150 0.936522
1150 0.92087
1150 0.964348
1150 0.942609
1150 0.814783
1150 0.93913
1150 0.965217
1150 0.996522
1150 0.929565
1150 0.913913
1150 0.935652
1150 0.915652
1150 0.933913
1150 0.946087
1150 0.938261
1150 0.962609
1150 0.96
1150 0.955652
1150 0.946087
1150 0.953043
1150 0.870435
1150 0.955652
1150 0.967826
1150 0.889565
1150 0.86
1150 0.971304
1150 0.943478
1150 0.893043
1150 0.887826
1150 0.952174
1150 0.935652
1150 0.952174
1150 0.78087
1150 0.931304
1150 0.914783
1150 0.876522
1150 0.970435
1150 0.965217
1150 0.954783
1150 0.951304
1150 0.906087
1150 0.952174
1150 0.904348
1150 0.944348
1150 0.935652
1150 0.894783
1150 0.958261
1150 0.94087
1150 0.927826
1150 0.911304
1150 0.892174
1150 0.871304
1150 0.952174
1150 0.913043
1150 0.98087
1150 0.932174
1150 0.933043
1150 0.974783
1150 0.971304
1150 0.925217
1150 0.875652
1150 0.944348
1200 0.900833
1200 0.9525
1200 0.875833
1200 0.965833
1200 0.971667
1200 0.963333
1200 0.958333
1200 0.921667
1200 0.935
1200 0.955833
1200 0.946667
1200 0.9025
1200 0.9525
1200 0.9075
1200 0.919167
1200 0.919167
1200 0.96
1200 0.9625
1200 0.965
1200 0.97
1200 0.960833
1200 0.939167
1200 0.971667
1200 0.884167
1200 0.935
1200 0.933333
1200 0.970833
1200 0.9425
1200 0.923333
1200 0.95
1200 0.965
1200 0.905833
1200 0.9775
1200 0.931667
1200 0.946667
1200 0.9225
1200 0.955
1200 0.9025
1200 0.918333
1200 0.988333
1200 0.916667
1200 0.860833
1200 0.920833
1200 0.93
1200 0.974167
1200 0.969167
1200 0.9875
1200 0.969167
1200 0.855
1200 0.9675
1200 0.943333
1200 0.895833
1200 0.925
1200 0.985833
1200 0.928333
1200 0.955833
1200 0.958333
1200 0.966667
1200 0.916667
1200 0.935
1200 0.965
1200 0.975
1200 0.8925
1200 0.944167
1200 0.93
1200 0.85
1200 0.975
1200 0.915833
1200 0.944167
1200 0.881667
1200 0.925
1200 0.848333
1200 0.864167
1200 0.955
1200 0.983333
1250 0.904
1250 0.9376
1250 0.9384
1250 0.8992
1250 0.9456
1250 0.9464
1250 0.8928
1250 0.9536
1250 0.916
1250 0.9816
1250 0.9392
1250 0.9648
1250 0.972
1250 0.9448
1250 0.9744
1250 0.9424
1250 0.9168
1250 0.9408
1250 0.9264
1250 0.9528
1250 0.9048
1250 0.9072
1250 0.9784
1250 0.9248
1250 0.976
1250 0.9488
1250 0.8936
1250 0.912
1250 0.9128
1250 0.9288
1250 0.9296
1250 0.8496
1250 0.944
1250 0.9312
1250 0.9712
1250 0.9424
1250 0.9144
1250 0.9656
1250 0.9344
1250 0.9712
1250 0.9608
1250 0.9544
1250 0.924
1250 0.9864
1250 0.94
1250 0.9248
1250 0.9712
1250 0.804
1250 0.908
1250 0.9424
1250 0.9584
1250 0.948
1250 0.9352
1250 0.9392
1250 0.9312
1250 0.9816
1250 0.9768
1250 0.932
1250 0.9368
1250 0.9456
1250 0.9568
1250 0.8776
1250 0.9304
1250 0.9488
1250 0.9184
1250 0.9776
1250 0.9496
1250 0.9104
1250 0.9472
1250 0.9672
1250 0.9312
1250 0.9488
1250 0.9896
1250 0.9264
1250 0.9848
1300 0.882308
1300 0.966923
1300 0.896154
1300 0.907692
1300 0.929231
1300 0.956923
1300 0.893077
1300 0.973846
1300 0.920769
1300 0.992308
1300 0.889231
1300 0.916154
1300 0.950769
1300 0.933846
1300 0.904615
1300 0.918462
1300 0.946154
1300 0.855385
1300 0.880769
1300 0.897692
1300 0.936154
1300 0.872308
1300 0.851538
1300 0.963846
1300 0.880769
1300 0.974615
1300 0.926154
1300 0.928462
1300 0.963846
1300 0.885385
1300 0.956923
1300 0.970769
1300 0.860769
1300 0.952308
1300 0.942308
1300 0.962308
1300 0.925385
1300 0.932308
1300 0.894615
1300 0.903077
1300 0.975385
1300 0.953846
1300 0.896154
1300 0.919231
1300 0.915385
1300 0.902308
1300 0.920769
1300 0.940769
1300 0.89
1300 0.933077
1300 0.889231
1300 0.963846
1300 0.961538
1300 0.938462
1300 0.893077
1300 0.995385
1300 0.957692
1300 0.923077
1300 0.936923
1300 0.913077
1300 0.911538
1300 0.920769
1300 0.903846
1300 0.963846
1300 0.903846
1300 0.889231
1300 0.891538
1300 0.884615
1300 0.918462
1300 0.949231
1300 0.948462
1300 0.73
1300 0.941538
1300 0.937692
1300 0.941538
1350 0.976296
1350 0.972593
1350 0.948148
1350 0.922222
1350 0.882222
1350 0.916296
1350 0.98963
1350 0.971111
1350 0.917778
1350 0.931852
1350 0.931852
1350 0.974074
1350 0.941481
1350 0.880741
1350 0.903704
1350 0.946667
1350 0.945185
1350 0.97037
1350 0.984444
1350 0.940741
1350 0.978519
1350 0.912593
1350 0.932593
1350 0.945185
1350 0.965185
1350 0.94963
1350 0.94963
1350 0.954815
1350 0.936296
1350 0.956296
1350 0.957037
1350 0.871852
1350 0.922963
1350 0.960741
1350 0.905926
1350 0.941481
1350 0.948148
1350 0.891111
1350 0.905926
1350 0.926667
1350 0.939259
1350 0.874815
1350 0.961481
1350 0.980741
1350 0.963704
1350 0.947407
1350 0.914815
1350 0.923704
1350 0.959259
1350 0.928889
1350 0.977778
1350 0.907407
1350 0.854815
1350 0.934074
1350 0.884444
1350 0.962963
1350 0.960741
1350 0.883704
1350 0.888889
1350 0.960741
1350 0.937037
1350 0.958519
1350 0.974074
1350 0.931852
1350 0.928148
1350 0.947407
1350 0.983704
1350 0.908148
1350 0.874815
1350 0.897037
1350 0.939259
1350 0.897037
1350 0.94963
1350 0.971852
1350 0.92963
1400 0.932857
1400 0.935714
1400 0.907143
1400 0.933571
1400 0.985714
1400 0.915714
1400 0.962857
1400 0.943571
1400 0.964286
1400 0.96
1400 0.913571
1400 0.951429
1400 0.965714
1400 0.926429
1400 0.963571
1400 0.913571
1400 0.918571
1400 0.928571
1400 0.922143
1400 0.970714
1400 0.902143
1400 0.977857
1400 0.976429
1400 0.967857
1400 0.87
1400 0.886429
1400 0.912857
1400 0.907143
1400 0.959286
1400 0.945714
1400 0.923571
1400 0.957857
1400 0.927857
1400 0.935714
1400 0.936429
1400 0.945714
1400 0.92
1400 0.911429
1400 0.895714
1400 0.928571
1400 0.965
1400 0.933571
1400 0.946429
1400 0.894286
1400 0.952857
1400 0.962143
1400 0.867857
1400 0.916429
1400 0.951429
1400 0.960714
1400 0.932857
1400 0.963571
1400 0.898571
1400 0.944286
1400 0.95
1400 0.957143
1400 0.953571
1400 0.873571
1400 0.971429
1400 0.978571
1400 0.967143
1400 0.917857
1400 0.913571
1400 0.993571
1400 0.942143
1400 0.975714
1400 0.92
1400 0.965
1400 0.912143
1400 0.905
1400 0.922143
1400 0.837857
1400 0.973571
1400 0.979286
1400 0.923571
1450 0.928276
1450 0.875862
1450 0.974483
1450 0.991724
1450 0.982759
1450 0.954483
1450 0.934483
1450 0.950345
1450 0.925517
1450 0.931724
1450 0.927586
1450 0.933793
1450 0.942759
1450 0.935862
1450 0.943448
1450 0.922759
1450 0.943448
1450 0.888966
1450 0.944828
1450 0.947586
1450 0.94069
1450 0.874483
1450 0.9
1450 0.911034
1450 0.915172
1450 0.932414
1450 0.948966
1450 0.896552
1450 0.902759
1450 0.935172
1450 0.946897
1450 0.915862
1450 0.964828
1450 0.926207
1450 0.933793
1450 0.943448
1450 0.955172
1450 0.935172
1450 0.901379
1450 0.922069
1450 0.96069
1450 0.885517
1450 0.912414
1450 0.96069
1450 0.755862
1450 0.891034
1450 0.935862
1450 0.885517
1450 0.96
1450 0.971724
1450 0.888966
1450 0.937931
1450 0.961379
1450 0.902759
1450 0.97931
1450 0.868966
1450 0.927586
1450 0.996552
1450 0.986897
1450 0.948966
1450 0.945517
1450 0.995862
1450 0.965517
1450 0.992414
1450 0.933793
1450 0.868276
1450 0.930345
1450 0.916552
1450 0.828276
1450 0.94069
1450 0.944138
1450 0.929655
1450 0.921379
1450 0.895862
1450 0.949655
1500 0.956
1500 0.953333
1500 0.96
1500 0.946
1500 0.921333
1500 0.943333
1500 0.936667
1500 0.946667
1500 0.897333
1500 0.932667
1500 0.76
1500 0.89
1500 0.932
1500 0.969333
1500 0.890667
1500 0.926
1500 0.865333
1500 0.954
1500 0.977333
1500 0.944667
1500 0.93
1500 0.948
1500 0.937333
1500 0.946667
1500 0.973333
1500 0.916667
1500 0.844667
1500 0.943333
1500 0.936
1500 0.966
1500 0.944667
1500 0.953333
1500 0.961333
1500 0.958
1500 0.934
1500 0.889333
1500 0.930667
1500 0.899333
1500 0.936
1500 0.957333
1500 0.934
1500 0.932
1500 0.895333
1500 0.896
1500 0.945333
1500 0.918
1500 0.961333
1500 0.928
1500 0.928
1500 0.920667
1500 0.902
1500 0.956667
1500 0.950667
1500 0.917333
1500 0.954667
1500 0.954667
1500 0.941333
1500 0.962667
1500 0.920667
1500 0.965333
1500 0.936
1500 0.88
1500 0.897333
1500 0.949333
1500 0.945333
1500 0.962667
1500 0.956
1500 0.945333
1500 0.934
1500 0.947333
1500 0.946
1500 0.963333
1500 0.935333
1500 0.913333
1500 0.889333
1550 0.970968
1550 0.914839
1550 0.904516
1550 0.976774
1550 0.942581
1550 0.958065
1550 0.970968
1550 0.924516
1550 0.987742
1550 0.656129
1550 0.963226
1550 0.888387
1550 0.903226
1550 0.858065
1550 0.959355
1550 0.973548
1550 0.914194
1550 0.947097
1550 0.954839
1550 0.987097
1550 0.910968
1550 0.864516
1550 0.908387
1550 0.906452
1550 0.929677
1550 0.992903
1550 0.967097
1550 0.965161
1550 0.979355
1550 0.963226
1550 0.967742
1550 0.936129
1550 0.940645
1550 0.972258
1550 1
1550 0.963871
1550 0.96
1550 0.910323
1550 0.931613
1550 0.925161
1550 0.858065
1550 0.950323
1550 0.930968
1550 0.964516
1550 0.94129
1550 0.903871
1550 0.94129
1550 1
1550 0.947097
1550 0.911613
1550 0.97871
1550 0.883871
1550 0.938065
1550 0.953548
1550 0.95871
1550 0.916774
1550 0.961935
1550 0.909677
1550 0.932258
1550 0.874194
1550 0.887097
1550 0.954194
1550 0.934839
1550 0.951613
1550 0.926452
1550 0.96
1550 0.962581
1550 0.922581
1550 0.888387
1550 0.904516
1550 0.948387
1550 0.95871
1550 0.922581
1550 0.935484
1550 0.972258
1600 0.94375
1600 0.951875
1600 0.936875
1600 0.9475
1600 0.97375
1600 0.930625
1600 0.97
1600 0.935625
1600 0.945
1600 0.950625
1600 0.874375
1600 0.96
1600 0.903125
1600 0.9225
1600 0.98625
1600 0.9425
1600 0.965625
1600 0.949375
1600 0.936875
1600 0.963125
1600 0.876875
1600 0.95
1600 0.965625
1600 0.945
1600 0.9725
1600 0.968125
1600 0.939375
1600 0.90625
1600 0.936875
1600 0.93625
1600 0.94625
1600 0.979375
1600 0.945625
1600 0.896875
1600 0.9325
1600 0.9125
1600 0.9725
1600 0.908125
1600 0.918125
1600 0.958125
1600 0.906875
1600 0.941875
1600 0.953125
1600 0.954375
1600 0.905
1600 0.911875
1600 0.92125
1600 0.940625
1600 0.9275
1600 0.924375
1600 0.985
1600 0.973125
1600 0.934375
1600 0.945625
1600 0.96625
1600 0.981875
1600 0.9275
1600 0.954375
1600 0.96625
1600 0.934375
1600 0.96375
1600 0.921875
1600 0.99
1600 0.976875
1600 0.929375
1600 0.919375
1600 0.98375
1600 0.918125
1600 0.939375
1600 0.94875
1600 0.92125
1600 0.95875
1600 0.91875
1600 0.975625
1600 0.906875
1650 0.922424
1650 0.925455
1650 0.834545
1650 0.984242
1650 0.913333
1650 0.944242
1650 0.944242
1650 0.962424
1650 0.937576
1650 0.946061
1650 0.890303
1650 0.958788
1650 0.94303
1650 0.941212
1650 0.962424
1650 0.943636
1650 0.937576
1650 0.969091
1650 0.866667
1650 0.975758
1650 0.940606
1650 0.92303
1650 0.927879
1650 0.944848
1650 0.90303
1650 0.943636
1650 0.994545
1650 0.981818
1650 0.941818
1650 0.900606
1650 0.918788
1650 0.904848
1650 0.946667
1650 0.962424
1650 0.82
1650 0.910909
1650 0.929697
1650 0.925455
1650 0.94303
1650 0.941818
1650 0.981212
1650 0.953939
1650 0.955152
1650 0.935152
1650 0.981818
1650 0.981818
1650 0.908485
1650 0.960606
1650 0.9
1650 0.924242
1650 0.947879
1650 0.955758
1650 0.947879
1650 0.927879
1650 0.929697
1650 0.951515
1650 0.927273
1650 0.948485
1650 0.93697
1650 0.926667
1650 0.947879
1650 0.982424
1650 0.938182
1650 0.932121
1650 0.867879
1650 0.961818
1650 0.993333
1650 0.950303
1650 0.966667
1650 0.927879
1650 0.82303
1650 0.955152
1650 0.975758
1650 0.879394
1650 0.966061
1700 0.947059
1700 0.957059
1700 0.918824
1700 0.988824
1700 0.956471
1700 0.952941
1700 0.949412
1700 0.902353
1700 0.865294
1700 0.94
1700 0.934706
1700 0.908235
1700 0.902353
1700 0.871176
1700 0.937059
1700 0.986471
1700 0.948235
1700 0.972941
1700 0.969412
1700 0.918235
1700 0.936471
1700 0.976471
1700 0.946471
1700 0.921176
1700 0.917647
1700 0.99
1700 0.946471
1700 0.919412
1700 0.942353
1700 0.894706
1700 0.98
1700 0.891765
1700 0.934706
1700 0.94
1700 0.908235
1700 0.885882
1700 0.952941
1700 0.933529
1700 0.962353
1700 0.9
1700 0.954706
1700 0.958235
1700 0.921176
1700 0.96
1700 0.939412
1700 0.818824
1700 0.888235
1700 0.888824
1700 0.955882
1700 0.933529
1700 0.958824
1700 0.922941
1700 0.963529
1700 0.953529
1700 0.952941
1700 0.957647
1700 0.933529
1700 0.939412
1700 0.945294
1700 0.941176
1700 0.957059
1700 0.938235
1700 0.927647
1700 0.891176
1700 0.948824
1700 0.935294
1700 0.912353
1700 0.946471
1700 0.980588
1700 0.932941
1700 0.890588
1700 0.984118
1700 0.994706
1700 0.962353
1700 0.942353
1750 0.910857
1750 0.938286
1750 0.938286
1750 0.896
1750 0.963429
1750 0.914286
1750 0.943429
1750 0.906857
1750 0.963429
1750 0.862286
1750 0.990857
1750 0.989714
1750 0.886286
1750 0.938857
1750 0.876571
1750 0.925143
1750 0.964
1750 0.933143
1750 0.904
1750 0.952
1750 0.906286
1750 0.881143
1750 0.973714
1750 0.929714
1750 0.913714
1750 0.929143
1750 0.913143
1750 0.92
1750 0.945714
1750 0.950857
1750 0.946286
1750 0.977143
1750 0.913143
1750 0.977143
1750 0.950286
1750 0.950857
1750 0.980571
1750 0.935429
1750 0.889714
1750 0.964
1750 0.942857
1750 0.94
1750 0.977143
1750 0.930857
1750 0.975429
1750 0.938286
1750 0.949714
1750 0.894857
1750 0.925143
1750 0.917714
1750 0.984571
1750 0.964571
1750 0.909143
1750 0.933714
1750 0.937714
1750 0.955429
1750 0.948
1750 0.973714
1750 0.937714
1750 0.986286
1750 0.955429
1750 0.931429
1750 0.948
1750 0.960571
1750 0.936571
1750 0.964
1750 0.881143
1750 0.938857
1750 0.912571
1750 0.973714
1750 0.542286
1750 0.917143
1750 0.950857
1750 0.948571
1750 0.907429
1800 0.970556
1800 0.889444
1800 0.943889
1800 0.907778
1800 0.944444
1800 0.914444
1800 0.938333
1800 0.914444
1800 0.956111
1800 0.995556
1800 0.955556
1800 0.922778
1800 0.948889
1800 0.932222
1800 0.914444
1800 0.937222
1800 0.945556
1800 0.961667
1800 0.895556
1800 0.939444
1800 0.961667
1800 0.922778
1800 0.942778
1800 0.943333
1800 0.925556
1800 0.959444
1800 0.947222
1800 0.917222
1800 0.972778
1800 0.957222
1800 0.935
1800 0.950556
1800 0.923333
1800 0.961111
1800 0.986667
1800 0.927778
1800 0.77
1800 0.953889
1800 0.936667
1800 0.975
1800 0.97
1800 0.943889
1800 0.920556
1800 0.982222
1800 0.905
1800 0.915
1800 0.919444
1800 0.973333
1800 0.991667
1800 0.953333
1800 0.955
1800 0.958889
1800 0.977222
1800 0.962222
1800 0.961667
1800 0.940556
1800 0.988889
1800 0.941667
1800 0.942222
1800 0.99
1800 0.954444
1800 0.953889
1800 0.942222
1800 0.946667
1800 0.938333
1800 0.935556
1800 0.941111
1800 0.929444
1800 0.925
1800 0.903333
1800 0.984444
1800 0.954444
1800 0.948333
1800 0.964444
1800 0.923889
1850 0.951351
1850 0.94973
1850 0.96973
1850 0.965946
1850 0.946486
1850 0.948649
1850 0.96973
1850 0.886486
1850 0.908108
1850 0.945405
1850 0.882162
1850 0.954595
1850 0.967568
1850 0.928108
1850 0.92973
1850 0.936757
1850 0.948108
1850 0.951351
1850 0.92973
1850 0.887027
1850 0.916216
1850 0.960541
1850 0.905946
1850 0.86973
1850 0.953514
1850 0.945946
1850 0.968108
1850 0.92
1850 0.898919
1850 0.945405
1850 0.937838
1850 0.963243
1850 0.979459
1850 0.943784
1850 0.909189
1850 0.888108
1850 0.928108
1850 0.971351
1850 0.885946
1850 0.88973
1850 0.969189
1850 0.943243
1850 0.980541
1850 0.927027
1850 0.928108
1850 0.907027
1850 0.92
1850 0.896757
1850 0.971892
1850 0.977297
1850 0.945405
1850 0.858378
1850 0.933514
1850 0.965946
1850 0.941081
1850 0.944324
1850 0.919459
1850 0.958919
1850 0.908108
1850 0.918919
1850 0.939459
1850 0.984324
1850 0.945405
1850 0.971892
1850 0.915135
1850 0.937297
1850 0.943784
1850 0.868649
1850 0.901081
1850 0.917838
1850 0.967568
1850 0.932973
1850 0.917297
1850 0.88973
1850 0.931892
1900 0.958421
1900 0.944737
1900 0.987895
1900 0.941579
1900 0.952105
1900 0.913684
1900 0.943684
1900 0.925789
1900 0.900526
1900 0.904211
1900 0.927368
1900 0.883158
1900 0.929474
1900 0.934737
1900 0.912105
1900 0.933158
1900 0.932105
1900 0.912632
1900 0.936316
1900 0.991053
1900 0.957368
1900 0.907368
1900 0.982105
1900 0.937895
1900 0.932105
1900 0.966842
1900 0.966842
1900 0.931053
1900 0.928947
1900 0.897895
1900 0.923684
1900 0.942105
1900 0.959474
1900 0.931053
1900 0.998421
1900 0.898421
1900 0.920526
1900 0.933684
1900 0.906842
1900 0.954737
1900 0.917368
1900 0.973158
1900 0.893684
1900 0.939474
1900 0.967368
1900 0.975263
1900 0.915263
1900 0.927895
1900 0.917895
1900 0.955263
1900 0.943158
1900 0.969474
1900 0.950526
1900 0.885789
1900 0.970526
1900 0.948421
1900 0.914737
1900 0.962105
1900 0.941579
1900 0.950526
1900 0.940526
1900 0.944737
1900 0.962105
1900 0.947368
1900 0.954737
1900 0.945263
1900 0.947368
1900 0.917368
1900 0.944211
1900 0.997895
1900 0.973684
1900 0.986316
1900 0.955789
1900 0.973684
1900 0.932632
1950 0.973846
1950 0.931282
1950 0.940513
1950 0.927692
1950 0.928718
1950 0.956923
1950 0.939487
1950 0.913846
1950 0.969744
1950 0.884103
1950 0.937436
1950 0.948718
1950 0.934872
1950 0.916923
1950 0.960513
1950 0.989231
1950 0.930769
1950 0.917436
1950 0.971282
1950 0.947692
1950 0.903077
1950 0.958462
1950 0.984615
1950 0.903077
1950 0.944103
1950 0.990256
1950 0.944615
1950 0.942051
1950 0.93641
1950 0.927179
1950 0.939487
1950 0.967179
1950 0.974872
1950 0.958974
1950 0.970256
1950 0.917436
1950 0.847179
1950 0.953846
1950 0.973333
1950 0.958462
1950 0.958462
1950 0.884103
1950 0.941026
1950 0.971795
1950 0.949744
1950 0.977436
1950 0.950769
1950 0.951795
1950 0.972308
1950 0.965641
1950 0.923077
1950 0.977436
1950 0.906667
1950 0.978462
1950 0.964615
1950 0.899487
1950 0.959487
1950 0.939487
1950 0.96359
1950 0.982564
1950 0.928718
1950 0.933333
1950 0.911795
1950 0.927179
1950 0.904103
1950 0.919487
1950 0.957949
1950 0.908718
1950 0.838974
1950 0.924615
1950 0.966667
1950 0.91641
1950 0.911282
1950 0.940513
1950 0.936923
2000 0.8965
2000 0.9435
2000 0.9475
2000 0.969
2000 0.943
2000 0.9265
2000 0.958
2000 0.824
2000 0.8965
2000 0.9415
2000 0.959
2000 0.9235
2000 0.977
2000 0.9335
2000 0.9535
2000 0.952
2000 0.965
2000 0.9335
2000 0.97
2000 0.9605
2000 0.957
2000 0.896
2000 0.9985
2000 0.943
2000 0.9505
2000 0.931
2000 0.8935
2000 0.94
2000 0.9515
2000 0.9365
2000 0.958
2000 0.959
2000 0.9875
2000 0.9515
2000 0.9715
2000 0.94
2000 0.9935
2000 0.971
2000 0.952
2000 0.9785
2000 0.9485
2000 0.9635
2000 0.924
2000 0.952
2000 0.9475
2000 0.9555
2000 0.912
2000 0.955
2000 0.914
2000 0.9535
2000 0.945
2000 0.882
2000 0.967
2000 0.9385
2000 0.957
2000 0.965
2000 0.9425
2000 0.9575
2000 0.9685
2000 0.9495
2000 0.956
2000 0.9485
2000 0.9585
2000 0.932
2000 0.9825
2000 0.913
2000 0.953
2000 0.9155
2000 0.9205
2000 0.955
2000 0.9425
2000 0.9335
2000 0.989
2000 0.9445
2000 0.9515
