50 0
50 0.52
50 0
50 0.26
50 0.26
50 0.18
50 0.44
50 0
50 0
50 0.22
50 0.12
50 0.02
50 0
50 0.12
50 0.16
50 0.08
50 0.24
50 0.62
50 0.18
50 0.12
50 0.1
50 0.08
50 0.4
50 0.08
50 0.14
50 0.2
50 0.28
50 0.22
50 0.48
50 0.2
50 0.54
50 0.06
50 0
50 0.28
50 0
50 0
50 0.4
50 0.68
50 0.3
50 0
50 0.04
50 0.16
50 0.06
50 0.6
50 0.54
50 0.6
50 0.22
50 0.38
50 0.32
50 0.34
50 0.38
50 0.04
50 0.36
50 0
50 0.68
50 0.42
50 0.4
50 0
50 0.08
50 0.02
50 0.5
50 0.26
50 0
50 0.18
50 0.5
50 0.26
50 0.06
50 0.02
50 0.5
50 0.1
50 0
50 0.2
50 0.2
50 0.52
50 0.2
100 0.22
100 0.1
100 0.1
100 0.61
100 0.69
100 0.65
100 0.49
100 0.22
100 0.2
100 0.38
100 0.58
100 0.73
100 0.16
100 0.01
100 0.87
100 0
100 0.09
100 0.32
100 0.3
100 0.58
100 0.52
100 0.66
100 0.32
100 0.52
100 0.52
100 0.1
100 0.26
100 0.24
100 0.29
100 0.19
100 0.65
100 0.49
100 0.35
100 0.46
100 0.62
100 0.56
100 0.42
100 0.57
100 0.15
100 0.49
100 0.44
100 0.27
100 0.45
100 0.47
100 0.52
100 0.77
100 0.25
100 0.08
100 0.23
100 0.38
100 0.21
100 0.52
100 0.34
100 0.55
100 0.59
100 0.66
100 0.62
100 0.01
100 0.67
100 0.27
100 0.21
100 0.55
100 0.39
100 0.4
100 0.55
100 0.13
100 0.35
100 0.23
100 0.63
100 0.65
100 0.28
100 0.78
100 0
100 0.06
100 0.11
150 0.273333
150 0.72
150 0.566667
150 0.633333
150 0.173333
150 0.68
150 0.446667
150 0.86
150 0.693333
150 0.0933333
150 0.766667
150 0.46
150 0.433333
150 0.553333
150 0.733333
150 0.673333
150 0.593333
150 0.48
150 0.666667
150 0.613333
150 0.54
150 0.5
150 0.473333
150 0.36
150 0.806667
150 0.186667
150 0.126667
150 0.413333
150 0.273333
150 0.733333
150 0.36
150 0.426667
150 0.78
150 0.36
150 0.46
150 0.486667
150 0.36
150 0.333333
150 0.606667
150 0.666667
150 0.553333
150 0.42
150 0.426667
150 0.486667
150 0.3
150 0.753333
150 0.393333
150 0.28
150 0.733333
150 0.346667
150 0.666667
150 0.366667
150 0.386667
150 0.666667
150 0.413333
150 0.726667
150 0.513333
150 0.68
150 0.226667
150 0.653333
150 0.706667
150 0.673333
150 0.313333
150 0.2
150 0.453333
150 0.18
150 0.426667
150 0.286667
150 0.566667
150 0.26
150 0.513333
150 0.426667
150 0.586667
150 0.393333
150 0.66
200 0.345
200 0.445
200 0.78
200 0.59
200 0.245
200 0.25
200 0.63
200 0.45
200 0.635
200 0.47
200 0.63
200 0.435
200 0.66
200 0.565
200 0.525
200 0.53
200 0.465
200 0.7
200 0.75
200 0.74
200 0.615
200 0.585
200 0.795
200 0.605
200 0.71
200 0.72
200 0.755
200 0.555
200 0.34
200 0.665
200 0.46
200 0.525
200 0.415
200 0.8
200 0.3
200 0.54
200 0.24
200 0.54
200 0.685
200 0.565
200 0.63
200 0.62
200 0.42
200 0.585
200 0.735
200 0.565
200 0.745
200 0.53
200 0.585
200 0.64
200 0.435
200 0.665
200 0.56
200 0.68
200 0.395
200 0.75
200 0.46
200 0.66
200 0.725
200 0.655
200 0.415
200 0.605
200 0.595
200 0.54
200 0.63
200 0.625
200 0.595
200 0.675
200 0.62
200 0.82
200 0.635
200 0.375
200 0.485
200 0.665
200 0.625
250 0.632
250 0.724
250 0.412
250 0.812
250 0.504
250 0.624
250 0.664
250 0.668
250 0.536
250 0.48
250 0.784
250 0.544
250 0.792
250 0.536
250 0.72
250 0.456
250 0.628
250 0.364
250 0.636
250 0.796
250 0.824
250 0.768
250 0.416
250 0.284
250 0.672
250 0.52
250 0.748
250 0.716
250 0.696
250 0.652
250 0.428
250 0.556
250 0.396
250 0.632
250 0.648
250 0.756
250 0.752
250 0.768
250 0.332
250 0.54
250 0.572
250 0.628
250 0.492
250 0.428
250 0.648
250 0.552
250 0.856
250 0.656
250 0.872
250 0.64
250 0.772
250 0.788
250 0.356
250 0.652
250 0.688
250 0.716
250 0.628
250 0.54
250 0.472
250 0.52
250 0.336
250 0.656
250 0.216
250 0.616
250 0.716
250 0.596
250 0.596
250 0.812
250 0.536
250 0.868
250 0.244
250 0.304
250 0.776
250 0.604
250 0.812
300 0.696667
300 0.856667
300 0.463333
300 0.713333
300 0.44
300 0.53
300 0.37
300 0.576667
300 0.503333
300 0.633333
300 0.626667
300 0.263333
300 0.366667
300 0.566667
300 0.486667
300 0.536667
300 0.273333
300 0.42
300 0.76
300 0.763333
300 0.633333
300 0.48
300 0.533333
300 0.673333
300 0.423333
300 0.47
300 0.443333
300 0.6
300 0.406667
300 0.543333
300 0.603333
300 0.73
300 0.686667
300 0.743333
300 0.573333
300 0.543333
300 0.396667
300 0.826667
300 0.796667
300 0.626667
300 0.836667
300 0.623333
300 0.61
300 0.546667
300 0.69
300 0.153333
300 0.6
300 0.59
300 0.463333
300 0.63
300 0.546667
300 0.693333
300 0.62
300 0.706667
300 0.603333
300 0.68
300 0.663333
300 0.756667
300 0.623333
300 0.473333
300 0.68
300 0.83
300 0.733333
300 0.726667
300 0.616667
300 0.73
300 0.716667
300 0.703333
300 0.783333
300 0.716667
300 0.83
300 0.59
300 0.78
300 0.616667
300 0.73
350 0.802857
350 0.757143
350 0.685714
350 0.397143
350 0.628571
350 0.0428571
350 0.634286
350 0.782857
350 0.431429
350 0.497143
350 0.785714
350 0.642857
350 0.568571
350 0.665714
350 0.62
350 0.465714
350 0.788571
350 0.551429
350 0.542857
350 0.622857
350 0.8
350 0.637143
350 0.751429
350 0.757143
350 0.825714
350 0.842857
350 0.762857
350 0.542857
350 0.425714
350 0.622857
350 0.588571
350 0.685714
350 0.34
350 0.74
350 0.794286
350 0.7
350 0.68
350 0.842857
350 0.668571
350 0.72
350 0.728571
350 0.531429
350 0.414286
350 0.542857
350 0.694286
350 0.642857
350 0.428571
350 0.708571
350 0.74
350 0.237143
350 0.714286
350 0.368571
350 0.642857
350 0.534286
350 0.557143
350 0.705714
350 0.645714
350 0.6
350 0.682857
350 0.822857
350 0.831429
350 0.62
350 0.297143
350 0.437143
350 0.22
350 0.862857
350 0.608571
350 0.602857
350 0.648571
350 0.74
350 0.597143
350 0.84
350 0.302857
350 0.794286
350 0.62
400 0.745
400 0.4575
400 0.49
400 0.485
400 0.6675
400 0.7025
400 0.77
400 0.52
400 0.8125
400 0.58
400 0.615
400 0.8025
400 0.7575
400 0.68
400 0.8075
400 0.79
400 0.79
400 0.4075
400 0.695
400 0.5475
400 0.715
400 0.6575
400 0.5475
400 0.595
400 0.705
400 0.5225
400 0.425
400 0.2025
400 0.7625
400 0.565
400 0.7625
400 0.815
400 0.695
400 0.7875
400 0.655
400 0.8325
400 0.7875
400 0.275
400 0.83
400 0.6575
400 0.705
400 0.705
400 0.78
400 0.7525
400 0.7025
400 0.6475
400 0.325
400 0.61
400 0.745
400 0.71
400 0.5725
400 0.73
400 0.51
400 0.555
400 0.7325
400 0.6875
400 0.775
400 0.78
400 0.5
400 0.3825
400 0.47
400 0.3575
400 0.7225
400 0.7475
400 0.7175
400 0.7275
400 0.6925
400 0.5625
400 0.7925
400 0.53
400 0.7175
400 0.6875
400 0.7825
400 0.615
400 0.73
450 0.773333
450 0.64
450 0.455556
450 0.828889
450 0.717778
450 0.731111
450 0.671111
450 0.775556
450 0.744444
450 0.74
450 0.631111
450 0.744444
450 0.58
450 0.757778
450 0.768889
450 0.728889
450 0.751111
450 0.784444
450 0.677778
450 0.728889
450 0.697778
450 0.482222
450 0.58
450 0.737778
450 0.713333
450 0.455556
450 0.666667
450 0.415556
450 0.453333
450 0.631111
450 0.768889
450 0.773333
450 0.86
450 0.666667
450 0.764444
450 0.604444
450 0.768889
450 0.811111
450 0.624444
450 0.715556
450 0.351111
450 0.7
450 0.655556
450 0.791111
450 0.691111
450 0.773333
450 0.706667
450 0.662222
450 0.424444
450 0.384444
450 0.815556
450 0.526667
450 0.737778
450 0.7
450 0.488889
450 0.722222
450 0.724444
450 0.777778
450 0.644444
450 0.857778
450 0.24
450 0.611111
450 0.711111
450 0.657778
450 0.495556
450 0.72
450 0.548889
450 0.737778
450 0.713333
450 0.706667
450 0.657778
450 0.455556
450 0.595556
450 0.924444
450 0.548889
500 0.718
500 0.57
500 0.68
500 0.608
500 0.718
500 0.588
500 0.692
500 0.614
500 0.516
500 0.396
500 0.704
500 0.628
500 0.698
500 0.54
500 0.73
500 0.564
500 0.816
500 0.578
500 0.772
500 0.654
500 0.808
500 0.528
500 0.742
500 0.662
500 0.744
500 0.456
500 0.808
500 0.718
500 0.566
500 0.542
500 0.712
500 0.7
500 0.658
500 0.612
500 0.716
500 0.524
500 0.66
500 0.504
500 0.75
500 0.542
500 0.748
500 0.456
500 0.82
500 0.804
500 0.77
500 0.5
500 0.61
500 0.438
500 0.702
500 0.538
500 0.356
500 0.566
500 0.78
500 0.666
500 0.734
500 0.78
500 0.628
500 0.774
500 0.906
500 0.62
500 0.66
500 0.55
500 0.702
500 0.456
500 0.53
500 0.572
500 0.68
500 0.528
500 0.638
500 0.66
500 0.676
500 0.704
500 0.688
500 0.73
500 0.526
550 0.710909
550 0.530909
550 0.818182
550 0.721818
550 0.696364
550 0.890909
550 0.72
550 0.649091
550 0.649091
550 0.803636
550 0.730909
550 0.796364
550 0.341818
550 0.694545
550 0.789091
550 0.621818
550 0.747273
550 0.7
550 0.838182
550 0.561818
550 0.587273
550 0.710909
550 0.789091
550 0.683636
550 0.718182
550 0.685455
550 0.670909
550 0.649091
550 0.630909
550 0.683636
550 0.565455
550 0.26
550 0.674545
550 0
550 0.734545
550 0.576364
550 0.389091
550 0.578182
550 0.609091
550 0.710909
550 0.727273
550 0.818182
550 0.698182
550 0.563636
550 0.694545
550 0.752727
550 0.392727
550 0.256364
550 0.554545
550 0.658182
550 0.830909
550 0.710909
550 0.685455
550 0.576364
550 0.354545
550 0.776364
550 0.736364
550 0.756364
550 0.772727
550 0.607273
550 0.632727
550 0.576364
550 0.714545
550 0.718182
550 0.732727
550 0.758182
550 0.547273
550 0.810909
550 0.516364
550 0.770909
550 0.84
550 0.767273
550 0.585455
550 0.678182
550 0.605455
600 0.79
600 0.806667
600 0.645
600 0.591667
600 0.37
600 0.648333
600 0.636667
600 0.616667
600 0.74
600 0.668333
600 0.701667
600 0.783333
600 0.733333
600 0.77
600 0.793333
600 0.65
600 0.783333
600 0.468333
600 0.731667
600 0.77
600 0.758333
600 0.821667
600 0.615
600 0.761667
600 0.541667
600 0.68
600 0.673333
600 0.575
600 0.651667
600 0.418333
600 0.563333
600 0.518333
600 0.725
600 0.795
600 0.788333
600 0.585
600 0.826667
600 0.445
600 0.593333
600 0.783333
600 0.435
600 0.76
600 0.885
600 0.686667
600 0.75
600 0.803333
600 0.755
600 0.703333
600 0.581667
600 0.75
600 0.286667
600 0.608333
600 0.678333
600 0.726667
600 0.795
600 0.81
600 0.551667
600 0.638333
600 0.561667
600 0.701667
600 0.458333
600 0.708333
600 0.355
600 0.701667
600 0.816667
600 0.576667
600 0.39
600 0.828333
600 0.683333
600 0.675
600 0.706667
600 0.66
600 0.588333
600 0.758333
600 0.765
650 0.656923
650 0.461538
650 0.733846
650 0.64
650 0.698462
650 0.852308
650 0.429231
650 0.712308
650 0.675385
650 0.701538
650 0.78
650 0.712308
650 0.430769
650 0.753846
650 0.547692
650 0.587692
650 0.512308
650 0.575385
650 0.806154
650 0.458462
650 0.792308
650 0.467692
650 0.627692
650 0.621538
650 0.715385
650 0.775385
650 0.695385
650 0.752308
650 0.816923
650 0.572308
650 0.701538
650 0.490769
650 0.795385
650 0.661538
650 0.550769
650 0.653846
650 0.403077
650 0.803077
650 0.603077
650 0.806154
650 0.629231
650 0.749231
650 0.526154
650 0.633846
650 0.707692
650 0.763077
650 0.626154
650 0.738462
650 0.750769
650 0.584615
650 0.781538
650 0.633846
650 0.638462
650 0.869231
650 0.749231
650 0.710769
650 0.618462
650 0.541538
650 0.815385
650 0.413846
650 0.741538
650 0.756923
650 0.696923
650 0.718462
650 0.664615
650 0.733846
650 0.578462
650 0.843077
650 0.835385
650 0.572308
650 0.661538
650 0.672308
650 0.516923
650 0.778462
650 0.726154
700 0.75
700 0.708571
700 0.464286
700 0.732857
700 0.78
700 0.535714
700 0.668571
700 0.864286
700 0.755714
700 0.822857
700 0.715714
700 0.52
700 0.718571
700 0.832857
700 0.654286
700 0.691429
700 0.72
700 0.704286
700 0.791429
700 0.524286
700 0.765714
700 0.667143
700 0.778571
700 0.83
700 0.807143
700 0.761429
700 0.787143
700 0.711429
700 0.695714
700 0.594286
700 0.567143
700 0.757143
700 0.811429
700 0.615714
700 0.715714
700 0.505714
700 0.765714
700 0.74
700 0.69
700 0.541429
700 0.795714
700 0.42
700 0.851429
700 0.787143
700 0.668571
700 0.574286
700 0.652857
700 0.671429
700 0.792857
700 0.758571
700 0.8
700 0.601429
700 0.805714
700 0.798571
700 0.601429
700 0.784286
700 0.502857
700 0.7
700 0.537143
700 0.814286
700 0.51
700 0.777143
700 0.724286
700 0.507143
700 0.467143
700 0.818571
700 0.521429
700 0.591429
700 0.612857
700 0.667143
700 0.677143
700 0.552857
700 0.487143
700 0.821429
700 0.62
750 0.726667
750 0.776
750 0.649333
750 0.674667
750 0.790667
750 0.565333
750 0.769333
750 0.588
750 0.750667
750 0.56
750 0.718667
750 0.745333
750 0.817333
750 0.681333
750 0.796
750 0.682667
750 0.82
750 0.770667
750 0.633333
750 0.844
750 0.381333
750 0.54
750 0.524
750 0.786667
750 0.757333
750 0.754667
750 0.538667
750 0.553333
750 0.426667
750 0.717333
750 0.638667
750 0.656
750 0.654667
750 0.666667
750 0.74
750 0.645333
750 0.777333
750 0.644
750 0.712
750 0.568
750 0.648
750 0.457333
750 0.728
750 0.888
750 0.632
750 0.757333
750 0.744
750 0.8
750 0.397333
750 0.750667
750 0.837333
750 0.752
750 0.588
750 0.590667
750 0.52
750 0.789333
750 0.762667
750 0.694667
750 0.684
750 0.78
750 0.778667
750 0.737333
750 0.776
750 0.701333
750 0.526667
750 0.668
750 0.566667
750 0.810667
750 0.673333
750 0.697333
750 0.629333
750 0.710667
750 0.546667
750 0.637333
750 0.805333
800 0.74375
800 0.765
800 0.735
800 0.61
800 0.73125
800 0.64375
800 0.5
800 0.76625
800 0.745
800 0.42125
800 0.7225
800 0.8325
800 0.76375
800 0.69625
800 0.72125
800 0.53375
800 0.66625
800 0.60375
800 0.76375
800 0.54125
800 0.57375
800 0.6725
800 0.7125
800 0.62125
800 0.77875
800 0.7375
800 0.75875
800 0.82
800 0.53125
800 0.87375
800 0.66
800 0.5075
800 0.68625
800 0.6175
800 0.69625
800 0.5325
800 0.675
800 0.73375
800 0.72625
800 0.73875
800 0.6825
800 0.7675
800 0.70375
800 0.775
800 0.68125
800 0.8425
800 0.58625
800 0.62375
800 0.425
800 0.5725
800 0.47625
800 0.49375
800 0.6475
800 0.44
800 0.77
800 0.73625
800 0.8
800 0.56875
800 0.71875
800 0.78125
800 0.60875
800 0.81375
800 0.5325
800 0.77
800 0.71125
800 0.65875
800 0.76625
800 0.65375
800 0.7425
800 0.52875
800 0.7
800 0.6325
800 0.62875
800 0.62
800 0.78625
850 0.735294
850 0.531765
850 0.815294
850 0.770588
850 0.684706
850 0.655294
850 0.709412
850 0.781176
850 0.810588
850 0.618824
850 0.637647
850 0.764706
850 0.508235
850 0.812941
850 0.497647
850 0.802353
850 0.570588
850 0.661176
850 0.741176
850 0.594118
850 0.694118
850 0.851765
850 0.434118
850 0.695294
850 0.743529
850 0.698824
850 0.705882
850 0.405882
850 0.757647
850 0.892941
850 0.357647
850 0.296471
850 0.810588
850 0.645882
850 0.754118
850 0.584706
850 0.697647
850 0.822353
850 0.795294
850 0.861176
850 0.638824
850 0.544706
850 0.794118
850 0.589412
850 0.818824
850 0.782353
850 0.76
850 0.771765
850 0.410588
850 0.709412
850 0.763529
850 0.817647
850 0.747059
850 0.711765
850 0.602353
850 0.783529
850 0.708235
850 0.738824
850 0.589412
850 0.609412
850 0.683529
850 0.651765
850 0.654118
850 0.604706
850 0.602353
850 0.764706
850 0.655294
850 0.690588
850 0.791765
850 0.756471
850 0.650588
850 0.703529
850 0.734118
850 0.735294
850 0.545882
900 0.595556
900 0.615556
900 0.83
900 0.756667
900 0.833333
900 0.778889
900 0.71
900 0.752222
900 0.767778
900 0.771111
900 0.562222
900 0.695556
900 0.626667
900 0.523333
900 0.781111
900 0.63
900 0.313333
900 0.562222
900 0.585556
900 0.77
900 0.678889
900 0.747778
900 0.86
900 0.714444
900 0.473333
900 0.633333
900 0.676667
900 0.756667
900 0.738889
900 0.683333
900 0.711111
900 0.62
900 0.663333
900 0.714444
900 0.346667
900 0.722222
900 0.797778
900 0.634444
900 0.817778
900 0.802222
900 0.754444
900 0.566667
900 0.687778
900 0.673333
900 0.483333
900 0.578889
900 0.731111
900 0.767778
900 0.692222
900 0.584444
900 0.405556
900 0.725556
900 0.406667
900 0.623333
900 0.746667
900 0.78
900 0.745556
900 0.732222
900 0.76
900 0.607778
900 0.732222
900 0.808889
900 0.582222
900 0.7
900 0.497778
900 0.398889
900 0.621111
900 0.57
900 0.748889
900 0.483333
900 0.636667
900 0.802222
900 0.844444
900 0.622222
900 0.563333
950 0.82
950 0.773684
950 0.638947
950 0.810526
950 0.634737
950 0.695789
950 0.635789
950 0.615789
950 0.431579
950 0.745263
950 0.705263
950 0.653684
950 0.782105
950 0.553684
950 0.657895
950 0.802105
950 0.750526
950 0.777895
950 0.745263
950 0.723158
950 0.796842
950 0.716842
950 0.823158
950 0.533684
950 0.718947
950 0.735789
950 0.516842
950 0.466316
950 0.801053
950 0.716842
950 0.495789
950 0.716842
950 0.837895
950 0.624211
950 0.786316
950 0.607368
950 0.652632
950 0.517895
950 0.642105
950 0.516842
950 0.753684
950 0.761053
950 0.606316
950 0.670526
950 0.723158
950 0.72
950 0.757895
950 0.530526
950 0.743158
950 0.658947
950 0.713684
950 0.754737
950 0.707368
950 0.742105
950 0.455789
950 0.588421
950 0.678947
950 0.771579
950 0.753684
950 0.684211
950 0.727368
950 0.463158
950 0.664211
950 0.756842
950 0.824211
950 0.757895
950 0.862105
950 0.694737
950 0.686316
950 0.595789
950 0.535789
950 0.732632
950 0.371579
950 0.695789
950 0.834737
1000 0.742
1000 0.625
1000 0.617
1000 0.361
1000 0.813
1000 0.427
1000 0.478
1000 0.811
1000 0.758
1000 0.669
1000 0.67
1000 0.569
1000 0.848
1000 0.709
1000 0.698
1000 0.765
1000 0.691
1000 0.711
1000 0.703
1000 0.658
1000 0.763
1000 0.746
1000 0.661
1000 0.618
1000 0.541
1000 0.519
1000 0.707
1000 0.768
1000 0.751
1000 0.709
1000 0.87
1000 0.673
1000 0.689
1000 0.662
1000 0.811
1000 0.644
1000 0.741
1000 0.691
1000 0.794
1000 0.793
1000 0.534
1000 0.723
1000 0.783
1000 0.679
1000 0.789
1000 0.756
1000 0.711
1000 0.611
1000 0.75
1000 0.492
1000 0.712
1000 0.715
1000 0.777
1000 0.727
1000 0.764
1000 0.77
1000 0.809
1000 0.694
1000 0.78
1000 0.592
1000 0.633
1000 0.451
1000 0.703
1000 0.678
1000 0.863
1000 0.683
1000 0.719
1000 0.818
1000 0.838
1000 0.468
1000 0.505
1000 0.713
1000 0.649
1000 0.72
1000 0.69
1050 0.802857
1050 0.741905
1050 0.748571
1050 0.770476
1050 0.128571
1050 0.797143
1050 0.567619
1050 0.658095
1050 0.648571
1050 0.832381
1050 0.62
1050 0.717143
1050 0.469524
1050 0.72381
1050 0.82381
1050 0.780952
1050 0.644762
1050 0.728571
1050 0.530476
1050 0.731429
1050 0.627619
1050 0.735238
1050 0.795238
1050 0.682857
1050 0.721905
1050 0.713333
1050 0.750476
1050 0.637143
1050 0.766667
1050 0.644762
1050 0.718095
1050 0.802857
1050 0.717143
1050 0.758095
1050 0.732381
1050 0.711429
1050 0.769524
1050 0.832381
1050 0.604762
1050 0.740952
1050 0.691429
1050 0.620952
1050 0.614286
1050 0.345714
1050 0.758095
1050 0.58
1050 0.828571
1050 0.719048
1050 0.502857
1050 0.628571
1050 0.758095
1050 0.635238
1050 0.74381
1050 0.837143
1050 0.758095
1050 0.661905
1050 0.839048
1050 0.764762
1050 0.74381
1050 0.639048
1050 0.595238
1050 0.659048
1050 0.715238
1050 0.342857
1050 0.427619
1050 0.62381
1050 0.73619
1050 0.71619
1050 0.633333
1050 0.460952
1050 0.750476
1050 0.767619
1050 0.612381
1050 0.791429
1050 0.58381
1100 0.77
1100 0.605455
1100 0.648182
1100 0.659091
1100 0.829091
1100 0.535455
1100 0.793636
1100 0.717273
1100 0.773636
1100 0.396364
1100 0.488182
1100 0.606364
1100 0.74
1100 0.740909
1100 0.705455
1100 0.59
1100 0.631818
1100 0.727273
1100 0.832727
1100 0.68
1100 0.736364
1100 0.51
1100 0.758182
1100 0.704545
1100 0.768182
1100 0.599091
1100 0.740909
1100 0.859091
1100 0.789091
1100 0.726364
1100 0.665455
1100 0.755455
1100 0.810909
1100 0.697273
1100 0.541818
1100 0.554545
1100 0.862727
1100 0.804545
1100 0.831818
1100 0.620909
1100 0.740909
1100 0.785455
1100 0.605455
1100 0.692727
1100 0.644545
1100 0.714545
1100 0.733636
1100 0.762727
1100 0.800909
1100 0.408182
1100 0.464545
1100 0.688182
1100 0.79
1100 0.465455
1100 0.715455
1100 0.700909
1100 0.576364
1100 0.663636
1100 0.701818
1100 0.798182
1100 0.750909
1100 0.714545
1100 0.657273
1100 0.827273
1100 0.741818
1100 0.833636
1100 0.708182
1100 0.598182
1100 0.811818
1100 0.733636
1100 0.761818
1100 0.743636
1100 0.572727
1100 0.796364
1100 0.288182
1150 0.781739
1150 0.733913
1150 0.686087
1150 0.704348
1150 0.661739
1150 0.656522
1150 0.617391
1150 0.443478
1150 0.813913
1150 0.563478
1150 0.784348
1150 0.543478
1150 0.514783
1150 0.628696
1150 0.753043
1150 0.852174
1150 0.815652
1150 0.735652
1150 0.791304
1150 0.64087
1150 0.403478
1150 0.836522
1150 0.773043
1150 0.733043
1150 0.590435
1150 0.765217
1150 0.806957
1150 0.806957
1150 0.729565
1150 0.671304
1150 0.751304
1150 0.693913
1150 0.601739
1150 0.664348
1150 0.804348
1150 0.768696
1150 0.546087
1150 0.726957
1150 0.775652
1150 0.733913
1150 0.623478
1150 0.704348
1150 0.573913
1150 0.655652
1150 0.858261
1150 0.575652
1150 0.713913
1150 0.695652
1150 0.690435
1150 0.806087
1150 0.741739
1150 0.663478
1150 0.718261
1150 0.386957
1150 0.747826
1150 0.485217
1150 0.777391
1150 0.553913
1150 0.724348
1150 0.753043
1150 0.668696
1150 0.537391
1150 0.767826
1150 0.58087
1150 0.718261
1150 0.718261
1150 0.728696
1150 0.448696
1150 0.706087
1150 0.811304
1150 0.593913
1150 0.674783
1150 0.703478
1150 0.773043
1150 0.688696
1200 0.755833
1200 0.470833
1200 0.576667
1200 0.689167
1200 0.585
1200 0.5875
1200 0.6825
1200 0.874167
1200 0.7975
1200 0.585
1200 0.603333
1200 0.768333
1200 0.870833
1200 0.7675
1200 0.5425
1200 0.779167
1200 0.698333
1200 0.639167
1200 0.7575
1200 0.584167
1200 0.7025
1200 0.769167
1200 0.7075
1200 0.558333
1200 0.7625
1200 0.743333
1200 0.624167
1200 0.7075
1200 0.805833
1200 0.775833
1200 0.8025
1200 0.774167
1200 0.68
1200 0.743333
1200 0.779167
1200 0.696667
1200 0.788333
1200 0.695833
1200 0.475833
1200 0.759167
1200 0.756667
1200 0.794167
1200 0.704167
1200 0.690833
1200 0.656667
1200 0.7875
1200 0.353333
1200 0.755833
1200 0.7725
1200 0.525833
1200 0.688333
1200 0.505833
1200 0.843333
1200 0.725833
1200 0.53
1200 0.811667
1200 0.665
1200 0.555
1200 0.755833
1200 0.7925
1200 0.688333
1200 0.64
1200 0.799167
1200 0.640833
1200 0.676667
1200 0.531667
1200 0.765
1200 0.549167
1200 0.809167
1200 0.695
1200 0.885
1200 0.68
1200 0.6275
1200 0.450833
1200 0.726667
1250 0.8216
1250 0.5648
1250 0.6464
1250 0.7424
1250 0.6288
1250 0.712
1250 0.7088
1250 0.8112
1250 0.6984
1250 0.772
1250 0.6744
1250 0.7808
1250 0.6032
1250 0.4992
1250 0.5496
1250 0.7392
1250 0.8248
1250 0.7768
1250 0.6952
1250 0.8184
1250 0.7816
1250 0.588
1250 0.6264
1250 0.8136
1250 0.684
1250 0.7928
1250 0.5496
1250 0.7512
1250 0.6496
1250 0.6416
1250 0.7712
1250 0.7288
1250 0.7632
1250 0.604
1250 0.7368
1250 0.6912
1250 0.8576
1250 0.5664
1250 0.6968
1250 0.628
1250 0.4216
1250 0.812
1250 0.644
1250 0.7368
1250 0.612
1250 0.7208
1250 0.6472
1250 0.648
1250 0.6544
1250 0.672
1250 0.7576
1250 0.8008
1250 0.8416
1250 0.6984
1250 0.612
1250 0.6928
1250 0.7696
1250 0.7728
1250 0.804
1250 0.7856
1250 0.7688
1250 0.7024
1250 0.7976
1250 0.6856
1250 0.7064
1250 0.7384
1250 0.8384
1250 0.7392
1250 0.8464
1250 0.668
1250 0.5848
1250 0.7008
1250 0.3904
1250 0.732
1250 0.8728
1300 0.67
1300 0.69
1300 0.680769
1300 0.743846
1300 0.593846
1300 0.739231
1300 0.687692
1300 0.749231
1300 0.710769
1300 0.635385
1300 0.597692
1300 0.731538
1300 0.676923
1300 0.517692
1300 0.65
1300 0.77
1300 0.8
1300 0.685385
1300 0.609231
1300 0.799231
1300 0.772308
1300 0.567692
1300 0.698462
1300 0.773846
1300 0.675385
1300 0.740769
1300 0.716923
1300 0.696923
1300 0.79
1300 0.794615
1300 0.798462
1300 0.694615
1300 0.619231
1300 0.667692
1300 0.779231
1300 0.791538
1300 0.695385
1300 0.740769
1300 0.689231
1300 0.590769
1300 0.666923
1300 0.766154
1300 0.799231
1300 0.644615
1300 0.764615
1300 0.646154
1300 0.709231
1300 0.869231
1300 0.473846
1300 0.788462
1300 0.845385
1300 0.724615
1300 0.719231
1300 0.476154
1300 0.666154
1300 0.841538
1300 0.773846
1300 0.731538
1300 0.679231
1300 0.771538
1300 0.753077
1300 0.382308
1300 0.648462
1300 0.769231
1300 0.818462
1300 0.791538
1300 0.743077
1300 0.739231
1300 0.622308
1300 0.730769
1300 0.750769
1300 0.662308
1300 0.755385
1300 0.726154
1300 0.745385
1350 0.72963
1350 0.77037
1350 0.688148
1350 0.805185
1350 0.819259
1350 0.66963
1350 0.757037
1350 0.777778
1350 0.675556
1350 0.586667
1350 0.754074
1350 0.537037
1350 0.634074
1350 0.620741
1350 0.79037
1350 0.691111
1350 0.691852
1350 0.778519
1350 0.621481
1350 0.708889
1350 0.572593
1350 0.561481
1350 0.679259
1350 0.648889
1350 0.662963
1350 0.799259
1350 0.764444
1350 0.662222
1350 0.696296
1350 0.619259
1350 0.778519
1350 0.402222
1350 0.739259
1350 0.817037
1350 0.715556
1350 0.786667
1350 0.531111
1350 0.793333
1350 0.763704
1350 0.563704
1350 0.742222
1350 0.605926
1350 0.43037
1350 0.820741
1350 0.720741
1350 0.737037
1350 0.759259
1350 0.578519
1350 0.608889
1350 0.81037
1350 0.662222
1350 0.819259
1350 0.665926
1350 0.602963
1350 0.716296
1350 0.573333
1350 0.755556
1350 0.811852
1350 0.818519
1350 0.846667
1350 0.755556
1350 0.525185
1350 0.717037
1350 0.448889
1350 0.711852
1350 0.591852
1350 0.751111
1350 0.765185
1350 0.859259
1350 0.598519
1350 0.763704
1350 0.762222
1350 0.724444
1350 0.755556
1350 0.588148
1400 0.806429
1400 0.604286
1400 0.411429
1400 0.771429
1400 0.847857
1400 0.772857
1400 0.85
1400 0.705
1400 0.721429
1400 0.616429
1400 0.55
1400 0.747857
1400 0.735
1400 0.590714
1400 0.525
1400 0.572143
1400 0.621429
1400 0.815
1400 0.684286
1400 0.725714
1400 0.671429
1400 0.81
1400 0.716429
1400 0.735714
1400 0.779286
1400 0.759286
1400 0.702857
1400 0.832857
1400 0.725
1400 0.745
1400 0.71
1400 0.61
1400 0.799286
1400 0.728571
1400 0.76
1400 0.625
1400 0.74
1400 0.756429
1400 0.776429
1400 0.458571
1400 0.841429
1400 0.742857
1400 0.635714
1400 0.822857
1400 0.825
1400 0.768571
1400 0.597857
1400 0.695
1400 0.671429
1400 0.793571
1400 0.699286
1400 0.605714
1400 0.625
1400 0.694286
1400 0.712143
1400 0.669286
1400 0.82
1400 0.692857
1400 0.813571
1400 0.545714
1400 0.474286
1400 0.720714
1400 0.696429
1400 0.736429
1400 0.557143
1400 0.717857
1400 0.697143
1400 0.764286
1400 0.744286
1400 0.648571
1400 0.774286
1400 0.66
1400 0.796429
1400 0.701429
1400 0.752143
1450 0.782069
1450 0.778621
1450 0.673793
1450 0.721379
1450 0.769655
1450 0.783448
1450 0.789655
1450 0.733103
1450 0.727586
1450 0.68
1450 0.705517
1450 0.810345
1450 0.705517
1450 0.593793
1450 0.604828
1450 0.796552
1450 0.515172
1450 0.741379
1450 0.807586
1450 0.702069
1450 0.881379
1450 0.769655
1450 0.556552
1450 0.798621
1450 0.518621
1450 0.774483
1450 0.796552
1450 0.546207
1450 0.73931
1450 0.494483
1450 0.804138
1450 0.588966
1450 0.806897
1450 0.758621
1450 0.754483
1450 0.733793
1450 0.707586
1450 0.775862
1450 0.772414
1450 0.522759
1450 0.6
1450 0.776552
1450 0.658621
1450 0.652414
1450 0.831034
1450 0.750345
1450 0.774483
1450 0.808966
1450 0.693793
1450 0.706207
1450 0.803448
1450 0.81931
1450 0.628966
1450 0.671724
1450 0.742759
1450 0.744138
1450 0.79931
1450 0.571034
1450 0.644828
1450 0.727586
1450 0.777931
1450 0.586897
1450 0.753103
1450 0.724138
1450 0.86
1450 0.693793
1450 0.649655
1450 0.724828
1450 0.707586
1450 0.716552
1450 0.742759
1450 0.675172
1450 0.786897
1450 0.784828
1450 0.805517
1500 0.595333
1500 0.564
1500 0.673333
1500 0.372
1500 0.568
1500 0.494
1500 0.568
1500 0.720667
1500 0.172
1500 0.709333
1500 0.63
1500 0.583333
1500 0.758
1500 0.802
1500 0.644
1500 0.756667
1500 0.756
1500 0.809333
1500 0.77
1500 0.482667
1500 0.835333
1500 0.778
1500 0.634667
1500 0.648667
1500 0.722
1500 0.775333
1500 0.700667
1500 0.71
1500 0.812
1500 0.573333
1500 0.819333
1500 0.74
1500 0.78
1500 0.724667
1500 0.48
1500 0.768
1500 0.588
1500 0.748667
1500 0.82
1500 0.797333
1500 0.790667
1500 0.733333
1500 0.648
1500 0.729333
1500 0.780667
1500 0.81
1500 0.550667
1500 0.646667
1500 0.788667
1500 0.518
1500 0.769333
1500 0.78
1500 0.676
1500 0.753333
1500 0.771333
1500 0.734
1500 0.669333
1500 0.712667
1500 0.79
1500 0.798
1500 0.592
1500 0.645333
1500 0.539333
1500 0.812667
1500 0.772
1500 0.693333
1500 0.785333
1500 0.776
1500 0.794
1500 0.660667
1500 0.746
1500 0.817333
1500 0.609333
1500 0.628
1500 0.562
1550 0.730323
1550 0.707097
1550 0.694839
1550 0.806452
1550 0.739355
1550 0.770968
1550 0.770323
1550 0.79871
1550 0.736774
1550 0.54
1550 0.813548
1550 0.740645
1550 0.599355
1550 0.731613
1550 0.605806
1550 0.823226
1550 0.578065
1550 0.68129
1550 0.736129
1550 0.754194
1550 0.636774
1550 0.772258
1550 0.555484
1550 0.687742
1550 0.587097
1550 0.797419
1550 0.798065
1550 0.769032
1550 0.645806
1550 0.59871
1550 0.648387
1550 0.779355
1550 0.676774
1550 0.816774
1550 0.667097
1550 0.804516
1550 0.714839
1550 0.776129
1550 0.763226
1550 0.865806
1550 0.571613
1550 0.648387
1550 0.872258
1550 0.72129
1550 0.518065
1550 0.754839
1550 0.736774
1550 0.836774
1550 0.640645
1550 0.776129
1550 0.638065
1550 0.779355
1550 0.80129
1550 0.713548
1550 0.620645
1550 0.705161
1550 0.665806
1550 0.650968
1550 0.612903
1550 0.80129
1550 0.756129
1550 0.774194
1550 0.779355
1550 0.608387
1550 0.685161
1550 0.636774
1550 0.739355
1550 0.607742
1550 0.729032
1550 0.797419
1550 0.44
1550 0.790968
1550 0.705806
1550 0.670968
1550 0.785161
1600 0.595
1600 0.66875
1600 0.5225
1600 0.690625
1600 0.6675
1600 0.690625
1600 0.808125
1600 0.67375
1600 0.5725
1600 0.450625
1600 0.756875
1600 0.823125
1600 0.76625
1600 0.61
1600 0.770625
1600 0.674375
1600 0.835
1600 0.71125
1600 0.606875
1600 0.753125
1600 0.409375
1600 0.82375
1600 0.748125
1600 0.61125
1600 0.56625
1600 0.726875
1600 0.731875
1600 0.73125
1600 0.499375
1600 0.681875
1600 0.735625
1600 0.761875
1600 0.615625
1600 0.69625
1600 0.60125
1600 0.67125
1600 0.781875
1600 0.546875
1600 0.75125
1600 0.68125
1600 0.804375
1600 0.68
1600 0.615
1600 0.7275
1600 0.754375
1600 0.7375
1600 0.544375
1600 0.75875
1600 0.765
1600 0.5425
1600 0.811875
1600 0.53375
1600 0.72
1600 0.83
1600 0.666875
1600 0.801875
1600 0.70125
1600 0.6725
1600 0.724375
1600 0.653125
1600 0.795
1600 0.795625
1600 0.76
1600 0.676875
1600 0.820625
1600 0.76
1600 0.759375
1600 0.828125
1600 0.594375
1600 0.87375
1600 0.56875
1600 0.6725
1600 0.66
1600 0.765
1600 0.40625
1650 0.613333
1650 0.663636
1650 0.587879
1650 0.713939
1650 0.682424
1650 0.411515
1650 0.676364
1650 0.842424
1650 0.82303
1650 0.472121
1650 0.572727
1650 0.585455
1650 0.845455
1650 0.639394
1650 0.747273
1650 0.733333
1650 0.64303
1650 0.70303
1650 0.800606
1650 0.651515
1650 0.780606
1650 0.797576
1650 0.801818
1650 0.731515
1650 0.715758
1650 0.621212
1650 0.781212
1650 0.506667
1650 0.74
1650 0.691515
1650 0.797576
1650 0.730303
1650 0.802424
1650 0.695758
1650 0.739394
1650 0.647879
1650 0.892121
1650 0.730303
1650 0.57697
1650 0.77697
1650 0.698182
1650 0.766061
1650 0.767879
1650 0.461212
1650 0.753939
1650 0.733333
1650 0.751515
1650 0.573939
1650 0.777576
1650 0.82
1650 0.69697
1650 0.802424
1650 0.789091
1650 0.678182
1650 0.917576
1650 0.715758
1650 0.818182
1650 0.759394
1650 0.66
1650 0.643636
1650 0.791515
1650 0.713333
1650 0.649091
1650 0.693333
1650 0.720606
1650 0.58303
1650 0.776364
1650 0.558788
1650 0.797576
1650 0.543636
1650 0.689697
1650 0.753333
1650 0.561212
1650 0.690909
1650 0.719394
1700 0.608824
1700 0.670588
1700 0.734706
1700 0.731765
1700 0.725294
1700 0.747059
1700 0.624118
1700 0.824706
1700 0.682353
1700 0.697647
1700 0.519412
1700 0.721176
1700 0.789412
1700 0.741176
1700 0.801765
1700 0.635294
1700 0.671176
1700 0.648824
1700 0.77
1700 0.724118
1700 0.656471
1700 0.688235
1700 0.862941
1700 0.778235
1700 0.654706
1700 0.888824
1700 0.712353
1700 0.798235
1700 0.628235
1700 0.573529
1700 0.768235
1700 0.632353
1700 0.840588
1700 0.669412
1700 0.765882
1700 0.718824
1700 0.445294
1700 0.762941
1700 0.635882
1700 0.644118
1700 0.727059
1700 0.523529
1700 0.747647
1700 0.784118
1700 0.851176
1700 0.701176
1700 0.63
1700 0.692353
1700 0.705294
1700 0.786471
1700 0.742941
1700 0.440588
1700 0.565294
1700 0.785294
1700 0.657059
1700 0.745882
1700 0.528824
1700 0.828824
1700 0.757647
1700 0.77
1700 0.765294
1700 0.678235
1700 0.721176
1700 0.747059
1700 0.675882
1700 0.865294
1700 0.727059
1700 0.832941
1700 0.717647
1700 0.591765
1700 0.724118
1700 0.731176
1700 0.701176
1700 0.719412
1700 0.432353
1750 0.775429
1750 0.7
1750 0.790286
1750 0.889143
1750 0.786857
1750 0.857714
1750 0.609143
1750 0.687429
1750 0.696
1750 0.666857
1750 0.847429
1750 0.513143
1750 0.827429
1750 0.557143
1750 0.704571
1750 0.587429
1750 0.799429
1750 0.687429
1750 0.749714
1750 0.785143
1750 0.778286
1750 0.792
1750 0.654286
1750 0.774286
1750 0.74
1750 0.805143
1750 0.648571
1750 0.7
1750 0.801143
1750 0.725714
1750 0.676
1750 0.574857
1750 0.692
1750 0.765714
1750 0.793714
1750 0.647429
1750 0.738857
1750 0.722286
1750 0.768
1750 0.753143
1750 0.489143
1750 0.478286
1750 0.815429
1750 0.806286
1750 0.708571
1750 0.778857
1750 0.729714
1750 0.766857
1750 0.78
1750 0.866286
1750 0.745714
1750 0.684571
1750 0.803429
1750 0.681714
1750 0.771429
1750 0.796571
1750 0.763429
1750 0.721143
1750 0.719429
1750 0.754857
1750 0.622857
1750 0.643429
1750 0.722286
1750 0.598286
1750 0.734857
1750 0.772571
1750 0.785714
1750 0.782286
1750 0.634857
1750 0.832
1750 0.675429
1750 0.748571
1750 0.642286
1750 0.837714
1750 0.639429
1800 0.602778
1800 0.807222
1800 0.791111
1800 0.857222
1800 0.7
1800 0.712222
1800 0.633889
1800 0.726667
1800 0.591111
1800 0.752778
1800 0.609444
1800 0.523333
1800 0.606111
1800 0.829444
1800 0.736667
1800 0.628889
1800 0.695556
1800 0.628333
1800 0.765
1800 0.736667
1800 0.833889
1800 0.815
1800 0.665
1800 0.673333
1800 0.773889
1800 0.577222
1800 0.768333
1800 0.694444
1800 0.816667
1800 0.761111
1800 0.706111
1800 0.815556
1800 0.779444
1800 0.646667
1800 0.740556
1800 0.801111
1800 0.646667
1800 0.681111
1800 0.820556
1800 0.785
1800 0.455556
1800 0.760556
1800 0.774444
1800 0.821111
1800 0.707222
1800 0.762222
1800 0.763333
1800 0.657222
1800 0.758333
1800 0.78
1800 0.770556
1800 0.743889
1800 0.766667
1800 0.763333
1800 0.683889
1800 0.416111
1800 0.505
1800 0.779444
1800 0.715
1800 0.692778
1800 0.79
1800 0.538889
1800 0.745556
1800 0.783889
1800 0.760556
1800 0.768333
1800 0.831667
1800 0.741111
1800 0.596667
1800 0.81
1800 0.788889
1800 0.765
1800 0.792778
1800 0.747778
1800 0.801111
1850 0.738919
1850 0.842162
1850 0.745405
1850 0.790811
1850 0.618378
1850 0.603784
1850 0.759459
1850 0.772432
1850 0.701081
1850 0.431351
1850 0.591351
1850 0.761081
1850 0.477838
1850 0.680541
1850 0.784324
1850 0.690811
1850 0.735135
1850 0.623784
1850 0.633514
1850 0.643784
1850 0.703784
1850 0.801081
1850 0.749189
1850 0.52973
1850 0.85027
1850 0.778378
1850 0.601081
1850 0.771892
1850 0.610811
1850 0.611892
1850 0.500541
1850 0.81027
1850 0.667027
1850 0.665946
1850 0.632973
1850 0.768649
1850 0.800541
1850 0.828649
1850 0.758378
1850 0.762703
1850 0.64973
1850 0.725946
1850 0.794054
1850 0.707027
1850 0.60973
1850 0.702703
1850 0.496757
1850 0.839459
1850 0.73027
1850 0.70973
1850 0.714054
1850 0.605946
1850 0.757838
1850 0.812432
1850 0.716757
1850 0.576216
1850 0.794595
1850 0.817838
1850 0.857297
1850 0.760541
1850 0.720541
1850 0.76
1850 0.730811
1850 0.754595
1850 0.64973
1850 0.739459
1850 0.705946
1850 0.786486
1850 0.688108
1850 0.614595
1850 0.787027
1850 0.791351
1850 0.506486
1850 0.637297
1850 0.724865
1900 0.624737
1900 0.642105
1900 0.715789
1900 0.786842
1900 0.772632
1900 0.735789
1900 0.737895
1900 0.485789
1900 0.747895
1900 0.774737
1900 0.72
1900 0.655789
1900 0.823158
1900 0.750526
1900 0.758421
1900 0.699474
1900 0.721579
1900 0.694211
1900 0.805789
1900 0.847895
1900 0.751579
1900 0.711579
1900 0.813684
1900 0.483684
1900 0.697895
1900 0.756316
1900 0.661579
1900 0.8
1900 0.629474
1900 0.778947
1900 0.751579
1900 0.785789
1900 0.832105
1900 0.44
1900 0.776316
1900 0.740526
1900 0.54
1900 0.687368
1900 0.63
1900 0.665789
1900 0.766842
1900 0.564737
1900 0.644737
1900 0.723684
1900 0.744737
1900 0.763158
1900 0.723158
1900 0.802632
1900 0.724737
1900 0.667895
1900 0.790526
1900 0.782632
1900 0.585789
1900 0.550526
1900 0.563684
1900 0.657895
1900 0.8
1900 0.643158
1900 0.827368
1900 0.813684
1900 0.726316
1900 0.785263
1900 0.715263
1900 0.765263
1900 0.762105
1900 0.631053
1900 0.776842
1900 0.788421
1900 0.695263
1900 0.746316
1900 0.451579
1900 0.705263
1900 0.734737
1900 0.811053
1900 0.8
1950 0.746154
1950 0.743077
1950 0.806667
1950 0.790256
1950 0.764615
1950 0.584615
1950 0.763077
1950 0.784615
1950 0.690256
1950 0.660513
1950 0.83641
1950 0.777436
1950 0.757949
1950 0.502564
1950 0.699487
1950 0.799487
1950 0.712821
1950 0.78359
1950 0.713333
1950 0.789744
1950 0.601026
1950 0.777436
1950 0.771282
1950 0.698462
1950 0.640513
1950 0.615385
1950 0.784615
1950 0.642564
1950 0.790256
1950 0.660513
1950 0.711795
1950 0.808205
1950 0.768718
1950 0.653333
1950 0.781538
1950 0.586154
1950 0.749744
1950 0.685128
1950 0.668205
1950 0.539487
1950 0.714872
1950 0.405641
1950 0.710769
1950 0.470769
1950 0.759487
1950 0.601538
1950 0.681538
1950 0.741538
1950 0.844615
1950 0.645641
1950 0.815897
1950 0.631282
1950 0.792821
1950 0.771795
1950 0.797949
1950 0.769744
1950 0.681026
1950 0.702564
1950 0.728205
1950 0.705128
1950 0.825128
1950 0.769231
1950 0.778974
1950 0.688205
1950 0.681026
1950 0.519487
1950 0.733333
1950 0.709231
1950 0.656923
1950 0.759487
1950 0.712821
1950 0.756923
1950 0.741538
1950 0.798974
1950 0.734872
2000 0.729
2000 0.6905
2000 0.695
2000 0.722
2000 0.7725
2000 0.593
2000 0.828
2000 0.657
2000 0.8135
2000 0.574
2000 0.7285
2000 0.585
2000 0.795
2000 0.732
2000 0.885
2000 0.597
2000 0.7225
2000 0.745
2000 0.7605
2000 0.654
2000 0.8105
2000 0.673
2000 0.7
2000 0.663
2000 0.7985
2000 0.831
2000 0.748
2000 0.6885
2000 0.6865
2000 0.8205
2000 0.727
2000 0.682
2000 0.736
2000 0.7895
2000 0.6365
2000 0.7955
2000 0.867
2000 0.7375
2000 0.6465
2000 0.735
2000 0.623
2000 0.496
2000 0.7675
2000 0.78
2000 0.7445
2000 0.775
2000 0.7535
2000 0.803
2000 0.658
2000 0.724
2000 0.67
2000 0.676
2000 0.6915
2000 0.5665
2000 0.6935
2000 0.7525
2000 0.727
2000 0.7095
2000 0.6655
2000 0.7445
2000 0.6415
2000 0.771
2000 0.752
2000 0.894
2000 0.735
2000 0.725
2000 0.6905
2000 0.5435
2000 0.7005
2000 0.73
2000 0.6435
2000 0.68
2000 0.811
2000 0.46
2000 0.77
