50 0.26
50 0.28
50 0.08
50 0.18
50 0.16
50 0.24
50 0.32
50 0.76
50 0
50 0.36
50 0.12
50 0.12
50 0.26
50 0.42
50 0.06
50 0.06
50 0.36
50 0.1
50 0.16
50 0
50 0.18
50 0.14
50 0.16
50 0
50 0
50 0.6
50 0.06
50 0.28
50 0.18
50 0.2
50 0.26
50 0.06
50 0
50 0.4
50 0.08
50 0.1
50 0.24
50 0.02
50 0.18
50 0.14
50 0
50 0.12
50 0.04
50 0.46
50 0.58
50 0.44
50 0.28
50 0.56
50 0.38
50 0.3
50 0.48
50 0.04
50 0.24
50 0
50 0.5
50 0.4
50 0.4
50 0.18
50 0.1
50 0.08
50 0.4
50 0.28
50 0.04
50 0.02
50 0.24
50 0.26
50 0.12
50 0
50 0.52
50 0.28
50 0.02
50 0.5
50 0.32
50 0.54
50 0.3
100 0.26
100 0.03
100 0.27
100 0.08
100 0.76
100 0.39
100 0.55
100 0.2
100 0.2
100 0.09
100 0.74
100 0.76
100 0.29
100 0.26
100 0.79
100 0.24
100 0.03
100 0.46
100 0.34
100 0.57
100 0.65
100 0.39
100 0.53
100 0.66
100 0.36
100 0.3
100 0.05
100 0.29
100 0.22
100 0.35
100 0.29
100 0.46
100 0.15
100 0.44
100 0.75
100 0.55
100 0.73
100 0.55
100 0.07
100 0.52
100 0.7
100 0.16
100 0.31
100 0.55
100 0.76
100 0.73
100 0.29
100 0.44
100 0.36
100 0.49
100 0.31
100 0.57
100 0.57
100 0.03
100 0.45
100 0.56
100 0.67
100 0.02
100 0.71
100 0.17
100 0.73
100 0.22
100 0.16
100 0.41
100 0.51
100 0.11
100 0.3
100 0.11
100 0.49
100 0.65
100 0.14
100 0.75
100 0.43
100 0.03
100 0.66
150 0.62
150 0.593333
150 0.673333
150 0.72
150 0.42
150 0.653333
150 0.593333
150 0.113333
150 0.66
150 0.473333
150 0.76
150 0.62
150 0.426667
150 0.133333
150 0.513333
150 0.7
150 0.52
150 0.253333
150 0.233333
150 0.713333
150 0.426667
150 0.653333
150 0.566667
150 0.54
150 0.766667
150 0.706667
150 0.166667
150 0.573333
150 0.4
150 0.646667
150 0.586667
150 0.48
150 0.713333
150 0.586667
150 0.406667
150 0.553333
150 0.5
150 0.52
150 0.56
150 0.686667
150 0.726667
150 0.426667
150 0.52
150 0.68
150 0.266667
150 0.666667
150 0.36
150 0.446667
150 0.233333
150 0.533333
150 0.5
150 0.453333
150 0.68
150 0.86
150 0.22
150 0.693333
150 0.38
150 0.633333
150 0.306667
150 0.573333
150 0.846667
150 0.426667
150 0.72
150 0.24
150 0.42
150 0.513333
150 0.0866667
150 0.44
150 0.486667
150 0.493333
150 0.446667
150 0.753333
150 0.6
150 0.446667
150 0.593333
200 0.7
200 0.425
200 0.795
200 0.785
200 0.295
200 0.79
200 0.595
200 0.865
200 0.55
200 0.6
200 0.64
200 0.52
200 0.63
200 0.17
200 0.375
200 0.015
200 0.695
200 0.73
200 0.59
200 0.4
200 0.54
200 0.415
200 0.255
200 0.705
200 0.72
200 0.49
200 0.815
200 0.75
200 0.355
200 0.635
200 0.64
200 0.565
200 0.76
200 0.52
200 0.275
200 0.675
200 0.395
200 0.275
200 0.39
200 0.565
200 0.485
200 0.665
200 0.42
200 0.59
200 0.62
200 0.705
200 0.425
200 0.35
200 0.76
200 0.66
200 0.575
200 0.385
200 0.255
200 0.29
200 0.39
200 0.73
200 0.545
200 0.525
200 0.595
200 0.665
200 0.35
200 0.515
200 0.555
200 0.74
200 0.745
200 0.665
200 0.16
200 0.625
200 0.57
200 0.74
200 0.465
200 0.615
200 0.71
200 0.505
200 0.57
250 0.708
250 0.728
250 0.544
250 0.604
250 0.812
250 0.652
250 0.52
250 0.608
250 0.624
250 0.6
250 0.768
250 0.652
250 0.656
250 0.592
250 0.56
250 0.792
250 0.836
250 0.424
250 0.56
250 0.608
250 0.736
250 0.42
250 0.5
250 0.404
250 0.756
250 0.468
250 0.56
250 0.72
250 0.46
250 0.504
250 0.668
250 0.82
250 0.688
250 0.376
250 0.596
250 0.424
250 0.528
250 0.52
250 0.564
250 0.596
250 0.456
250 0.388
250 0.72
250 0.436
250 0.596
250 0.756
250 0.772
250 0.44
250 0.564
250 0.564
250 0.82
250 0.184
250 0.66
250 0.712
250 0.868
250 0.62
250 0.732
250 0.168
250 0.492
250 0.576
250 0.516
250 0.532
250 0.672
250 0.792
250 0.584
250 0.392
250 0.628
250 0.564
250 0.68
250 0.568
250 0.804
250 0.324
250 0.692
250 0.656
250 0.504
300 0.646667
300 0.553333
300 0.623333
300 0.66
300 0.266667
300 0.46
300 0.47
300 0.5
300 0.61
300 0.7
300 0.61
300 0.263333
300 0.726667
300 0.81
300 0.716667
300 0.576667
300 0.593333
300 0.37
300 0.396667
300 0.506667
300 0.623333
300 0.493333
300 0.676667
300 0.783333
300 0.483333
300 0.666667
300 0.753333
300 0.593333
300 0.783333
300 0.706667
300 0.666667
300 0.63
300 0.55
300 0.75
300 0.49
300 0.726667
300 0.766667
300 0.706667
300 0.293333
300 0.373333
300 0.686667
300 0.63
300 0.526667
300 0.61
300 0.57
300 0.523333
300 0.786667
300 0.663333
300 0.386667
300 0.813333
300 0.673333
300 0.186667
300 0.613333
300 0.73
300 0.47
300 0.466667
300 0.603333
300 0.33
300 0.566667
300 0.553333
300 0.543333
300 0.73
300 0.63
300 0.616667
300 0.63
300 0.583333
300 0.806667
300 0.63
300 0.6
300 0.716667
300 0.47
300 0.416667
300 0.346667
300 0.606667
300 0.79
350 0.557143
350 0.782857
350 0.825714
350 0.608571
350 0.588571
350 0.637143
350 0.434286
350 0.591429
350 0.548571
350 0.502857
350 0.625714
350 0.697143
350 0.657143
350 0.482857
350 0.677143
350 0.54
350 0.705714
350 0.771429
350 0.631429
350 0.711429
350 0.551429
350 0.637143
350 0.771429
350 0.785714
350 0.625714
350 0.671429
350 0.517143
350 0.591429
350 0.58
350 0.645714
350 0.471429
350 0.825714
350 0.465714
350 0.757143
350 0.697143
350 0.68
350 0.48
350 0.448571
350 0.797143
350 0.708571
350 0.531429
350 0.694286
350 0.685714
350 0.528571
350 0.702857
350 0.628571
350 0.451429
350 0.717143
350 0.46
350 0.72
350 0.677143
350 0.442857
350 0.554286
350 0.8
350 0.642857
350 0.845714
350 0.648571
350 0.722857
350 0.614286
350 0.797143
350 0.697143
350 0.525714
350 0.722857
350 0.622857
350 0.611429
350 0.554286
350 0.805714
350 0.537143
350 0.468571
350 0.788571
350 0.388571
350 0.725714
350 0.168571
350 0.668571
350 0.728571
400 0.515
400 0.345
400 0.6825
400 0.6875
400 0.4725
400 0.615
400 0.7475
400 0.28
400 0.645
400 0.8225
400 0.83
400 0.6725
400 0.73
400 0.76
400 0.7225
400 0.76
400 0.74
400 0.345
400 0.8225
400 0.7575
400 0.7
400 0.8275
400 0.4025
400 0.5925
400 0.7
400 0.5175
400 0.6375
400 0.65
400 0.8025
400 0.4875
400 0.6525
400 0.515
400 0.77
400 0.77
400 0.5975
400 0.7975
400 0.7275
400 0.465
400 0.3525
400 0.66
400 0.81
400 0.7725
400 0.7425
400 0.7425
400 0.4675
400 0.71
400 0.6025
400 0.325
400 0.725
400 0.8
400 0.7375
400 0.7275
400 0.2775
400 0.75
400 0.8125
400 0.6925
400 0.7875
400 0.795
400 0.81
400 0.6375
400 0.3375
400 0.6225
400 0.73
400 0.77
400 0.685
400 0.3975
400 0.6525
400 0.4225
400 0.61
400 0.5875
400 0.78
400 0.785
400 0.47
400 0.67
400 0.51
450 0.744444
450 0.804444
450 0.511111
450 0.693333
450 0.524444
450 0.715556
450 0.733333
450 0.844444
450 0.693333
450 0.573333
450 0.591111
450 0.773333
450 0.735556
450 0.717778
450 0.806667
450 0.833333
450 0.566667
450 0.78
450 0.688889
450 0.728889
450 0.646667
450 0.357778
450 0.342222
450 0.551111
450 0.571111
450 0.502222
450 0.593333
450 0.737778
450 0.315556
450 0.582222
450 0.588889
450 0.677778
450 0.568889
450 0.746667
450 0.584444
450 0.693333
450 0.828889
450 0.533333
450 0.762222
450 0.675556
450 0.566667
450 0.626667
450 0.708889
450 0.568889
450 0.628889
450 0.602222
450 0.76
450 0.775556
450 0.8
450 0.664444
450 0.62
450 0.648889
450 0.697778
450 0.731111
450 0.837778
450 0.757778
450 0.413333
450 0.551111
450 0.697778
450 0.791111
450 0.691111
450 0.688889
450 0.435556
450 0.5
450 0.682222
450 0.662222
450 0.713333
450 0.673333
450 0.664444
450 0.722222
450 0.675556
450 0.337778
450 0.555556
450 0.68
450 0.633333
500 0.818
500 0.798
500 0.712
500 0.638
500 0.648
500 0.766
500 0.63
500 0.76
500 0.744
500 0.8
500 0.472
500 0.678
500 0.608
500 0.574
500 0.768
500 0.448
500 0.616
500 0.5
500 0.7
500 0.634
500 0.772
500 0.616
500 0.652
500 0.672
500 0.346
500 0.644
500 0.282
500 0.456
500 0.738
500 0.54
500 0.818
500 0.722
500 0.664
500 0.614
500 0.656
500 0.276
500 0.576
500 0.47
500 0.556
500 0.708
500 0.686
500 0.728
500 0.762
500 0.68
500 0.582
500 0.686
500 0.726
500 0.672
500 0.648
500 0.792
500 0.626
500 0.704
500 0.798
500 0.55
500 0.638
500 0.702
500 0.518
500 0.54
500 0.732
500 0.9
500 0.638
500 0.548
500 0.782
500 0.438
500 0.45
500 0.446
500 0.68
500 0.374
500 0.742
500 0.806
500 0.536
500 0.548
500 0.694
500 0.814
500 0.622
550 0.609091
550 0.614545
550 0.638182
550 0.723636
550 0.7
550 0.610909
550 0.643636
550 0.438182
550 0.505455
550 0.84
550 0.814545
550 0.574545
550 0.269091
550 0.296364
550 0.698182
550 0.727273
550 0.66
550 0.681818
550 0.665455
550 0.736364
550 0.498182
550 0.390909
550 0.578182
550 0.505455
550 0.865455
550 0.712727
550 0.741818
550 0.590909
550 0.676364
550 0.725455
550 0.716364
550 0.521818
550 0.627273
550 0.150909
550 0.641818
550 0.663636
550 0.572727
550 0.263636
550 0.7
550 0.607273
550 0.656364
550 0.738182
550 0.58
550 0.534545
550 0.492727
550 0.827273
550 0.492727
550 0.558182
550 0.716364
550 0.761818
550 0.656364
550 0.785455
550 0.54
550 0.714545
550 0.74
550 0.792727
550 0.714545
550 0.634545
550 0.716364
550 0.701818
550 0.670909
550 0.710909
550 0.638182
550 0.6
550 0.685455
550 0.647273
550 0.738182
550 0.583636
550 0.692727
550 0.763636
550 0.743636
550 0.669091
550 0.590909
550 0.672727
550 0.561818
600 0.493333
600 0.786667
600 0.58
600 0.285
600 0.508333
600 0.733333
600 0.708333
600 0.736667
600 0.506667
600 0.761667
600 0.715
600 0.796667
600 0.761667
600 0.731667
600 0.68
600 0.798333
600 0.54
600 0.806667
600 0.703333
600 0.51
600 0.52
600 0.795
600 0.531667
600 0.613333
600 0.593333
600 0.703333
600 0.453333
600 0.738333
600 0.651667
600 0.646667
600 0.565
600 0.74
600 0.636667
600 0.633333
600 0.728333
600 0.74
600 0.508333
600 0.646667
600 0.683333
600 0.775
600 0.42
600 0.77
600 0.933333
600 0.823333
600 0.671667
600 0.556667
600 0.791667
600 0.743333
600 0.7
600 0.75
600 0.191667
600 0.845
600 0.645
600 0.801667
600 0.66
600 0.783333
600 0.783333
600 0.695
600 0.543333
600 0.548333
600 0.653333
600 0.68
600 0.786667
600 0.235
600 0.721667
600 0.786667
600 0.271667
600 0.555
600 0.8
600 0.743333
600 0.816667
600 0.681667
600 0.566667
600 0.721667
600 0.748333
650 0.736923
650 0.663077
650 0.715385
650 0.689231
650 0.335385
650 0.752308
650 0.615385
650 0.392308
650 0.710769
650 0.623077
650 0.686154
650 0.629231
650 0.72
650 0.790769
650 0.58
650 0.753846
650 0.733846
650 0.570769
650 0.750769
650 0.676923
650 0.723077
650 0.698462
650 0.673846
650 0.787692
650 0.695385
650 0.684615
650 0.62
650 0.773846
650 0.738462
650 0.450769
650 0.892308
650 0.584615
650 0.776923
650 0.756923
650 0.750769
650 0.756923
650 0.38
650 0.676923
650 0.790769
650 0.778462
650 0.716923
650 0.672308
650 0.758462
650 0.569231
650 0.66
650 0.818462
650 0.764615
650 0.503077
650 0.56
650 0.433846
650 0.796923
650 0.504615
650 0.896923
650 0.801538
650 0.630769
650 0.769231
650 0.838462
650 0.667692
650 0.747692
650 0.423077
650 0.735385
650 0.792308
650 0.427692
650 0.74
650 0.638462
650 0.609231
650 0.726154
650 0.627692
650 0.536923
650 0.624615
650 0.693846
650 0.601538
650 0.832308
650 0.490769
650 0.764615
700 0.735714
700 0.585714
700 0.618571
700 0.688571
700 0.465714
700 0.724286
700 0.682857
700 0.738571
700 0.768571
700 0.76
700 0.778571
700 0.738571
700 0.744286
700 0.582857
700 0.67
700 0.764286
700 0.612857
700 0.704286
700 0.637143
700 0.527143
700 0.698571
700 0.572857
700 0.705714
700 0.928571
700 0.587143
700 0.665714
700 0.512857
700 0.77
700 0.612857
700 0.657143
700 0.784286
700 0.72
700 0.752857
700 0.531429
700 0.764286
700 0.67
700 0.728571
700 0.561429
700 0.604286
700 0.675714
700 0.774286
700 0.582857
700 0.722857
700 0.737143
700 0.388571
700 0.505714
700 0.447143
700 0.73
700 0.738571
700 0.511429
700 0.79
700 0.665714
700 0.677143
700 0.734286
700 0.571429
700 0.781429
700 0.352857
700 0.694286
700 0.617143
700 0.732857
700 0.522857
700 0.78
700 0.672857
700 0.552857
700 0.508571
700 0.571429
700 0.481429
700 0.768571
700 0.721429
700 0.791429
700 0.775714
700 0.602857
700 0.468571
700 0.722857
700 0.765714
750 0.637333
750 0.734667
750 0.712
750 0.465333
750 0.674667
750 0.836
750 0.778667
750 0.596
750 0.574667
750 0.492
750 0.841333
750 0.782667
750 0.641333
750 0.801333
750 0.746667
750 0.716
750 0.650667
750 0.796
750 0.792
750 0.688
750 0.626667
750 0.714667
750 0.676
750 0.801333
750 0.778667
750 0.729333
750 0.750667
750 0.546667
750 0.450667
750 0.497333
750 0.748
750 0.868
750 0.545333
750 0.733333
750 0.7
750 0.701333
750 0.58
750 0.632
750 0.730667
750 0.622667
750 0.682667
750 0.549333
750 0.726667
750 0.758667
750 0.749333
750 0.825333
750 0.709333
750 0.728
750 0.728
750 0.569333
750 0.808
750 0.732
750 0.678667
750 0.817333
750 0.708
750 0.738667
750 0.821333
750 0.681333
750 0.724
750 0.686667
750 0.738667
750 0.630667
750 0.354667
750 0.570667
750 0.666667
750 0.777333
750 0.638667
750 0.729333
750 0.702667
750 0.724
750 0.545333
750 0.748
750 0.66
750 0.74
750 0.845333
800 0.74
800 0.6975
800 0.73375
800 0.5375
800 0.60875
800 0.62
800 0.50875
800 0.5925
800 0.8225
800 0.595
800 0.64875
800 0.76875
800 0.76
800 0.795
800 0.66625
800 0.55125
800 0.66625
800 0.77875
800 0.7675
800 0.7475
800 0.82375
800 0.69875
800 0.66875
800 0.645
800 0.58
800 0.80625
800 0.675
800 0.61625
800 0.39125
800 0.53375
800 0.69375
800 0.72125
800 0.69875
800 0.70125
800 0.66625
800 0.75
800 0.50375
800 0.60625
800 0.795
800 0.5975
800 0.5625
800 0.7325
800 0.68
800 0.57875
800 0.8175
800 0.6525
800 0.63
800 0.46875
800 0.7375
800 0.70125
800 0.73875
800 0.775
800 0.70375
800 0.82
800 0.65875
800 0.72
800 0.49875
800 0.61625
800 0.71375
800 0.6075
800 0.605
800 0.83375
800 0.615
800 0.59875
800 0.6975
800 0.72
800 0.46625
800 0.81125
800 0.70625
800 0.77625
800 0.605
800 0.76625
800 0.69125
800 0.59875
800 0.75
850 0.398824
850 0.565882
850 0.667059
850 0.702353
850 0.637647
850 0.771765
850 0.643529
850 0.658824
850 0.556471
850 0.644706
850 0.738824
850 0.691765
850 0.768235
850 0.728235
850 0.718824
850 0.694118
850 0.757647
850 0.751765
850 0.563529
850 0.731765
850 0.561176
850 0.690588
850 0.762353
850 0.632941
850 0.718824
850 0.670588
850 0.68
850 0.694118
850 0.796471
850 0.724706
850 0.567059
850 0.395294
850 0.768235
850 0.809412
850 0.628235
850 0.336471
850 0.594118
850 0.74
850 0.72
850 0.723529
850 0.771765
850 0.791765
850 0.607059
850 0.592941
850 0.774118
850 0.778824
850 0.694118
850 0.747059
850 0.609412
850 0.687059
850 0.764706
850 0.592941
850 0.668235
850 0.747059
850 0.768235
850 0.636471
850 0.721176
850 0.718824
850 0.790588
850 0.695294
850 0.597647
850 0.584706
850 0.743529
850 0.596471
850 0.709412
850 0.775294
850 0.674118
850 0.630588
850 0.794118
850 0.731765
850 0.665882
850 0.788235
850 0.583529
850 0.492941
850 0.495294
900 0.833333
900 0.613333
900 0.776667
900 0.628889
900 0.737778
900 0.743333
900 0.762222
900 0.796667
900 0.823333
900 0.663333
900 0.77
900 0.761111
900 0.586667
900 0.7
900 0.877778
900 0.872222
900 0.48
900 0.812222
900 0.546667
900 0.626667
900 0.538889
900 0.791111
900 0.667778
900 0.765556
900 0.79
900 0.644444
900 0.671111
900 0.753333
900 0.546667
900 0.604444
900 0.727778
900 0.772222
900 0.641111
900 0.654444
900 0.388889
900 0.803333
900 0.748889
900 0.83
900 0.72
900 0.802222
900 0.722222
900 0.76
900 0.768889
900 0.728889
900 0.813333
900 0.86
900 0.811111
900 0.803333
900 0.621111
900 0.614444
900 0.791111
900 0.67
900 0.67
900 0.704444
900 0.706667
900 0.797778
900 0.637778
900 0.644444
900 0.676667
900 0.724444
900 0.605556
900 0.737778
900 0.448889
900 0.66
900 0.48
900 0.741111
900 0.587778
900 0.69
900 0.647778
900 0.601111
900 0.737778
900 0.8
900 0.596667
900 0.684444
900 0.773333
950 0.683158
950 0.802105
950 0.582105
950 0.783158
950 0.692632
950 0.731579
950 0.752632
950 0.692632
950 0.746316
950 0.721053
950 0.665263
950 0.44
950 0.689474
950 0.645263
950 0.849474
950 0.810526
950 0.547368
950 0.573684
950 0.733684
950 0.837895
950 0.58
950 0.656842
950 0.572632
950 0.733684
950 0.731579
950 0.791579
950 0.683158
950 0.828421
950 0.825263
950 0.593684
950 0.645263
950 0.488421
950 0.62
950 0.838947
950 0.672632
950 0.698947
950 0.709474
950 0.8
950 0.747368
950 0.704211
950 0.697895
950 0.657895
950 0.803158
950 0.777895
950 0.788421
950 0.434737
950 0.843158
950 0.772632
950 0.594737
950 0.756842
950 0.571579
950 0.728421
950 0.610526
950 0.776842
950 0.464211
950 0.526316
950 0.543158
950 0.789474
950 0.741053
950 0.731579
950 0.742105
950 0.748421
950 0.762105
950 0.637895
950 0.535789
950 0.375789
950 0.726316
950 0.787368
950 0.593684
950 0.835789
950 0.388421
950 0.818947
950 0.716842
950 0.583158
950 0.815789
1000 0.647
1000 0.753
1000 0.455
1000 0.665
1000 0.728
1000 0.706
1000 0.643
1000 0.701
1000 0.802
1000 0.667
1000 0.73
1000 0.744
1000 0.8
1000 0.658
1000 0.692
1000 0.718
1000 0.74
1000 0.82
1000 0.735
1000 0.601
1000 0.59
1000 0.483
1000 0.558
1000 0.625
1000 0.544
1000 0.707
1000 0.707
1000 0.766
1000 0.713
1000 0.811
1000 0.695
1000 0.7
1000 0.746
1000 0.476
1000 0.521
1000 0.618
1000 0.546
1000 0.567
1000 0.73
1000 0.717
1000 0.757
1000 0.674
1000 0.796
1000 0.72
1000 0.705
1000 0.796
1000 0.716
1000 0.811
1000 0.762
1000 0.762
1000 0.798
1000 0.422
1000 0.699
1000 0.771
1000 0.776
1000 0.66
1000 0.659
1000 0.547
1000 0.704
1000 0.625
1000 0.754
1000 0.547
1000 0.683
1000 0.73
1000 0.749
1000 0.403
1000 0.662
1000 0.47
1000 0.816
1000 0.799
1000 0.788
1000 0.764
1000 0.636
1000 0.728
1000 0.759
1050 0.661905
1050 0.779048
1050 0.686667
1050 0.818095
1050 0.504762
1050 0.609524
1050 0.597143
1050 0.815238
1050 0.670476
1050 0.765714
1050 0.664762
1050 0.752381
1050 0.672381
1050 0.848571
1050 0.719048
1050 0.850476
1050 0.749524
1050 0.701905
1050 0.788571
1050 0.64381
1050 0.772381
1050 0.466667
1050 0.54
1050 0.66381
1050 0.8
1050 0.369524
1050 0.734286
1050 0.780952
1050 0.825714
1050 0.800952
1050 0.629524
1050 0.737143
1050 0.828571
1050 0.851429
1050 0.702857
1050 0.586667
1050 0.773333
1050 0.76381
1050 0.538095
1050 0.808571
1050 0.712381
1050 0.477143
1050 0.746667
1050 0.595238
1050 0.854286
1050 0.693333
1050 0.76
1050 0.71619
1050 0.681905
1050 0.811429
1050 0.79619
1050 0.473333
1050 0.598095
1050 0.635238
1050 0.759048
1050 0.541905
1050 0.805714
1050 0.782857
1050 0.74
1050 0.758095
1050 0.788571
1050 0.681905
1050 0.700952
1050 0.659048
1050 0.46
1050 0.722857
1050 0.60381
1050 0.567619
1050 0.830476
1050 0.782857
1050 0.750476
1050 0.735238
1050 0.757143
1050 0.637143
1050 0.740952
1100 0.794545
1100 0.761818
1100 0.734545
1100 0.768182
1100 0.7
1100 0.717273
1100 0.749091
1100 0.776364
1100 0.799091
1100 0.616364
1100 0.770909
1100 0.791818
1100 0.740909
1100 0.607273
1100 0.591818
1100 0.830909
1100 0.642727
1100 0.779091
1100 0.784545
1100 0.758182
1100 0.831818
1100 0.696364
1100 0.684545
1100 0.678182
1100 0.666364
1100 0.69
1100 0.703636
1100 0.780909
1100 0.710909
1100 0.604545
1100 0.659091
1100 0.752727
1100 0.760909
1100 0.578182
1100 0.7
1100 0.831818
1100 0.688182
1100 0.631818
1100 0.708182
1100 0.825455
1100 0.674545
1100 0.725455
1100 0.723636
1100 0.657273
1100 0.720909
1100 0.698182
1100 0.747273
1100 0.654545
1100 0.669091
1100 0.695455
1100 0.726364
1100 0.806364
1100 0.641818
1100 0.642727
1100 0.671818
1100 0.633636
1100 0.764545
1100 0.378182
1100 0.516364
1100 0.763636
1100 0.593636
1100 0.75
1100 0.794545
1100 0.772727
1100 0.725455
1100 0.740909
1100 0.788182
1100 0.718182
1100 0.620909
1100 0.838182
1100 0.822727
1100 0.493636
1100 0.699091
1100 0.608182
1100 0.09
1150 0.78
1150 0.76
1150 0.718261
1150 0.631304
1150 0.563478
1150 0.723478
1150 0.76
1150 0.687826
1150 0.501739
1150 0.537391
1150 0.790435
1150 0.808696
1150 0.674783
1150 0.553043
1150 0.811304
1150 0.795652
1150 0.706957
1150 0.722609
1150 0.816522
1150 0.696522
1150 0.45913
1150 0.751304
1150 0.749565
1150 0.607826
1150 0.610435
1150 0.533043
1150 0.669565
1150 0.815652
1150 0.441739
1150 0.670435
1150 0.68
1150 0.818261
1150 0.725217
1150 0.535652
1150 0.703478
1150 0.7
1150 0.656522
1150 0.672174
1150 0.794783
1150 0.702609
1150 0.613913
1150 0.453913
1150 0.503478
1150 0.749565
1150 0.606087
1150 0.635652
1150 0.750435
1150 0.786957
1150 0.715652
1150 0.74087
1150 0.550435
1150 0.677391
1150 0.702609
1150 0.651304
1150 0.772174
1150 0.785217
1150 0.685217
1150 0.644348
1150 0.685217
1150 0.765217
1150 0.741739
1150 0.601739
1150 0.806087
1150 0.573913
1150 0.697391
1150 0.810435
1150 0.724348
1150 0.692174
1150 0.74087
1150 0.610435
1150 0.589565
1150 0.726087
1150 0.74087
1150 0.664348
1150 0.751304
1200 0.766667
1200 0.669167
1200 0.576667
1200 0.726667
1200 0.734167
1200 0.791667
1200 0.675833
1200 0.769167
1200 0.8125
1200 0.6275
1200 0.671667
1200 0.7775
1200 0.7925
1200 0.784167
1200 0.553333
1200 0.8225
1200 0.810833
1200 0.819167
1200 0.4825
1200 0.780833
1200 0.61
1200 0.660833
1200 0.5525
1200 0.743333
1200 0.541667
1200 0.5775
1200 0.815833
1200 0.781667
1200 0.839167
1200 0.715
1200 0.773333
1200 0.471667
1200 0.588333
1200 0.788333
1200 0.781667
1200 0.6875
1200 0.7275
1200 0.79
1200 0.7175
1200 0.519167
1200 0.795
1200 0.573333
1200 0.678333
1200 0.785833
1200 0.809167
1200 0.7875
1200 0.756667
1200 0.728333
1200 0.7225
1200 0.678333
1200 0.703333
1200 0.6625
1200 0.82
1200 0.756667
1200 0.648333
1200 0.366667
1200 0.698333
1200 0.7525
1200 0.785
1200 0.695833
1200 0.746667
1200 0.76
1200 0.769167
1200 0.684167
1200 0.7675
1200 0.779167
1200 0.613333
1200 0.7725
1200 0.685833
1200 0.630833
1200 0.766667
1200 0.711667
1200 0.768333
1200 0.74
1200 0.720833
1250 0.7496
1250 0.7
1250 0.7432
1250 0.6488
1250 0.668
1250 0.7528
1250 0.656
1250 0.8024
1250 0.7296
1250 0.8416
1250 0.664
1250 0.6128
1250 0.728
1250 0.7856
1250 0.6352
1250 0.6288
1250 0.8456
1250 0.6464
1250 0.5416
1250 0.7376
1250 0.672
1250 0.5
1250 0.832
1250 0.6904
1250 0.7208
1250 0.7888
1250 0.7328
1250 0.696
1250 0.8064
1250 0.7688
1250 0.592
1250 0.5904
1250 0.8176
1250 0.7736
1250 0.7784
1250 0.7488
1250 0.4384
1250 0.672
1250 0.8
1250 0.6488
1250 0.7712
1250 0.7976
1250 0.7688
1250 0.5608
1250 0.832
1250 0.4632
1250 0.4744
1250 0.5944
1250 0.804
1250 0.712
1250 0.736
1250 0.7992
1250 0.7312
1250 0.6024
1250 0.7024
1250 0.7576
1250 0.6208
1250 0.36
1250 0.5512
1250 0.7192
1250 0.7888
1250 0.7264
1250 0.832
1250 0.688
1250 0.5952
1250 0.8296
1250 0.7592
1250 0.6512
1250 0.832
1250 0.8376
1250 0.7
1250 0.656
1250 0.7912
1250 0.6544
1250 0.8008
1300 0.613846
1300 0.596154
1300 0.280769
1300 0.451538
1300 0.706923
1300 0.679231
1300 0.77
1300 0.773077
1300 0.616923
1300 0.75
1300 0.88
1300 0.77
1300 0.771538
1300 0.699231
1300 0.800769
1300 0.772308
1300 0.774615
1300 0.722308
1300 0.746923
1300 0.686923
1300 0.758462
1300 0.705385
1300 0.548462
1300 0.494615
1300 0.745385
1300 0.74
1300 0.648462
1300 0.553077
1300 0.745385
1300 0.69
1300 0.713846
1300 0.762308
1300 0.616154
1300 0.68
1300 0.654615
1300 0.487692
1300 0.633846
1300 0.731538
1300 0.807692
1300 0.755385
1300 0.753077
1300 0.628462
1300 0.738462
1300 0.637692
1300 0.683846
1300 0.620769
1300 0.550769
1300 0.658462
1300 0.767692
1300 0.765385
1300 0.735385
1300 0.668462
1300 0.71
1300 0.489231
1300 0.806923
1300 0.710769
1300 0.819231
1300 0.701538
1300 0.906923
1300 0.74
1300 0.455385
1300 0.736923
1300 0.623846
1300 0.609231
1300 0.583077
1300 0.708462
1300 0.732308
1300 0.473077
1300 0.721538
1300 0.663077
1300 0.735385
1300 0.686154
1300 0.745385
1300 0.506154
1300 0.666154
1350 0.73037
1350 0.557778
1350 0.771111
1350 0.748148
1350 0.801481
1350 0.642963
1350 0.794074
1350 0.832593
1350 0.677778
1350 0.628148
1350 0.663704
1350 0.666667
1350 0.414815
1350 0.653333
1350 0.485926
1350 0.824444
1350 0.45037
1350 0.768889
1350 0.739259
1350 0.702222
1350 0.741481
1350 0.617037
1350 0.771111
1350 0.51037
1350 0.698519
1350 0.60963
1350 0.757037
1350 0.782222
1350 0.72
1350 0.845185
1350 0.742222
1350 0.743704
1350 0.753333
1350 0.708148
1350 0.711111
1350 0.808148
1350 0.776296
1350 0.757037
1350 0.72
1350 0.485185
1350 0.835556
1350 0.531111
1350 0.7
1350 0.779259
1350 0.844444
1350 0.68
1350 0.845185
1350 0.634074
1350 0.747407
1350 0.8
1350 0.699259
1350 0.78
1350 0.72963
1350 0.85037
1350 0.762222
1350 0.533333
1350 0.682222
1350 0.622963
1350 0.780741
1350 0.665926
1350 0.78963
1350 0.835556
1350 0.621481
1350 0.434815
1350 0.707407
1350 0.693333
1350 0.784444
1350 0.767407
1350 0.645926
1350 0.64
1350 0.634074
1350 0.747407
1350 0.842963
1350 0.718519
1350 0.711111
1400 0.852143
1400 0.738571
1400 0.787857
1400 0.74
1400 0.675714
1400 0.703571
1400 0.592857
1400 0.702857
1400 0.697857
1400 0.65
1400 0.682857
1400 0.705
1400 0.652143
1400 0.664286
1400 0.617143
1400 0.683571
1400 0.81
1400 0.700714
1400 0.777143
1400 0.716429
1400 0.770714
1400 0.822143
1400 0.677857
1400 0.802857
1400 0.631429
1400 0.73
1400 0.567143
1400 0.575
1400 0.715714
1400 0.494286
1400 0.802857
1400 0.578571
1400 0.761429
1400 0.642143
1400 0.728571
1400 0.705
1400 0.687143
1400 0.723571
1400 0.824286
1400 0.665714
1400 0.790714
1400 0.727143
1400 0.892143
1400 0.769286
1400 0.760714
1400 0.785
1400 0.636429
1400 0.807143
1400 0.778571
1400 0.829286
1400 0.800714
1400 0.747857
1400 0.834286
1400 0.775
1400 0.73
1400 0.749286
1400 0.842143
1400 0.723571
1400 0.679286
1400 0.579286
1400 0.733571
1400 0.467143
1400 0.663571
1400 0.784286
1400 0.625714
1400 0.595714
1400 0.846429
1400 0.904286
1400 0.679286
1400 0.794286
1400 0.597857
1400 0.597857
1400 0.652857
1400 0.507857
1400 0.567143
1450 0.762069
1450 0.717241
1450 0.675172
1450 0.803448
1450 0.667586
1450 0.757241
1450 0.81931
1450 0.508276
1450 0.797241
1450 0.646897
1450 0.837241
1450 0.648966
1450 0.69931
1450 0.706897
1450 0.78069
1450 0.613103
1450 0.730345
1450 0.70069
1450 0.661379
1450 0.597931
1450 0.805517
1450 0.484828
1450 0.778621
1450 0.728966
1450 0.657931
1450 0.635172
1450 0.869655
1450 0.72069
1450 0.648276
1450 0.72
1450 0.766207
1450 0.726897
1450 0.602759
1450 0.65931
1450 0.570345
1450 0.684138
1450 0.786897
1450 0.87931
1450 0.545517
1450 0.54
1450 0.777241
1450 0.650345
1450 0.634483
1450 0.722759
1450 0.603448
1450 0.63931
1450 0.786897
1450 0.786897
1450 0.52069
1450 0.725517
1450 0.714483
1450 0.816552
1450 0.735862
1450 0.813793
1450 0.833793
1450 0.672414
1450 0.793793
1450 0.736552
1450 0.748966
1450 0.674483
1450 0.868966
1450 0.535172
1450 0.636552
1450 0.791034
1450 0.793103
1450 0.504828
1450 0.737931
1450 0.79931
1450 0.830345
1450 0.844828
1450 0.693793
1450 0.763448
1450 0.735172
1450 0.626207
1450 0.757931
1500 0.786
1500 0.746667
1500 0.790667
1500 0.657333
1500 0.709333
1500 0.68
1500 0.607333
1500 0.594667
1500 0.596667
1500 0.618
1500 0.663333
1500 0.731333
1500 0.633333
1500 0.666
1500 0.731333
1500 0.812667
1500 0.57
1500 0.529333
1500 0.434667
1500 0.796
1500 0.758
1500 0.750667
1500 0.69
1500 0.621333
1500 0.715333
1500 0.732667
1500 0.312667
1500 0.76
1500 0.794667
1500 0.756667
1500 0.698667
1500 0.652
1500 0.747333
1500 0.842
1500 0.859333
1500 0.311333
1500 0.629333
1500 0.618667
1500 0.620667
1500 0.754667
1500 0.695333
1500 0.794667
1500 0.725333
1500 0.731333
1500 0.771333
1500 0.736
1500 0.615333
1500 0.752667
1500 0.844667
1500 0.642
1500 0.77
1500 0.740667
1500 0.790667
1500 0.674667
1500 0.660667
1500 0.752
1500 0.741333
1500 0.798
1500 0.846667
1500 0.742
1500 0.663333
1500 0.476
1500 0.724667
1500 0.855333
1500 0.540667
1500 0.509333
1500 0.56
1500 0.688667
1500 0.547333
1500 0.632
1500 0.759333
1500 0.784667
1500 0.624667
1500 0.749333
1500 0.629333
1550 0.747097
1550 0.566452
1550 0.817419
1550 0.790968
1550 0.78
1550 0.694194
1550 0.684516
1550 0.710968
1550 0.775484
1550 0.614194
1550 0.70129
1550 0.706452
1550 0.634194
1550 0.64129
1550 0.65871
1550 0.360645
1550 0.765806
1550 0.732258
1550 0.801935
1550 0.729677
1550 0.803871
1550 0.645806
1550 0.747097
1550 0.660645
1550 0.746452
1550 0.637419
1550 0.689032
1550 0.613548
1550 0.730323
1550 0.776774
1550 0.638065
1550 0.637419
1550 0.851613
1550 0.801935
1550 0.689677
1550 0.786452
1550 0.55871
1550 0.742581
1550 0.765161
1550 0.69871
1550 0.589677
1550 0.729677
1550 0.81871
1550 0.727097
1550 0.807742
1550 0.73871
1550 0.881935
1550 0.662581
1550 0.73871
1550 0.812903
1550 0.669032
1550 0.769677
1550 0.859355
1550 0.850968
1550 0.767742
1550 0.659355
1550 0.86
1550 0.803871
1550 0.665161
1550 0.384516
1550 0.696129
1550 0.87871
1550 0.796774
1550 0.678065
1550 0.792258
1550 0.639355
1550 0.587097
1550 0.798065
1550 0.843871
1550 0.764516
1550 0.512258
1550 0.785161
1550 0.695484
1550 0.649032
1550 0.794194
1600 0.735625
1600 0.62875
1600 0.815
1600 0.74
1600 0.8275
1600 0.583125
1600 0.695625
1600 0.651875
1600 0.598125
1600 0.62625
1600 0.763125
1600 0.7
1600 0.78375
1600 0.570625
1600 0.751875
1600 0.776875
1600 0.60875
1600 0.676875
1600 0.6325
1600 0.81625
1600 0.76625
1600 0.78625
1600 0.621875
1600 0.625625
1600 0.721875
1600 0.815
1600 0.70125
1600 0.708125
1600 0.788125
1600 0.820625
1600 0.75625
1600 0.454375
1600 0.71125
1600 0.87125
1600 0.55125
1600 0.8275
1600 0.854375
1600 0.811875
1600 0.68125
1600 0.743125
1600 0.7425
1600 0.646875
1600 0.56125
1600 0.71625
1600 0.733125
1600 0.853125
1600 0.445
1600 0.6275
1600 0.765
1600 0.675
1600 0.72375
1600 0.714375
1600 0.686875
1600 0.628125
1600 0.614375
1600 0.74
1600 0.84625
1600 0.735625
1600 0.703125
1600 0.73125
1600 0.803125
1600 0.85
1600 0.8
1600 0.595625
1600 0.735625
1600 0.799375
1600 0.70375
1600 0.666875
1600 0.60375
1600 0.834375
1600 0.563125
1600 0.61625
1600 0.763125
1600 0.733125
1600 0.719375
1650 0.853939
1650 0.673333
1650 0.650303
1650 0.725455
1650 0.727879
1650 0.595758
1650 0.780606
1650 0.775758
1650 0.75697
1650 0.700606
1650 0.39697
1650 0.794545
1650 0.649091
1650 0.540606
1650 0.634545
1650 0.7
1650 0.583636
1650 0.772121
1650 0.731515
1650 0.644242
1650 0.775152
1650 0.722424
1650 0.689091
1650 0.703636
1650 0.719394
1650 0.690909
1650 0.737576
1650 0.68
1650 0.790909
1650 0.627879
1650 0.821818
1650 0.76303
1650 0.747273
1650 0.705455
1650 0.78303
1650 0.82
1650 0.778182
1650 0.740606
1650 0.770909
1650 0.589091
1650 0.698788
1650 0.684848
1650 0.753333
1650 0.684848
1650 0.833333
1650 0.749091
1650 0.778182
1650 0.706667
1650 0.412727
1650 0.704848
1650 0.795152
1650 0.73697
1650 0.762424
1650 0.821818
1650 0.890303
1650 0.792121
1650 0.811515
1650 0.763636
1650 0.701818
1650 0.766667
1650 0.762424
1650 0.736364
1650 0.608485
1650 0.714545
1650 0.781212
1650 0.54
1650 0.773939
1650 0.772121
1650 0.773333
1650 0.793939
1650 0.838182
1650 0.815758
1650 0.879394
1650 0.590303
1650 0.735758
1700 0.514118
1700 0.813529
1700 0.596471
1700 0.756471
1700 0.721176
1700 0.677647
1700 0.765294
1700 0.539412
1700 0.603529
1700 0.832353
1700 0.781765
1700 0.794706
1700 0.688824
1700 0.863529
1700 0.804118
1700 0.811176
1700 0.72
1700 0.822353
1700 0.723529
1700 0.746471
1700 0.687647
1700 0.744706
1700 0.779412
1700 0.478824
1700 0.675294
1700 0.513529
1700 0.809412
1700 0.627059
1700 0.759412
1700 0.773529
1700 0.432353
1700 0.821765
1700 0.798824
1700 0.797647
1700 0.742941
1700 0.768824
1700 0.797059
1700 0.696471
1700 0.845294
1700 0.721765
1700 0.725294
1700 0.813529
1700 0.701765
1700 0.725882
1700 0.821765
1700 0.318824
1700 0.662353
1700 0.677059
1700 0.735294
1700 0.779412
1700 0.634706
1700 0.515294
1700 0.726471
1700 0.795882
1700 0.839412
1700 0.808235
1700 0.717059
1700 0.623529
1700 0.697059
1700 0.75
1700 0.642941
1700 0.509412
1700 0.748235
1700 0.708824
1700 0.681765
1700 0.748824
1700 0.629412
1700 0.792941
1700 0.801176
1700 0.63
1700 0.624118
1700 0.73
1700 0.835882
1700 0.73
1700 0.797059
1750 0.865714
1750 0.711429
1750 0.807429
1750 0.573714
1750 0.696571
1750 0.809143
1750 0.666286
1750 0.577714
1750 0.650857
1750 0.722286
1750 0.712
1750 0.617143
1750 0.726286
1750 0.626286
1750 0.625143
1750 0.769714
1750 0.769714
1750 0.698286
1750 0.630857
1750 0.525714
1750 0.462286
1750 0.640571
1750 0.838286
1750 0.612
1750 0.873714
1750 0.695429
1750 0.710857
1750 0.68
1750 0.825714
1750 0.797714
1750 0.478857
1750 0.82
1750 0.539429
1750 0.761143
1750 0.783429
1750 0.721143
1750 0.865714
1750 0.408571
1750 0.741143
1750 0.717714
1750 0.718857
1750 0.714857
1750 0.744
1750 0.793143
1750 0.517714
1750 0.654286
1750 0.609143
1750 0.619429
1750 0.777714
1750 0.746286
1750 0.773143
1750 0.775429
1750 0.712571
1750 0.660571
1750 0.474857
1750 0.857143
1750 0.782286
1750 0.797714
1750 0.836
1750 0.626857
1750 0.310857
1750 0.643429
1750 0.825143
1750 0.76
1750 0.892
1750 0.738857
1750 0.743429
1750 0.790286
1750 0.763429
1750 0.817143
1750 0.682286
1750 0.785143
1750 0.748
1750 0.836
1750 0.719429
1800 0.776667
1800 0.753889
1800 0.774444
1800 0.756111
1800 0.641111
1800 0.597222
1800 0.677222
1800 0.749444
1800 0.661667
1800 0.762222
1800 0.843333
1800 0.694444
1800 0.768889
1800 0.717222
1800 0.763889
1800 0.75
1800 0.808333
1800 0.845
1800 0.441111
1800 0.777222
1800 0.616111
1800 0.584444
1800 0.526111
1800 0.607778
1800 0.652778
1800 0.713889
1800 0.491667
1800 0.787222
1800 0.847222
1800 0.709444
1800 0.396667
1800 0.766667
1800 0.553333
1800 0.708333
1800 0.775
1800 0.576667
1800 0.642778
1800 0.748333
1800 0.859444
1800 0.684444
1800 0.770556
1800 0.768889
1800 0.328889
1800 0.675
1800 0.655
1800 0.803333
1800 0.747778
1800 0.777222
1800 0.664444
1800 0.638889
1800 0.843333
1800 0.737778
1800 0.811111
1800 0.822778
1800 0.803889
1800 0.641111
1800 0.798333
1800 0.723333
1800 0.782222
1800 0.802222
1800 0.843889
1800 0.742222
1800 0.626111
1800 0.663333
1800 0.741111
1800 0.814444
1800 0.79
1800 0.632778
1800 0.768333
1800 0.695
1800 0.688889
1800 0.655
1800 0.721111
1800 0.803333
1800 0.767222
1850 0.744324
1850 0.768649
1850 0.44973
1850 0.758919
1850 0.636216
1850 0.461081
1850 0.725405
1850 0.820541
1850 0.843243
1850 0.794054
1850 0.557297
1850 0.806486
1850 0.773514
1850 0.728649
1850 0.745946
1850 0.469189
1850 0.588108
1850 0.779459
1850 0.749189
1850 0.704865
1850 0.761622
1850 0.62
1850 0.828649
1850 0.545405
1850 0.711892
1850 0.705405
1850 0.800541
1850 0.717838
1850 0.689189
1850 0.492973
1850 0.484865
1850 0.736757
1850 0.748108
1850 0.652973
1850 0.746486
1850 0.73027
1850 0.764865
1850 0.731351
1850 0.777838
1850 0.816216
1850 0.681622
1850 0.631351
1850 0.776757
1850 0.520541
1850 0.708108
1850 0.777297
1850 0.616216
1850 0.758919
1850 0.706486
1850 0.784865
1850 0.674595
1850 0.646486
1850 0.717297
1850 0.776757
1850 0.730811
1850 0.609189
1850 0.630811
1850 0.624324
1850 0.819459
1850 0.741081
1850 0.702162
1850 0.535676
1850 0.678919
1850 0.525946
1850 0.56
1850 0.701622
1850 0.804324
1850 0.729189
1850 0.72973
1850 0.562162
1850 0.583243
1850 0.821622
1850 0.653514
1850 0.775135
1850 0.761081
1900 0.766842
1900 0.757895
1900 0.69
1900 0.732632
1900 0.792632
1900 0.648947
1900 0.710526
1900 0.372632
1900 0.644737
1900 0.766316
1900 0.798947
1900 0.613684
1900 0.506842
1900 0.71
1900 0.8
1900 0.518421
1900 0.752105
1900 0.646842
1900 0.474211
1900 0.751579
1900 0.819474
1900 0.733158
1900 0.804211
1900 0.724737
1900 0.731579
1900 0.478947
1900 0.620526
1900 0.81
1900 0.409474
1900 0.685263
1900 0.784211
1900 0.726842
1900 0.856842
1900 0.718421
1900 0.633684
1900 0.782105
1900 0.501579
1900 0.564737
1900 0.703158
1900 0.652632
1900 0.821053
1900 0.761579
1900 0.61
1900 0.685789
1900 0.766842
1900 0.622632
1900 0.765789
1900 0.707895
1900 0.710526
1900 0.667368
1900 0.806842
1900 0.836842
1900 0.675263
1900 0.625789
1900 0.794737
1900 0.728947
1900 0.529474
1900 0.794211
1900 0.664211
1900 0.755263
1900 0.774737
1900 0.613684
1900 0.651579
1900 0.713158
1900 0.776316
1900 0.791053
1900 0.787368
1900 0.724211
1900 0.725789
1900 0.672105
1900 0.711053
1900 0.695789
1900 0.613158
1900 0.803158
1900 0.664737
1950 0.652821
1950 0.880513
1950 0.748205
1950 0.781026
1950 0.765641
1950 0.668205
1950 0.592308
1950 0.844103
1950 0.684103
1950 0.799487
1950 0.761538
1950 0.796923
1950 0.730256
1950 0.52
1950 0.871282
1950 0.775897
1950 0.812821
1950 0.721538
1950 0.782564
1950 0.767179
1950 0.717436
1950 0.729744
1950 0.792821
1950 0.784615
1950 0.700513
1950 0.621026
1950 0.640513
1950 0.804615
1950 0.672308
1950 0.78
1950 0.709744
1950 0.701538
1950 0.730769
1950 0.78359
1950 0.693846
1950 0.568718
1950 0.775897
1950 0.712821
1950 0.790769
1950 0.769744
1950 0.795385
1950 0.540513
1950 0.727179
1950 0.621538
1950 0.792821
1950 0.744615
1950 0.756923
1950 0.751282
1950 0.747179
1950 0.798462
1950 0.771795
1950 0.767692
1950 0.526667
1950 0.639487
1950 0.8
1950 0.732308
1950 0.811282
1950 0.765128
1950 0.603077
1950 0.726667
1950 0.884615
1950 0.635385
1950 0.532821
1950 0.780513
1950 0.735385
1950 0.805128
1950 0.639487
1950 0.639487
1950 0.713846
1950 0.409744
1950 0.739487
1950 0.818974
1950 0.741538
1950 0.726667
1950 0.73641
2000 0.627
2000 0.6875
2000 0.8065
2000 0.7755
2000 0.808
2000 0.7195
2000 0.732
2000 0.7245
2000 0.702
2000 0.6115
2000 0.787
2000 0.554
2000 0.6655
2000 0.5205
2000 0.508
2000 0.565
2000 0.613
2000 0.7455
2000 0.6525
2000 0.769
2000 0.7965
2000 0.726
2000 0.5975
2000 0.7575
2000 0.6885
2000 0.7465
2000 0.6075
2000 0.6125
2000 0.7
2000 0.732
2000 0.8065
2000 0.736
2000 0.715
2000 0.7815
2000 0.867
2000 0.6065
2000 0.7905
2000 0.778
2000 0.8805
2000 0.6685
2000 0.714
2000 0.8035
2000 0.779
2000 0.633
2000 0.756
2000 0.791
2000 0.803
2000 0.8245
2000 0.622
2000 0.71
2000 0.7775
2000 0.7135
2000 0.7865
2000 0.779
2000 0.662
2000 0.72
2000 0.842
2000 0.719
2000 0.5215
2000 0.6835
2000 0.7755
2000 0.5605
2000 0.733
2000 0.367
2000 0.801
2000 0.797
2000 0.7475
2000 0.7055
2000 0.695
2000 0.7395
2000 0.7265
2000 0.7375
2000 0.781
2000 0.466
2000 0.8235
