50 0.12
50 0.14
50 0.02
50 0.56
50 0.42
50 0.18
50 0.8
50 0
50 0.02
50 0.36
50 0.04
50 0.14
50 0.24
50 0.04
50 0.16
50 0.28
50 0.32
50 0.58
50 0.16
50 0.42
50 0.16
50 0.06
50 0.68
50 0
50 0.2
50 0.66
50 0.36
50 0.38
50 0.54
50 0.26
50 0
50 0
50 0.06
50 0.34
50 0
50 0
50 0.56
50 0.2
50 0.18
50 0
50 0.14
50 0.32
50 0.04
50 0
50 0.5
50 0.4
50 0.22
50 0.08
50 0.4
50 0.28
50 0.38
50 0.3
50 0.46
50 0
50 0.6
50 0
50 0.1
50 0
50 0.12
50 0
50 0.4
50 0
50 0
50 0.02
50 0
50 0.3
50 0.16
50 0
50 0.04
50 0.1
50 0.06
50 0.56
50 0
50 0.12
50 0.2
100 0.27
100 0.04
100 0.4
100 0.7
100 0.79
100 0.74
100 0.45
100 0.85
100 0.82
100 0.46
100 0.86
100 0.87
100 0.32
100 0.1
100 0.95
100 0.28
100 0.58
100 0.5
100 0.56
100 0.71
100 0.07
100 0.23
100 0
100 0.53
100 0.55
100 0.37
100 0.1
100 0.58
100 0.21
100 0.6
100 0.74
100 0.45
100 0.28
100 0.77
100 0.16
100 0.61
100 0.71
100 0
100 0.02
100 0.09
100 0.62
100 0.02
100 0.35
100 0.74
100 0.86
100 0.83
100 0.5
100 0.07
100 0.08
100 0.48
100 0.46
100 0.36
100 0.08
100 0.86
100 0.55
100 0.97
100 0.86
100 0
100 0.25
100 0.8
100 0.71
100 0.58
100 0.5
100 0.87
100 0.41
100 0.16
100 0.65
100 0.64
100 0.69
100 0.2
100 0.35
100 0.66
100 0.09
100 0.08
100 0.9
150 0.7
150 0.353333
150 0.793333
150 0.766667
150 0.6
150 0.846667
150 0.753333
150 0.94
150 0.773333
150 0.0866667
150 0.82
150 0.753333
150 0.5
150 0.52
150 0.7
150 0.74
150 0.973333
150 0.62
150 0.686667
150 0.8
150 0.0866667
150 0.826667
150 0.626667
150 0.126667
150 0.893333
150 0.253333
150 0.786667
150 0.866667
150 0.92
150 0.813333
150 0.766667
150 0.753333
150 0.826667
150 0.953333
150 0.693333
150 0.566667
150 0.666667
150 0.566667
150 0.5
150 0.86
150 0.853333
150 0.373333
150 0.413333
150 0.406667
150 0.273333
150 0.893333
150 0.84
150 0.853333
150 0.833333
150 0.32
150 0.673333
150 0.566667
150 0.746667
150 0.86
150 0.76
150 0.753333
150 0.826667
150 0.8
150 0.36
150 0.746667
150 0.76
150 0.8
150 0.926667
150 0.166667
150 0.853333
150 0.813333
150 0.646667
150 0.373333
150 0.966667
150 0.566667
150 0.32
150 0.52
150 0.753333
150 0.746667
150 0.546667
200 0.675
200 0.41
200 0.95
200 0.735
200 0.705
200 0.84
200 0.64
200 0.88
200 0.76
200 0.74
200 0.89
200 0.595
200 0.78
200 0.895
200 0.645
200 0.8
200 0.79
200 0.295
200 0.9
200 0.85
200 0.785
200 0.86
200 0.59
200 0.87
200 0.87
200 0.66
200 0.9
200 0.88
200 0.97
200 0.81
200 0.8
200 0.88
200 0.83
200 0.86
200 0.66
200 0.9
200 0.32
200 0.805
200 0.8
200 0.505
200 0.805
200 0.905
200 0.86
200 0.61
200 0.915
200 0.735
200 0.85
200 0.745
200 0.8
200 0.835
200 0.695
200 0.855
200 0.845
200 0.79
200 0.92
200 0.865
200 0.895
200 0.665
200 0.905
200 0.62
200 0.455
200 0.685
200 0.88
200 0.81
200 0.805
200 0.665
200 0.6
200 0.87
200 0.855
200 0.865
200 0.915
200 0.41
200 0.855
200 0.865
200 0.79
250 0.988
250 0.912
250 0.904
250 0.888
250 0.86
250 0.984
250 0.876
250 0.912
250 0.7
250 0.828
250 0.876
250 0.876
250 0.944
250 0.808
250 0.864
250 0.9
250 0.928
250 0.508
250 0.876
250 0.9
250 0.956
250 0.856
250 0.744
250 0.8
250 0.9
250 0.9
250 0.94
250 0.964
250 0.796
250 0.9
250 0.74
250 0.908
250 0.944
250 0.752
250 0.828
250 0.7
250 0.932
250 0.884
250 0.94
250 0.968
250 0.54
250 0.548
250 0.984
250 0.52
250 0.888
250 0.896
250 0.94
250 0.584
250 0.888
250 0.836
250 0.904
250 0.684
250 0.832
250 0.82
250 0.888
250 0.96
250 0.8
250 0.888
250 0.9
250 0.996
250 0.912
250 0.872
250 0.92
250 0.848
250 0.884
250 0.852
250 0.824
250 0.904
250 0.82
250 0.924
250 0.792
250 0.724
250 0.984
250 0.96
250 0.852
300 0.816667
300 0.893333
300 0.853333
300 0.963333
300 0.79
300 0.926667
300 0.803333
300 0.913333
300 0.916667
300 0.866667
300 0.943333
300 0.77
300 0.846667
300 0.916667
300 0.913333
300 0.803333
300 0.926667
300 0.86
300 0.816667
300 0.873333
300 0.936667
300 0.883333
300 0.856667
300 0.946667
300 0.0366667
300 0.923333
300 0.896667
300 0.89
300 0.716667
300 0.956667
300 0.823333
300 0.87
300 0.836667
300 0.846667
300 0.85
300 0.923333
300 0.926667
300 0.97
300 0.926667
300 0.993333
300 0.91
300 0.92
300 0.97
300 0.83
300 0.836667
300 0.7
300 0.816667
300 0.916667
300 0.513333
300 0.98
300 0.67
300 0.993333
300 0.733333
300 0.73
300 0.82
300 0.98
300 0.95
300 0.783333
300 0.873333
300 0.88
300 0.95
300 0.816667
300 0.853333
300 0.833333
300 0.96
300 0.943333
300 0.886667
300 0.843333
300 0.92
300 0.94
300 0.903333
300 0.93
300 0.876667
300 0.87
300 0.876667
350 0.9
350 0.965714
350 0.877143
350 0.822857
350 0.948571
350 0.6
350 0.802857
350 0.931429
350 0.948571
350 0.997143
350 0.845714
350 0.897143
350 0.922857
350 0.954286
350 0.974286
350 0.628571
350 0.897143
350 0.877143
350 0.877143
350 0.882857
350 0.945714
350 0.731429
350 0.948571
350 0.948571
350 0.908571
350 0.925714
350 0.965714
350 0.851429
350 0.965714
350 0.882857
350 0.774286
350 0.98
350 0.888571
350 0.877143
350 0.945714
350 0.86
350 0.968571
350 0.597143
350 0.857143
350 0.905714
350 0.885714
350 0.814286
350 0.897143
350 0.934286
350 0.98
350 0.905714
350 0.894286
350 0.811429
350 0.871429
350 0.954286
350 0.811429
350 0.965714
350 0.888571
350 0.88
350 0.848571
350 0.965714
350 0.891429
350 0.891429
350 0.988571
350 0.928571
350 0.902857
350 0.791429
350 0.92
350 0.922857
350 0.782857
350 0.88
350 0.917143
350 0.902857
350 0.982857
350 0.88
350 0.937143
350 0.934286
350 0.574286
350 0.877143
350 0.862857
400 0.95
400 0.95
400 0.8925
400 0.7875
400 0.8375
400 0.9375
400 0.9
400 0.6325
400 0.935
400 0.925
400 0.875
400 0.9325
400 0.86
400 0.8675
400 0.915
400 0.89
400 0.98
400 0.56
400 0.9975
400 0.8925
400 0.9425
400 0.965
400 0.9225
400 0.775
400 0.9725
400 0.9475
400 0.9575
400 0.68
400 0.9
400 0.9575
400 0.955
400 0.825
400 0.8875
400 0.8475
400 0.965
400 0.965
400 0.865
400 0.6475
400 0.9275
400 0.9975
400 0.955
400 0.9325
400 0.8975
400 0.88
400 0.905
400 0.865
400 0.91
400 0.855
400 0.9825
400 0.9975
400 0.9725
400 0.8925
400 0.9
400 0.8575
400 0.85
400 0.9225
400 0.97
400 0.95
400 0.955
400 0.9075
400 0.855
400 0.83
400 0.8825
400 0.905
400 0.97
400 0.875
400 0.9025
400 0.965
400 0.96
400 0.9975
400 0.8025
400 0.935
400 0.9125
400 1
400 0.9125
450 0.937778
450 0.962222
450 0.928889
450 0.948889
450 0.882222
450 0.937778
450 0.986667
450 0.88
450 0.971111
450 0.991111
450 0.935556
450 0.855556
450 0.893333
450 0.904444
450 0.688889
450 0.893333
450 0.862222
450 0.875556
450 0.871111
450 0.926667
450 0.922222
450 0.895556
450 0.875556
450 0.928889
450 0.915556
450 0.864444
450 0.922222
450 0.72
450 0.855556
450 0.597778
450 0.917778
450 0.931111
450 0.937778
450 0.873333
450 0.871111
450 0.835556
450 0.951111
450 0.9
450 0.94
450 0.873333
450 0.924444
450 0.933333
450 0.84
450 0.971111
450 0.922222
450 0.891111
450 0.92
450 0.831111
450 0.917778
450 0.982222
450 0.917778
450 0.882222
450 0.882222
450 0.935556
450 0.94
450 0.955556
450 0.853333
450 0.962222
450 0.882222
450 0.955556
450 0.797778
450 0.931111
450 0.931111
450 0.911111
450 0.835556
450 0.906667
450 0.846667
450 0.857778
450 0.94
450 0.94
450 0.966667
450 0.817778
450 0.993333
450 0.9
450 0.737778
500 0.992
500 0.86
500 0.994
500 0.926
500 0.746
500 0.946
500 0.962
500 0.974
500 0.942
500 0.914
500 0.882
500 0.938
500 0.944
500 0.984
500 0.94
500 0.966
500 0.91
500 0.91
500 0.918
500 0.888
500 0.966
500 0.984
500 0.994
500 0.916
500 0.778
500 0.87
500 0.954
500 0.976
500 0.976
500 0.942
500 0.888
500 0.864
500 0.916
500 0.934
500 0.938
500 1
500 0.886
500 0.98
500 0.98
500 0.844
500 0.958
500 0.958
500 0.928
500 0.902
500 0.858
500 0.98
500 0.922
500 0.964
500 0.946
500 0.992
500 0.878
500 0.9
500 0.908
500 0.92
500 0.838
500 0.93
500 0.974
500 0.904
500 0.968
500 0.908
500 0.996
500 0.938
500 0.996
500 0.846
500 0.914
500 0.91
500 0.948
500 0.918
500 0.944
500 0.93
500 0.86
500 0.958
500 0.964
500 0.932
500 0.962
550 0.865455
550 0.934545
550 0.890909
550 0.929091
550 0.892727
550 0.974545
550 0.950909
550 0.974545
550 0.921818
550 0.963636
550 0.961818
550 0.958182
550 0.649091
550 0.972727
550 0.912727
550 0.958182
550 0.834545
550 0.901818
550 0.945455
550 0.890909
550 0.945455
550 0.841818
550 0.901818
550 0.903636
550 0.909091
550 0.981818
550 0.914545
550 0.838182
550 0.910909
550 0.932727
550 0.954545
550 0.916364
550 0.96
550 0.0363636
550 0.863636
550 0.901818
550 0.934545
550 0.92
550 0.927273
550 0.970909
550 0.983636
550 0.885455
550 0.92
550 0.896364
550 0.958182
550 0.936364
550 0.914545
550 0.898182
550 0.985455
550 0.903636
550 0.938182
550 0.945455
550 0.950909
550 0.854545
550 0.827273
550 0.963636
550 0.98
550 0.912727
550 0.932727
550 0.68
550 0.927273
550 0.925455
550 0.978182
550 0.96
550 0.970909
550 0.963636
550 0.949091
550 0.989091
550 0.892727
550 0.856364
550 0.863636
550 0.965455
550 0.945455
550 0.929091
550 0.938182
600 0.948333
600 0.881667
600 0.985
600 0.845
600 0.951667
600 0.97
600 0.965
600 0.94
600 0.943333
600 0.875
600 0.818333
600 0.925
600 0.831667
600 0.945
600 0.96
600 0.993333
600 0.971667
600 0.863333
600 0.965
600 0.968333
600 0.921667
600 0.915
600 0.87
600 0.965
600 0.898333
600 0.915
600 0.918333
600 0.96
600 0.993333
600 0.973333
600 0.885
600 0.921667
600 0.903333
600 0.955
600 0.896667
600 0.925
600 0.918333
600 0.906667
600 0.916667
600 0.951667
600 0.941667
600 0.971667
600 0.951667
600 0.885
600 0.931667
600 0.956667
600 0.995
600 0.786667
600 0.87
600 0.975
600 0.816667
600 0.996667
600 0.966667
600 0.946667
600 0.878333
600 0.911667
600 0.898333
600 0.923333
600 1
600 0.928333
600 0.945
600 0.948333
600 0.981667
600 0.883333
600 0.906667
600 0.946667
600 0.981667
600 0.898333
600 0.94
600 0.933333
600 0.94
600 0.86
600 0.956667
600 0.968333
600 0.81
650 0.927692
650 0.833846
650 0.946154
650 0.946154
650 0.927692
650 0.930769
650 0.966154
650 0.949231
650 0.981538
650 0.969231
650 0.861538
650 0.98
650 0.950769
650 0.929231
650 0.906154
650 0.892308
650 0.967692
650 0.883077
650 0.930769
650 0.913846
650 0.926154
650 0.813846
650 0.998462
650 0.950769
650 0.926154
650 0.898462
650 0.901538
650 0.946154
650 0.969231
650 0.969231
650 0.869231
650 0.930769
650 0.938462
650 0.943077
650 0.984615
650 0.876923
650 0.781538
650 0.963077
650 0.886154
650 0.961538
650 0.981538
650 0.952308
650 0.924615
650 0.967692
650 0.916923
650 0.915385
650 0.898462
650 0.941538
650 0.958462
650 0.967692
650 0.898462
650 0.923077
650 0.963077
650 0.916923
650 0.983077
650 0.943077
650 0.932308
650 0.953846
650 0.956923
650 0.88
650 0.936923
650 0.918462
650 0.949231
650 0.921538
650 0.990769
650 0.88
650 0.949231
650 0.969231
650 0.941538
650 0.947692
650 0.98
650 0.950769
650 0.958462
650 0.926154
650 0.932308
700 0.96
700 0.985714
700 0.921429
700 0.928571
700 0.974286
700 0.891429
700 0.924286
700 0.952857
700 0.984286
700 0.927143
700 0.915714
700 0.982857
700 0.98
700 0.957143
700 0.84
700 0.897143
700 0.828571
700 0.874286
700 0.951429
700 0.902857
700 0.94
700 0.971429
700 0.96
700 0.885714
700 0.928571
700 0.962857
700 0.955714
700 0.962857
700 0.911429
700 0.967143
700 0.87
700 0.918571
700 0.934286
700 0.978571
700 0.988571
700 0.958571
700 0.944286
700 0.894286
700 0.901429
700 0.941429
700 0.87
700 0.98
700 0.965714
700 0.965714
700 0.75
700 0.858571
700 0.88
700 0.927143
700 0.987143
700 0.905714
700 0.841429
700 0.857143
700 0.998571
700 0.912857
700 0.865714
700 0.902857
700 0.935714
700 0.921429
700 0.937143
700 0.978571
700 0.861429
700 0.948571
700 0.985714
700 0.71
700 0.951429
700 0.935714
700 0.887143
700 0.925714
700 0.932857
700 0.867143
700 0.957143
700 0.974286
700 0.898571
700 0.92
700 0.985714
750 0.962667
750 0.944
750 0.921333
750 0.966667
750 0.952
750 0.924
750 0.981333
750 0.964
750 0.974667
750 0.896
750 0.814667
750 0.994667
750 0.956
750 0.98
750 0.922667
750 0.953333
750 0.916
750 0.917333
750 0.893333
750 0.957333
750 0.984
750 0.918667
750 0.889333
750 0.958667
750 0.912
750 0.948
750 0.976
750 0.924
750 0.934667
750 0.949333
750 0.946667
750 0.958667
750 0.896
750 0.868
750 0.969333
750 0.912
750 0.862667
750 0.92
750 0.926667
750 0.937333
750 0.957333
750 0.776
750 0.993333
750 0.988
750 0.945333
750 0.909333
750 0.962667
750 0.797333
750 0.984
750 0.974667
750 0.894667
750 0.970667
750 0.925333
750 0.978667
750 0.932
750 0.945333
750 0.914667
750 0.897333
750 0.930667
750 0.901333
750 0.944
750 0.906667
750 0.918667
750 0.833333
750 0.916
750 0.882667
750 0.88
750 0.970667
750 0.985333
750 0.958667
750 0.937333
750 0.918667
750 0.876
750 0.929333
750 0.952
800 0.91125
800 0.79875
800 0.93375
800 0.98375
800 0.9925
800 0.9875
800 0.84375
800 0.9325
800 0.99375
800 0.95875
800 0.89
800 0.9525
800 0.99375
800 0.93375
800 0.93
800 0.9075
800 0.915
800 0.96875
800 0.94375
800 0.9725
800 0.9825
800 0.97625
800 0.8975
800 0.94
800 0.96125
800 0.95
800 0.92875
800 0.95125
800 0.96375
800 0.93375
800 0.97625
800 0.92375
800 0.96375
800 0.89875
800 0.95875
800 0.87875
800 0.85875
800 0.96625
800 0.94125
800 0.935
800 0.9625
800 0.8825
800 0.92
800 0.85375
800 0.95375
800 0.905
800 0.96875
800 0.91375
800 0.905
800 0.8975
800 0.9075
800 0.87875
800 0.9625
800 0.95375
800 0.90125
800 0.93125
800 0.88625
800 0.9425
800 0.93875
800 0.93125
800 0.9625
800 0.9975
800 0.9575
800 0.99625
800 0.945
800 0.925
800 0.95
800 0.97
800 0.925
800 0.98625
800 0.95125
800 0.95875
800 0.93375
800 0.96875
800 0.9675
850 0.918824
850 0.972941
850 0.924706
850 0.950588
850 0.974118
850 0.977647
850 0.894118
850 0.867059
850 0.854118
850 0.905882
850 0.907059
850 0.958824
850 0.987059
850 0.983529
850 0.977647
850 0.9
850 0.972941
850 0.957647
850 0.954118
850 0.969412
850 0.937647
850 0.962353
850 0.897647
850 0.902353
850 0.998824
850 0.947059
850 0.961176
850 0.991765
850 0.968235
850 0.92
850 0.929412
850 0.955294
850 0.935294
850 0.904706
850 0.845882
850 0.978824
850 0.930588
850 0.918824
850 0.905882
850 0.903529
850 0.951765
850 0.963529
850 0.978824
850 0.971765
850 0.918824
850 0.987059
850 0.965882
850 0.967059
850 0.995294
850 0.864706
850 0.931765
850 0.898824
850 0.914118
850 0.955294
850 0.964706
850 0.935294
850 0.943529
850 0.922353
850 0.977647
850 0.944706
850 0.892941
850 0.937647
850 0.944706
850 0.944706
850 0.925882
850 0.955294
850 0.931765
850 0.937647
850 0.969412
850 0.92
850 0.958824
850 0.92
850 0.928235
850 0.904706
850 0.990588
900 0.98
900 0.988889
900 0.962222
900 0.971111
900 0.952222
900 0.961111
900 0.928889
900 0.886667
900 0.986667
900 0.913333
900 0.96
900 0.967778
900 0.991111
900 0.94
900 0.994444
900 0.983333
900 0.98
900 0.905556
900 0.931111
900 0.944444
900 0.97
900 0.936667
900 0.958889
900 0.941111
900 0.933333
900 0.881111
900 0.931111
900 0.922222
900 0.925556
900 0.934444
900 0.932222
900 0.956667
900 0.973333
900 0.952222
900 0.914444
900 0.98
900 0.944444
900 0.913333
900 0.942222
900 0.977778
900 0.77
900 0.901111
900 0.983333
900 0.901111
900 0.935556
900 0.898889
900 0.938889
900 0.984444
900 0.953333
900 0.926667
900 0.947778
900 0.926667
900 0.878889
900 0.905556
900 0.905556
900 0.956667
900 0.945556
900 0.905556
900 0.981111
900 0.98
900 0.921111
900 0.953333
900 0.851111
900 0.957778
900 0.845556
900 0.975556
900 0.971111
900 0.955556
900 0.935556
900 0.957778
900 0.961111
900 0.928889
900 0.931111
900 0.918889
900 0.906667
950 0.975789
950 0.971579
950 0.988421
950 0.949474
950 0.946316
950 0.911579
950 0.842105
950 0.958947
950 0.937895
950 0.907368
950 0.915789
950 0.968421
950 0.925263
950 0.925263
950 0.989474
950 0.954737
950 0.952632
950 0.906316
950 0.956842
950 0.944211
950 0.974737
950 0.934737
950 0.946316
950 0.934737
950 0.981053
950 0.987368
950 0.94
950 0.961053
950 0.957895
950 0.994737
950 0.948421
950 0.967368
950 0.96
950 0.977895
950 0.958947
950 0.964211
950 0.956842
950 0.934737
950 0.975789
950 0.947368
950 0.964211
950 0.942105
950 0.925263
950 0.932632
950 0.951579
950 0.836842
950 0.969474
950 0.963158
950 0.937895
950 0.989474
950 0.914737
950 0.862105
950 0.801053
950 0.946316
950 0.958947
950 0.937895
950 0.948421
950 0.965263
950 0.986316
950 0.982105
950 0.907368
950 0.957895
950 0.902105
950 0.948421
950 0.884211
950 0.966316
950 0.992632
950 0.986316
950 0.955789
950 0.989474
950 0.978947
950 0.883158
950 0.96
950 0.991579
950 0.947368
1000 0.921
1000 0.934
1000 0.945
1000 0.935
1000 0.974
1000 0.919
1000 0.964
1000 0.938
1000 0.987
1000 0.949
1000 0.961
1000 0.917
1000 0.916
1000 0.959
1000 0.97
1000 0.924
1000 0.963
1000 0.939
1000 0.962
1000 0.93
1000 0.888
1000 0.882
1000 0.947
1000 0.97
1000 0.987
1000 0.974
1000 0.921
1000 0.937
1000 0.9
1000 0.962
1000 1
1000 0.933
1000 0.978
1000 0.926
1000 0.913
1000 0.987
1000 0.982
1000 0.973
1000 0.895
1000 0.94
1000 0.934
1000 0.955
1000 0.948
1000 0.868
1000 0.986
1000 0.911
1000 0.925
1000 0.923
1000 0.958
1000 0.999
1000 0.953
1000 0.936
1000 0.967
1000 0.975
1000 0.959
1000 0.95
1000 0.927
1000 0.953
1000 0.966
1000 0.951
1000 0.959
1000 1
1000 0.977
1000 0.957
1000 0.925
1000 0.962
1000 0.983
1000 0.961
1000 0.884
1000 1
1000 0.942
1000 0.921
1000 0.901
1000 0.962
1000 0.969
1050 0.934286
1050 0.974286
1050 0.938095
1050 0.974286
1050 0.819048
1050 0.944762
1050 0.962857
1050 0.974286
1050 0.930476
1050 0.94
1050 0.919048
1050 0.959048
1050 0.911429
1050 0.970476
1050 0.981905
1050 0.931429
1050 0.954286
1050 0.968571
1050 0.987619
1050 0.928571
1050 0.961905
1050 0.941905
1050 0.92381
1050 0.926667
1050 0.95619
1050 0.880952
1050 0.924762
1050 0.937143
1050 0.969524
1050 0.952381
1050 0.946667
1050 0.942857
1050 0.959048
1050 0.955238
1050 0.914286
1050 0.875238
1050 0.955238
1050 0.929524
1050 0.939048
1050 0.949524
1050 0.941905
1050 0.948571
1050 0.811429
1050 0.842857
1050 0.908571
1050 0.939048
1050 0.961905
1050 0.92
1050 0.931429
1050 0.96381
1050 0.999048
1050 0.952381
1050 0.93619
1050 0.921905
1050 0.975238
1050 0.991429
1050 0.910476
1050 0.982857
1050 0.990476
1050 0.929524
1050 0.902857
1050 0.946667
1050 0.988571
1050 0.901905
1050 0.966667
1050 0.919048
1050 0.966667
1050 0.969524
1050 0.961905
1050 0.981905
1050 0.908571
1050 0.998095
1050 0.966667
1050 0.933333
1050 0.992381
1100 0.933636
1100 0.934545
1100 0.971818
1100 0.991818
1100 0.959091
1100 0.941818
1100 0.987273
1100 0.95
1100 0.964545
1100 0.972727
1100 0.985455
1100 0.95
1100 0.962727
1100 0.96
1100 0.919091
1100 0.979091
1100 0.964545
1100 0.974545
1100 0.972727
1100 0.952727
1100 0.951818
1100 0.933636
1100 0.912727
1100 0.918182
1100 0.916364
1100 0.961818
1100 0.890909
1100 0.962727
1100 0.920909
1100 0.904545
1100 0.944545
1100 0.872727
1100 0.983636
1100 0.927273
1100 0.874545
1100 0.930909
1100 0.901818
1100 0.951818
1100 0.984545
1100 0.937273
1100 0.949091
1100 0.982727
1100 0.962727
1100 0.968182
1100 0.884545
1100 0.957273
1100 0.976364
1100 0.94
1100 0.99
1100 0.996364
1100 0.9
1100 0.989091
1100 0.921818
1100 0.879091
1100 0.839091
1100 0.906364
1100 0.969091
1100 0.962727
1100 0.959091
1100 0.972727
1100 0.991818
1100 0.926364
1100 0.974545
1100 0.974545
1100 0.896364
1100 0.954545
1100 0.926364
1100 0.950909
1100 0.943636
1100 0.899091
1100 0.910909
1100 0.921818
1100 0.95
1100 0.930909
1100 0.757273
1150 0.916522
1150 0.937391
1150 0.932174
1150 0.962609
1150 0.935652
1150 0.924348
1150 0.966087
1150 0.898261
1150 0.967826
1150 0.945217
1150 0.954783
1150 0.944348
1150 0.948696
1150 0.89913
1150 0.943478
1150 0.971304
1150 0.973043
1150 0.913913
1150 0.938261
1150 0.936522
1150 0.94087
1150 0.921739
1150 0.973043
1150 0.913043
1150 0.966957
1150 0.992174
1150 0.965217
1150 0.949565
1150 0.973043
1150 0.978261
1150 0.971304
1150 0.941739
1150 0.998261
1150 0.886087
1150 0.974783
1150 0.944348
1150 0.869565
1150 0.913913
1150 0.928696
1150 0.951304
1150 0.901739
1150 0.896522
1150 0.958261
1150 0.948696
1150 0.973043
1150 0.870435
1150 0.943478
1150 0.98087
1150 0.933913
1150 0.933913
1150 0.96
1150 0.966087
1150 0.966957
1150 0.933913
1150 0.984348
1150 0.986087
1150 0.955652
1150 0.952174
1150 0.934783
1150 0.962609
1150 0.953043
1150 0.906957
1150 0.957391
1150 0.950435
1150 0.914783
1150 0.957391
1150 0.988696
1150 0.975652
1150 0.973913
1150 0.898261
1150 0.962609
1150 0.984348
1150 0.974783
1150 0.944348
1150 0.942609
1200 0.915
1200 0.935833
1200 0.975833
1200 0.965
1200 0.948333
1200 0.94
1200 0.951667
1200 0.898333
1200 0.980833
1200 0.973333
1200 0.918333
1200 0.906667
1200 0.969167
1200 0.9225
1200 0.956667
1200 0.961667
1200 0.9375
1200 0.964167
1200 0.940833
1200 0.98
1200 0.9625
1200 0.970833
1200 0.976667
1200 0.918333
1200 0.949167
1200 0.961667
1200 0.854167
1200 0.894167
1200 0.980833
1200 0.9275
1200 0.9475
1200 0.981667
1200 0.9375
1200 0.944167
1200 0.918333
1200 0.986667
1200 0.98
1200 0.945
1200 0.9625
1200 0.9525
1200 0.98
1200 0.840833
1200 0.9125
1200 0.99
1200 0.953333
1200 0.994167
1200 0.949167
1200 0.974167
1200 0.924167
1200 0.975833
1200 0.919167
1200 0.95
1200 0.9225
1200 0.920833
1200 0.944167
1200 0.985833
1200 0.95
1200 0.953333
1200 0.9175
1200 0.916667
1200 0.963333
1200 0.975
1200 0.909167
1200 0.968333
1200 0.96
1200 0.879167
1200 0.9425
1200 0.915
1200 0.95
1200 0.9825
1200 0.968333
1200 0.929167
1200 0.941667
1200 0.973333
1200 0.940833
1250 0.9728
1250 0.9088
1250 0.9472
1250 0.9384
1250 0.9688
1250 0.9552
1250 0.9056
1250 0.9592
1250 0.9352
1250 0.9224
1250 0.9096
1250 0.9296
1250 0.9504
1250 0.908
1250 0.932
1250 0.9232
1250 0.996
1250 0.9472
1250 0.9952
1250 0.9944
1250 0.9056
1250 0.92
1250 0.9696
1250 0.9248
1250 0.908
1250 0.9816
1250 0.9488
1250 0.9104
1250 0.9384
1250 0.9472
1250 0.9304
1250 0.8888
1250 0.9336
1250 0.9888
1250 0.9832
1250 0.98
1250 0.9176
1250 0.9848
1250 0.9472
1250 0.9712
1250 0.9488
1250 0.9224
1250 0.8984
1250 0.9176
1250 0.9368
1250 0.9552
1250 0.9648
1250 0.9792
1250 0.9848
1250 0.9448
1250 0.9544
1250 0.9392
1250 0.9856
1250 0.9392
1250 0.956
1250 0.9224
1250 0.9592
1250 0.9752
1250 0.992
1250 0.9872
1250 0.9944
1250 0.9296
1250 0.9424
1250 0.9392
1250 0.9152
1250 0.9504
1250 0.904
1250 0.936
1250 0.8968
1250 0.98
1250 0.9392
1250 0.9368
1250 0.9832
1250 0.928
1250 0.9792
1300 0.975385
1300 0.969231
1300 0.977692
1300 0.854615
1300 0.983077
1300 0.926154
1300 0.940769
1300 0.91
1300 0.964615
1300 0.979231
1300 0.95
1300 0.904615
1300 0.929231
1300 0.937692
1300 0.955385
1300 0.901538
1300 0.933077
1300 0.995385
1300 0.919231
1300 0.946154
1300 0.973077
1300 0.962308
1300 0.890769
1300 0.98
1300 0.91
1300 0.883077
1300 0.964615
1300 0.948462
1300 0.940769
1300 0.899231
1300 0.992308
1300 0.904615
1300 0.932308
1300 0.929231
1300 0.960769
1300 0.94
1300 0.973846
1300 0.918462
1300 0.983846
1300 0.935385
1300 0.983846
1300 0.960769
1300 0.911538
1300 0.996923
1300 0.966154
1300 0.924615
1300 0.939231
1300 0.926923
1300 0.932308
1300 0.970769
1300 0.998462
1300 0.940769
1300 0.881538
1300 0.988462
1300 0.962308
1300 0.97
1300 0.933077
1300 0.963846
1300 0.961538
1300 0.937692
1300 0.898462
1300 0.997692
1300 0.901538
1300 0.959231
1300 0.983077
1300 0.966154
1300 0.900769
1300 0.896154
1300 0.926923
1300 0.952308
1300 0.993077
1300 0.833077
1300 0.945385
1300 0.957692
1300 0.961538
1350 0.968889
1350 0.946667
1350 0.971111
1350 0.948148
1350 0.935556
1350 0.94963
1350 0.957778
1350 0.978519
1350 0.988889
1350 0.920741
1350 0.933333
1350 0.985185
1350 0.997778
1350 0.871111
1350 0.957778
1350 0.925926
1350 0.962963
1350 0.887407
1350 0.83037
1350 0.907407
1350 0.994074
1350 0.987407
1350 0.938519
1350 0.922222
1350 0.991111
1350 0.968889
1350 0.960741
1350 0.97037
1350 0.948889
1350 0.977037
1350 0.925926
1350 0.948148
1350 0.934815
1350 0.982222
1350 0.911852
1350 0.972593
1350 0.911852
1350 0.925185
1350 0.940741
1350 0.936296
1350 0.991111
1350 0.959259
1350 0.96
1350 0.931852
1350 0.956296
1350 0.96963
1350 0.953333
1350 0.974074
1350 0.968889
1350 0.951111
1350 0.931852
1350 0.917778
1350 0.888889
1350 0.985185
1350 0.885926
1350 0.961481
1350 0.977037
1350 0.936296
1350 0.945926
1350 0.922963
1350 0.931852
1350 0.926667
1350 0.92963
1350 0.892593
1350 0.939259
1350 0.96
1350 0.971111
1350 0.928148
1350 0.974074
1350 0.957778
1350 0.98963
1350 0.953333
1350 0.90963
1350 0.962222
1350 0.868889
1400 0.983571
1400 0.865
1400 0.882857
1400 0.933571
1400 0.950714
1400 0.9
1400 0.929286
1400 0.97
1400 0.960714
1400 0.840714
1400 0.994286
1400 0.98
1400 0.942143
1400 0.927143
1400 0.996429
1400 0.852143
1400 0.932143
1400 0.94
1400 0.927857
1400 0.967857
1400 0.903571
1400 0.999286
1400 0.977143
1400 0.931429
1400 0.922857
1400 0.917857
1400 0.919286
1400 0.928571
1400 0.962143
1400 0.938571
1400 0.99
1400 0.932143
1400 0.991429
1400 0.88
1400 0.955
1400 0.974286
1400 0.914286
1400 0.952857
1400 0.984286
1400 0.962143
1400 0.952143
1400 0.963571
1400 0.982857
1400 0.954286
1400 0.961429
1400 0.95
1400 0.950714
1400 0.975714
1400 0.936429
1400 0.961429
1400 0.955
1400 0.933571
1400 0.885
1400 0.961429
1400 0.911429
1400 0.994286
1400 0.935714
1400 0.968571
1400 0.955714
1400 0.957857
1400 0.926429
1400 0.929286
1400 0.982143
1400 0.965714
1400 0.948571
1400 0.944286
1400 0.985
1400 0.98
1400 0.921429
1400 0.969286
1400 0.957143
1400 0.826429
1400 0.96
1400 0.935714
1400 0.965
1450 0.966207
1450 0.97931
1450 0.975172
1450 0.985517
1450 0.973793
1450 0.906207
1450 0.932414
1450 0.915862
1450 0.978621
1450 0.871724
1450 0.936552
1450 0.964828
1450 0.924828
1450 0.964138
1450 0.945517
1450 0.977241
1450 0.953793
1450 0.93931
1450 0.993793
1450 0.982759
1450 0.966207
1450 0.954483
1450 0.990345
1450 0.975862
1450 0.950345
1450 0.933793
1450 0.996552
1450 0.946207
1450 0.98069
1450 0.938621
1450 0.993793
1450 0.964138
1450 0.966207
1450 0.993103
1450 0.982759
1450 0.951724
1450 0.968276
1450 0.938621
1450 0.84
1450 0.875172
1450 0.854483
1450 0.930345
1450 0.942069
1450 0.924828
1450 0.964138
1450 0.936552
1450 0.948276
1450 0.956552
1450 0.924828
1450 0.96
1450 0.922759
1450 0.978621
1450 0.965517
1450 0.90069
1450 0.970345
1450 0.864828
1450 0.946897
1450 0.968966
1450 0.964138
1450 0.921379
1450 0.96069
1450 0.992414
1450 0.989655
1450 0.94
1450 0.928966
1450 0.969655
1450 0.952414
1450 0.955172
1450 0.973103
1450 0.964138
1450 0.988276
1450 0.935862
1450 0.958621
1450 0.955172
1450 0.953793
1500 0.99
1500 1
1500 0.953333
1500 0.955333
1500 0.967333
1500 0.999333
1500 0.952667
1500 0.934667
1500 0.901333
1500 0.904667
1500 0.751333
1500 0.958667
1500 0.948667
1500 0.936
1500 0.948667
1500 0.92
1500 0.902
1500 0.941333
1500 0.942667
1500 0.981333
1500 0.952667
1500 0.954667
1500 0.922
1500 0.907333
1500 0.978
1500 0.944
1500 0.872
1500 0.986
1500 0.944667
1500 0.955333
1500 0.947333
1500 0.976
1500 0.928667
1500 0.980667
1500 0.967333
1500 0.924
1500 0.958667
1500 0.882667
1500 0.904
1500 0.911333
1500 0.967333
1500 0.946
1500 0.948667
1500 0.962
1500 0.907333
1500 0.921333
1500 0.958667
1500 0.959333
1500 0.941333
1500 0.975333
1500 0.961333
1500 0.971333
1500 0.930667
1500 0.928667
1500 0.938667
1500 0.960667
1500 0.969333
1500 0.970667
1500 0.966667
1500 0.896
1500 0.944
1500 0.948
1500 0.998
1500 0.972667
1500 0.941333
1500 0.969333
1500 0.926667
1500 0.938667
1500 0.870667
1500 0.949333
1500 0.930667
1500 0.95
1500 0.843333
1500 0.924667
1500 0.932
1550 0.925806
1550 0.954839
1550 0.974839
1550 0.969032
1550 0.907097
1550 0.964516
1550 0.93871
1550 0.989032
1550 0.969677
1550 0.655484
1550 0.961935
1550 0.947742
1550 0.928387
1550 0.898065
1550 0.990968
1550 0.972258
1550 0.933548
1550 0.948387
1550 0.92129
1550 0.96129
1550 0.963871
1550 0.949677
1550 0.980645
1550 0.967097
1550 0.961935
1550 0.916129
1550 0.916129
1550 0.929677
1550 0.936774
1550 0.983226
1550 0.967742
1550 0.97871
1550 0.975484
1550 0.932903
1550 0.94129
1550 0.919355
1550 0.929032
1550 0.910968
1550 0.977419
1550 0.917419
1550 0.935484
1550 0.934194
1550 0.974194
1550 0.93871
1550 0.872258
1550 0.911613
1550 0.963871
1550 0.923226
1550 0.896129
1550 0.958065
1550 0.973548
1550 0.925161
1550 0.965161
1550 0.963871
1550 0.969032
1550 0.985806
1550 0.913548
1550 0.970968
1550 0.903871
1550 0.96
1550 0.965806
1550 0.953548
1550 0.946452
1550 0.933548
1550 0.938065
1550 0.968387
1550 0.945806
1550 0.921935
1550 0.938065
1550 0.936129
1550 0.974839
1550 0.973548
1550 0.945161
1550 0.972903
1550 0.974194
1600 0.885
1600 0.98875
1600 0.974375
1600 0.9675
1600 0.974375
1600 0.9225
1600 0.94625
1600 0.989375
1600 0.97
1600 0.965
1600 0.9125
1600 0.960625
1600 0.996875
1600 0.98625
1600 0.9825
1600 0.90375
1600 0.93875
1600 0.94875
1600 0.914375
1600 0.90875
1600 0.9425
1600 0.941875
1600 0.92375
1600 0.985625
1600 0.973125
1600 0.928125
1600 0.97
1600 0.938125
1600 0.91625
1600 0.989375
1600 0.99125
1600 0.965
1600 0.9675
1600 0.95375
1600 0.938125
1600 0.966875
1600 0.974375
1600 0.96125
1600 0.918125
1600 0.97125
1600 0.9325
1600 0.991875
1600 0.951875
1600 0.92875
1600 0.9475
1600 0.946875
1600 0.993125
1600 0.980625
1600 0.99
1600 0.9125
1600 0.926875
1600 0.9725
1600 0.9475
1600 0.969375
1600 0.93625
1600 0.99125
1600 0.948125
1600 0.954375
1600 0.938125
1600 0.980625
1600 0.93375
1600 0.96375
1600 0.95375
1600 0.960625
1600 0.9325
1600 0.925
1600 0.96375
1600 0.950625
1600 0.93375
1600 0.969375
1600 0.9525
1600 0.95375
1600 0.9325
1600 0.943125
1600 0.956875
1650 0.972727
1650 0.9
1650 0.933333
1650 0.970303
1650 0.992727
1650 0.970303
1650 0.95697
1650 0.927273
1650 0.953939
1650 0.970303
1650 0.991515
1650 0.967273
1650 0.975152
1650 0.920606
1650 0.973939
1650 0.972727
1650 0.967879
1650 0.942424
1650 0.96303
1650 0.933939
1650 0.963636
1650 0.94
1650 0.958182
1650 0.961212
1650 0.962424
1650 0.987273
1650 0.932121
1650 0.948485
1650 0.968485
1650 0.946667
1650 0.966667
1650 0.91697
1650 0.932121
1650 0.976364
1650 0.887273
1650 0.936364
1650 0.989091
1650 0.999394
1650 0.94
1650 0.907879
1650 0.986667
1650 0.925455
1650 0.938182
1650 0.995758
1650 0.933333
1650 0.966667
1650 0.966061
1650 0.942424
1650 0.94
1650 0.958788
1650 0.970303
1650 0.939394
1650 0.953939
1650 0.999394
1650 0.968485
1650 0.951515
1650 0.938182
1650 0.967273
1650 0.958182
1650 0.990303
1650 0.960606
1650 0.982424
1650 0.950303
1650 0.959394
1650 0.938788
1650 0.986061
1650 0.927879
1650 0.986667
1650 0.969697
1650 0.946061
1650 0.858182
1650 0.933939
1650 0.969697
1650 0.920606
1650 0.983636
1700 0.964118
1700 0.984706
1700 0.909412
1700 0.973529
1700 0.994118
1700 0.946471
1700 0.964118
1700 0.900588
1700 0.971176
1700 0.928824
1700 0.950588
1700 0.930588
1700 0.917059
1700 0.918235
1700 0.944706
1700 0.964706
1700 0.98
1700 0.955882
1700 0.929412
1700 0.946471
1700 0.924118
1700 0.905882
1700 0.966471
1700 0.892353
1700 0.990588
1700 0.945294
1700 0.921176
1700 0.981765
1700 0.901765
1700 0.964118
1700 0.978824
1700 0.914706
1700 0.970588
1700 0.920588
1700 0.931765
1700 0.958235
1700 0.979412
1700 0.9
1700 0.99
1700 0.971765
1700 0.959412
1700 0.925882
1700 0.937647
1700 0.944706
1700 0.928235
1700 0.912941
1700 0.925882
1700 0.951176
1700 0.993529
1700 0.979412
1700 0.977059
1700 0.957059
1700 0.988235
1700 0.917647
1700 0.928824
1700 0.934706
1700 0.914118
1700 0.857059
1700 0.995882
1700 0.975294
1700 0.947059
1700 0.938235
1700 0.928824
1700 0.948235
1700 0.938824
1700 0.964118
1700 0.941176
1700 0.921176
1700 0.952353
1700 0.971765
1700 0.988824
1700 0.964118
1700 0.950588
1700 0.967059
1700 0.931765
1750 0.937714
1750 0.900571
1750 0.954857
1750 0.986857
1750 0.956571
1750 0.953143
1750 0.908
1750 0.814857
1750 0.987429
1750 0.934286
1750 0.932571
1750 0.968571
1750 0.920571
1750 0.941143
1750 0.914857
1750 0.940571
1750 0.955429
1750 0.957714
1750 0.949143
1750 0.948
1750 0.981143
1750 0.928571
1750 0.919429
1750 0.929143
1750 0.952
1750 0.935429
1750 0.925714
1750 0.953714
1750 0.942857
1750 0.902857
1750 0.974286
1750 0.995429
1750 0.957714
1750 0.986857
1750 0.945714
1750 0.921714
1750 0.946857
1750 0.987429
1750 0.991429
1750 0.974857
1750 0.916
1750 0.940571
1750 0.921714
1750 0.939429
1750 0.954286
1750 0.932571
1750 0.949143
1750 0.950857
1750 0.969714
1750 0.960571
1750 0.996
1750 0.980571
1750 0.986857
1750 0.930857
1750 0.904
1750 0.985143
1750 0.964
1750 0.960571
1750 0.980571
1750 0.991429
1750 0.970857
1750 0.966286
1750 0.946286
1750 0.969143
1750 0.917714
1750 0.967429
1750 0.991429
1750 0.985143
1750 0.942286
1750 0.988
1750 0.550857
1750 0.938857
1750 0.948
1750 0.988
1750 0.926286
1800 0.972778
1800 0.958889
1800 0.943333
1800 0.922778
1800 0.865556
1800 0.953889
1800 0.981667
1800 0.961667
1800 0.921667
1800 0.97
1800 0.944444
1800 0.995
1800 0.955556
1800 0.970556
1800 0.956667
1800 0.981111
1800 0.956111
1800 0.98
1800 0.986111
1800 0.911111
1800 0.996111
1800 0.985
1800 0.936111
1800 0.937778
1800 0.97
1800 0.91
1800 0.973889
1800 0.975
1800 0.901667
1800 0.943333
1800 0.962778
1800 0.986111
1800 0.948889
1800 0.948333
1800 0.990556
1800 0.995556
1800 0.944444
1800 0.911667
1800 0.983889
1800 0.961667
1800 0.986111
1800 0.904444
1800 0.921111
1800 0.992222
1800 0.967778
1800 0.993333
1800 0.963889
1800 0.972222
1800 0.972222
1800 0.952222
1800 0.935
1800 0.958889
1800 0.931111
1800 0.99
1800 0.955556
1800 0.998333
1800 0.981667
1800 0.949444
1800 0.982778
1800 0.95
1800 0.971111
1800 0.962778
1800 0.917222
1800 0.946111
1800 0.968889
1800 0.923333
1800 0.914444
1800 0.922222
1800 0.946111
1800 0.977778
1800 0.955
1800 0.971111
1800 0.956667
1800 0.984444
1800 0.954444
1850 0.938919
1850 0.918919
1850 0.963784
1850 0.932432
1850 0.948649
1850 0.967027
1850 0.953514
1850 0.943243
1850 0.945405
1850 0.957838
1850 0.928108
1850 0.947568
1850 0.957838
1850 0.938378
1850 0.959459
1850 0.986486
1850 0.992432
1850 0.921622
1850 0.964324
1850 0.871351
1850 0.958378
1850 0.907568
1850 0.927027
1850 0.940541
1850 0.901622
1850 0.934054
1850 0.981622
1850 0.98
1850 0.932973
1850 0.985405
1850 0.962703
1850 0.965946
1850 0.939459
1850 0.943243
1850 0.908108
1850 0.876757
1850 0.946486
1850 0.972973
1850 0.975135
1850 0.938378
1850 0.971892
1850 0.923243
1850 0.975135
1850 0.952973
1850 0.935676
1850 0.963243
1850 0.921622
1850 0.952432
1850 0.950811
1850 0.905405
1850 0.996757
1850 0.938919
1850 0.913514
1850 0.964324
1850 0.984324
1850 0.937838
1850 0.966486
1850 0.974595
1850 0.943784
1850 0.971351
1850 0.990811
1850 0.984324
1850 0.924865
1850 0.995135
1850 0.923243
1850 0.996757
1850 0.928108
1850 0.907027
1850 0.97027
1850 0.967568
1850 0.947027
1850 0.934595
1850 0.873514
1850 0.905405
1850 0.913514
1900 0.958947
1900 0.962105
1900 0.952632
1900 0.896316
1900 0.986316
1900 0.995789
1900 0.965263
1900 0.954737
1900 0.95
1900 0.959474
1900 0.991053
1900 0.846842
1900 0.944737
1900 0.895263
1900 0.933158
1900 0.943158
1900 0.988947
1900 0.909474
1900 0.892105
1900 0.983684
1900 0.958947
1900 0.931579
1900 0.942105
1900 0.927368
1900 0.918947
1900 0.967368
1900 0.993158
1900 0.974211
1900 0.980526
1900 0.947368
1900 0.902105
1900 0.988421
1900 0.962105
1900 0.93
1900 0.892105
1900 0.983158
1900 0.948947
1900 0.985789
1900 0.91
1900 0.943684
1900 0.907895
1900 0.983158
1900 0.876842
1900 0.959474
1900 0.962105
1900 0.979474
1900 0.991053
1900 0.908421
1900 0.936842
1900 0.964737
1900 0.970526
1900 0.965789
1900 0.958947
1900 0.982105
1900 0.977368
1900 0.974737
1900 0.953158
1900 0.959474
1900 0.967895
1900 0.941579
1900 0.946316
1900 0.957368
1900 0.918947
1900 0.975263
1900 0.997368
1900 0.936842
1900 0.931053
1900 0.890526
1900 0.942632
1900 0.947368
1900 0.909474
1900 0.950526
1900 0.985789
1900 0.991053
1900 0.978421
1950 0.957949
1950 0.947179
1950 0.998974
1950 0.976923
1950 0.908205
1950 0.968718
1950 0.976923
1950 0.947692
1950 0.952308
1950 0.970769
1950 0.960513
1950 0.926154
1950 0.999487
1950 0.868718
1950 0.959487
1950 0.963077
1950 0.995385
1950 0.955385
1950 0.941538
1950 0.951795
1950 0.910769
1950 0.973333
1950 0.925128
1950 0.972308
1950 0.936923
1950 0.964615
1950 0.972821
1950 0.910256
1950 0.834872
1950 0.992308
1950 0.966154
1950 0.954359
1950 0.9
1950 0.994359
1950 0.985641
1950 0.974872
1950 0.873333
1950 0.994359
1950 1
1950 0.968205
1950 0.938462
1950 0.947692
1950 0.981538
1950 0.966154
1950 0.973333
1950 0.957436
1950 0.967179
1950 0.951282
1950 0.978974
1950 0.987692
1950 0.918462
1950 0.973333
1950 0.926667
1950 0.967692
1950 0.942051
1950 0.939487
1950 0.958462
1950 0.952821
1950 1
1950 0.912308
1950 0.95641
1950 0.958974
1950 0.930769
1950 0.981538
1950 0.964103
1950 0.932308
1950 0.930769
1950 0.995385
1950 0.976923
1950 0.930256
1950 0.990256
1950 0.937949
1950 0.978974
1950 0.921538
1950 0.974872
2000 0.961
2000 0.9575
2000 0.988
2000 0.999
2000 0.961
2000 0.952
2000 0.9315
2000 0.938
2000 0.9225
2000 0.878
2000 0.9595
2000 0.9455
2000 0.948
2000 0.958
2000 0.9395
2000 0.9495
2000 0.946
2000 0.9565
2000 0.9175
2000 0.9675
2000 0.949
2000 0.964
2000 0.979
2000 0.895
2000 0.992
2000 0.9575
2000 0.9615
2000 0.951
2000 0.9815
2000 0.9075
2000 0.962
2000 0.98
2000 0.9695
2000 0.9905
2000 0.9525
2000 0.9625
2000 0.9865
2000 0.9665
2000 0.92
2000 0.914
2000 0.95
2000 0.993
2000 0.9695
2000 0.973
2000 0.997
2000 0.976
2000 0.95
2000 0.964
2000 0.984
2000 0.975
2000 0.9755
2000 0.9695
2000 0.918
2000 0.9155
2000 0.987
2000 0.9385
2000 0.951
2000 0.951
2000 0.9885
2000 0.917
2000 0.978
2000 0.9775
2000 0.995
2000 0.9945
2000 0.9495
2000 0.9595
2000 0.941
2000 0.9705
2000 0.9585
2000 0.9705
2000 0.9955
2000 0.948
2000 0.9595
2000 0.794
2000 0.949
