50 0.24
50 0.46
50 0.08
50 0
50 0.08
50 0.18
50 0.4
50 0
50 0.06
50 0.24
50 0
50 0.18
50 0.3
50 0.08
50 0.16
50 0.1
50 0
50 0.56
50 0.18
50 0.14
50 0.16
50 0.04
50 0.38
50 0.1
50 0
50 0.66
50 0.4
50 0
50 0.34
50 0.16
50 0.26
50 0.06
50 0.02
50 0.14
50 0.04
50 0
50 0.54
50 0.2
50 0
50 0.02
50 0.18
50 0.32
50 0
50 0.16
50 0.24
50 0.52
50 0
50 0.44
50 0.32
50 0.26
50 0.38
50 0.1
50 0.44
50 0
50 0.6
50 0
50 0.44
50 0
50 0
50 0
50 0.36
50 0.2
50 0.32
50 0.24
50 0.02
50 0.04
50 0.04
50 0.22
50 0.5
50 0.16
50 0.1
50 0.04
50 0.42
50 0.46
50 0.12
100 0.23
100 0.31
100 0.1
100 0.18
100 0.8
100 0.69
100 0.52
100 0.8
100 0.78
100 0.4
100 0.83
100 0.82
100 0
100 0.13
100 0.9
100 0.25
100 0.69
100 0.44
100 0.45
100 0.71
100 0.69
100 0.69
100 0.57
100 0.77
100 0.53
100 0.68
100 0
100 0.31
100 0.2
100 0.52
100 0.77
100 0.47
100 0.16
100 0.74
100 0.78
100 0.61
100 0.73
100 0.59
100 0
100 0.41
100 0.53
100 0.09
100 0.23
100 0.59
100 0.73
100 0.72
100 0.27
100 0.86
100 0.71
100 0.46
100 0.42
100 0.46
100 0.44
100 0.8
100 0.55
100 0.95
100 0.84
100 0.81
100 0.75
100 0.76
100 0.44
100 0.13
100 0.46
100 0.43
100 0.38
100 0.15
100 0.62
100 0
100 0.64
100 0.66
100 0.78
100 0.7
100 0.54
100 0.06
100 0.81
150 0.4
150 0.5
150 0.746667
150 0.746667
150 0.54
150 0.693333
150 0.466667
150 0.813333
150 0.78
150 0.08
150 0.806667
150 0.866667
150 0.54
150 0.686667
150 0.426667
150 0.673333
150 0.8
150 0.58
150 0.706667
150 0.673333
150 0.74
150 0.56
150 0.646667
150 0.22
150 0.76
150 0.726667
150 0.346667
150 0.806667
150 0.82
150 0.82
150 0.72
150 0.793333
150 0.76
150 0.673333
150 0.666667
150 0.56
150 0.366667
150 0.72
150 0.6
150 0.886667
150 0.806667
150 0.606667
150 0.38
150 0.32
150 0.346667
150 0.793333
150 0.66
150 0.48
150 0.746667
150 0.36
150 0.693333
150 0.52
150 0.7
150 0.82
150 0.66
150 0.673333
150 0.7
150 0.726667
150 0.26
150 0.706667
150 0.753333
150 0.686667
150 0.773333
150 0.72
150 0.853333
150 0.72
150 0.766667
150 0.433333
150 0.866667
150 0.44
150 0.52
150 0.48
150 0.653333
150 0.573333
150 0.7
200 0.595
200 0.51
200 0.845
200 0.775
200 0.475
200 0.78
200 0.45
200 0.82
200 0.73
200 0.395
200 0.81
200 0.54
200 0.795
200 0.57
200 0.72
200 0.735
200 0.83
200 0.735
200 0.68
200 0.795
200 0.695
200 0.8
200 0.48
200 0.81
200 0.77
200 0.76
200 0.815
200 0.6
200 0.48
200 0.76
200 0.47
200 0.595
200 0.76
200 0.455
200 0.515
200 0.885
200 0.225
200 0.68
200 0.49
200 0.465
200 0.635
200 0.57
200 0.615
200 0.485
200 0.785
200 0.595
200 0.855
200 0.765
200 0.745
200 0.715
200 0.25
200 0.78
200 0.78
200 0.68
200 0.61
200 0.72
200 0.795
200 0.605
200 0.875
200 0.62
200 0.475
200 0.84
200 0.87
200 0.75
200 0.69
200 0.7
200 0.755
200 0.73
200 0.555
200 0.78
200 0.71
200 0.375
200 0.81
200 0.805
200 0.57
250 0.544
250 0.616
250 0.804
250 0.724
250 0.884
250 0.912
250 0.784
250 0.676
250 0.704
250 0.804
250 0.84
250 0.536
250 0.804
250 0.676
250 0.76
250 0.856
250 0.856
250 0.616
250 0.768
250 0.828
250 0.844
250 0.736
250 0.812
250 0.82
250 0.7
250 0.804
250 0.856
250 0.708
250 0.492
250 0.812
250 0.748
250 0.772
250 0.892
250 0.804
250 0.736
250 0.636
250 0.7
250 0.792
250 0.636
250 0.604
250 0.684
250 0.468
250 0.64
250 0.48
250 0.756
250 0.708
250 0.808
250 0.748
250 0.8
250 0.588
250 0.844
250 0.56
250 0.432
250 0.752
250 0.812
250 0.732
250 0.732
250 0.636
250 0.62
250 0.672
250 0.808
250 0.84
250 0.836
250 0.74
250 0.636
250 0.572
250 0.792
250 0.788
250 0.788
250 0.792
250 0.608
250 0.488
250 0.788
250 0.792
250 0.784
300 0.586667
300 0.813333
300 0.67
300 0.816667
300 0.32
300 0.493333
300 0.703333
300 0.416667
300 0.796667
300 0.75
300 0.78
300 0.786667
300 0.74
300 0.63
300 0.743333
300 0.706667
300 0.843333
300 0.683333
300 0.776667
300 0.793333
300 0.546667
300 0.676667
300 0.736667
300 0.753333
300 0.823333
300 0.71
300 0.83
300 0.846667
300 0.61
300 0.773333
300 0.706667
300 0.733333
300 0.47
300 0.756667
300 0.56
300 0.936667
300 0.836667
300 0.873333
300 0.523333
300 0.77
300 0.846667
300 0.666667
300 0.756667
300 0.866667
300 0.66
300 0.623333
300 0.7
300 0.863333
300 0.516667
300 0.736667
300 0.643333
300 0.886667
300 0.693333
300 0.53
300 0.846667
300 0.683333
300 0.793333
300 0.78
300 0.806667
300 0.846667
300 0.686667
300 0.8
300 0.82
300 0.67
300 0.796667
300 0.873333
300 0.776667
300 0.51
300 0.62
300 0.64
300 0.856667
300 0.566667
300 0.8
300 0.766667
300 0.813333
350 0.765714
350 0.871429
350 0.714286
350 0.685714
350 0.848571
350 0.531429
350 0.714286
350 0.842857
350 0.822857
350 0.891429
350 0.834286
350 0.822857
350 0.862857
350 0.78
350 0.808571
350 0.817143
350 0.802857
350 0.768571
350 0.834286
350 0.485714
350 0.782857
350 0.64
350 0.785714
350 0.814286
350 0.808571
350 0.797143
350 0.842857
350 0.677143
350 0.822857
350 0.742857
350 0.731429
350 0.88
350 0.522857
350 0.862857
350 0.76
350 0.751429
350 0.622857
350 0.54
350 0.865714
350 0.774286
350 0.82
350 0.7
350 0.705714
350 0.76
350 0.902857
350 0.777143
350 0.622857
350 0.74
350 0.882857
350 0.848571
350 0.857143
350 0.431429
350 0.782857
350 0.68
350 0.845714
350 0.8
350 0.817143
350 0.748571
350 0.791429
350 0.688571
350 0.765714
350 0.802857
350 0.802857
350 0.751429
350 0.545714
350 0.782857
350 0.757143
350 0.745714
350 0.905714
350 0.814286
350 0.805714
350 0.805714
350 0.525714
350 0.805714
350 0.788571
400 0.625
400 0.7525
400 0.6825
400 0.6825
400 0.705
400 0.7575
400 0.7925
400 0.5575
400 0.8425
400 0.4625
400 0.7925
400 0.91
400 0.81
400 0.695
400 0.8175
400 0.855
400 0.84
400 0.4975
400 0.71
400 0.8
400 0.7175
400 0.8
400 0.67
400 0.7225
400 0.83
400 0.86
400 0.655
400 0.58
400 0.79
400 0.7875
400 0.7775
400 0.7475
400 0.835
400 0.8175
400 0.5825
400 0.8875
400 0.715
400 0.6325
400 0.865
400 0.7925
400 0.6975
400 0.7075
400 0.78
400 0.8375
400 0.7825
400 0.8175
400 0.765
400 0.74
400 0.8075
400 0.8875
400 0.79
400 0.6925
400 0.825
400 0.7625
400 0.83
400 0.8
400 0.7525
400 0.47
400 0.68
400 0.7125
400 0.7975
400 0.7375
400 0.8875
400 0.4625
400 0.755
400 0.7675
400 0.7225
400 0.6025
400 0.8675
400 0.44
400 0.92
400 0.865
400 0.7025
400 0.8075
400 0.825
450 0.813333
450 0.815556
450 0.575556
450 0.828889
450 0.662222
450 0.722222
450 0.864444
450 0.891111
450 0.817778
450 0.846667
450 0.875556
450 0.871111
450 0.568889
450 0.762222
450 0.684444
450 0.771111
450 0.824444
450 0.808889
450 0.775556
450 0.815556
450 0.835556
450 0.74
450 0.657778
450 0.786667
450 0.74
450 0.413333
450 0.791111
450 0.595556
450 0.775556
450 0.686667
450 0.853333
450 0.802222
450 0.695556
450 0.871111
450 0.76
450 0.797778
450 0.833333
450 0.833333
450 0.833333
450 0.831111
450 0.337778
450 0.784444
450 0.662222
450 0.806667
450 0.768889
450 0.873333
450 0.74
450 0.724444
450 0.773333
450 0.571111
450 0.773333
450 0.411111
450 0.771111
450 0.602222
450 0.824444
450 0.811111
450 0.722222
450 0.913333
450 0.811111
450 0.871111
450 0.733333
450 0.846667
450 0.595556
450 0.773333
450 0.635556
450 0.764444
450 0.76
450 0.768889
450 0.671111
450 0.757778
450 0.797778
450 0.78
450 0.857778
450 0.713333
450 0.502222
500 0.794
500 0.844
500 0.898
500 0.904
500 0.71
500 0.698
500 0.702
500 0.88
500 0.676
500 0.828
500 0.798
500 0.786
500 0.744
500 0.782
500 0.774
500 0.854
500 0.786
500 0.696
500 0.846
500 0.764
500 0.898
500 0.786
500 0.68
500 0.746
500 0.814
500 0.5
500 0.89
500 0.944
500 0.826
500 0.806
500 0.78
500 0.79
500 0.872
500 0.848
500 0.848
500 0.78
500 0.806
500 0.912
500 0.848
500 0.82
500 0.77
500 0.802
500 0.868
500 0.816
500 0.614
500 0.75
500 0.782
500 0.836
500 0.76
500 0.902
500 0.754
500 0.794
500 0.796
500 0.754
500 0.796
500 0.822
500 0.832
500 0.856
500 0.81
500 0.83
500 0.766
500 0.818
500 0.83
500 0.726
500 0.574
500 0.652
500 0.84
500 0.744
500 0.904
500 0.888
500 0.59
500 0.858
500 0.766
500 0.834
500 0.862
550 0.678182
550 0.574545
550 0.816364
550 0.794545
550 0.827273
550 0.847273
550 0.896364
550 0.854545
550 0.536364
550 0.883636
550 0.683636
550 0.638182
550 0.485455
550 0.870909
550 0.854545
550 0.889091
550 0.663636
550 0.832727
550 0.670909
550 0.816364
550 0.798182
550 0.789091
550 0.82
550 0.563636
550 0.830909
550 0.821818
550 0.821818
550 0.807273
550 0.881818
550 0.843636
550 0.778182
550 0.474545
550 0.814545
550 0.150909
550 0.838182
550 0.58
550 0.769091
550 0.649091
550 0.82
550 0.763636
550 0.816364
550 0.82
550 0.62
550 0.670909
550 0.818182
550 0.763636
550 0.367273
550 0.583636
550 0.872727
550 0.785455
550 0.594545
550 0.852727
550 0.656364
550 0.714545
550 0.807273
550 0.814545
550 0.749091
550 0.856364
550 0.794545
550 0.770909
550 0.849091
550 0.823636
550 0.789091
550 0.887273
550 0.856364
550 0.805455
550 0.394545
550 0.872727
550 0.743636
550 0.736364
550 0.749091
550 0.756364
550 0.778182
550 0.869091
550 0.829091
600 0.84
600 0.836667
600 0.681667
600 0.703333
600 0.883333
600 0.456667
600 0.875
600 0.883333
600 0.788333
600 0.771667
600 0.775
600 0.836667
600 0.611667
600 0.896667
600 0.9
600 0.75
600 0.793333
600 0.825
600 0.808333
600 0.818333
600 0.543333
600 0.9
600 0.736667
600 0.781667
600 0.78
600 0.936667
600 0.846667
600 0.755
600 0.761667
600 0.891667
600 0.778333
600 0.788333
600 0.803333
600 0.828333
600 0.79
600 0.863333
600 0.795
600 0.876667
600 0.865
600 0.876667
600 0.691667
600 0.911667
600 0.875
600 0.823333
600 0.898333
600 0.876667
600 0.75
600 0.78
600 0.816667
600 0.588333
600 0.791667
600 0.791667
600 0.731667
600 0.833333
600 0.836667
600 0.77
600 0.88
600 0.853333
600 0.783333
600 0.69
600 0.821667
600 0.881667
600 0.85
600 0.795
600 0.753333
600 0.751667
600 0.791667
600 0.755
600 0.946667
600 0.846667
600 0.766667
600 0.873333
600 0.871667
600 0.933333
600 0.811667
650 0.821538
650 0.761538
650 0.841538
650 0.849231
650 0.887692
650 0.801538
650 0.766154
650 0.76
650 0.804615
650 0.76
650 0.866154
650 0.795385
650 0.715385
650 0.858462
650 0.767692
650 0.867692
650 0.826154
650 0.483077
650 0.770769
650 0.858462
650 0.796923
650 0.766154
650 0.775385
650 0.681538
650 0.761538
650 0.850769
650 0.866154
650 0.830769
650 0.946154
650 0.821538
650 0.835385
650 0.812308
650 0.876923
650 0.78
650 0.878462
650 0.756923
650 0.650769
650 0.821538
650 0.673846
650 0.753846
650 0.856923
650 0.850769
650 0.690769
650 0.821538
650 0.824615
650 0.849231
650 0.721538
650 0.790769
650 0.758462
650 0.755385
650 0.795385
650 0.766154
650 0.832308
650 0.741538
650 0.82
650 0.896923
650 0.8
650 0.833846
650 0.715385
650 0.833846
650 0.870769
650 0.887692
650 0.790769
650 0.795385
650 0.772308
650 0.795385
650 0.86
650 0.844615
650 0.778462
650 0.563077
650 0.776923
650 0.786154
650 0.933846
650 0.9
650 0.873846
700 0.725714
700 0.784286
700 0.775714
700 0.864286
700 0.808571
700 0.838571
700 0.794286
700 0.87
700 0.834286
700 0.851429
700 0.762857
700 0.785714
700 0.848571
700 0.855714
700 0.825714
700 0.777143
700 0.77
700 0.857143
700 0.595714
700 0.701429
700 0.765714
700 0.798571
700 0.868571
700 0.841429
700 0.811429
700 0.804286
700 0.807143
700 0.722857
700 0.792857
700 0.837143
700 0.771429
700 0.832857
700 0.791429
700 0.82
700 0.842857
700 0.821429
700 0.824286
700 0.837143
700 0.478571
700 0.828571
700 0.765714
700 0.697143
700 0.775714
700 0.757143
700 0.7
700 0.855714
700 0.788571
700 0.865714
700 0.847143
700 0.712857
700 0.804286
700 0.791429
700 0.83
700 0.87
700 0.778571
700 0.825714
700 0.735714
700 0.865714
700 0.86
700 0.715714
700 0.731429
700 0.731429
700 0.827143
700 0.785714
700 0.714286
700 0.911429
700 0.791429
700 0.847143
700 0.772857
700 0.782857
700 0.838571
700 0.788571
700 0.87
700 0.805714
700 0.84
750 0.872
750 0.881333
750 0.768
750 0.777333
750 0.898667
750 0.908
750 0.728
750 0.762667
750 0.762667
750 0.736
750 0.545333
750 0.729333
750 0.925333
750 0.854667
750 0.769333
750 0.8
750 0.878667
750 0.682667
750 0.913333
750 0.882667
750 0.808
750 0.816
750 0.630667
750 0.834667
750 0.821333
750 0.846667
750 0.674667
750 0.784
750 0.792
750 0.849333
750 0.806667
750 0.897333
750 0.785333
750 0.86
750 0.776
750 0.698667
750 0.8
750 0.796
750 0.585333
750 0.884
750 0.856
750 0.693333
750 0.877333
750 0.808
750 0.84
750 0.590667
750 0.930667
750 0.68
750 0.613333
750 0.862667
750 0.777333
750 0.829333
750 0.82
750 0.88
750 0.773333
750 0.812
750 0.890667
750 0.645333
750 0.696
750 0.734667
750 0.890667
750 0.8
750 0.666667
750 0.813333
750 0.873333
750 0.782667
750 0.826667
750 0.784
750 0.689333
750 0.790667
750 0.801333
750 0.774667
750 0.809333
750 0.852
750 0.805333
800 0.8275
800 0.76625
800 0.85125
800 0.78375
800 0.76875
800 0.81625
800 0.71875
800 0.79125
800 0.9
800 0.84
800 0.8025
800 0.81125
800 0.8275
800 0.86625
800 0.81875
800 0.655
800 0.675
800 0.82875
800 0.83125
800 0.85375
800 0.80375
800 0.87
800 0.84625
800 0.775
800 0.775
800 0.81
800 0.74875
800 0.78125
800 0.84375
800 0.76375
800 0.8225
800 0.78625
800 0.73
800 0.835
800 0.785
800 0.75125
800 0.8725
800 0.815
800 0.70875
800 0.74625
800 0.73625
800 0.7775
800 0.76125
800 0.71125
800 0.785
800 0.7625
800 0.85125
800 0.64625
800 0.9575
800 0.86875
800 0.69375
800 0.8725
800 0.6
800 0.82
800 0.86875
800 0.86125
800 0.83625
800 0.80375
800 0.81875
800 0.74125
800 0.8425
800 0.72125
800 0.7975
800 0.88375
800 0.82625
800 0.8625
800 0.87125
800 0.82875
800 0.78375
800 0.84625
800 0.8275
800 0.5575
800 0.79125
800 0.82875
800 0.8175
850 0.805882
850 0.828235
850 0.82
850 0.86
850 0.841176
850 0.801176
850 0.635294
850 0.857647
850 0.781176
850 0.561176
850 0.861176
850 0.74
850 0.905882
850 0.869412
850 0.872941
850 0.589412
850 0.769412
850 0.752941
850 0.730588
850 0.888235
850 0.865882
850 0.750588
850 0.855294
850 0.888235
850 0.905882
850 0.792941
850 0.718824
850 0.732941
850 0.874118
850 0.847059
850 0.78
850 0.601176
850 0.835294
850 0.816471
850 0.749412
850 0.816471
850 0.610588
850 0.82
850 0.844706
850 0.809412
850 0.783529
850 0.812941
850 0.768235
850 0.812941
850 0.769412
850 0.852941
850 0.82
850 0.832941
850 0.856471
850 0.792941
850 0.812941
850 0.731765
850 0.789412
850 0.794118
850 0.831765
850 0.838824
850 0.504706
850 0.651765
850 0.796471
850 0.723529
850 0.837647
850 0.583529
850 0.72
850 0.769412
850 0.783529
850 0.861176
850 0.768235
850 0.847059
850 0.788235
850 0.785882
850 0.851765
850 0.801176
850 0.601176
850 0.857647
850 0.722353
900 0.835556
900 0.825556
900 0.918889
900 0.826667
900 0.812222
900 0.847778
900 0.574444
900 0.821111
900 0.775556
900 0.813333
900 0.814444
900 0.812222
900 0.832222
900 0.837778
900 0.836667
900 0.891111
900 0.824444
900 0.807778
900 0.891111
900 0.836667
900 0.8
900 0.791111
900 0.862222
900 0.782222
900 0.775556
900 0.875556
900 0.808889
900 0.817778
900 0.813333
900 0.68
900 0.82
900 0.804444
900 0.682222
900 0.832222
900 0.438889
900 0.841111
900 0.882222
900 0.767778
900 0.878889
900 0.83
900 0.884444
900 0.582222
900 0.78
900 0.805556
900 0.712222
900 0.858889
900 0.787778
900 0.804444
900 0.825556
900 0.72
900 0.674444
900 0.841111
900 0.755556
900 0.577778
900 0.711111
900 0.762222
900 0.808889
900 0.887778
900 0.935556
900 0.632222
900 0.82
900 0.835556
900 0.783333
900 0.742222
900 0.818889
900 0.858889
900 0.715556
900 0.81
900 0.874444
900 0.887778
900 0.718889
900 0.848889
900 0.81
900 0.93
900 0.762222
950 0.868421
950 0.767368
950 0.844211
950 0.788421
950 0.927368
950 0.848421
950 0.807368
950 0.883158
950 0.870526
950 0.862105
950 0.793684
950 0.928421
950 0.805263
950 0.868421
950 0.861053
950 0.803158
950 0.882105
950 0.774737
950 0.932632
950 0.722105
950 0.849474
950 0.733684
950 0.629474
950 0.742105
950 0.774737
950 0.802105
950 0.727368
950 0.851579
950 0.813684
950 0.774737
950 0.963158
950 0.749474
950 0.787368
950 0.778947
950 0.756842
950 0.764211
950 0.833684
950 0.706316
950 0.818947
950 0.756842
950 0.783158
950 0.833684
950 0.777895
950 0.88
950 0.893684
950 0.573684
950 0.793684
950 0.646316
950 0.921053
950 0.850526
950 0.745263
950 0.613684
950 0.807368
950 0.843158
950 0.892632
950 0.84
950 0.614737
950 0.626316
950 0.829474
950 0.831579
950 0.822105
950 0.763158
950 0.78
950 0.708421
950 0.684211
950 0.775789
950 0.784211
950 0.874737
950 0.832632
950 0.698947
950 0.838947
950 0.712632
950 0.868421
950 0.755789
950 0.844211
1000 0.81
1000 0.718
1000 0.834
1000 0.808
1000 0.828
1000 0.797
1000 0.767
1000 0.783
1000 0.843
1000 0.758
1000 0.851
1000 0.714
1000 0.879
1000 0.737
1000 0.828
1000 0.732
1000 0.7
1000 0.86
1000 0.889
1000 0.787
1000 0.846
1000 0.792
1000 0.746
1000 0.761
1000 0.814
1000 0.751
1000 0.593
1000 0.823
1000 0.784
1000 0.765
1000 0.929
1000 0.785
1000 0.937
1000 0.76
1000 0.882
1000 0.861
1000 0.797
1000 0.707
1000 0.772
1000 0.757
1000 0.868
1000 0.598
1000 0.882
1000 0.848
1000 0.869
1000 0.853
1000 0.831
1000 0.787
1000 0.792
1000 0.743
1000 0.784
1000 0.752
1000 0.783
1000 0.811
1000 0.846
1000 0.856
1000 0.753
1000 0.787
1000 0.779
1000 0.84
1000 0.774
1000 0.802
1000 0.829
1000 0.803
1000 0.847
1000 0.853
1000 0.913
1000 0.777
1000 0.83
1000 0.825
1000 0.829
1000 0.752
1000 0.869
1000 0.869
1000 0.836
1050 0.813333
1050 0.72381
1050 0.851429
1050 0.78381
1050 0.759048
1050 0.766667
1050 0.861905
1050 0.686667
1050 0.800952
1050 0.829524
1050 0.76
1050 0.76
1050 0.78
1050 0.807619
1050 0.815238
1050 0.881905
1050 0.622857
1050 0.85619
1050 0.762857
1050 0.893333
1050 0.835238
1050 0.698095
1050 0.739048
1050 0.76
1050 0.860952
1050 0.784762
1050 0.80381
1050 0.774286
1050 0.885714
1050 0.909524
1050 0.619048
1050 0.872381
1050 0.811429
1050 0.84381
1050 0.794286
1050 0.709524
1050 0.905714
1050 0.812381
1050 0.741905
1050 0.773333
1050 0.701905
1050 0.799048
1050 0.811429
1050 0.77619
1050 0.838095
1050 0.753333
1050 0.804762
1050 0.782857
1050 0.789524
1050 0.828571
1050 0.752381
1050 0.78
1050 0.848571
1050 0.846667
1050 0.854286
1050 0.745714
1050 0.832381
1050 0.928571
1050 0.82
1050 0.759048
1050 0.813333
1050 0.848571
1050 0.730476
1050 0.791429
1050 0.689524
1050 0.853333
1050 0.898095
1050 0.780952
1050 0.718095
1050 0.760952
1050 0.787619
1050 0.801905
1050 0.817143
1050 0.892381
1050 0.788571
1100 0.850909
1100 0.813636
1100 0.816364
1100 0.876364
1100 0.825455
1100 0.87
1100 0.830909
1100 0.806364
1100 0.799091
1100 0.818182
1100 0.895455
1100 0.810909
1100 0.838182
1100 0.797273
1100 0.911818
1100 0.852727
1100 0.831818
1100 0.870909
1100 0.751818
1100 0.684545
1100 0.836364
1100 0.903636
1100 0.636364
1100 0.835455
1100 0.859091
1100 0.719091
1100 0.857273
1100 0.869091
1100 0.880909
1100 0.792727
1100 0.836364
1100 0.829091
1100 0.749091
1100 0.845455
1100 0.739091
1100 0.850909
1100 0.663636
1100 0.877273
1100 0.865455
1100 0.880909
1100 0.817273
1100 0.877273
1100 0.835455
1100 0.820909
1100 0.748182
1100 0.916364
1100 0.764545
1100 0.905455
1100 0.748182
1100 0.705455
1100 0.774545
1100 0.9
1100 0.867273
1100 0.694545
1100 0.795455
1100 0.85
1100 0.896364
1100 0.826364
1100 0.778182
1100 0.819091
1100 0.831818
1100 0.890909
1100 0.835455
1100 0.847273
1100 0.926364
1100 0.756364
1100 0.870909
1100 0.822727
1100 0.892727
1100 0.745455
1100 0.813636
1100 0.887273
1100 0.857273
1100 0.662727
1100 0.798182
1150 0.794783
1150 0.704348
1150 0.796522
1150 0.849565
1150 0.835652
1150 0.755652
1150 0.726087
1150 0.8
1150 0.868696
1150 0.673913
1150 0.88087
1150 0.79913
1150 0.776522
1150 0.764348
1150 0.943478
1150 0.794783
1150 0.713043
1150 0.748696
1150 0.775652
1150 0.818261
1150 0.893913
1150 0.914783
1150 0.86
1150 0.88
1150 0.846087
1150 0.849565
1150 0.868696
1150 0.798261
1150 0.757391
1150 0.828696
1150 0.855652
1150 0.856522
1150 0.841739
1150 0.768696
1150 0.770435
1150 0.785217
1150 0.811304
1150 0.826957
1150 0.843478
1150 0.875652
1150 0.717391
1150 0.852174
1150 0.861739
1150 0.831304
1150 0.766957
1150 0.76087
1150 0.917391
1150 0.790435
1150 0.829565
1150 0.926087
1150 0.757391
1150 0.94087
1150 0.87913
1150 0.773913
1150 0.731304
1150 0.714783
1150 0.837391
1150 0.861739
1150 0.825217
1150 0.826957
1150 0.83913
1150 0.855652
1150 0.854783
1150 0.573913
1150 0.802609
1150 0.78087
1150 0.888696
1150 0.855652
1150 0.858261
1150 0.796522
1150 0.73913
1150 0.837391
1150 0.812174
1150 0.804348
1150 0.802609
1200 0.849167
1200 0.8075
1200 0.6625
1200 0.733333
1200 0.895
1200 0.89
1200 0.913333
1200 0.818333
1200 0.86
1200 0.705
1200 0.715
1200 0.85
1200 0.865
1200 0.8575
1200 0.856667
1200 0.84
1200 0.726667
1200 0.74
1200 0.8375
1200 0.8675
1200 0.899167
1200 0.871667
1200 0.881667
1200 0.799167
1200 0.8175
1200 0.815
1200 0.816667
1200 0.795
1200 0.835
1200 0.768333
1200 0.839167
1200 0.66
1200 0.918333
1200 0.86
1200 0.839167
1200 0.774167
1200 0.841667
1200 0.854167
1200 0.808333
1200 0.768333
1200 0.75
1200 0.736667
1200 0.814167
1200 0.814167
1200 0.81
1200 0.814167
1200 0.763333
1200 0.824167
1200 0.705
1200 0.658333
1200 0.826667
1200 0.819167
1200 0.831667
1200 0.861667
1200 0.855833
1200 0.833333
1200 0.759167
1200 0.779167
1200 0.87
1200 0.771667
1200 0.8475
1200 0.615
1200 0.7775
1200 0.848333
1200 0.878333
1200 0.848333
1200 0.843333
1200 0.860833
1200 0.765833
1200 0.786667
1200 0.814167
1200 0.821667
1200 0.7075
1200 0.885
1200 0.765
1250 0.8544
1250 0.9032
1250 0.844
1250 0.8576
1250 0.8544
1250 0.8816
1250 0.7776
1250 0.7216
1250 0.796
1250 0.864
1250 0.86
1250 0.9224
1250 0.6856
1250 0.7736
1250 0.8864
1250 0.804
1250 0.7872
1250 0.8376
1250 0.7568
1250 0.8336
1250 0.756
1250 0.6792
1250 0.8688
1250 0.8024
1250 0.8088
1250 0.7704
1250 0.956
1250 0.72
1250 0.5384
1250 0.9
1250 0.8624
1250 0.672
1250 0.848
1250 0.8864
1250 0.864
1250 0.8544
1250 0.8248
1250 0.816
1250 0.8512
1250 0.7888
1250 0.7408
1250 0.752
1250 0.8912
1250 0.7392
1250 0.852
1250 0.8848
1250 0.7872
1250 0.5872
1250 0.7016
1250 0.7824
1250 0.8256
1250 0.7968
1250 0.904
1250 0.8824
1250 0.8488
1250 0.8144
1250 0.8512
1250 0.7184
1250 0.8376
1250 0.8168
1250 0.844
1250 0.816
1250 0.9064
1250 0.792
1250 0.8512
1250 0.8272
1250 0.8664
1250 0.8072
1250 0.6944
1250 0.8368
1250 0.8424
1250 0.9008
1250 0.7344
1250 0.8104
1250 0.9144
1300 0.904615
1300 0.89
1300 0.899231
1300 0.763077
1300 0.676154
1300 0.601538
1300 0.72
1300 0.874615
1300 0.817692
1300 0.88
1300 0.810769
1300 0.750769
1300 0.831538
1300 0.852308
1300 0.852308
1300 0.864615
1300 0.667692
1300 0.814615
1300 0.884615
1300 0.610769
1300 0.941538
1300 0.783077
1300 0.739231
1300 0.825385
1300 0.83
1300 0.809231
1300 0.657692
1300 0.850769
1300 0.863846
1300 0.756154
1300 0.853077
1300 0.874615
1300 0.789231
1300 0.810769
1300 0.922308
1300 0.769231
1300 0.697692
1300 0.815385
1300 0.836923
1300 0.666154
1300 0.815385
1300 0.781538
1300 0.801538
1300 0.813846
1300 0.73
1300 0.783077
1300 0.746154
1300 0.869231
1300 0.675385
1300 0.84
1300 0.87
1300 0.812308
1300 0.863846
1300 0.870769
1300 0.801538
1300 0.833846
1300 0.813846
1300 0.847692
1300 0.828462
1300 0.776154
1300 0.780769
1300 0.817692
1300 0.684615
1300 0.720769
1300 0.866154
1300 0.840769
1300 0.745385
1300 0.801538
1300 0.741538
1300 0.853077
1300 0.850769
1300 0.751538
1300 0.839231
1300 0.804615
1300 0.855385
1350 0.860741
1350 0.854815
1350 0.915556
1350 0.913333
1350 0.825926
1350 0.796296
1350 0.854815
1350 0.840741
1350 0.782963
1350 0.696296
1350 0.761481
1350 0.88
1350 0.671111
1350 0.82963
1350 0.822963
1350 0.82963
1350 0.921481
1350 0.89037
1350 0.80963
1350 0.891852
1350 0.894074
1350 0.902963
1350 0.835556
1350 0.794074
1350 0.811111
1350 0.868889
1350 0.863704
1350 0.808148
1350 0.871852
1350 0.87037
1350 0.716296
1350 0.828889
1350 0.702222
1350 0.786667
1350 0.821481
1350 0.881481
1350 0.8
1350 0.802963
1350 0.778519
1350 0.90963
1350 0.912593
1350 0.83037
1350 0.802222
1350 0.814815
1350 0.862222
1350 0.853333
1350 0.832593
1350 0.861481
1350 0.807407
1350 0.75037
1350 0.694815
1350 0.798519
1350 0.803704
1350 0.822222
1350 0.853333
1350 0.831852
1350 0.794815
1350 0.778519
1350 0.786667
1350 0.811852
1350 0.877037
1350 0.845185
1350 0.757037
1350 0.0733333
1350 0.728148
1350 0.899259
1350 0.846667
1350 0.825926
1350 0.87037
1350 0.851111
1350 0.928889
1350 0.845185
1350 0.860741
1350 0.897778
1350 0.822963
1400 0.844286
1400 0.827857
1400 0.876429
1400 0.805
1400 0.932143
1400 0.867857
1400 0.868571
1400 0.783571
1400 0.871429
1400 0.872857
1400 0.815
1400 0.825
1400 0.886429
1400 0.895714
1400 0.873571
1400 0.588571
1400 0.750714
1400 0.877857
1400 0.907143
1400 0.919286
1400 0.805714
1400 0.784286
1400 0.820714
1400 0.812143
1400 0.725
1400 0.797857
1400 0.767857
1400 0.817857
1400 0.855714
1400 0.795714
1400 0.664286
1400 0.894286
1400 0.897857
1400 0.897857
1400 0.817857
1400 0.857857
1400 0.823571
1400 0.845
1400 0.808571
1400 0.816429
1400 0.886429
1400 0.776429
1400 0.737857
1400 0.783571
1400 0.890714
1400 0.803571
1400 0.751429
1400 0.908571
1400 0.85
1400 0.782857
1400 0.735714
1400 0.852857
1400 0.782143
1400 0.799286
1400 0.810714
1400 0.806429
1400 0.788571
1400 0.852857
1400 0.812143
1400 0.856429
1400 0.792857
1400 0.78
1400 0.795714
1400 0.917857
1400 0.565714
1400 0.821429
1400 0.864286
1400 0.894286
1400 0.840714
1400 0.816429
1400 0.797143
1400 0.672857
1400 0.771429
1400 0.878571
1400 0.807143
1450 0.918621
1450 0.790345
1450 0.873793
1450 0.797241
1450 0.813793
1450 0.866207
1450 0.881379
1450 0.678621
1450 0.792414
1450 0.857931
1450 0.82
1450 0.791724
1450 0.796552
1450 0.833103
1450 0.663448
1450 0.705517
1450 0.768966
1450 0.82069
1450 0.795172
1450 0.851034
1450 0.904828
1450 0.78069
1450 0.797931
1450 0.822069
1450 0.80069
1450 0.892414
1450 0.829655
1450 0.836552
1450 0.811034
1450 0.797931
1450 0.84
1450 0.743448
1450 0.784138
1450 0.892414
1450 0.871034
1450 0.789655
1450 0.768276
1450 0.893103
1450 0.787586
1450 0.834483
1450 0.833103
1450 0.843448
1450 0.826207
1450 0.832414
1450 0.746207
1450 0.75931
1450 0.838621
1450 0.750345
1450 0.858621
1450 0.902069
1450 0.853793
1450 0.808966
1450 0.81931
1450 0.757931
1450 0.86
1450 0.802069
1450 0.753103
1450 0.853793
1450 0.842759
1450 0.884138
1450 0.886207
1450 0.815862
1450 0.831034
1450 0.722759
1450 0.868276
1450 0.824828
1450 0.824138
1450 0.835172
1450 0.833793
1450 0.84
1450 0.857241
1450 0.846897
1450 0.738621
1450 0.894483
1450 0.804828
1500 0.875333
1500 0.748
1500 0.822667
1500 0.832667
1500 0.748
1500 0.796
1500 0.881333
1500 0.613333
1500 0.819333
1500 0.781333
1500 0.551333
1500 0.883333
1500 0.8
1500 0.781333
1500 0.819333
1500 0.898667
1500 0.905333
1500 0.797333
1500 0.529333
1500 0.888667
1500 0.874
1500 0.820667
1500 0.766667
1500 0.852
1500 0.837333
1500 0.804
1500 0.777333
1500 0.897333
1500 0.879333
1500 0.688667
1500 0.818
1500 0.883333
1500 0.762667
1500 0.867333
1500 0.798
1500 0.869333
1500 0.832667
1500 0.816667
1500 0.805333
1500 0.851333
1500 0.821333
1500 0.749333
1500 0.820667
1500 0.665333
1500 0.79
1500 0.921333
1500 0.767333
1500 0.776667
1500 0.737333
1500 0.732667
1500 0.72
1500 0.812
1500 0.698
1500 0.822
1500 0.868
1500 0.78
1500 0.794
1500 0.815333
1500 0.898
1500 0.844667
1500 0.694667
1500 0.866667
1500 0.859333
1500 0.822667
1500 0.858
1500 0.843333
1500 0.898667
1500 0.842667
1500 0.798667
1500 0.896667
1500 0.79
1500 0.726
1500 0.799333
1500 0.778
1500 0.784
1550 0.787742
1550 0.832903
1550 0.869032
1550 0.88
1550 0.834194
1550 0.78129
1550 0.747742
1550 0.782581
1550 0.791613
1550 0.610323
1550 0.859355
1550 0.80129
1550 0.870968
1550 0.826452
1550 0.907742
1550 0.807742
1550 0.779355
1550 0.847742
1550 0.52
1550 0.858065
1550 0.883871
1550 0.660645
1550 0.641935
1550 0.834839
1550 0.725806
1550 0.77871
1550 0.810323
1550 0.833548
1550 0.891613
1550 0.864516
1550 0.787742
1550 0.902581
1550 0.724516
1550 0.825806
1550 0.775484
1550 0.808387
1550 0.827097
1550 0.840645
1550 0.860645
1550 0.652903
1550 0.736129
1550 0.911613
1550 0.871613
1550 0.894194
1550 0.810968
1550 0.795484
1550 0.796129
1550 0.909032
1550 0.839355
1550 0.876774
1550 0.799355
1550 0.794839
1550 0.926452
1550 0.814839
1550 0.922581
1550 0.723226
1550 0.834839
1550 0.898065
1550 0.767742
1550 0.881935
1550 0.867742
1550 0.890323
1550 0.83871
1550 0.865806
1550 0.765161
1550 0.898065
1550 0.849032
1550 0.816129
1550 0.870968
1550 0.783871
1550 0.795484
1550 0.855484
1550 0.914839
1550 0.896774
1550 0.752258
1600 0.800625
1600 0.81
1600 0.670625
1600 0.83875
1600 0.83125
1600 0.79125
1600 0.9175
1600 0.815
1600 0.81375
1600 0.869375
1600 0.73125
1600 0.779375
1600 0.67375
1600 0.788125
1600 0.823125
1600 0.8825
1600 0.794375
1600 0.749375
1600 0.81375
1600 0.741875
1600 0.829375
1600 0.75375
1600 0.84625
1600 0.7775
1600 0.836875
1600 0.8525
1600 0.8625
1600 0.84625
1600 0.839375
1600 0.831875
1600 0.8325
1600 0.7925
1600 0.81125
1600 0.821875
1600 0.760625
1600 0.78125
1600 0.884375
1600 0.804375
1600 0.773125
1600 0.905625
1600 0.839375
1600 0.863125
1600 0.790625
1600 0.635
1600 0.851875
1600 0.851875
1600 0.811875
1600 0.82125
1600 0.828125
1600 0.8475
1600 0.783125
1600 0.861875
1600 0.87625
1600 0.7925
1600 0.8775
1600 0.74
1600 0.8025
1600 0.835
1600 0.81375
1600 0.714375
1600 0.825
1600 0.879375
1600 0.903125
1600 0.828125
1600 0.86375
1600 0.87125
1600 0.815
1600 0.57125
1600 0.8425
1600 0.82875
1600 0.81625
1600 0.693125
1600 0.824375
1600 0.853125
1600 0.751875
1650 0.864242
1650 0.867879
1650 0.772121
1650 0.923636
1650 0.879394
1650 0.776364
1650 0.764242
1650 0.847879
1650 0.780606
1650 0.835152
1650 0.78
1650 0.867273
1650 0.647879
1650 0.756364
1650 0.781818
1650 0.873333
1650 0.844848
1650 0.831515
1650 0.884848
1650 0.938182
1650 0.918788
1650 0.867879
1650 0.810909
1650 0.782424
1650 0.845455
1650 0.698182
1650 0.868485
1650 0.782424
1650 0.840606
1650 0.784848
1650 0.863636
1650 0.769091
1650 0.802424
1650 0.84
1650 0.830909
1650 0.83697
1650 0.656364
1650 0.801212
1650 0.726061
1650 0.748485
1650 0.889697
1650 0.803636
1650 0.864848
1650 0.844848
1650 0.870303
1650 0.815758
1650 0.816364
1650 0.750303
1650 0.884848
1650 0.9
1650 0.837576
1650 0.840606
1650 0.809091
1650 0.630303
1650 0.86303
1650 0.773333
1650 0.880606
1650 0.86303
1650 0.827879
1650 0.849697
1650 0.930303
1650 0.870303
1650 0.820606
1650 0.867879
1650 0.890303
1650 0.608485
1650 0.821818
1650 0.833333
1650 0.810909
1650 0.787273
1650 0.71697
1650 0.835152
1650 0.881212
1650 0.77697
1650 0.863636
1700 0.879412
1700 0.651176
1700 0.824706
1700 0.891765
1700 0.743529
1700 0.857647
1700 0.661765
1700 0.790588
1700 0.763529
1700 0.810588
1700 0.867059
1700 0.865882
1700 0.768235
1700 0.845294
1700 0.888824
1700 0.867647
1700 0.844118
1700 0.767059
1700 0.801765
1700 0.825294
1700 0.837647
1700 0.794706
1700 0.87
1700 0.786471
1700 0.76
1700 0.781765
1700 0.899412
1700 0.925294
1700 0.874706
1700 0.791176
1700 0.825882
1700 0.818235
1700 0.906471
1700 0.875294
1700 0.850588
1700 0.788235
1700 0.811176
1700 0.726471
1700 0.742353
1700 0.802941
1700 0.855294
1700 0.731765
1700 0.777059
1700 0.823529
1700 0.807059
1700 0.600588
1700 0.815294
1700 0.78
1700 0.894118
1700 0.797059
1700 0.865294
1700 0.801176
1700 0.810588
1700 0.766471
1700 0.907647
1700 0.92
1700 0.89
1700 0.757059
1700 0.816471
1700 0.723529
1700 0.797059
1700 0.576471
1700 0.787059
1700 0.777059
1700 0.869412
1700 0.844706
1700 0.881765
1700 0.775294
1700 0.716471
1700 0.785882
1700 0.807059
1700 0.810588
1700 0.858824
1700 0.764706
1700 0.824706
1750 0.796571
1750 0.889143
1750 0.784571
1750 0.823429
1750 0.86
1750 0.857143
1750 0.919429
1750 0.675429
1750 0.845714
1750 0.846286
1750 0.84
1750 0.791429
1750 0.792
1750 0.577143
1750 0.752571
1750 0.918286
1750 0.833714
1750 0.901143
1750 0.774857
1750 0.829714
1750 0.785714
1750 0.778857
1750 0.797143
1750 0.824571
1750 0.872
1750 0.815429
1750 0.8
1750 0.875429
1750 0.785714
1750 0.888571
1750 0.740571
1750 0.794286
1750 0.795429
1750 0.871429
1750 0.796
1750 0.810857
1750 0.880571
1750 0.674286
1750 0.758857
1750 0.770857
1750 0.846857
1750 0.677143
1750 0.92
1750 0.778857
1750 0.809143
1750 0.774857
1750 0.868571
1750 0.813143
1750 0.872
1750 0.790286
1750 0.886857
1750 0.843429
1750 0.811429
1750 0.828
1750 0.870286
1750 0.859429
1750 0.777714
1750 0.693143
1750 0.831429
1750 0.862286
1750 0.826857
1750 0.718857
1750 0.846857
1750 0.764571
1750 0.840571
1750 0.809714
1750 0.803429
1750 0.810857
1750 0.770857
1750 0.803429
1750 0.556571
1750 0.86
1750 0.842286
1750 0.889714
1750 0.830857
1800 0.831667
1800 0.820556
1800 0.79
1800 0.882778
1800 0.803333
1800 0.867222
1800 0.839444
1800 0.848333
1800 0.815556
1800 0.847778
1800 0.793889
1800 0.797222
1800 0.851111
1800 0.838333
1800 0.816667
1800 0.901111
1800 0.781111
1800 0.848333
1800 0.871667
1800 0.879444
1800 0.803333
1800 0.769444
1800 0.865556
1800 0.807222
1800 0.863333
1800 0.872778
1800 0.871111
1800 0.847222
1800 0.753889
1800 0.843889
1800 0.547778
1800 0.766111
1800 0.864444
1800 0.821667
1800 0.882778
1800 0.885556
1800 0.751667
1800 0.872778
1800 0.805556
1800 0.776667
1800 0.787222
1800 0.844444
1800 0.805556
1800 0.864444
1800 0.793889
1800 0.901667
1800 0.725556
1800 0.862222
1800 0.848333
1800 0.772222
1800 0.877778
1800 0.722222
1800 0.736667
1800 0.876667
1800 0.865
1800 0.696111
1800 0.848889
1800 0.753889
1800 0.827778
1800 0.902222
1800 0.833333
1800 0.886111
1800 0.786667
1800 0.916667
1800 0.737222
1800 0.845
1800 0.857778
1800 0.871111
1800 0.790556
1800 0.806667
1800 0.785556
1800 0.808889
1800 0.760556
1800 0.755
1800 0.881667
1850 0.832432
1850 0.796216
1850 0.741622
1850 0.612432
1850 0.883784
1850 0.888649
1850 0.904865
1850 0.803243
1850 0.764324
1850 0.868108
1850 0.852432
1850 0.822703
1850 0.845405
1850 0.78973
1850 0.833514
1850 0.884865
1850 0.918919
1850 0.883784
1850 0.876216
1850 0.796757
1850 0.753514
1850 0.754595
1850 0.860541
1850 0.809189
1850 0.796216
1850 0.858378
1850 0.860541
1850 0.843784
1850 0.664865
1850 0.658919
1850 0.817297
1850 0.884324
1850 0.888649
1850 0.895676
1850 0.500541
1850 0.841081
1850 0.88973
1850 0.842162
1850 0.773514
1850 0.828649
1850 0.708649
1850 0.822703
1850 0.862162
1850 0.747568
1850 0.785946
1850 0.80973
1850 0.841622
1850 0.848108
1850 0.918378
1850 0.76973
1850 0.839459
1850 0.796216
1850 0.827568
1850 0.792973
1850 0.858378
1850 0.856757
1850 0.871892
1850 0.856757
1850 0.874595
1850 0.80973
1850 0.891351
1850 0.863243
1850 0.754595
1850 0.785946
1850 0.911892
1850 0.863784
1850 0.897838
1850 0.891351
1850 0.767027
1850 0.613514
1850 0.875676
1850 0.899459
1850 0.799459
1850 0.831351
1850 0.832432
1900 0.858947
1900 0.884737
1900 0.874737
1900 0.852632
1900 0.833158
1900 0.799474
1900 0.702105
1900 0.914737
1900 0.735789
1900 0.837368
1900 0.838947
1900 0.831053
1900 0.826842
1900 0.783684
1900 0.809474
1900 0.712105
1900 0.756842
1900 0.785789
1900 0.82
1900 0.836316
1900 0.804211
1900 0.758421
1900 0.813158
1900 0.781579
1900 0.761053
1900 0.804737
1900 0.808421
1900 0.854211
1900 0.881579
1900 0.802632
1900 0.862105
1900 0.807895
1900 0.915263
1900 0.777895
1900 0.882105
1900 0.873158
1900 0.876842
1900 0.760526
1900 0.87
1900 0.893684
1900 0.844737
1900 0.773158
1900 0.725263
1900 0.817895
1900 0.834211
1900 0.876316
1900 0.824211
1900 0.823684
1900 0.823158
1900 0.883158
1900 0.881579
1900 0.834211
1900 0.853158
1900 0.772632
1900 0.763158
1900 0.865789
1900 0.846842
1900 0.845263
1900 0.875789
1900 0.84
1900 0.82
1900 0.82
1900 0.843158
1900 0.821053
1900 0.813158
1900 0.815789
1900 0.757368
1900 0.84
1900 0.786316
1900 0.824211
1900 0.76
1900 0.849474
1900 0.9
1900 0.811579
1900 0.705789
1950 0.817436
1950 0.858462
1950 0.882564
1950 0.740513
1950 0.780513
1950 0.898462
1950 0.918462
1950 0.883077
1950 0.752821
1950 0.653333
1950 0.676923
1950 0.844615
1950 0.84
1950 0.661538
1950 0.859487
1950 0.874872
1950 0.903077
1950 0.854872
1950 0.82359
1950 0.86359
1950 0.821026
1950 0.828205
1950 0.828718
1950 0.874872
1950 0.915385
1950 0.618974
1950 0.755897
1950 0.8
1950 0.731795
1950 0.873846
1950 0.867179
1950 0.897949
1950 0.884615
1950 0.764103
1950 0.912821
1950 0.712821
1950 0.801538
1950 0.831282
1950 0.729744
1950 0.781026
1950 0.72359
1950 0.850256
1950 0.801026
1950 0.848205
1950 0.804615
1950 0.866667
1950 0.840513
1950 0.811795
1950 0.745641
1950 0.86
1950 0.758462
1950 0.85641
1950 0.807179
1950 0.889744
1950 0.867179
1950 0.805641
1950 0.792821
1950 0.910256
1950 0.881026
1950 0.821538
1950 0.810256
1950 0.865641
1950 0.81641
1950 0.822564
1950 0.819487
1950 0.852821
1950 0.797436
1950 0.838462
1950 0.818974
1950 0.845128
1950 0.894359
1950 0.791795
1950 0.815897
1950 0.821538
1950 0.778974
2000 0.835
2000 0.671
2000 0.838
2000 0.795
2000 0.877
2000 0.846
2000 0.823
2000 0.7715
2000 0.7525
2000 0.7945
2000 0.754
2000 0.823
2000 0.831
2000 0.857
2000 0.855
2000 0.8395
2000 0.861
2000 0.876
2000 0.8235
2000 0.8865
2000 0.811
2000 0.415
2000 0.8775
2000 0.7955
2000 0.7805
2000 0.795
2000 0.66
2000 0.713
2000 0.7815
2000 0.811
2000 0.8105
2000 0.885
2000 0.7755
2000 0.79
2000 0.6905
2000 0.7775
2000 0.845
2000 0.77
2000 0.7995
2000 0.847
2000 0.876
2000 0.8885
2000 0.825
2000 0.7435
2000 0.7645
2000 0.825
2000 0.862
2000 0.8415
2000 0.817
2000 0.8965
2000 0.789
2000 0.797
2000 0.6915
2000 0.804
2000 0.812
2000 0.725
2000 0.909
2000 0.846
2000 0.882
2000 0.8445
2000 0.7895
2000 0.893
2000 0.846
2000 0.8245
2000 0.9175
2000 0.91
2000 0.8505
2000 0.774
2000 0.887
2000 0.8975
2000 0.7885
2000 0.839
2000 0.8355
2000 0.8565
2000 0.9025
