50 0.24
50 0.1
50 0.08
50 0.64
50 0
50 0.18
50 0.32
50 0.2
50 0.02
50 0.18
50 0.12
50 0.14
50 0.02
50 0.28
50 0
50 0
50 0.26
50 0.7
50 0.22
50 0.06
50 0.16
50 0.2
50 0
50 0
50 0
50 0.64
50 0.06
50 0.22
50 0.36
50 0.14
50 0
50 0
50 0
50 0.1
50 0.04
50 0.24
50 0
50 0
50 0.8
50 0.04
50 0.02
50 0.3
50 0.36
50 0.06
50 0.14
50 0.08
50 0.18
50 0.88
50 0.4
50 0.3
50 0.46
50 0
50 0.32
50 0.02
50 0.64
50 0.14
50 0.44
50 0
50 0.08
50 0
50 0.42
50 0.26
50 0
50 0
50 0.74
50 0.28
50 0.12
50 0
50 0.44
50 0.12
50 0.12
50 0.02
50 0.2
50 0
50 0.08
100 0.26
100 0.24
100 0.41
100 0.65
100 0.86
100 0.71
100 0.53
100 0.15
100 0.82
100 0.42
100 0.85
100 0.79
100 0.15
100 0.04
100 0.88
100 0.31
100 0
100 0.42
100 0.3
100 0.7
100 0.04
100 0.8
100 0.57
100 0.59
100 0.17
100 0.33
100 0.25
100 0.57
100 0.2
100 0.63
100 0.74
100 0.45
100 0.2
100 0.77
100 0.79
100 0.46
100 0.55
100 0.55
100 0
100 0.59
100 0.81
100 0.31
100 0
100 0.83
100 0.71
100 0.8
100 0.2
100 0.62
100 0.07
100 0.48
100 0.83
100 0.27
100 0.45
100 0.83
100 0.53
100 0.97
100 0.4
100 0.65
100 0.79
100 0.84
100 0.76
100 0.18
100 0.51
100 0.71
100 0.36
100 0.39
100 0.65
100 0.24
100 0.71
100 0.65
100 0
100 0.73
100 0.31
100 0.08
100 0.83
150 0.573333
150 0.673333
150 0.773333
150 0.786667
150 0.54
150 0.906667
150 0.76
150 0.9
150 0.82
150 0.813333
150 0.82
150 0.733333
150 0.493333
150 0.52
150 0.666667
150 0.706667
150 0.893333
150 0.653333
150 0.473333
150 0.753333
150 0.746667
150 0.833333
150 0.593333
150 0.573333
150 0.866667
150 0.766667
150 0.766667
150 0.826667
150 0.84
150 0.766667
150 0.74
150 0.766667
150 0.873333
150 0.9
150 0.693333
150 0.533333
150 0.46
150 0.56
150 0.613333
150 0.88
150 0.913333
150 0.433333
150 0.4
150 0.426667
150 0.3
150 0.893333
150 0.113333
150 0.8
150 0.753333
150 0.326667
150 0.72
150 0.546667
150 0.726667
150 0.833333
150 0.72
150 0.8
150 0.02
150 0.753333
150 0.373333
150 0.7
150 0.906667
150 0.813333
150 0.926667
150 0.726667
150 0.78
150 0.66
150 0.646667
150 0.373333
150 0.86
150 0.473333
150 0.786667
150 0.44
150 0.726667
150 0.786667
150 0.726667
200 0.695
200 0.55
200 0.905
200 0.735
200 0.34
200 0.795
200 0.585
200 0.84
200 0.75
200 0.69
200 0.865
200 0.665
200 0.77
200 0.915
200 0.68
200 0.73
200 0.81
200 0.93
200 0.88
200 0.795
200 0.78
200 0.93
200 0.85
200 0.84
200 0.8
200 0.825
200 0.845
200 0.735
200 0.615
200 0.785
200 0.61
200 0.9
200 0.79
200 0.485
200 0.62
200 0.845
200 0.33
200 0.725
200 0.795
200 0.5
200 0.69
200 0.815
200 0.78
200 0.595
200 0.895
200 0.695
200 0.825
200 0.72
200 0.8
200 0.805
200 0.155
200 0.78
200 0.82
200 0.71
200 0.815
200 0.855
200 0.94
200 0.68
200 0.89
200 0.655
200 0.415
200 0.695
200 0.905
200 0.815
200 0.805
200 0.67
200 0.64
200 0.825
200 0.6
200 0.865
200 0.91
200 0.42
200 0.88
200 0.88
200 0.82
250 0.756
250 0.9
250 0.84
250 0.812
250 0.872
250 0.896
250 0.88
250 0.92
250 0.688
250 0.836
250 0.92
250 0.852
250 0.928
250 0.796
250 0.788
250 0.864
250 0.928
250 0.88
250 0.924
250 0.88
250 0.904
250 0.792
250 0.76
250 0.852
250 0.936
250 0.904
250 0.884
250 0.972
250 0.652
250 0.832
250 0.756
250 0.852
250 0.892
250 0.772
250 0.748
250 0.84
250 0.796
250 0.728
250 0.86
250 0.948
250 0.788
250 0.844
250 0.868
250 0.476
250 0.824
250 0.916
250 0.92
250 0.58
250 0.872
250 0.592
250 0.904
250 0.612
250 0.836
250 0.74
250 0.852
250 0.916
250 0.828
250 0.608
250 0.824
250 0.6
250 0.86
250 0.856
250 0.852
250 0.856
250 0.68
250 0.932
250 0.856
250 0.716
250 0.844
250 0.932
250 0.812
250 0.48
250 0.928
250 0.952
250 0.828
300 0.86
300 0.986667
300 0.83
300 0.906667
300 0.466667
300 0.5
300 0.893333
300 0.58
300 0.903333
300 0.866667
300 0.85
300 0.77
300 0.883333
300 0.933333
300 0.76
300 0.8
300 0.776667
300 0.853333
300 0.833333
300 0.846667
300 0.8
300 0.863333
300 0.816667
300 0.83
300 0.956667
300 0.9
300 0.88
300 0.86
300 0.966667
300 0.94
300 0.806667
300 0.806667
300 0.493333
300 0.856667
300 0.836667
300 0.903333
300 0.936667
300 0.89
300 0.946667
300 0.97
300 0.833333
300 0.843333
300 0.88
300 0.813333
300 0.72
300 0.703333
300 0.816667
300 0.486667
300 0.486667
300 0.916667
300 0.663333
300 0.913333
300 0.746667
300 0.746667
300 0.766667
300 0.93
300 0.926667
300 0.8
300 0.833333
300 0.91
300 0.873333
300 0.766667
300 0.863333
300 0.79
300 0.896667
300 0.94
300 0.83
300 0.503333
300 0.803333
300 0.923333
300 0.606667
300 0.81
300 0.863333
300 0.783333
300 0.843333
350 0.811429
350 0.831429
350 0.868571
350 0.757143
350 0.911429
350 0.662857
350 0.682857
350 0.834286
350 0.86
350 0.817143
350 0.837143
350 0.811429
350 0.782857
350 0.88
350 0.865714
350 0.654286
350 0.862857
350 0.882857
350 0.814286
350 0.828571
350 0.917143
350 0.717143
350 0.882857
350 0.774286
350 0.874286
350 0.911429
350 0.908571
350 0.865714
350 0.917143
350 0.811429
350 0.731429
350 0.911429
350 0.88
350 0.914286
350 0.874286
350 0.817143
350 0.922857
350 0.574286
350 0.817143
350 0.862857
350 0.794286
350 0.845714
350 0.945714
350 0.817143
350 0.897143
350 0.914286
350 0.717143
350 0.785714
350 0.897143
350 0.957143
350 0.808571
350 0.888571
350 0.945714
350 0.894286
350 0.874286
350 0.945714
350 0.905714
350 0.842857
350 0.851429
350 0.72
350 0.885714
350 0.874286
350 0.937143
350 0.848571
350 0.545714
350 0.868571
350 0.962857
350 0.854286
350 0.968571
350 0.857143
350 0.914286
350 0.928571
350 0.374286
350 0.854286
350 0.871429
400 0.945
400 0.8275
400 0.9425
400 0.725
400 0.7225
400 0.9375
400 0.9075
400 0.6175
400 0.905
400 0.89
400 0.8725
400 0.915
400 0.9725
400 0.8175
400 0.865
400 0.8275
400 0.8425
400 0.3975
400 0.935
400 0.9
400 0.9575
400 0.95
400 0.8775
400 0.7325
400 0.9025
400 0.8825
400 0.8275
400 0.63
400 0.86
400 0.96
400 0.915
400 0.8
400 0.8775
400 0.8825
400 0.9825
400 0.88
400 0.93
400 0.6625
400 0.9125
400 0.895
400 0.9325
400 0.865
400 0.925
400 0.93
400 0.965
400 0.9025
400 0.9075
400 0.77
400 0.915
400 0.92
400 0.96
400 0.8275
400 0.8875
400 0.825
400 0.85
400 0.935
400 0.91
400 0.8575
400 0.87
400 0.79
400 0.845
400 0.7775
400 0.86
400 0.885
400 0.8475
400 0.94
400 0.83
400 0.9175
400 0.91
400 0.8725
400 0.8075
400 0.89
400 0.8575
400 0.91
400 0.8525
450 0.917778
450 0.886667
450 0.924444
450 0.913333
450 0.6
450 0.928889
450 0.933333
450 0.877778
450 0.908889
450 0.755556
450 0.915556
450 0.906667
450 0.931111
450 0.908889
450 0.684444
450 0.862222
450 0.844444
450 0.853333
450 0.857778
450 0.908889
450 0.851111
450 0.991111
450 0.873333
450 0.993333
450 0.882222
450 0.817778
450 0.957778
450 0.735556
450 0.695556
450 0.746667
450 0.906667
450 0.828889
450 0.908889
450 0.837778
450 0.791111
450 0.871111
450 0.826667
450 0.888889
450 0.906667
450 0.806667
450 0.857778
450 0.855556
450 0.771111
450 0.853333
450 0.868889
450 0.893333
450 0.846667
450 0.931111
450 0.888889
450 0.844444
450 0.946667
450 0.953333
450 0.864444
450 0.866667
450 0.96
450 0.88
450 0.848889
450 0.853333
450 0.82
450 0.902222
450 0.933333
450 0.826667
450 0.942222
450 0.871111
450 0.842222
450 0.846667
450 0.908889
450 0.8
450 0.962222
450 0.884444
450 0.864444
450 0.866667
450 0.944444
450 0.94
450 0.68
500 0.932
500 0.908
500 0.984
500 0.948
500 0.776
500 0.96
500 0.874
500 0.866
500 0.848
500 0.922
500 0.868
500 0.888
500 0.788
500 0.904
500 0.858
500 0.85
500 0.882
500 0.908
500 0.96
500 0.93
500 0.852
500 0.906
500 0.866
500 0.794
500 0.818
500 0.966
500 0.93
500 0.94
500 0.902
500 0.892
500 0.888
500 0.864
500 0.914
500 0.814
500 0.888
500 0.92
500 0.88
500 0.884
500 0.868
500 0.614
500 0.938
500 0.958
500 0.878
500 0.858
500 0.886
500 0.846
500 0.85
500 0.924
500 0.892
500 0.982
500 0.858
500 0.94
500 0.866
500 0.856
500 0.836
500 0.93
500 0.922
500 0.936
500 0.942
500 0.904
500 0.854
500 0.846
500 0.92
500 0.77
500 0.926
500 0.806
500 0.852
500 0.854
500 0.86
500 0.882
500 0.582
500 0.894
500 0.92
500 0.836
500 0.95
550 0.781818
550 0.892727
550 0.901818
550 0.927273
550 0.932727
550 0.883636
550 0.934545
550 0.923636
550 0.901818
550 0.932727
550 0.832727
550 0.905455
550 0.765455
550 0.936364
550 0.874545
550 0.914545
550 0.832727
550 0.927273
550 0.947273
550 0.952727
550 0.921818
550 0.818182
550 0.88
550 0.854545
550 0.927273
550 0.958182
550 0.878182
550 0.823636
550 0.901818
550 0.810909
550 0.945455
550 0.9
550 0.989091
550 0.201818
550 0.723636
550 0.872727
550 0.854545
550 0.867273
550 0.78
550 0.92
550 0.950909
550 0.907273
550 0.905455
550 0.807273
550 0.898182
550 0.870909
550 0.701818
550 0.872727
550 0.858182
550 0.849091
550 0.889091
550 0.96
550 0.961818
550 0.898182
550 0.812727
550 0.887273
550 0.967273
550 0.894545
550 0.854545
550 0.681818
550 0.930909
550 0.894545
550 0.934545
550 0.841818
550 0.943636
550 0.892727
550 0.88
550 0.929091
550 0.98
550 0.796364
550 0.86
550 0.967273
550 0.86
550 0.901818
550 0.903636
600 0.856667
600 0.875
600 0.928333
600 0.801667
600 0.883333
600 0.981667
600 0.901667
600 0.871667
600 0.926667
600 0.845
600 0.77
600 0.85
600 0.875
600 0.905
600 0.898333
600 0.895
600 0.946667
600 0.863333
600 0.903333
600 0.951667
600 0.926667
600 0.906667
600 0.921667
600 0.953333
600 0.868333
600 0.908333
600 0.966667
600 0.936667
600 0.853333
600 0.926667
600 0.876667
600 0.941667
600 0.94
600 0.885
600 0.891667
600 0.836667
600 0.913333
600 0.8
600 0.88
600 0.925
600 0.9
600 0.94
600 0.93
600 0.915
600 0.896667
600 0.875
600 0.851667
600 0.83
600 0.933333
600 0.861667
600 0.931667
600 0.838333
600 0.966667
600 0.86
600 0.935
600 0.86
600 0.918333
600 0.855
600 0.905
600 0.936667
600 0.89
600 0.948333
600 0.953333
600 0.833333
600 0.898333
600 0.788333
600 0.985
600 0.921667
600 0.9
600 0.925
600 0.916667
600 0.906667
600 0.903333
600 0.97
600 0.766667
650 0.938462
650 0.836923
650 0.878462
650 0.926154
650 0.889231
650 0.826154
650 0.964615
650 0.910769
650 0.853846
650 0.907692
650 0.809231
650 0.941538
650 0.906154
650 0.901538
650 0.907692
650 0.913846
650 0.86
650 0.792308
650 0.875385
650 0.861538
650 0.850769
650 0.824615
650 0.916923
650 0.933846
650 0.915385
650 0.921538
650 0.913846
650 0.938462
650 0.936923
650 0.890769
650 0.849231
650 0.970769
650 0.935385
650 0.898462
650 0.904615
650 0.886154
650 0.895385
650 0.869231
650 0.770769
650 0.918462
650 0.953846
650 0.881538
650 0.916923
650 0.895385
650 0.892308
650 0.921538
650 0.886154
650 0.84
650 0.82
650 0.913846
650 0.906154
650 0.927692
650 0.909231
650 0.853846
650 0.915385
650 0.927692
650 0.896923
650 0.950769
650 0.852308
650 0.886154
650 0.916923
650 0.896923
650 0.836923
650 0.838462
650 0.884615
650 0.938462
650 0.909231
650 0.875385
650 0.943077
650 0.856923
650 0.932308
650 0.907692
650 0.92
650 0.921538
650 0.967692
700 0.902857
700 0.951429
700 0.878571
700 0.842857
700 0.927143
700 0.872857
700 0.888571
700 0.897143
700 0.901429
700 0.914286
700 0.972857
700 0.887143
700 0.914286
700 0.911429
700 0.845714
700 0.768571
700 0.872857
700 0.847143
700 0.95
700 0.96
700 0.834286
700 0.887143
700 0.911429
700 0.877143
700 0.92
700 0.965714
700 0.93
700 0.88
700 0.878571
700 0.937143
700 0.871429
700 0.941429
700 0.908571
700 0.955714
700 0.842857
700 0.92
700 0.877143
700 0.884286
700 0.885714
700 0.908571
700 0.847143
700 0.642857
700 0.951429
700 0.918571
700 0.705714
700 0.905714
700 0.875714
700 0.935714
700 0.938571
700 0.924286
700 0.831429
700 0.955714
700 0.871429
700 0.931429
700 0.767143
700 0.897143
700 0.881429
700 0.817143
700 0.844286
700 0.927143
700 0.802857
700 0.947143
700 0.96
700 0.708571
700 0.901429
700 0.93
700 0.902857
700 0.92
700 0.862857
700 0.854286
700 0.887143
700 0.945714
700 0.887143
700 0.827143
700 0.932857
750 0.912
750 0.937333
750 0.914667
750 0.828
750 0.902667
750 0.914667
750 0.968
750 0.862667
750 0.952
750 0.912
750 0.730667
750 0.885333
750 0.985333
750 0.933333
750 0.897333
750 0.937333
750 0.788
750 0.868
750 0.912
750 0.973333
750 0.917333
750 0.918667
750 0.870667
750 0.954667
750 0.956
750 0.924
750 0.889333
750 0.848
750 0.892
750 0.936
750 0.914667
750 0.852
750 0.922667
750 0.894667
750 0.889333
750 0.762667
750 0.926667
750 0.901333
750 0.922667
750 0.878667
750 0.964
750 0.713333
750 0.924
750 0.957333
750 0.972
750 0.885333
750 0.929333
750 0.958667
750 0.888
750 0.697333
750 0.846667
750 0.946667
750 0.868
750 0.926667
750 0.936
750 0.941333
750 0.924
750 0.833333
750 0.932
750 0.938667
750 0.925333
750 0.797333
750 0.897333
750 0.772
750 0.872
750 0.810667
750 0.925333
750 0.932
750 0.886667
750 0.873333
750 0.857333
750 0.956
750 0.941333
750 0.905333
750 0.945333
800 0.94125
800 0.92
800 0.9475
800 0.89125
800 0.92125
800 0.90625
800 0.835
800 0.90875
800 0.8925
800 0.88125
800 0.88625
800 0.835
800 0.915
800 0.975
800 0.87875
800 0.88375
800 0.8925
800 0.78125
800 0.865
800 0.84875
800 0.92125
800 0.915
800 0.8525
800 0.84125
800 0.9375
800 0.9275
800 0.87125
800 0.9075
800 0.83875
800 0.97
800 0.91
800 0.8625
800 0.8975
800 0.84625
800 0.95375
800 0.8625
800 0.8575
800 0.94875
800 0.89375
800 0.8875
800 0.92375
800 0.9
800 0.87875
800 0.89625
800 0.92125
800 0.91625
800 0.91125
800 0.89625
800 0.8975
800 0.79125
800 0.8425
800 0.89875
800 0.855
800 0.8675
800 0.81875
800 0.93375
800 0.915
800 0.87375
800 0.86875
800 0.935
800 0.96125
800 0.96375
800 0.7725
800 0.90875
800 0.87
800 0.9075
800 0.81875
800 0.955
800 0.89
800 0.93125
800 0.9075
800 0.94125
800 0.93375
800 0.91875
800 0.9025
850 0.888235
850 0.898824
850 0.928235
850 0.923529
850 0.857647
850 0.889412
850 0.916471
850 0.827059
850 0.831765
850 0.850588
850 0.84
850 0.902353
850 0.881176
850 0.890588
850 0.938824
850 0.823529
850 0.909412
850 0.916471
850 0.888235
850 0.856471
850 0.970588
850 0.923529
850 0.907059
850 0.932941
850 0.937647
850 0.903529
850 0.932941
850 0.950588
850 0.918824
850 0.869412
850 0.854118
850 0.908235
850 0.929412
850 0.898824
850 0.871765
850 0.949412
850 0.909412
850 0.944706
850 0.945882
850 0.909412
850 0.902353
850 0.875294
850 0.945882
850 0.938824
850 0.902353
850 0.896471
850 0.914118
850 0.883529
850 0.796471
850 0.847059
850 0.885882
850 0.785882
850 0.950588
850 0.875294
850 0.961176
850 0.885882
850 0.88
850 0.965882
850 0.921176
850 0.855294
850 0.887059
850 0.930588
850 0.961176
850 0.934118
850 0.883529
850 0.904706
850 0.916471
850 0.930588
850 0.843529
850 0.908235
850 0.896471
850 0.874118
850 0.867059
850 0.818824
850 0.812941
900 0.932222
900 0.921111
900 0.956667
900 0.891111
900 0.952222
900 0.934444
900 0.934444
900 0.917778
900 0.94
900 0.901111
900 0.905556
900 0.972222
900 0.948889
900 0.887778
900 0.967778
900 0.937778
900 0.891111
900 0.886667
900 0.752222
900 0.874444
900 0.922222
900 0.901111
900 0.888889
900 0.857778
900 0.861111
900 0.677778
900 0.916667
900 0.936667
900 0.813333
900 0.884444
900 0.903333
900 0.84
900 0.86
900 0.901111
900 0.923333
900 0.953333
900 0.941111
900 0.913333
900 0.867778
900 0.914444
900 0.613333
900 0.783333
900 0.965556
900 0.827778
900 0.915556
900 0.884444
900 0.927778
900 0.881111
900 0.914444
900 0.92
900 0.944444
900 0.893333
900 0.843333
900 0.893333
900 0.912222
900 0.926667
900 0.966667
900 0.924444
900 0.931111
900 0.916667
900 0.943333
900 0.888889
900 0.872222
900 0.958889
900 0.814444
900 0.874444
900 0.957778
900 0.942222
900 0.956667
900 0.905556
900 0.942222
900 0.931111
900 0.927778
900 0.943333
900 0.893333
950 0.958947
950 0.94
950 0.849474
950 0.922105
950 0.872632
950 0.934737
950 0.898947
950 0.901053
950 0.88
950 0.912632
950 0.798947
950 0.92
950 0.871579
950 0.907368
950 0.910526
950 0.976842
950 0.915789
950 0.871579
950 0.936842
950 0.857895
950 0.912632
950 0.918947
950 0.886316
950 0.933684
950 0.890526
950 0.947368
950 0.88
950 0.868421
950 0.917895
950 0.923158
950 0.942105
950 0.948421
950 0.916842
950 0.966316
950 0.891579
950 0.887368
950 0.958947
950 0.876842
950 0.968421
950 0.945263
950 0.912632
950 0.918947
950 0.945263
950 0.938947
950 0.911579
950 0.923158
950 0.944211
950 0.963158
950 0.948421
950 0.963158
950 0.921053
950 0.873684
950 0.944211
950 0.918947
950 0.882105
950 0.742105
950 0.951579
950 0.861053
950 0.870526
950 0.885263
950 0.897895
950 0.915789
950 0.877895
950 0.890526
950 0.968421
950 0.894737
950 0.950526
950 0.954737
950 0.904211
950 0.92
950 0.852632
950 0.887368
950 0.918947
950 0.958947
950 0.915789
1000 0.952
1000 0.775
1000 0.921
1000 0.933
1000 0.929
1000 0.868
1000 0.751
1000 0.91
1000 0.909
1000 0.922
1000 0.895
1000 0.909
1000 0.924
1000 0.793
1000 0.884
1000 0.893
1000 0.929
1000 0.939
1000 0.921
1000 0.925
1000 0.9
1000 0.812
1000 0.91
1000 0.941
1000 0.944
1000 0.913
1000 0.9
1000 0.939
1000 0.895
1000 0.941
1000 0.951
1000 0.88
1000 0.951
1000 0.941
1000 0.938
1000 0.89
1000 0.918
1000 0.953
1000 0.904
1000 0.899
1000 0.878
1000 0.967
1000 0.939
1000 0.861
1000 0.926
1000 0.886
1000 0.86
1000 0.924
1000 0.846
1000 0.883
1000 0.922
1000 0.921
1000 0.916
1000 0.898
1000 0.923
1000 0.97
1000 0.907
1000 0.844
1000 0.957
1000 0.903
1000 0.852
1000 0.846
1000 0.924
1000 0.949
1000 0.898
1000 0.866
1000 0.949
1000 0.943
1000 0.885
1000 0.886
1000 0.929
1000 0.962
1000 0.844
1000 0.923
1000 0.894
1050 0.929524
1050 0.877143
1050 0.861905
1050 0.929524
1050 0.713333
1050 0.937143
1050 0.889524
1050 0.792381
1050 0.90381
1050 0.9
1050 0.87619
1050 0.884762
1050 0.885714
1050 0.87619
1050 0.908571
1050 0.912381
1050 0.880952
1050 0.904762
1050 0.98381
1050 0.884762
1050 0.928571
1050 0.901905
1050 0.832381
1050 0.84
1050 0.859048
1050 0.820952
1050 0.861905
1050 0.913333
1050 0.949524
1050 0.921905
1050 0.875238
1050 0.951429
1050 0.938095
1050 0.917143
1050 0.94
1050 0.892381
1050 0.888571
1050 0.933333
1050 0.86
1050 0.902857
1050 0.968571
1050 0.87619
1050 0.974286
1050 0.885714
1050 0.96381
1050 0.921905
1050 0.960952
1050 0.893333
1050 0.899048
1050 0.902857
1050 0.871429
1050 0.889524
1050 0.925714
1050 0.910476
1050 0.891429
1050 0.912381
1050 0.933333
1050 0.937143
1050 0.955238
1050 0.970476
1050 0.890476
1050 0.827619
1050 0.928571
1050 0.884762
1050 0.907619
1050 0.908571
1050 0.904762
1050 0.885714
1050 0.970476
1050 0.945714
1050 0.892381
1050 0.953333
1050 0.930476
1050 0.857143
1050 0.925714
1100 0.963636
1100 0.868182
1100 0.892727
1100 0.852727
1100 0.960909
1100 0.922727
1100 0.93
1100 0.933636
1100 0.927273
1100 0.920909
1100 0.927273
1100 0.9
1100 0.976364
1100 0.942727
1100 0.888182
1100 0.986364
1100 0.932727
1100 0.959091
1100 0.958182
1100 0.95
1100 0.870909
1100 0.862727
1100 0.935455
1100 0.918182
1100 0.99
1100 0.831818
1100 0.942727
1100 0.9
1100 0.882727
1100 0.957273
1100 0.931818
1100 0.903636
1100 0.943636
1100 0.867273
1100 0.977273
1100 0.891818
1100 0.926364
1100 0.845455
1100 0.887273
1100 0.942727
1100 0.926364
1100 0.956364
1100 0.885455
1100 0.919091
1100 0.907273
1100 0.88
1100 0.929091
1100 0.954545
1100 0.927273
1100 0.94
1100 0.896364
1100 0.908182
1100 0.935455
1100 0.807273
1100 0.929091
1100 0.948182
1100 0.913636
1100 0.930909
1100 0.830909
1100 0.918182
1100 0.922727
1100 0.917273
1100 0.987273
1100 0.857273
1100 0.854545
1100 0.897273
1100 0.912727
1100 0.903636
1100 0.968182
1100 0.836364
1100 0.879091
1100 0.946364
1100 0.95
1100 0.888182
1100 0.738182
1150 0.847826
1150 0.912174
1150 0.85913
1150 0.909565
1150 0.986087
1150 0.958261
1150 0.915652
1150 0.865217
1150 0.931304
1150 0.93913
1150 0.904348
1150 0.938261
1150 0.90087
1150 0.848696
1150 0.914783
1150 0.933913
1150 0.906087
1150 0.86
1150 0.870435
1150 0.881739
1150 0.901739
1150 0.926087
1150 0.875652
1150 0.895652
1150 0.881739
1150 0.931304
1150 0.948696
1150 0.892174
1150 0.904348
1150 0.933913
1150 0.903478
1150 0.94
1150 0.894783
1150 0.88087
1150 0.89913
1150 0.94087
1150 0.9
1150 0.908696
1150 0.966087
1150 0.964348
1150 0.905217
1150 0.931304
1150 0.894783
1150 0.925217
1150 0.93913
1150 0.851304
1150 0.903478
1150 0.913043
1150 0.945217
1150 0.944348
1150 0.937391
1150 0.887826
1150 0.986957
1150 0.930435
1150 0.923478
1150 0.896522
1150 0.907826
1150 0.904348
1150 0.935652
1150 0.943478
1150 0.873913
1150 0.966957
1150 0.861739
1150 0.897391
1150 0.912174
1150 0.875652
1150 0.915652
1150 0.871304
1150 0.982609
1150 0.984348
1150 0.967826
1150 0.858261
1150 0.941739
1150 0.847826
1150 0.948696
1200 0.896667
1200 0.939167
1200 0.921667
1200 0.9
1200 0.910833
1200 0.92
1200 0.853333
1200 0.955833
1200 0.839167
1200 0.933333
1200 0.940833
1200 0.938333
1200 0.925833
1200 0.890833
1200 0.965
1200 0.9475
1200 0.920833
1200 0.91
1200 0.896667
1200 0.889167
1200 0.908333
1200 0.94
1200 0.9475
1200 0.905833
1200 0.966667
1200 0.898333
1200 0.874167
1200 0.91
1200 0.961667
1200 0.923333
1200 0.9475
1200 0.938333
1200 0.91
1200 0.940833
1200 0.8775
1200 0.944167
1200 0.965833
1200 0.971667
1200 0.9275
1200 0.941667
1200 0.968333
1200 0.783333
1200 0.908333
1200 0.933333
1200 0.91
1200 0.935833
1200 0.9775
1200 0.955
1200 0.926667
1200 0.9875
1200 0.923333
1200 0.906667
1200 0.919167
1200 0.97
1200 0.973333
1200 0.915833
1200 0.9125
1200 0.933333
1200 0.9225
1200 0.921667
1200 0.949167
1200 0.894167
1200 0.916667
1200 0.895
1200 0.846667
1200 0.883333
1200 0.859167
1200 0.885833
1200 0.951667
1200 0.91
1200 0.918333
1200 0.825833
1200 0.941667
1200 0.954167
1200 0.935
1250 0.8656
1250 0.9064
1250 0.9184
1250 0.7576
1250 0.9032
1250 0.892
1250 0.9016
1250 0.9432
1250 0.8904
1250 0.9096
1250 0.84
1250 0.9368
1250 0.8264
1250 0.9176
1250 0.908
1250 0.9432
1250 0.916
1250 0.8904
1250 0.9168
1250 0.948
1250 0.84
1250 0.9328
1250 0.936
1250 0.9488
1250 0.9344
1250 0.8936
1250 0.9352
1250 0.8944
1250 0.9888
1250 0.9224
1250 0.9432
1250 0.8984
1250 0.8872
1250 0.9472
1250 0.9016
1250 0.896
1250 0.912
1250 0.7776
1250 0.9088
1250 0.932
1250 0.9064
1250 0.9352
1250 0.8888
1250 0.972
1250 0.8896
1250 0.9184
1250 0.7536
1250 0.9184
1250 0.9288
1250 0.9416
1250 0.868
1250 0.9384
1250 0.9064
1250 0.9232
1250 0.9864
1250 0.9216
1250 0.9432
1250 0.9192
1250 0.9048
1250 0.9256
1250 0.9064
1250 0.8864
1250 0.92
1250 0.9232
1250 0.8832
1250 0.8832
1250 0.964
1250 0.94
1250 0.8728
1250 0.9088
1250 0.936
1250 0.8672
1250 0.9664
1250 0.9088
1250 0.9488
1300 0.853846
1300 0.923077
1300 0.910769
1300 0.920769
1300 0.880769
1300 0.923077
1300 0.900769
1300 0.978462
1300 0.889231
1300 0.875385
1300 0.942308
1300 0.841538
1300 0.866154
1300 0.938462
1300 0.934615
1300 0.868462
1300 0.937692
1300 0.852308
1300 0.926923
1300 0.945385
1300 0.941538
1300 0.903077
1300 0.785385
1300 0.885385
1300 0.890769
1300 0.92
1300 0.896154
1300 0.921538
1300 0.887692
1300 0.749231
1300 0.926923
1300 0.87
1300 0.880769
1300 0.948462
1300 0.946923
1300 0.954615
1300 0.886923
1300 0.910769
1300 0.964615
1300 0.899231
1300 0.862308
1300 0.885385
1300 0.963077
1300 0.966923
1300 0.836923
1300 0.962308
1300 0.907692
1300 0.974615
1300 0.819231
1300 0.875385
1300 0.96
1300 0.899231
1300 0.938462
1300 0.926154
1300 0.900769
1300 0.878462
1300 0.926923
1300 0.879231
1300 0.939231
1300 0.955385
1300 0.879231
1300 0.908462
1300 0.896154
1300 0.923077
1300 0.931538
1300 0.901538
1300 0.936154
1300 0.950769
1300 0.849231
1300 0.898462
1300 0.883077
1300 0.867692
1300 0.939231
1300 0.976154
1300 0.983077
1350 0.947407
1350 0.914815
1350 0.900741
1350 0.93037
1350 0.884444
1350 0.905185
1350 0.919259
1350 0.908889
1350 0.962963
1350 0.900741
1350 0.907407
1350 0.965185
1350 0.84
1350 0.859259
1350 0.906667
1350 0.893333
1350 0.941481
1350 0.896296
1350 0.785926
1350 0.991111
1350 0.928148
1350 0.848148
1350 0.911852
1350 0.93037
1350 0.894815
1350 0.940741
1350 0.886667
1350 0.913333
1350 0.913333
1350 0.973333
1350 0.905926
1350 0.943704
1350 0.897778
1350 0.971111
1350 0.84963
1350 0.945926
1350 0.880741
1350 0.972593
1350 0.87037
1350 0.911111
1350 0.885185
1350 0.89037
1350 0.923704
1350 0.93037
1350 0.917037
1350 0.897037
1350 0.925926
1350 0.888889
1350 0.927407
1350 0.931111
1350 0.922963
1350 0.979259
1350 0.900741
1350 0.86963
1350 0.871852
1350 0.903704
1350 0.931111
1350 0.914074
1350 0.95037
1350 0.92
1350 0.937778
1350 0.928148
1350 0.934074
1350 0.865926
1350 0.891852
1350 0.92963
1350 0.914815
1350 0.894074
1350 0.874074
1350 0.924444
1350 0.945926
1350 0.838519
1350 0.903704
1350 0.892593
1350 0.900741
1400 0.95
1400 0.911429
1400 0.860714
1400 0.882857
1400 0.995
1400 0.950714
1400 0.928571
1400 0.970714
1400 0.915714
1400 0.945714
1400 0.903571
1400 0.922857
1400 0.871429
1400 0.872857
1400 0.875
1400 0.86
1400 0.917143
1400 0.941429
1400 0.954286
1400 0.946429
1400 0.909286
1400 0.891429
1400 0.856429
1400 0.920714
1400 0.98
1400 0.875
1400 0.815714
1400 0.902857
1400 0.927857
1400 0.937143
1400 0.900714
1400 0.969286
1400 0.915
1400 0.889286
1400 0.92
1400 0.98
1400 0.884286
1400 0.915
1400 0.977143
1400 0.915714
1400 0.908571
1400 0.913571
1400 0.995
1400 0.912857
1400 0.904286
1400 0.932143
1400 0.879286
1400 0.895
1400 0.903571
1400 0.947857
1400 0.94
1400 0.892143
1400 0.883571
1400 0.931429
1400 0.94
1400 0.928571
1400 0.888571
1400 0.905
1400 0.958571
1400 0.915714
1400 0.915
1400 0.922143
1400 0.855
1400 0.956429
1400 0.887143
1400 0.963571
1400 0.938571
1400 0.994286
1400 0.912857
1400 0.879286
1400 0.862857
1400 0.801429
1400 0.951429
1400 0.877143
1400 0.868571
1450 0.851034
1450 0.914483
1450 0.935172
1450 0.929655
1450 0.911724
1450 0.94069
1450 0.950345
1450 0.935862
1450 0.889655
1450 0.89931
1450 0.891724
1450 0.893103
1450 0.866897
1450 0.888276
1450 0.978621
1450 0.925517
1450 0.922759
1450 0.949655
1450 0.924138
1450 0.924828
1450 0.948276
1450 0.924138
1450 0.888276
1450 0.882069
1450 0.884828
1450 0.914483
1450 0.925517
1450 0.898621
1450 0.913793
1450 0.98
1450 0.90069
1450 0.875172
1450 0.872414
1450 0.921379
1450 0.962069
1450 0.901379
1450 0.866897
1450 0.917241
1450 0.854483
1450 0.916552
1450 0.892414
1450 0.882759
1450 0.88
1450 0.936552
1450 0.908966
1450 0.88069
1450 0.936552
1450 0.946897
1450 0.915172
1450 0.976552
1450 0.892414
1450 0.963448
1450 0.895862
1450 0.962759
1450 0.954483
1450 0.867586
1450 0.949655
1450 0.977931
1450 0.955172
1450 0.951724
1450 0.873793
1450 0.903448
1450 0.933103
1450 0.864828
1450 0.896552
1450 0.944828
1450 0.901379
1450 0.932414
1450 0.929655
1450 0.942759
1450 0.903448
1450 0.971034
1450 0.88069
1450 0.848966
1450 0.87931
1500 0.914667
1500 0.906
1500 0.927333
1500 0.911333
1500 0.89
1500 0.928
1500 0.919333
1500 0.908
1500 0.933333
1500 0.938667
1500 0.712667
1500 0.943333
1500 0.880667
1500 0.91
1500 0.941333
1500 0.912
1500 0.944
1500 0.930667
1500 0.904667
1500 0.906667
1500 0.958
1500 0.892667
1500 0.928667
1500 0.965333
1500 0.907333
1500 0.875333
1500 0.875333
1500 0.942667
1500 0.98
1500 0.870667
1500 0.917333
1500 0.938667
1500 0.92
1500 0.952667
1500 0.914667
1500 0.915333
1500 0.925333
1500 0.882
1500 0.904
1500 0.954
1500 0.879333
1500 0.941333
1500 0.930667
1500 0.885333
1500 0.92
1500 0.964667
1500 0.945333
1500 0.952667
1500 0.934667
1500 0.92
1500 0.959333
1500 0.942667
1500 0.954
1500 0.912
1500 0.94
1500 0.853333
1500 0.903333
1500 0.947333
1500 0.948667
1500 0.922
1500 0.888667
1500 0.777333
1500 0.969333
1500 0.87
1500 0.896
1500 0.946667
1500 0.936
1500 0.885333
1500 0.892667
1500 0.921333
1500 0.89
1500 0.892
1500 0.849333
1500 0.898667
1500 0.847333
1550 0.914839
1550 0.844516
1550 0.862581
1550 0.946452
1550 0.843871
1550 0.904516
1550 0.878065
1550 0.822581
1550 0.872903
1550 0.688387
1550 0.962581
1550 0.927097
1550 0.894194
1550 0.885806
1550 0.934839
1550 0.934194
1550 0.946452
1550 0.954839
1550 0.832903
1550 0.87871
1550 0.916129
1550 0.89871
1550 0.909677
1550 0.938065
1550 0.88
1550 0.980645
1550 0.913548
1550 0.895484
1550 0.97871
1550 0.920645
1550 0.901935
1550 0.932903
1550 0.924516
1550 0.899355
1550 0.913548
1550 0.925161
1550 0.87871
1550 0.926452
1550 0.938065
1550 0.867742
1550 0.894194
1550 0.931613
1550 0.905161
1550 0.920645
1550 0.94129
1550 0.928387
1550 0.931613
1550 0.940645
1550 0.842581
1550 0.977419
1550 0.929032
1550 0.954194
1550 0.918065
1550 0.981935
1550 0.94129
1550 0.906452
1550 0.900645
1550 0.935484
1550 0.919355
1550 0.870968
1550 0.892903
1550 0.91871
1550 0.966452
1550 0.915484
1550 0.829677
1550 0.867742
1550 0.772903
1550 0.945161
1550 0.912258
1550 0.933548
1550 0.952903
1550 0.920645
1550 0.909677
1550 0.927742
1550 0.896774
1600 0.879375
1600 0.89125
1600 0.875625
1600 0.86875
1600 0.91625
1600 0.936875
1600 0.90625
1600 0.884375
1600 0.918125
1600 0.948125
1600 0.90125
1600 0.9525
1600 0.911875
1600 0.9225
1600 0.89
1600 0.881875
1600 0.908125
1600 0.93875
1600 0.871875
1600 0.920625
1600 0.88375
1600 0.933125
1600 0.94875
1600 0.985625
1600 0.880625
1600 0.92625
1600 0.93125
1600 0.913125
1600 0.903125
1600 0.941875
1600 0.898125
1600 0.98
1600 0.920625
1600 0.91625
1600 0.9125
1600 0.92
1600 0.874375
1600 0.894375
1600 0.96
1600 0.910625
1600 0.895625
1600 0.914375
1600 0.93875
1600 0.925
1600 0.93375
1600 0.945
1600 0.943125
1600 0.911875
1600 0.8675
1600 0.9475
1600 0.9475
1600 0.908125
1600 0.925625
1600 0.919375
1600 0.9375
1600 0.94875
1600 0.87125
1600 0.94
1600 0.8775
1600 0.926875
1600 0.9175
1600 0.878125
1600 0.966875
1600 0.93125
1600 0.85125
1600 0.8825
1600 0.928125
1600 0.929375
1600 0.864375
1600 0.914375
1600 0.84875
1600 0.82625
1600 0.840625
1600 0.8975
1600 0.963125
1650 0.916364
1650 0.86303
1650 0.958182
1650 0.90303
1650 0.89697
1650 0.952727
1650 0.927879
1650 0.892121
1650 0.846667
1650 0.952121
1650 0.930909
1650 0.89697
1650 0.883636
1650 0.935152
1650 0.884242
1650 0.875758
1650 0.901212
1650 0.897576
1650 0.933939
1650 0.904242
1650 0.872727
1650 0.914545
1650 0.935152
1650 0.92
1650 0.880606
1650 0.932121
1650 0.95697
1650 0.929697
1650 0.893939
1650 0.817576
1650 0.938182
1650 0.931515
1650 0.890909
1650 0.914545
1650 0.855758
1650 0.930909
1650 0.886061
1650 0.874545
1650 0.866667
1650 0.875758
1650 0.939394
1650 0.902424
1650 0.947273
1650 0.882424
1650 0.962424
1650 0.972121
1650 0.913939
1650 0.94
1650 0.746061
1650 0.904242
1650 0.896364
1650 0.952727
1650 0.94
1650 0.951515
1650 0.950303
1650 0.941818
1650 0.893333
1650 0.954545
1650 0.925455
1650 0.815152
1650 0.916364
1650 0.948485
1650 0.886061
1650 0.889091
1650 0.855152
1650 0.927273
1650 0.92303
1650 0.937576
1650 0.96303
1650 0.947879
1650 0.853333
1650 0.93697
1650 0.913939
1650 0.836364
1650 0.96303
1700 0.945882
1700 0.943529
1700 0.903529
1700 0.965882
1700 0.874118
1700 0.895882
1700 0.939412
1700 0.881765
1700 0.901176
1700 0.938824
1700 0.921765
1700 0.941765
1700 0.914706
1700 0.884706
1700 0.906471
1700 0.917647
1700 0.882941
1700 0.882941
1700 0.832353
1700 0.882941
1700 0.894118
1700 0.944118
1700 0.890588
1700 0.837059
1700 0.955882
1700 0.908235
1700 0.931176
1700 0.964118
1700 0.963529
1700 0.919412
1700 0.91
1700 0.907059
1700 0.92
1700 0.881176
1700 0.894118
1700 0.884706
1700 0.954706
1700 0.907059
1700 0.894706
1700 0.945294
1700 0.990588
1700 0.909412
1700 0.914706
1700 0.914118
1700 0.898824
1700 0.876471
1700 0.916471
1700 0.908824
1700 0.941765
1700 0.965294
1700 0.941176
1700 0.857647
1700 0.877647
1700 0.935294
1700 0.890588
1700 0.978235
1700 0.873529
1700 0.92
1700 0.894706
1700 0.887647
1700 0.841176
1700 0.884706
1700 0.928824
1700 0.896471
1700 0.941176
1700 0.972941
1700 0.892941
1700 0.916471
1700 0.951176
1700 0.877647
1700 0.924118
1700 0.952941
1700 0.916471
1700 0.967647
1700 0.917647
1750 0.889714
1750 0.885714
1750 0.939429
1750 0.922286
1750 0.918857
1750 0.859429
1750 0.958857
1750 0.935429
1750 0.874857
1750 0.889714
1750 0.948
1750 0.941143
1750 0.941714
1750 0.938286
1750 0.890286
1750 0.919429
1750 0.957714
1750 0.906857
1750 0.918286
1750 0.933714
1750 0.948571
1750 0.966857
1750 0.849143
1750 0.889143
1750 0.939429
1750 0.953143
1750 0.902857
1750 0.910286
1750 0.847429
1750 0.909143
1750 0.901714
1750 0.912571
1750 0.888571
1750 0.951429
1750 0.889143
1750 0.926286
1750 0.959429
1750 0.937143
1750 0.983429
1750 0.947429
1750 0.98
1750 0.850286
1750 0.942286
1750 0.902286
1750 0.885143
1750 0.941143
1750 0.942857
1750 0.928571
1750 0.898286
1750 0.950286
1750 0.945143
1750 0.887429
1750 0.892
1750 0.930857
1750 0.956571
1750 0.798286
1750 0.931429
1750 0.894286
1750 0.918286
1750 0.937714
1750 0.965714
1750 0.918286
1750 0.949714
1750 0.965143
1750 0.936571
1750 0.934286
1750 0.904
1750 0.934857
1750 0.850857
1750 0.909143
1750 0.575429
1750 0.925714
1750 0.918286
1750 0.982286
1750 0.926286
1800 0.972222
1800 0.874444
1800 0.948333
1800 0.929444
1800 0.876111
1800 0.974444
1800 0.820556
1800 0.900556
1800 0.943889
1800 0.876111
1800 0.876111
1800 0.850556
1800 0.851111
1800 0.891111
1800 0.925556
1800 0.936667
1800 0.862778
1800 0.919444
1800 0.897222
1800 0.941111
1800 0.912778
1800 0.888333
1800 0.891667
1800 0.947222
1800 0.936667
1800 0.896667
1800 0.948889
1800 0.923333
1800 0.864444
1800 0.893889
1800 0.945556
1800 0.956111
1800 0.939444
1800 0.936667
1800 0.928333
1800 0.878333
1800 0.866667
1800 0.918889
1800 0.875
1800 0.867222
1800 0.947778
1800 0.914444
1800 0.876111
1800 0.998333
1800 0.972778
1800 0.956111
1800 0.95
1800 0.931111
1800 0.937222
1800 0.886111
1800 0.9
1800 0.947778
1800 0.962222
1800 0.924444
1800 0.955556
1800 0.886111
1800 0.883333
1800 0.980556
1800 0.914444
1800 0.957778
1800 0.909444
1800 0.947778
1800 0.792778
1800 0.906667
1800 0.926111
1800 0.868889
1800 0.916667
1800 0.908889
1800 0.911667
1800 0.874444
1800 0.864444
1800 0.771667
1800 0.926111
1800 0.956667
1800 0.962778
1850 0.916757
1850 0.902703
1850 0.988649
1850 0.941622
1850 0.935676
1850 0.967568
1850 0.934595
1850 0.874054
1850 0.92973
1850 0.914054
1850 0.917297
1850 0.925946
1850 0.942703
1850 0.927027
1850 0.942162
1850 0.924865
1850 0.964865
1850 0.814595
1850 0.882162
1850 0.838378
1850 0.911351
1850 0.909189
1850 0.904324
1850 0.872432
1850 0.866486
1850 0.927568
1850 0.958378
1850 0.827568
1850 0.912432
1850 0.846486
1850 0.958378
1850 0.882162
1850 0.940541
1850 0.924865
1850 0.919459
1850 0.957838
1850 0.889189
1850 0.913514
1850 0.900541
1850 0.964865
1850 0.868649
1850 0.872973
1850 0.982162
1850 0.889189
1850 0.92
1850 0.878919
1850 0.860541
1850 0.926486
1850 0.907027
1850 0.859459
1850 0.955135
1850 0.843243
1850 0.948649
1850 0.922703
1850 0.972432
1850 0.942162
1850 0.925946
1850 0.961622
1850 0.882162
1850 0.967027
1850 0.962162
1850 0.972432
1850 0.9
1850 0.884865
1850 0.918919
1850 0.948108
1850 0.874054
1850 0.917838
1850 0.898919
1850 0.908108
1850 0.952973
1850 0.96973
1850 0.885946
1850 0.902162
1850 0.921622
1900 0.926842
1900 0.925789
1900 0.951579
1900 0.967895
1900 0.952632
1900 0.968421
1900 0.877368
1900 0.917895
1900 0.906842
1900 0.928421
1900 0.929474
1900 0.874737
1900 0.916316
1900 0.872105
1900 0.882632
1900 0.941053
1900 0.848421
1900 0.963684
1900 0.921579
1900 0.924737
1900 0.932105
1900 0.939474
1900 0.935789
1900 0.899474
1900 0.912105
1900 0.953158
1900 0.898947
1900 0.942105
1900 0.931053
1900 0.901053
1900 0.896842
1900 0.878947
1900 0.867368
1900 0.934737
1900 0.922632
1900 0.95
1900 0.919474
1900 0.937895
1900 0.905263
1900 0.934211
1900 0.93
1900 0.915789
1900 0.944737
1900 0.879474
1900 0.952632
1900 0.934211
1900 0.914211
1900 0.98
1900 0.907368
1900 0.948421
1900 0.938947
1900 0.957368
1900 0.874211
1900 0.893158
1900 0.94
1900 0.908947
1900 0.887895
1900 0.921579
1900 0.873684
1900 0.950526
1900 0.915789
1900 0.901579
1900 0.876316
1900 0.880526
1900 0.910526
1900 0.914737
1900 0.953684
1900 0.881053
1900 0.935263
1900 0.904737
1900 0.928421
1900 0.947895
1900 0.88
1900 0.911053
1900 0.932632
1950 0.897949
1950 0.969744
1950 0.933333
1950 0.925128
1950 0.927692
1950 0.984615
1950 0.910769
1950 0.916923
1950 0.84359
1950 0.910256
1950 0.901026
1950 0.928205
1950 0.913846
1950 0.770769
1950 0.920513
1950 0.893846
1950 0.886154
1950 0.913333
1950 0.939487
1950 0.927179
1950 0.896923
1950 0.942051
1950 0.931282
1950 0.933333
1950 0.876923
1950 0.950769
1950 0.948205
1950 0.940513
1950 0.955897
1950 0.91641
1950 0.881026
1950 0.905128
1950 0.924103
1950 0.911282
1950 0.924615
1950 0.913333
1950 0.823077
1950 0.975897
1950 0.817436
1950 0.974872
1950 0.943077
1950 0.941538
1950 0.929744
1950 0.897949
1950 0.913846
1950 0.938462
1950 0.958974
1950 0.890769
1950 0.947179
1950 0.94
1950 0.870769
1950 0.865128
1950 0.828718
1950 0.949231
1950 0.969744
1950 0.869744
1950 0.918974
1950 0.887692
1950 0.921538
1950 0.906154
1950 0.890769
1950 0.917949
1950 0.859487
1950 0.81641
1950 0.941538
1950 0.891795
1950 0.880513
1950 0.883077
1950 0.87641
1950 0.957949
1950 0.980513
1950 0.897436
1950 0.902051
1950 0.889744
1950 0.935385
2000 0.8595
2000 0.9085
2000 0.923
2000 0.901
2000 0.919
2000 0.9215
2000 0.908
2000 0.8695
2000 0.9315
2000 0.845
2000 0.912
2000 0.8875
2000 0.938
2000 0.942
2000 0.9465
2000 0.9695
2000 0.9425
2000 0.9555
2000 0.9
2000 0.909
2000 0.9405
2000 0.8685
2000 0.9375
2000 0.8655
2000 0.934
2000 0.965
2000 0.9345
2000 0.9105
2000 0.9635
2000 0.8745
2000 0.9215
2000 0.934
2000 0.911
2000 0.954
2000 0.975
2000 0.927
2000 0.922
2000 0.922
2000 0.963
2000 0.9435
2000 0.896
2000 0.9295
2000 0.8845
2000 0.956
2000 0.8955
2000 0.9265
2000 0.8835
2000 0.9065
2000 0.8775
2000 0.96
2000 0.9595
2000 0.896
2000 0.915
2000 0.897
2000 0.914
2000 0.923
2000 0.93
2000 0.872
2000 0.891
2000 0.8935
2000 0.925
2000 0.933
2000 0.8475
2000 0.943
2000 0.926
2000 0.9145
2000 0.888
2000 0.966
2000 0.9285
2000 0.9335
2000 0.8755
2000 0.9265
2000 0.9725
2000 0.8755
2000 0.9555
