50 0.16
50 0.5
50 0
50 0.56
50 0
50 0.18
50 0
50 0.04
50 0.02
50 0.3
50 0.12
50 0.24
50 0.32
50 0.04
50 0.18
50 0.06
50 0.26
50 0.7
50 0
50 0.02
50 0.06
50 0.38
50 0
50 0
50 0.24
50 0.66
50 0
50 0.28
50 0.18
50 0.24
50 0
50 0
50 0.08
50 0
50 0.08
50 0.3
50 0.2
50 0.7
50 0.26
50 0.38
50 0
50 0.24
50 0
50 0.08
50 0.28
50 0
50 0.18
50 0.74
50 0.24
50 0.32
50 0.2
50 0.18
50 0.08
50 0.36
50 0.28
50 0
50 0.1
50 0.42
50 0.02
50 0.06
50 0.38
50 0.34
50 0
50 0
50 0.08
50 0
50 0.16
50 0
50 0.28
50 0
50 0
50 0.28
50 0.2
50 0.46
50 0.12
100 0.23
100 0
100 0.6
100 0.66
100 0.74
100 0.71
100 0.54
100 0.37
100 0.01
100 0.46
100 0.86
100 0.52
100 0.16
100 0.38
100 0.88
100 0.19
100 0.65
100 0.43
100 0.32
100 0.73
100 0.74
100 0.18
100 0.5
100 0.59
100 0.48
100 0.26
100 0
100 0.49
100 0.83
100 0.6
100 0.75
100 0.47
100 0.25
100 0.25
100 0.71
100 0.48
100 0.65
100 0.34
100 0.03
100 0.68
100 0.6
100 0.13
100 0.33
100 0.83
100 0.79
100 0.79
100 0
100 0.28
100 0.72
100 0.56
100 0.68
100 0.34
100 0.02
100 0.59
100 0.53
100 0.96
100 0.89
100 0.26
100 0.25
100 0.82
100 0.76
100 0.25
100 0.48
100 0.86
100 0.56
100 0.08
100 0.64
100 0.71
100 0.71
100 0.68
100 0.29
100 0.64
100 0.52
100 0.07
100 0.9
150 0.646667
150 0.573333
150 0.846667
150 0.713333
150 0.58
150 0.926667
150 0.826667
150 0.913333
150 0.793333
150 0.846667
150 0.906667
150 0.84
150 0.493333
150 0.713333
150 0.693333
150 0.68
150 0.966667
150 0.393333
150 0.706667
150 0.8
150 0.813333
150 0.94
150 0.586667
150 0.0666667
150 0.846667
150 0
150 0.76
150 0.846667
150 0.893333
150 0.76
150 0.04
150 0.706667
150 0.786667
150 0.873333
150 0.693333
150 0.613333
150 0.62
150 0.54
150 0.486667
150 0.706667
150 0.82
150 0.373333
150 0.44
150 0.48
150 0.333333
150 0.86
150 0.886667
150 0.526667
150 0.72
150 0.0333333
150 0.64
150 0.453333
150 0.76
150 0.82
150 0.6
150 0.82
150 0.82
150 0.253333
150 0.386667
150 0.706667
150 0.88
150 0.68
150 0.913333
150 0.566667
150 0.866667
150 0.693333
150 0.8
150 0.326667
150 0.9
150 0.466667
150 0.7
150 0.433333
150 0.746667
150 0.733333
150 0.813333
200 0.69
200 0.4
200 0.97
200 0.78
200 0.38
200 0.805
200 0.74
200 0.875
200 0.75
200 0.755
200 0.855
200 0.62
200 0.82
200 0.915
200 0.72
200 0.73
200 0.81
200 0.855
200 0.835
200 0.795
200 0.79
200 0.79
200 0.08
200 0.83
200 0.77
200 0.835
200 0.9
200 0.8
200 0.815
200 0.815
200 0.62
200 0.855
200 0.81
200 0.495
200 0.745
200 0.925
200 0.495
200 0.8
200 0.78
200 0.485
200 0.65
200 0.82
200 0.715
200 0.575
200 0.89
200 0.64
200 0.795
200 0.735
200 0.885
200 0.835
200 0.155
200 0.81
200 0.335
200 0.695
200 0.865
200 0.625
200 0.75
200 0.605
200 0.905
200 0.85
200 0.475
200 0.71
200 0.93
200 0.795
200 0.62
200 0.595
200 0.66
200 0.775
200 0.685
200 0.915
200 0.86
200 0.415
200 0.825
200 0.935
200 0.655
250 0.78
250 0.896
250 0.816
250 0.812
250 0.832
250 0.848
250 0.852
250 0.852
250 0.716
250 0.812
250 0.872
250 0.852
250 0.928
250 0.78
250 0.812
250 0.852
250 0.764
250 0.836
250 0.848
250 0.888
250 0.868
250 0.788
250 0.748
250 0.76
250 0.86
250 0.816
250 0.88
250 0.964
250 0.436
250 0.772
250 0.696
250 0.872
250 0.9
250 0.736
250 0.792
250 0.656
250 0.9
250 0.76
250 0.84
250 0.684
250 0.588
250 0.684
250 0.852
250 0.468
250 0.836
250 0.848
250 0.9
250 0.576
250 0.888
250 0.888
250 0.88
250 0.632
250 0.828
250 0.792
250 0.812
250 0.92
250 0.816
250 0.556
250 0.888
250 0.516
250 0.948
250 0.844
250 0.912
250 0.82
250 0.688
250 0.588
250 0.872
250 0.808
250 0.876
250 0.948
250 0.648
250 0.74
250 0.888
250 0.736
250 0.784
300 0.813333
300 0.91
300 0.813333
300 0.95
300 0.54
300 0.36
300 0.753333
300 0.7
300 0.883333
300 0.776667
300 0.906667
300 0.81
300 0.853333
300 0.863333
300 0.72
300 0.736667
300 0.863333
300 0.816667
300 0.82
300 0.786667
300 0.72
300 0.893333
300 0.856667
300 0.943333
300 0.953333
300 0.88
300 0.943333
300 0.826667
300 0.886667
300 0.9
300 0.776667
300 0.846667
300 0.806667
300 0.8
300 0.873333
300 0.94
300 0.93
300 0.786667
300 0.9
300 0.873333
300 0.883333
300 0.896667
300 0.973333
300 0.786667
300 0.87
300 0.686667
300 0.8
300 0.453333
300 0.396667
300 0.89
300 0.703333
300 0.943333
300 0.716667
300 0
300 0.863333
300 0.723333
300 0.94
300 0.796667
300 0.806667
300 0.916667
300 0.93
300 0.85
300 0.806667
300 0.79
300 0.94
300 0.86
300 0.93
300 0.806667
300 0.91
300 0.893333
300 0.7
300 0.906667
300 0.856667
300 0.856667
300 0.826667
350 0.802857
350 0.802857
350 0.974286
350 0.622857
350 0.765714
350 0.62
350 0.768571
350 0.957143
350 0.891429
350 0.948571
350 0.771429
350 0.828571
350 0.865714
350 0.771429
350 0.874286
350 0.677143
350 0.891429
350 0.877143
350 0.894286
350 0.868571
350 0.917143
350 0.691429
350 0.934286
350 0.891429
350 0.94
350 0.902857
350 0.874286
350 0.837143
350 0.94
350 0.785714
350 0.765714
350 0.894286
350 0.848571
350 0.951429
350 0.871429
350 0.865714
350 0.842857
350 0.562857
350 0.802857
350 0.811429
350 0.834286
350 0.865714
350 0.9
350 0.891429
350 0.905714
350 0.888571
350 0.528571
350 0.762857
350 0.902857
350 0.874286
350 0.86
350 0.88
350 0.831429
350 0.831429
350 0.828571
350 0.908571
350 0.891429
350 0.837143
350 0.891429
350 0.757143
350 0.874286
350 0.817143
350 0.957143
350 0.874286
350 0.705714
350 0.877143
350 0.857143
350 0.817143
350 0.802857
350 0.857143
350 0.934286
350 0.914286
350 0.445714
350 0.822857
350 0.848571
400 0.9275
400 0.8425
400 0.9475
400 0.71
400 0.6775
400 0.88
400 0.9325
400 0.5575
400 0.935
400 0.8675
400 0.865
400 0.9075
400 0.8425
400 0.7625
400 0.86
400 0.835
400 0.8025
400 0.5725
400 0.89
400 0.9475
400 0.7275
400 0.8475
400 0.8475
400 0.6875
400 0.9575
400 0.8925
400 0.7325
400 0.5675
400 0.84
400 0.855
400 0.9425
400 0.75
400 0.83
400 0.93
400 0.87
400 0.9075
400 0.8175
400 0.46
400 0.945
400 0.92
400 0.93
400 0.9775
400 0.9425
400 0.8425
400 0.905
400 0.8725
400 0.92
400 0.7425
400 0.835
400 0.885
400 0.8925
400 0.7625
400 0.82
400 0.7725
400 0.815
400 0.9225
400 0.95
400 0.93
400 0.8475
400 0.905
400 0.8475
400 0.8875
400 0.91
400 0.845
400 0.9325
400 0.8875
400 0.7825
400 0.9375
400 0.82
400 0.9125
400 0.79
400 0.825
400 0.8975
400 0.8375
400 0.8375
450 0.942222
450 0.933333
450 0.902222
450 0.92
450 0.866667
450 0.937778
450 0.957778
450 0.906667
450 0.906667
450 0.875556
450 0.902222
450 0.782222
450 0.808889
450 0.92
450 0.762222
450 0.866667
450 0.853333
450 0.873333
450 0.764444
450 0.895556
450 0.877778
450 0.94
450 0.877778
450 0.931111
450 0.811111
450 0.831111
450 0.895556
450 0.86
450 0.817778
450 0.555556
450 0.908889
450 0.875556
450 0.946667
450 0.902222
450 0.853333
450 0.902222
450 0.886667
450 0.762222
450 0.928889
450 0.808889
450 0.837778
450 0.944444
450 0.806667
450 0.948889
450 0.906667
450 0.844444
450 0.897778
450 0.906667
450 0.915556
450 0.973333
450 0.906667
450 0.831111
450 0.873333
450 0.888889
450 0.9
450 0.851111
450 0.806667
450 0.873333
450 0.846667
450 0.902222
450 0.886667
450 0.891111
450 0.888889
450 0.848889
450 0.853333
450 0.942222
450 0.837778
450 0.782222
450 0.84
450 0.88
450 0.884444
450 0.706667
450 0.911111
450 0.817778
450 0.695556
500 0.928
500 0.902
500 0.89
500 0.92
500 0.744
500 0.79
500 0.878
500 0.916
500 0.834
500 0.91
500 0.844
500 0.852
500 0.852
500 0.894
500 0.93
500 0.93
500 0.95
500 0.912
500 0.872
500 0.852
500 0.914
500 0.876
500 0.876
500 0.834
500 0.828
500 0.874
500 0.912
500 0.872
500 0.896
500 0.84
500 0.858
500 0.894
500 0.884
500 0.868
500 0.874
500 0.958
500 0.774
500 0.942
500 0.876
500 0.8
500 0.904
500 0.88
500 0.914
500 0.864
500 0.904
500 0.928
500 0.914
500 0.908
500 0.972
500 0.904
500 0.876
500 0.936
500 0.876
500 0.912
500 0.91
500 0.926
500 0.96
500 0.828
500 0.908
500 0.856
500 0.878
500 0.868
500 0.944
500 0.75
500 0.76
500 0.808
500 0.85
500 0.858
500 0.932
500 0.874
500 0.93
500 0.896
500 0.92
500 0.814
500 0.928
550 0.765455
550 0.892727
550 0.929091
550 0.925455
550 0.865455
550 0.890909
550 0.927273
550 0.925455
550 0.930909
550 0.958182
550 0.778182
550 0.816364
550 0.763636
550 0.810909
550 0.901818
550 0.896364
550 0.818182
550 0.854545
550 0.961818
550 0.749091
550 0.916364
550 0.818182
550 0.852727
550 0.910909
550 0.905455
550 0.812727
550 0.889091
550 0.843636
550 0.88
550 0.910909
550 0.898182
550 0.830909
550 0.932727
550 0.150909
550 0.774545
550 0.889091
550 0.914545
550 0.832727
550 0.936364
550 0.883636
550 0.905455
550 0.852727
550 0.892727
550 0.672727
550 0.92
550 0.932727
550 0.467273
550 0.907273
550 0.872727
550 0.852727
550 0.896364
550 0.887273
550 0.758182
550 0.816364
550 0.752727
550 0.710909
550 0.881818
550 0.830909
550 0.847273
550 0.785455
550 0.885455
550 0.856364
550 0.96
550 0.929091
550 0.956364
550 0.894545
550 0.821818
550 0.916364
550 0.881818
550 0.76
550 0.921818
550 0.907273
550 0.867273
550 0.858182
550 0.909091
600 0.911667
600 0.87
600 0.893333
600 0.891667
600 0.876667
600 0.856667
600 0.926667
600 0.873333
600 0.873333
600 0.895
600 0.816667
600 0.896667
600 0.935
600 0.915
600 0.853333
600 0.881667
600 0.906667
600 0.841667
600 0.926667
600 0.955
600 0.813333
600 0.89
600 0.881667
600 0.905
600 0.92
600 0.891667
600 0.928333
600 0.905
600 0.836667
600 0.89
600 0.798333
600 0.833333
600 0.925
600 0.876667
600 0.873333
600 0.873333
600 0.888333
600 0.858333
600 0.951667
600 0.903333
600 0.653333
600 0.978333
600 0.821667
600 0.865
600 0.863333
600 0.921667
600 0.886667
600 0.811667
600 0.921667
600 0.891667
600 0.846667
600 0.891667
600 0.893333
600 0.88
600 0.768333
600 0.873333
600 0.905
600 0.826667
600 0.91
600 0.921667
600 0.925
600 0.901667
600 0.865
600 0.861667
600 0.943333
600 0.886667
600 0.933333
600 0.916667
600 0.838333
600 0.876667
600 0.948333
600 0.765
600 0.726667
600 0.953333
600 0.81
650 0.864615
650 0.872308
650 0.883077
650 0.933846
650 0.867692
650 0.932308
650 0.901538
650 0.938462
650 0.923077
650 0.915385
650 0.838462
650 0.858462
650 0.901538
650 0.887692
650 0.930769
650 0.892308
650 0.913846
650 0.735385
650 0.88
650 0.909231
650 0.773846
650 0.869231
650 0.927692
650 0.921538
650 0.821538
650 0.821538
650 0.936923
650 0.895385
650 0.949231
650 0.904615
650 0.856923
650 0.903077
650 0.9
650 0.938462
650 0.892308
650 0.870769
650 0.895385
650 0.893846
650 0.886154
650 0.886154
650 0.946154
650 0.926154
650 0.912308
650 0.847692
650 0.793846
650 0.915385
650 0.798462
650 0.886154
650 0.841538
650 0.863077
650 0.870769
650 0.92
650 0.961538
650 0.870769
650 0.804615
650 0.941538
650 0.92
650 0.932308
650 0.955385
650 0.861538
650 0.884615
650 0.881538
650 0.870769
650 0.923077
650 0.792308
650 0.876923
650 0.875385
650 0.898462
650 0.976923
650 0.976923
650 0.824615
650 0.869231
650 0.96
650 0.9
650 0.903077
700 0.95
700 0.914286
700 0.875714
700 0.925714
700 0.928571
700 0.881429
700 0.618571
700 0.84
700 0.972857
700 0.917143
700 0.94
700 0.97
700 0.835714
700 0.905714
700 0.898571
700 0.825714
700 0.801429
700 0.815714
700 0.86
700 0.84
700 0.957143
700 0.877143
700 0.94
700 0.971429
700 0.912857
700 0.914286
700 0.894286
700 0.871429
700 0.918571
700 0.892857
700 0.884286
700 0.838571
700 0.834286
700 0.954286
700 0.841429
700 0.958571
700 0.884286
700 0.917143
700 0.778571
700 0.858571
700 0.93
700 0.968571
700 0.901429
700 0.87
700 0.614286
700 0.917143
700 0.675714
700 0.901429
700 0.838571
700 0.915714
700 0.84
700 0.875714
700 0.861429
700 0.898571
700 0.861429
700 0.848571
700 0.891429
700 0.822857
700 0.911429
700 0.855714
700 0.941429
700 0.915714
700 0.921429
700 0.711429
700 0.965714
700 0.917143
700 0.722857
700 0.908571
700 0.927143
700 0.845714
700 0.885714
700 0.845714
700 0.891429
700 0.842857
700 0.922857
750 0.945333
750 0.92
750 0.9
750 0.713333
750 0.904
750 0.909333
750 0.924
750 0.841333
750 0.936
750 0.841333
750 0.765333
750 0.928
750 0.873333
750 0.950667
750 0.872
750 0.892
750 0.874667
750 0.850667
750 0.861333
750 0.925333
750 0.836
750 0.826667
750 0.905333
750 0.922667
750 0.858667
750 0.877333
750 0.92
750 0.908
750 0.854667
750 0.924
750 0.897333
750 0.938667
750 0.872
750 0.861333
750 0.849333
750 0.862667
750 0.937333
750 0.917333
750 0.937333
750 0.904
750 0.96
750 0.790667
750 0.901333
750 0.92
750 0.745333
750 0.853333
750 0.882667
750 0.774667
750 0.84
750 0.989333
750 0.86
750 0.906667
750 0.841333
750 0.846667
750 0.901333
750 0.878667
750 0.808
750 0.88
750 0.926667
750 0.730667
750 0.962667
750 0.856
750 0.853333
750 0.848
750 0.865333
750 0.821333
750 0.890667
750 0.910667
750 0.844
750 0.958667
750 0.856
750 0.829333
750 0.865333
750 0.868
750 0.824
800 0.9525
800 0.7825
800 0.90625
800 0.8675
800 0.9075
800 0.8775
800 0.83625
800 0.8825
800 0.87625
800 0.8825
800 0.8875
800 0.8925
800 0.8875
800 0.9175
800 0.83875
800 0.8325
800 0.84875
800 0.87875
800 0.84625
800 0.79875
800 0.95875
800 0.9025
800 0.8875
800 0.72625
800 0.89875
800 0.89
800 0.8075
800 0.93
800 0.91375
800 0.90375
800 0.89375
800 0.91
800 0.9125
800 0.865
800 0.88
800 0.93375
800 0.79625
800 0.97125
800 0.89125
800 0.86625
800 0.8275
800 0.85
800 0.895
800 0.83625
800 0.9275
800 0.8775
800 0.9075
800 0.84875
800 0.62625
800 0.9
800 0.88375
800 0.8475
800 0.93875
800 0.865
800 0.8775
800 0.8425
800 0.91
800 0.90125
800 0.9275
800 0.91875
800 0.90625
800 0.935
800 0.81875
800 0.95375
800 0.85
800 0.87875
800 0.8575
800 0.90125
800 0.845
800 0.88875
800 0.885
800 0.905
800 0.885
800 0.8525
800 0.92625
850 0.888235
850 0.834118
850 0.951765
850 0.950588
850 0.944706
850 0.925882
850 0.894118
850 0.957647
850 0.782353
850 0.776471
850 0.868235
850 0.857647
850 0.864706
850 0.918824
850 0.882353
850 0.964706
850 0.948235
850 0.914118
850 0.949412
850 0.910588
850 0.883529
850 0.938824
850 0.887059
850 0.822353
850 0.937647
850 0.837647
850 0.948235
850 0.941176
850 0.941176
850 0.867059
850 0.829412
850 0.772941
850 0.909412
850 0.883529
850 0.875294
850 0.925882
850 0.917647
850 0.834118
850 0.869412
850 0.884706
850 0.898824
850 0.889412
850 0.898824
850 0.922353
850 0.887059
850 0.861176
850 0.896471
850 0.850588
850 0.871765
850 0.814118
850 0.904706
850 0.918824
850 0.951765
850 0.9
850 0.765882
850 0.96
850 0.849412
850 0.876471
850 0.935294
850 0.814118
850 0.877647
850 0.945882
850 0.901176
850 0.92
850 0.942353
850 0.834118
850 0.889412
850 0.872941
850 0.864706
850 0.850588
850 0.917647
850 0.84
850 0.855294
850 0.771765
850 0.783529
900 0.894444
900 0.88
900 0.923333
900 0.91
900 0.895556
900 0.853333
900 0.875556
900 0.77
900 0.897778
900 0.92
900 0.865556
900 0.911111
900 0.926667
900 0.906667
900 0.918889
900 0.892222
900 0.91
900 0.83
900 0.874444
900 0.857778
900 0.9
900 0.903333
900 0.918889
900 0.905556
900 0.948889
900 0.795556
900 0.903333
900 0.887778
900 0.758889
900 0.906667
900 0.79
900 0.917778
900 0.765556
900 0.932222
900 0.848889
900 0.904444
900 0.881111
900 0.807778
900 0.858889
900 0.944444
900 0.713333
900 0.858889
900 0.924444
900 0.864444
900 0.957778
900 0.854444
900 0.834444
900 0.861111
900 0.922222
900 0.927778
900 0.903333
900 0.895556
900 0.831111
900 0.893333
900 0.938889
900 0.938889
900 0.9
900 0.825556
900 0.892222
900 0.995556
900 0.925556
900 0.864444
900 0.827778
900 0.913333
900 0.791111
900 0.905556
900 0.885556
900 0.92
900 0.891111
900 0.903333
900 0.908889
900 0.944444
900 0.913333
900 0.922222
900 0.845556
950 0.883158
950 0.881053
950 0.847368
950 0.915789
950 0.883158
950 0.856842
950 0.863158
950 0.905263
950 0.892632
950 0.837895
950 0.776842
950 0.865263
950 0.917895
950 0.943158
950 0.953684
950 0.870526
950 0.934737
950 0.9
950 0.887368
950 0.897895
950 0.884211
950 0.852632
950 0.917895
950 0.921053
950 0.924211
950 0.932632
950 0.766316
950 0.898947
950 0.883158
950 0.911579
950 0.924211
950 0.917895
950 0.902105
950 0.881053
950 0.853684
950 0.936842
950 0.869474
950 0.907368
950 0.922105
950 0.925263
950 0.84
950 0.886316
950 0.835789
950 0.834737
950 0.896842
950 0.894737
950 0.848421
950 0.946316
950 0.888421
950 0.953684
950 0.933684
950 0.873684
950 0.914737
950 0.862105
950 0.96
950 0.94
950 0.850526
950 0.910526
950 0.896842
950 0.914737
950 0.906316
950 0.867368
950 0.871579
950 0.931579
950 0.925263
950 0.909474
950 0.874737
950 0.938947
950 0.877895
950 0.870526
950 0.865263
950 0.885263
950 0.895789
950 0.861053
950 0.852632
1000 0.918
1000 0.779
1000 0.916
1000 0.947
1000 0.894
1000 0.875
1000 0.886
1000 0.945
1000 0.94
1000 0.898
1000 0.924
1000 0.859
1000 0.933
1000 0.916
1000 0.892
1000 0.912
1000 0.884
1000 0.915
1000 0.897
1000 0.921
1000 0.877
1000 0.76
1000 0.918
1000 0.901
1000 0.897
1000 0.901
1000 0.939
1000 0.935
1000 0.869
1000 0.825
1000 0.892
1000 0.867
1000 0.761
1000 0.854
1000 0.949
1000 0.921
1000 0.951
1000 0.818
1000 0.822
1000 0.926
1000 0.886
1000 0.903
1000 0.939
1000 0.921
1000 0.983
1000 0.907
1000 0.837
1000 0.903
1000 0.817
1000 0.893
1000 0.927
1000 0.917
1000 0.893
1000 0.879
1000 0.942
1000 0.957
1000 0.839
1000 0.864
1000 0.907
1000 0.884
1000 0.837
1000 0.869
1000 0.849
1000 0.954
1000 0.897
1000 0.898
1000 0.959
1000 0.959
1000 0.924
1000 0.881
1000 0.889
1000 0.775
1000 0.916
1000 0.926
1000 0.853
1050 0.842857
1050 0.89619
1050 0.92381
1050 0.97619
1050 0.748571
1050 0.924762
1050 0.834286
1050 0.940952
1050 0.88381
1050 0.829524
1050 0.880952
1050 0.855238
1050 0.829524
1050 0.939048
1050 0.913333
1050 0.827619
1050 0.645714
1050 0.94381
1050 0.793333
1050 0.888571
1050 0.881905
1050 0.800952
1050 0.859048
1050 0.854286
1050 0.944762
1050 0.878095
1050 0.911429
1050 0.86
1050 0.854286
1050 0.888571
1050 0.941905
1050 0.911429
1050 0.928571
1050 0.917143
1050 0.942857
1050 0.806667
1050 0.942857
1050 0.859048
1050 0.897143
1050 0.920952
1050 0.912381
1050 0.910476
1050 0.770476
1050 0.872381
1050 0.911429
1050 0.918095
1050 0.932381
1050 0.92381
1050 0.921905
1050 0.940952
1050 0.927619
1050 0.94381
1050 0.93619
1050 0.819048
1050 0.90381
1050 0.845714
1050 0.873333
1050 0.887619
1050 0.878095
1050 0.906667
1050 0.884762
1050 0.913333
1050 0.918095
1050 0.867619
1050 0.927619
1050 0.897143
1050 0.892381
1050 0.935238
1050 0.869524
1050 0.94
1050 0.864762
1050 0.88381
1050 0.935238
1050 0.858095
1050 0.888571
1100 0.907273
1100 0.907273
1100 0.926364
1100 0.914545
1100 0.886364
1100 0.857273
1100 0.870909
1100 0.930909
1100 0.855455
1100 0.758182
1100 0.939091
1100 0.933636
1100 0.911818
1100 0.866364
1100 0.933636
1100 0.896364
1100 0.925455
1100 0.926364
1100 0.937273
1100 0.907273
1100 0.885455
1100 0.910909
1100 0.931818
1100 0.846364
1100 0.893636
1100 0.870909
1100 0.871818
1100 0.910909
1100 0.89
1100 0.870909
1100 0.892727
1100 0.851818
1100 0.907273
1100 0.887273
1100 0.804545
1100 0.929091
1100 0.842727
1100 0.903636
1100 0.914545
1100 0.862727
1100 0.889091
1100 0.821818
1100 0.919091
1100 0.942727
1100 0.87
1100 0.920909
1100 0.872727
1100 0.878182
1100 0.923636
1100 0.972727
1100 0.923636
1100 0.969091
1100 0.877273
1100 0.897273
1100 0.864545
1100 0.858182
1100 0.881818
1100 0.944545
1100 0.951818
1100 0.884545
1100 0.885455
1100 0.891818
1100 0.866364
1100 0.831818
1100 0.933636
1100 0.868182
1100 0.969091
1100 0.924545
1100 0.965455
1100 0.956364
1100 0.892727
1100 0.888182
1100 0.858182
1100 0.920909
1100 0.81
1150 0.943478
1150 0.874783
1150 0.96
1150 0.855652
1150 0.883478
1150 0.893043
1150 0.929565
1150 0.92
1150 0.865217
1150 0.810435
1150 0.947826
1150 0.926087
1150 0.904348
1150 0.881739
1150 0.937391
1150 0.909565
1150 0.95913
1150 0.773913
1150 0.768696
1150 0.910435
1150 0.906087
1150 0.918261
1150 0.909565
1150 0.842609
1150 0.903478
1150 0.873913
1150 0.963478
1150 0.87913
1150 0.883478
1150 0.917391
1150 0.902609
1150 0.89913
1150 0.909565
1150 0.878261
1150 0.88
1150 0.931304
1150 0.873913
1150 0.925217
1150 0.954783
1150 0.913913
1150 0.782609
1150 0.943478
1150 0.924348
1150 0.936522
1150 0.910435
1150 0.73913
1150 0.94087
1150 0.887826
1150 0.846087
1150 0.926087
1150 0.917391
1150 0.904348
1150 0.918261
1150 0.855652
1150 0.845217
1150 0.931304
1150 0.897391
1150 0.92087
1150 0.903478
1150 0.943478
1150 0.909565
1150 0.922609
1150 0.937391
1150 0.801739
1150 0.875652
1150 0.946087
1150 0.890435
1150 0.885217
1150 0.922609
1150 0.924348
1150 0.828696
1150 0.973043
1150 0.87913
1150 0.854783
1150 0.94087
1200 0.945833
1200 0.8975
1200 0.978333
1200 0.896667
1200 0.930833
1200 0.875
1200 0.819167
1200 0.926667
1200 0.871667
1200 0.835
1200 0.9325
1200 0.948333
1200 0.885833
1200 0.886667
1200 0.965
1200 0.878333
1200 0.885
1200 0.944167
1200 0.895
1200 0.93
1200 0.906667
1200 0.895833
1200 0.904167
1200 0.8975
1200 0.909167
1200 0.896667
1200 0.819167
1200 0.8675
1200 0.929167
1200 0.936667
1200 0.9075
1200 0.940833
1200 0.9025
1200 0.9075
1200 0.93
1200 0.844167
1200 0.950833
1200 0.9025
1200 0.915
1200 0.881667
1200 0.9125
1200 0.751667
1200 0.864167
1200 0.901667
1200 0.9025
1200 0.919167
1200 0.888333
1200 0.891667
1200 0.885833
1200 0.9575
1200 0.8675
1200 0.865
1200 0.916667
1200 0.985833
1200 0.905833
1200 0.954167
1200 0.921667
1200 0.9625
1200 0.896667
1200 0.943333
1200 0.851667
1200 0.885833
1200 0.854167
1200 0.91
1200 0.834167
1200 0.895833
1200 0.886667
1200 0.828333
1200 0.928333
1200 0.899167
1200 0.860833
1200 0.87
1200 0.896667
1200 0.9
1200 0.805
1250 0.9504
1250 0.9432
1250 0.908
1250 0.888
1250 0.888
1250 0.9728
1250 0.8648
1250 0.9368
1250 0.8352
1250 0.872
1250 0.8712
1250 0.9312
1250 0.9024
1250 0.9608
1250 0.896
1250 0.86
1250 0.856
1250 0.9304
1250 0.9064
1250 0.9008
1250 0.8544
1250 0.8856
1250 0.8824
1250 0.8416
1250 0.9096
1250 0.896
1250 0.9344
1250 0.8856
1250 0.7728
1250 0.8968
1250 0.9304
1250 0.808
1250 0.9328
1250 0.9472
1250 0.912
1250 0.8808
1250 0.8064
1250 0.9088
1250 0.932
1250 0.8784
1250 0.9464
1250 0.8632
1250 0.9152
1250 0.8768
1250 0.8576
1250 0.9048
1250 0.78
1250 0.9544
1250 0.9424
1250 0.9504
1250 0.8672
1250 0.896
1250 0.9424
1250 0.9712
1250 0.8272
1250 0.9376
1250 0.9112
1250 0.8768
1250 0.9112
1250 0.8784
1250 0.9488
1250 0.8552
1250 0.8872
1250 0.9128
1250 0.8792
1250 0.9096
1250 0.912
1250 0.8104
1250 0.864
1250 0.9112
1250 0.9048
1250 0.8976
1250 0.9208
1250 0.84
1250 0.9664
1300 0.879231
1300 0.877692
1300 0.884615
1300 0.913077
1300 0.971538
1300 0.935385
1300 0.848462
1300 0.904615
1300 0.866154
1300 0.906923
1300 0.928462
1300 0.883077
1300 0.867692
1300 0.876154
1300 0.859231
1300 0.809231
1300 0.904615
1300 0.934615
1300 0.863077
1300 0.901538
1300 0.878462
1300 0.825385
1300 0.679231
1300 0.953077
1300 0.923077
1300 0.883077
1300 0.880769
1300 0.899231
1300 0.883077
1300 0.766154
1300 0.907692
1300 0.895385
1300 0.791538
1300 0.93
1300 0.908462
1300 0.923077
1300 0.879231
1300 0.929231
1300 0.866154
1300 0.772308
1300 0.915385
1300 0.88
1300 0.956154
1300 0.893077
1300 0.904615
1300 0.933846
1300 0.903846
1300 0.912308
1300 0.913077
1300 0.833077
1300 0.986154
1300 0.893077
1300 0.960769
1300 0.887692
1300 0.963077
1300 0.928462
1300 0.925385
1300 0.91
1300 0.807692
1300 0.945385
1300 0.884615
1300 0.907692
1300 0.941538
1300 0.883077
1300 0.857692
1300 0.866154
1300 0.835385
1300 0.802308
1300 0.953077
1300 0.855385
1300 0.932308
1300 0.892308
1300 0.920769
1300 0.881538
1300 0.909231
1350 0.874815
1350 0.948148
1350 0.915556
1350 0.919259
1350 0.927407
1350 0.871111
1350 0.947407
1350 0.848148
1350 0.960741
1350 0.954074
1350 0.96963
1350 0.782963
1350 0.937778
1350 0.862222
1350 0.865185
1350 0.944444
1350 0.920741
1350 0.916296
1350 0.933333
1350 0.817778
1350 0.954815
1350 0.915556
1350 0.895556
1350 0.887407
1350 0.866667
1350 0.977778
1350 0.905185
1350 0.921481
1350 0.896296
1350 0.937778
1350 0.854074
1350 0.917778
1350 0.90963
1350 0.928148
1350 0.905926
1350 0.907407
1350 0.931111
1350 0.898519
1350 0.886667
1350 0.945185
1350 0.9
1350 0.865185
1350 0.859259
1350 0.936296
1350 0.914074
1350 0.911111
1350 0.971111
1350 0.922222
1350 0.908889
1350 0.960741
1350 0.91037
1350 0.900741
1350 0.853333
1350 0.958519
1350 0.931111
1350 0.875556
1350 0.895556
1350 0.88963
1350 0.907407
1350 0.918519
1350 0.902222
1350 0.956296
1350 0.894815
1350 0.879259
1350 0.84
1350 0.919259
1350 0.95037
1350 0.956296
1350 0.88
1350 0.937778
1350 0.914074
1350 0.867407
1350 0.962963
1350 0.902222
1350 0.906667
1400 0.911429
1400 0.927857
1400 0.882857
1400 0.835714
1400 0.927857
1400 0.845714
1400 0.972857
1400 0.967857
1400 0.873571
1400 0.819286
1400 0.853571
1400 0.944286
1400 0.838571
1400 0.862143
1400 0.940714
1400 0.927143
1400 0.683571
1400 0.924286
1400 0.969286
1400 0.952857
1400 0.668571
1400 0.879286
1400 0.888571
1400 0.915
1400 0.855714
1400 0.866429
1400 0.915714
1400 0.887857
1400 0.896429
1400 0.936429
1400 0.882857
1400 0.867857
1400 0.905
1400 0.865
1400 0.873571
1400 0.907143
1400 0.81
1400 0.91
1400 0.869286
1400 0.952857
1400 0.936429
1400 0.947857
1400 0.904286
1400 0.895714
1400 0.943571
1400 0.907857
1400 0.87
1400 0.87
1400 0.906429
1400 0.912143
1400 0.835714
1400 0.897857
1400 0.91
1400 0.878571
1400 0.901429
1400 0.932143
1400 0.947857
1400 0.826429
1400 0.902143
1400 0.963571
1400 0.867143
1400 0.902143
1400 0.908571
1400 0.905
1400 0.926429
1400 0.89
1400 0.943571
1400 0.937857
1400 0.910714
1400 0.877143
1400 0.917143
1400 0.710714
1400 0.950714
1400 0.916429
1400 0.931429
1450 0.955172
1450 0.941379
1450 0.94
1450 0.898621
1450 0.904828
1450 0.89931
1450 0.86069
1450 0.897931
1450 0.873103
1450 0.862069
1450 0.895172
1450 0.964828
1450 0.868276
1450 0.966207
1450 0.973793
1450 0.904138
1450 0.868966
1450 0.897931
1450 0.889655
1450 0.909655
1450 0.922069
1450 0.904828
1450 0.923448
1450 0.846897
1450 0.824138
1450 0.914483
1450 0.847586
1450 0.915172
1450 0.962759
1450 0.885517
1450 0.951034
1450 0.935862
1450 0.912414
1450 0.927586
1450 0.850345
1450 0.917241
1450 0.866207
1450 0.89931
1450 0.862759
1450 0.933103
1450 0.886897
1450 0.902759
1450 0.875172
1450 0.94069
1450 0.884138
1450 0.891034
1450 0.916552
1450 0.863448
1450 0.868276
1450 0.833793
1450 0.818621
1450 0.917931
1450 0.937931
1450 0.851724
1450 0.866207
1450 0.90069
1450 0.933103
1450 0.895172
1450 0.937241
1450 0.890345
1450 0.904828
1450 0.943448
1450 0.888966
1450 0.868966
1450 0.942759
1450 0.86
1450 0.906207
1450 0.886897
1450 0.878621
1450 0.857931
1450 0.870345
1450 0.91931
1450 0.866897
1450 0.928276
1450 0.928966
1500 0.925333
1500 0.862667
1500 0.922
1500 0.892667
1500 0.895333
1500 0.900667
1500 0.91
1500 0.851333
1500 0.860667
1500 0.829333
1500 0.742
1500 0.896
1500 0.895333
1500 0.875333
1500 0.908667
1500 0.97
1500 0.836
1500 0.904667
1500 0.878667
1500 0.929333
1500 0.901333
1500 0.896667
1500 0.876
1500 0.869333
1500 0.980667
1500 0.886
1500 0.862
1500 0.978667
1500 0.828667
1500 0.901333
1500 0.918667
1500 0.852667
1500 0.968667
1500 0.948667
1500 0.834667
1500 0.888667
1500 0.888667
1500 0.856667
1500 0.916667
1500 0.96
1500 0.896
1500 0.834667
1500 0.897333
1500 0.886667
1500 0.911333
1500 0.952
1500 0.859333
1500 0.951333
1500 0.950667
1500 0.850667
1500 0.96
1500 0.945333
1500 0.899333
1500 0.898
1500 0.877333
1500 0.892
1500 0.863333
1500 0.929333
1500 0.863333
1500 0.975333
1500 0.912
1500 0.842667
1500 0.959333
1500 0.872
1500 0.833333
1500 0.967333
1500 0.898
1500 0.95
1500 0.868
1500 0.888667
1500 0.914667
1500 0.84
1500 0.886
1500 0.914
1500 0.908667
1550 0.947097
1550 0.810968
1550 0.895484
1550 0.960645
1550 0.897419
1550 0.860645
1550 0.896774
1550 0.876129
1550 0.856129
1550 0.676774
1550 0.913548
1550 0.792903
1550 0.933548
1550 0.827097
1550 0.983871
1550 0.928387
1550 0.893548
1550 0.882581
1550 0.821935
1550 0.902581
1550 0.863871
1550 0.891613
1550 0.927742
1550 0.96129
1550 0.907742
1550 0.907742
1550 0.898065
1550 0.951613
1550 0.876129
1550 0.936129
1550 0.94
1550 0.936129
1550 0.956129
1550 0.892903
1550 0.936129
1550 0.898065
1550 0.846452
1550 0.902581
1550 0.878065
1550 0.933548
1550 0.910323
1550 0.883871
1550 0.9
1550 0.922581
1550 0.918065
1550 0.85871
1550 0.943871
1550 0.890968
1550 0.86
1550 0.953548
1550 0.897419
1550 0.948387
1550 0.896774
1550 0.918065
1550 0.966452
1550 0.965161
1550 0.889677
1550 0.889032
1550 0.93871
1550 0.963871
1550 0.886452
1550 0.938065
1550 0.934839
1550 0.912258
1550 0.934194
1550 0.94129
1550 0.935484
1550 0.952903
1550 0.834194
1550 0.870323
1550 0.825161
1550 0.903226
1550 0.85871
1550 0.907742
1550 0.858065
1600 0.911875
1600 0.9475
1600 0.9325
1600 0.92875
1600 0.851875
1600 0.951875
1600 0.911875
1600 0.846875
1600 0.7275
1600 0.96
1600 0.92875
1600 0.94875
1600 0.939375
1600 0.843125
1600 0.94375
1600 0.900625
1600 0.945625
1600 0.899375
1600 0.89
1600 0.89625
1600 0.88625
1600 0.933125
1600 0.915625
1600 0.938125
1600 0.88625
1600 0.9
1600 0.838125
1600 0.949375
1600 0.93125
1600 0.87875
1600 0.915625
1600 0.8375
1600 0.89875
1600 0.90875
1600 0.9275
1600 0.96
1600 0.939375
1600 0.978125
1600 0.93125
1600 0.945
1600 0.89125
1600 0.9225
1600 0.91
1600 0.916875
1600 0.966875
1600 0.8925
1600 0.8025
1600 0.97625
1600 0.945
1600 0.760625
1600 0.96
1600 0.9375
1600 0.911875
1600 0.868125
1600 0.91625
1600 0.94375
1600 0.87
1600 0.909375
1600 0.898125
1600 0.9475
1600 0.9075
1600 0.848125
1600 0.9525
1600 0.965
1600 0.866875
1600 0.940625
1600 0.96375
1600 0.799375
1600 0.838125
1600 0.915
1600 0.860625
1600 0.903125
1600 0.854375
1600 0.9625
1600 0.679375
1650 0.96303
1650 0.941818
1650 0.909697
1650 0.895758
1650 0.956364
1650 0.86303
1650 0.887879
1650 0.813939
1650 0.923636
1650 0.944848
1650 0.904848
1650 0.836364
1650 0.950303
1650 0.902424
1650 0.849091
1650 0.856364
1650 0.910909
1650 0.915152
1650 0.941818
1650 0.854545
1650 0.865455
1650 0.885455
1650 0.908485
1650 0.901212
1650 0.849697
1650 0.933333
1650 0.950303
1650 0.929091
1650 0.951515
1650 0.890303
1650 0.900606
1650 0.84
1650 0.889091
1650 0.944848
1650 0.853333
1650 0.94303
1650 0.874545
1650 0.934545
1650 0.850909
1650 0.840606
1650 0.896364
1650 0.927879
1650 0.880606
1650 0.949091
1650 0.937576
1650 0.899394
1650 0.853939
1650 0.829697
1650 0.915152
1650 0.869091
1650 0.852727
1650 0.913939
1650 0.856364
1650 0.995152
1650 0.897576
1650 0.906667
1650 0.92303
1650 0.948485
1650 0.92
1650 0.898788
1650 0.882424
1650 0.893333
1650 0.861212
1650 0.758182
1650 0.885455
1650 0.857576
1650 0.910303
1650 0.894545
1650 0.926061
1650 0.936364
1650 0.74303
1650 0.822424
1650 0.943636
1650 0.829091
1650 0.930303
1700 0.927059
1700 0.938824
1700 0.919412
1700 0.949412
1700 0.866471
1700 0.909412
1700 0.844706
1700 0.902941
1700 0.868235
1700 0.917647
1700 0.932941
1700 0.910588
1700 0.894706
1700 0.854706
1700 0.867647
1700 0.930588
1700 0.895882
1700 0.922941
1700 0.814706
1700 0.903529
1700 0.902353
1700 0.912353
1700 0.871176
1700 0.885882
1700 0.875294
1700 0.896471
1700 0.958824
1700 0.871176
1700 0.917059
1700 0.898235
1700 0.912941
1700 0.892941
1700 0.950588
1700 0.954118
1700 0.945882
1700 0.830588
1700 0.878235
1700 0.833529
1700 0.898824
1700 0.910588
1700 0.906471
1700 0.845882
1700 0.936471
1700 0.931765
1700 0.877059
1700 0.905882
1700 0.94
1700 0.935882
1700 0.972941
1700 0.877059
1700 0.946471
1700 0.881176
1700 0.957647
1700 0.9
1700 0.900588
1700 0.972941
1700 0.885294
1700 0.832941
1700 0.908235
1700 0.868824
1700 0.834706
1700 0.931176
1700 0.976471
1700 0.922941
1700 0.893529
1700 0.945294
1700 0.930588
1700 0.952941
1700 0.902941
1700 0.943529
1700 0.979412
1700 0.975882
1700 0.950588
1700 0.96
1700 0.881765
1750 0.915429
1750 0.860571
1750 0.926286
1750 0.907429
1750 0.897143
1750 0.758286
1750 0.924
1750 0.924571
1750 0.938857
1750 0.857143
1750 0.88
1750 0.957714
1750 0.948
1750 0.986857
1750 0.825714
1750 0.922286
1750 0.92
1750 0.918857
1750 0.911429
1750 0.916
1750 0.906286
1750 0.911429
1750 0.873143
1750 0.808571
1750 0.849143
1750 0.918857
1750 0.895429
1750 0.939429
1750 0.922857
1750 0.906286
1750 0.850857
1750 0.865143
1750 0.861714
1750 0.928571
1750 0.900571
1750 0.876571
1750 0.911429
1750 0.951429
1750 0.903429
1750 0.952
1750 0.932571
1750 0.859429
1750 0.943429
1750 0.885714
1750 0.906857
1750 0.921714
1750 0.921143
1750 0.885143
1750 0.897143
1750 0.909714
1750 0.892
1750 0.928
1750 0.945143
1750 0.923429
1750 0.887429
1750 0.9
1750 0.893143
1750 0.922286
1750 0.942286
1750 0.941143
1750 0.945714
1750 0.902857
1750 0.94
1750 0.918857
1750 0.912
1750 0.890857
1750 0.927429
1750 0.934857
1750 0.884
1750 0.927429
1750 0.562857
1750 0.937714
1750 0.940571
1750 0.92
1750 0.856571
1800 0.911667
1800 0.887222
1800 0.948333
1800 0.892222
1800 0.915556
1800 0.916667
1800 0.833333
1800 0.908333
1800 0.892222
1800 0.856667
1800 0.901667
1800 0.915556
1800 0.878333
1800 0.898889
1800 0.895556
1800 0.918333
1800 0.788333
1800 0.923333
1800 0.866667
1800 0.913889
1800 0.976667
1800 0.82
1800 0.893333
1800 0.836111
1800 0.885
1800 0.93
1800 0.838333
1800 0.888333
1800 0.884444
1800 0.835
1800 0.906111
1800 0.974444
1800 0.948889
1800 0.896667
1800 0.956111
1800 0.926667
1800 0.711111
1800 0.879444
1800 0.883889
1800 0.881111
1800 0.892778
1800 0.896667
1800 0.928889
1800 0.95
1800 0.935
1800 0.978889
1800 0.898889
1800 0.89
1800 0.993333
1800 0.835556
1800 0.96
1800 0.862222
1800 0.908889
1800 0.912778
1800 0.946667
1800 0.872778
1800 0.897778
1800 0.887778
1800 0.93
1800 0.918333
1800 0.937222
1800 0.926111
1800 0.91
1800 0.892778
1800 0.915556
1800 0.956667
1800 0.923889
1800 0.921667
1800 0.907778
1800 0.886111
1800 0.9
1800 0.911111
1800 0.914444
1800 0.872222
1800 0.907222
1850 0.874054
1850 0.892432
1850 0.907027
1850 0.863784
1850 0.924865
1850 0.88973
1850 0.905946
1850 0.907027
1850 0.915676
1850 0.945405
1850 0.895135
1850 0.923784
1850 0.947027
1850 0.871892
1850 0.92
1850 0.910811
1850 0.917838
1850 0.923784
1850 0.883784
1850 0.889189
1850 0.866486
1850 0.777838
1850 0.879459
1850 0.951351
1850 0.88
1850 0.869189
1850 0.924324
1850 0.884324
1850 0.941622
1850 0.91027
1850 0.867027
1850 0.928649
1850 0.816757
1850 0.932432
1850 0.92
1850 0.851892
1850 0.918919
1850 0.901081
1850 0.889189
1850 0.951351
1850 0.943243
1850 0.978919
1850 0.871351
1850 0.902162
1850 0.813514
1850 0.901081
1850 0.923243
1850 0.875135
1850 0.948649
1850 0.884324
1850 0.956757
1850 0.987027
1850 0.938378
1850 0.869189
1850 0.926486
1850 0.854595
1850 0.891351
1850 0.905405
1850 0.948108
1850 0.93027
1850 0.928108
1850 0.874595
1850 0.834054
1850 0.836216
1850 0.912973
1850 0.942703
1850 0.81027
1850 0.875135
1850 0.894054
1850 0.867568
1850 0.892973
1850 0.938919
1850 0.832973
1850 0.87027
1850 0.832973
1900 0.923684
1900 0.924737
1900 0.924737
1900 0.840526
1900 0.846316
1900 0.946842
1900 0.918421
1900 0.873684
1900 0.912632
1900 0.967368
1900 0.891053
1900 0.851579
1900 0.924211
1900 0.908421
1900 0.864737
1900 0.977895
1900 0.956842
1900 0.907895
1900 0.829474
1900 0.872632
1900 0.956316
1900 0.857895
1900 0.918421
1900 0.899474
1900 0.802105
1900 0.972105
1900 0.88
1900 0.944211
1900 0.948421
1900 0.899474
1900 0.883158
1900 0.941579
1900 0.888421
1900 0.884737
1900 0.948947
1900 0.878421
1900 0.86
1900 0.992105
1900 0.873684
1900 0.942632
1900 0.867368
1900 0.916316
1900 0.899474
1900 0.903684
1900 0.926316
1900 0.940526
1900 0.846842
1900 0.836316
1900 0.840526
1900 0.916842
1900 0.905263
1900 0.962632
1900 0.923684
1900 0.887895
1900 0.968947
1900 0.860526
1900 0.914737
1900 0.855263
1900 0.844211
1900 0.87
1900 0.882105
1900 0.823684
1900 0.894737
1900 0.895789
1900 0.904737
1900 0.921053
1900 0.824737
1900 0.956842
1900 0.917895
1900 0.85
1900 0.811579
1900 0.916842
1900 0.893158
1900 0.910526
1900 0.812632
1950 0.927692
1950 0.942051
1950 0.88359
1950 0.947692
1950 0.875385
1950 0.907179
1950 0.834359
1950 0.852308
1950 0.905128
1950 0.873846
1950 0.882051
1950 0.941538
1950 0.885128
1950 0.944615
1950 0.937436
1950 0.944615
1950 0.92359
1950 0.823077
1950 0.847692
1950 0.884615
1950 0.861026
1950 0.954359
1950 0.898974
1950 0.871282
1950 0.96
1950 0.927692
1950 0.832308
1950 0.913333
1950 0.794872
1950 0.961538
1950 0.871795
1950 0.897949
1950 0.932821
1950 0.916923
1950 0.981026
1950 0.871795
1950 0.861026
1950 0.933333
1950 0.968205
1950 0.890769
1950 0.905641
1950 0.852821
1950 0.932821
1950 0.936923
1950 0.865641
1950 0.901026
1950 0.866154
1950 0.930769
1950 0.857436
1950 0.927179
1950 0.916923
1950 0.893333
1950 0.864615
1950 0.927692
1950 0.882051
1950 0.92
1950 0.927692
1950 0.889231
1950 0.873846
1950 0.901026
1950 0.925128
1950 0.912821
1950 0.918462
1950 0.716923
1950 0.905641
1950 0.914359
1950 0.902051
1950 0.811795
1950 0.872308
1950 0.911282
1950 0.947179
1950 0.921026
1950 0.922564
1950 0.856923
1950 0.860513
2000 0.9115
2000 0.944
2000 0.8955
2000 0.928
2000 0.873
2000 0.9075
2000 0.89
2000 0.9365
2000 0.9065
2000 0.8835
2000 0.923
2000 0.924
2000 0.9365
2000 0.9035
2000 0.92
2000 0.983
2000 0.8685
2000 0.943
2000 0.8955
2000 0.8285
2000 0.846
2000 0.8995
2000 0.937
2000 0.809
2000 0.946
2000 0.946
2000 0.8845
2000 0.86
2000 0.9255
2000 0.924
2000 0.921
2000 0.9035
2000 0.8745
2000 0.9085
2000 0.8895
2000 0.903
2000 0.8875
2000 0.9585
2000 0.837
2000 0.945
2000 0.895
2000 0.8415
2000 0.952
2000 0.9285
2000 0.95
2000 0.8755
2000 0.894
2000 0.8515
2000 0.881
2000 0.835
2000 0.9595
2000 0.853
2000 0.8925
2000 0.916
2000 0.9205
2000 0.8915
2000 0.925
2000 0.932
2000 0.859
2000 0.9175
2000 0.914
2000 0.8655
2000 0.8785
2000 0.8615
2000 0.883
2000 0.9895
2000 0.831
2000 0.9405
2000 0.853
2000 0.932
2000 0.8285
2000 0.9515
2000 0.9505
2000 0.891
2000 0.9225
