50 0.04
50 0.48
50 0.1
50 0
50 0.26
50 0.18
50 0.32
50 0
50 0
50 0.38
50 0.04
50 0.34
50 0.36
50 0.18
50 0.16
50 0.1
50 0.08
50 0.66
50 0
50 0
50 0.16
50 0.12
50 0.44
50 0
50 0.14
50 0.22
50 0.3
50 0.22
50 0.54
50 0.14
50 0
50 0.06
50 0.62
50 0.14
50 0.08
50 0
50 0
50 0.56
50 0.02
50 0
50 0.16
50 0.42
50 0.04
50 0.06
50 0.5
50 0.2
50 0.18
50 0.12
50 0.24
50 0.22
50 0.38
50 0
50 0.44
50 0.14
50 0.28
50 0.36
50 0.34
50 0
50 0
50 0.06
50 0.4
50 0.32
50 0
50 0.08
50 0.76
50 0
50 0.18
50 0
50 0.52
50 0.12
50 0
50 0.2
50 0.08
50 0.72
50 0.12
100 0.3
100 0.04
100 0.03
100 0.7
100 0.53
100 0.94
100 0.48
100 0.83
100 0.85
100 0.45
100 0.86
100 0.79
100 0.14
100 0.4
100 0.9
100 0.2
100 0.58
100 0.17
100 0.32
100 0.72
100 0.71
100 0.69
100 0.57
100 0.53
100 0.43
100 0.33
100 0.3
100 0.48
100 0.2
100 0.19
100 0.57
100 0.47
100 0.23
100 0.8
100 0.8
100 0.6
100 0.71
100 0.59
100 0.05
100 0.59
100 0.58
100 0.12
100 0.3
100 0.85
100 0.79
100 0.72
100 0.52
100 0.62
100 0.77
100 0.6
100 0.41
100 0.52
100 0
100 0.62
100 0.55
100 0.95
100 0.88
100 0.1
100 0.29
100 0.84
100 0.74
100 0.44
100 0.48
100 0.85
100 0.36
100 0.1
100 0.66
100 0.66
100 0.7
100 0.67
100 0.28
100 0.66
100 0.4
100 0.08
100 0.89
150 0.666667
150 0.586667
150 0.773333
150 0.72
150 0.613333
150 0.906667
150 0.873333
150 0.853333
150 0.866667
150 0.96
150 0.886667
150 0.846667
150 0.493333
150 0.506667
150 0.686667
150 0.766667
150 0.973333
150 0.693333
150 0.246667
150 0.926667
150 0.84
150 0.906667
150 0.626667
150 0.28
150 0.953333
150 0.826667
150 0.08
150 0.88
150 0.853333
150 0.773333
150 0.76
150 0.733333
150 0.74
150 0.113333
150 0.693333
150 0.573333
150 0.626667
150 0.54
150 0.486667
150 0.646667
150 0.9
150 0.42
150 0.306667
150 0.486667
150 0.286667
150 0.866667
150 0.9
150 0.826667
150 0.206667
150 0.346667
150 0.673333
150 0.466667
150 0.74
150 0.906667
150 0.753333
150 0.833333
150 0.78
150 0.0133333
150 0.413333
150 0.753333
150 0.88
150 0.72
150 0.946667
150 0.593333
150 0.84
150 0.74
150 0.86
150 0.72
150 0.84
150 0.566667
150 0.746667
150 0.44
150 0.746667
150 0.746667
150 0.72
200 0.655
200 0.355
200 0.945
200 0.825
200 0.705
200 0.825
200 0.71
200 0.94
200 0.755
200 0.86
200 0.885
200 0.57
200 0.76
200 0.885
200 0.73
200 0.785
200 0.865
200 0.865
200 0.865
200 0.85
200 0.71
200 0.875
200 0.58
200 0.865
200 0.77
200 0.85
200 0.935
200 0.59
200 0.97
200 0.835
200 0.765
200 0.865
200 0.805
200 0.89
200 0.755
200 0.87
200 0.565
200 0.73
200 0.765
200 0.48
200 0.71
200 0.865
200 0.77
200 0.87
200 0.915
200 0.735
200 0.905
200 0.735
200 0.86
200 0.795
200 0.115
200 0.815
200 0.855
200 0.775
200 0.935
200 0.885
200 0.96
200 0.64
200 0.89
200 0.875
200 0.35
200 0.67
200 0.94
200 0.845
200 0.74
200 0.665
200 0.655
200 0.83
200 0.78
200 0.915
200 0.91
200 0.435
200 0.86
200 0.915
200 0.81
250 0.792
250 0.904
250 0.844
250 0.812
250 0.868
250 0.892
250 0.908
250 0.912
250 0.812
250 0.872
250 0.848
250 0.852
250 0.872
250 0.808
250 0.952
250 0.976
250 0.98
250 0.5
250 0.892
250 0.892
250 0.868
250 0.848
250 0.764
250 0.78
250 0.948
250 0.908
250 0.928
250 0.9
250 0.756
250 0.86
250 0.732
250 0.9
250 0.484
250 0.8
250 0.812
250 0.7
250 0.944
250 0.796
250 0.888
250 0.736
250 0.948
250 0.836
250 0.828
250 0.5
250 0.88
250 0.956
250 0.932
250 0.632
250 0.972
250 0.9
250 0.912
250 0.712
250 0.84
250 0.776
250 0.844
250 0.916
250 0.836
250 0.908
250 0.828
250 0.928
250 0.908
250 0.84
250 0.888
250 0.86
250 0.868
250 0.864
250 0.844
250 0.848
250 0.82
250 0.9
250 0.832
250 0.772
250 0.904
250 0.96
250 0.832
300 0.846667
300 0.943333
300 0.953333
300 0.906667
300 0.473333
300 0.693333
300 0.86
300 0.656667
300 0.916667
300 0.85
300 0.936667
300 0.766667
300 0.88
300 0.933333
300 0.94
300 0.79
300 0.9
300 0.883333
300 0.906667
300 0.87
300 0.916667
300 0.85
300 0.763333
300 0.936667
300 0.956667
300 0.89
300 0.87
300 0.846667
300 0.92
300 0.933333
300 0.776667
300 0.79
300 0.826667
300 0.86
300 0.856667
300 0.933333
300 0.913333
300 0.97
300 0.916667
300 0.96
300 0.836667
300 0.88
300 0.933333
300 0.853333
300 0.816667
300 0.703333
300 0.82
300 0.363333
300 0.516667
300 0.963333
300 0.99
300 0.923333
300 0.736667
300 0.723333
300 0.866667
300 0.91
300 0.95
300 0.923333
300 0.793333
300 0.863333
300 0.906667
300 0.83
300 0.913333
300 0.793333
300 0.82
300 0.963333
300 0.95
300 0.813333
300 0.923333
300 0.973333
300 0.876667
300 0.926667
300 0.896667
300 0.88
300 0.883333
350 0.885714
350 0.925714
350 0.988571
350 0.628571
350 0.94
350 0.611429
350 0.751429
350 0.945714
350 0.942857
350 0.982857
350 0.808571
350 0.8
350 0.971429
350 0.94
350 0.982857
350 0.871429
350 0.857143
350 0.905714
350 0.902857
350 0.888571
350 0.885714
350 0.748571
350 0.954286
350 0.94
350 0.88
350 0.914286
350 0.945714
350 0.834286
350 0.731429
350 0.86
350 0.765714
350 0.908571
350 0.888571
350 0.908571
350 0.908571
350 0.885714
350 0.982857
350 0.582857
350 0.9
350 0.868571
350 0.754286
350 0.891429
350 0.905714
350 0.96
350 0.957143
350 0.9
350 0.894286
350 0.934286
350 0.711429
350 0.982857
350 0.857143
350 0.931429
350 0.997143
350 0.865714
350 0.808571
350 0.931429
350 0.934286
350 0.848571
350 0.948571
350 0.691429
350 0.84
350 0.802857
350 0.954286
350 0.934286
350 0.774286
350 0.857143
350 0.985714
350 0.92
350 0.965714
350 0.871429
350 0.942857
350 0.962857
350 0.322857
350 0.931429
350 0.942857
400 0.9
400 0.8275
400 0.995
400 0.8675
400 0.7725
400 0.935
400 0.9
400 0.615
400 0.9525
400 0.8875
400 0.89
400 0.945
400 0.9325
400 0.8125
400 0.905
400 0.91
400 0.875
400 0.56
400 0.9075
400 0.9075
400 0.9675
400 0.965
400 0.9375
400 0.75
400 0.8675
400 0.975
400 0.84
400 0.7575
400 0.9025
400 0.97
400 0.905
400 0.8175
400 0.865
400 0.9
400 0.97
400 0.9675
400 0.7625
400 0.6325
400 0.8575
400 0.9675
400 0.9375
400 0.9025
400 0.9775
400 0.8575
400 0.94
400 0.9325
400 0.865
400 0.8
400 0.955
400 0.895
400 0.9625
400 0.9075
400 0.96
400 0.8925
400 0.87
400 0.9575
400 0.925
400 0.875
400 0.9275
400 0.9225
400 0.885
400 0.81
400 0.85
400 0.915
400 0.93
400 0.895
400 0.85
400 0.9775
400 0.9525
400 0.925
400 0.89
400 0.8425
400 0.925
400 0.94
400 0.8975
450 0.911111
450 0.946667
450 0.928889
450 0.96
450 0.906667
450 0.922222
450 0.98
450 0.926667
450 0.926667
450 0.766667
450 0.96
450 0.848889
450 0.915556
450 0.913333
450 0.751111
450 0.915556
450 0.857778
450 0.906667
450 0.831111
450 0.895556
450 0.911111
450 0.935556
450 0.946667
450 0.977778
450 0.911111
450 0.855556
450 0.946667
450 0.733333
450 0.951111
450 0.611111
450 0.853333
450 0.924444
450 0.933333
450 0.975556
450 0.897778
450 0.884444
450 0.928889
450 0.902222
450 0.911111
450 0.966667
450 0.928889
450 0.915556
450 0.753333
450 0.944444
450 0.96
450 0.9
450 0.942222
450 0.844444
450 0.984444
450 0.993333
450 0.922222
450 0.786667
450 0.895556
450 0.931111
450 0.893333
450 0.98
450 0.848889
450 0.948889
450 0.895556
450 0.935556
450 0.966667
450 0.96
450 0.833333
450 0.9
450 0.846667
450 0.931111
450 0.846667
450 0.742222
450 0.911111
450 0.9
450 0.882222
450 0.864444
450 0.942222
450 0.784444
450 0.751111
500 0.908
500 0.906
500 0.986
500 0.972
500 0.77
500 0.948
500 0.918
500 0.938
500 0.83
500 0.898
500 0.932
500 0.9
500 0.852
500 0.864
500 0.938
500 0.934
500 0.892
500 0.934
500 0.932
500 0.886
500 0.934
500 0.876
500 0.904
500 0.912
500 0.834
500 0.836
500 0.932
500 0.946
500 0.918
500 0.93
500 0.876
500 0.866
500 0.958
500 0.902
500 0.88
500 0.918
500 0.918
500 0.966
500 0.912
500 0.814
500 0.956
500 0.942
500 0.888
500 0.856
500 0.922
500 0.99
500 0.954
500 0.966
500 0.932
500 0.986
500 0.682
500 0.858
500 0.864
500 0.904
500 0.798
500 0.93
500 0.964
500 0.964
500 0.944
500 0.884
500 0.94
500 0.866
500 0.94
500 0.888
500 0.77
500 0.918
500 0.86
500 0.92
500 0.93
500 0.924
500 0.952
500 0.922
500 0.87
500 0.918
500 0.96
550 0.861818
550 0.934545
550 0.881818
550 0.961818
550 0.9
550 0.983636
550 0.943636
550 0.94
550 0.929091
550 0.976364
550 0.823636
550 0.885455
550 0.707273
550 0.947273
550 0.910909
550 0.927273
550 0.950909
550 0.885455
550 0.965455
550 0.843636
550 0.934545
550 0.86
550 0.9
550 0.927273
550 0.972727
550 0.827273
550 0.861818
550 0.865455
550 0.912727
550 0.907273
550 0.930909
550 0.854545
550 0.938182
550 0.201818
550 0.941818
550 0.949091
550 0.981818
550 0.92
550 0.914545
550 0.96
550 0.910909
550 0.92
550 0.901818
550 0.821818
550 0.941818
550 0.956364
550 0.952727
550 0.861818
550 0.967273
550 0.747273
550 0.954545
550 0.965455
550 0.903636
550 0.870909
550 0.789091
550 0.938182
550 0.98
550 0.850909
550 0.934545
550 0.923636
550 0.909091
550 0.889091
550 0.945455
550 0.823636
550 0.878182
550 0.987273
550 0.992727
550 0.958182
550 0.987273
550 0.903636
550 0.930909
550 0.909091
550 0.887273
550 0.907273
550 0.958182
600 0.891667
600 0.886667
600 0.865
600 0.953333
600 0.97
600 0.941667
600 0.873333
600 0.945
600 0.93
600 0.931667
600 0.833333
600 0.973333
600 0.808333
600 0.938333
600 0.99
600 0.891667
600 0.948333
600 0.821667
600 0.97
600 0.946667
600 0.868333
600 0.803333
600 0.841667
600 0.956667
600 0.905
600 0.92
600 0.983333
600 0.986667
600 0.841667
600 0.94
600 0.93
600 0.911667
600 0.876667
600 0.908333
600 0.92
600 0.933333
600 0.895
600 0.928333
600 0.925
600 0.995
600 0.96
600 0.958333
600 0.905
600 0.945
600 0.99
600 0.906667
600 0.931667
600 0.891667
600 0.871667
600 0.875
600 0.931667
600 0.876667
600 0.948333
600 0.895
600 0.965
600 0.87
600 0.946667
600 0.861667
600 0.995
600 0.995
600 0.978333
600 0.935
600 0.936667
600 0.963333
600 0.93
600 0.968333
600 0.973333
600 0.906667
600 0.978333
600 0.91
600 0.986667
600 0.845
600 0.973333
600 0.951667
600 0.771667
650 1
650 0.876923
650 0.947692
650 0.924615
650 0.923077
650 0.9
650 0.903077
650 0.910769
650 0.949231
650 0.930769
650 0.806154
650 0.943077
650 0.918462
650 0.883077
650 0.958462
650 0.967692
650 0.949231
650 0.918462
650 0.912308
650 0.936923
650 0.892308
650 0.88
650 0.915385
650 0.955385
650 0.921538
650 0.946154
650 0.929231
650 0.966154
650 0.887692
650 0.953846
650 0.901538
650 0.918462
650 0.918462
650 0.950769
650 0.944615
650 0.935385
650 0.955385
650 0.952308
650 0.927692
650 0.950769
650 0.986154
650 0.975385
650 0.924615
650 0.967692
650 0.943077
650 0.973846
650 0.876923
650 0.96
650 0.989231
650 0.947692
650 0.889231
650 0.893846
650 0.94
650 0.872308
650 0.936923
650 0.949231
650 0.890769
650 0.92
650 0.94
650 0.901538
650 0.947692
650 0.923077
650 0.909231
650 0.887692
650 0.823077
650 0.927692
650 0.896923
650 0.955385
650 0.990769
650 0.946154
650 0.869231
650 0.929231
650 0.98
650 0.929231
650 0.969231
700 0.955714
700 1
700 0.757143
700 0.925714
700 0.938571
700 0.968571
700 0.887143
700 0.951429
700 0.968571
700 0.904286
700 0.89
700 0.967143
700 0.927143
700 0.941429
700 0.828571
700 0.915714
700 0.765714
700 0.931429
700 0.868571
700 0.915714
700 0.968571
700 0.985714
700 0.92
700 0.937143
700 0.887143
700 0.954286
700 0.941429
700 0.994286
700 0.962857
700 0.91
700 0.952857
700 0.964286
700 0.992857
700 0.941429
700 0.875714
700 0.931429
700 0.968571
700 0.951429
700 0.857143
700 0.895714
700 0.982857
700 0.987143
700 0.988571
700 0.997143
700 0.762857
700 0.945714
700 0.914286
700 0.964286
700 0.93
700 0.994286
700 0.84
700 0.975714
700 0.931429
700 0.89
700 0.794286
700 0.878571
700 0.968571
700 0.98
700 0.977143
700 0.927143
700 0.957143
700 0.9
700 0.948571
700 0.757143
700 0.974286
700 0.902857
700 0.92
700 0.941429
700 0.917143
700 0.861429
700 0.99
700 0.961429
700 0.925714
700 0.887143
700 0.972857
750 0.993333
750 1
750 0.870667
750 0.928
750 0.958667
750 0.850667
750 0.969333
750 0.842667
750 0.98
750 0.881333
750 0.869333
750 0.92
750 0.985333
750 0.977333
750 0.974667
750 0.934667
750 0.948
750 0.994667
750 0.973333
750 0.948
750 0.982667
750 0.909333
750 0.913333
750 0.946667
750 0.946667
750 0.953333
750 0.926667
750 0.922667
750 0.938667
750 0.945333
750 0.986667
750 0.952
750 0.890667
750 0.905333
750 0.937333
750 0.852
750 0.996
750 0.893333
750 0.810667
750 0.908
750 0.984
750 0.834667
750 0.962667
750 0.92
750 0.945333
750 0.873333
750 0.942667
750 0.946667
750 0.953333
750 0.948
750 0.945333
750 0.969333
750 0.922667
750 0.973333
750 0.888
750 0.917333
750 0.945333
750 0.932
750 0.908
750 0.898667
750 0.925333
750 0.925333
750 0.929333
750 0.864
750 0.921333
750 0.98
750 0.844
750 0.958667
750 0.949333
750 0.986667
750 0.898667
750 0.978667
750 0.948
750 0.905333
750 0.989333
800 0.99125
800 0.795
800 0.895
800 0.99375
800 0.8625
800 0.93875
800 0.89875
800 0.91875
800 0.945
800 0.9875
800 0.92
800 0.9375
800 0.99875
800 0.9175
800 0.945
800 0.955
800 0.91625
800 0.98
800 0.95375
800 0.92875
800 0.99
800 0.92125
800 0.875
800 0.89375
800 0.9475
800 0.87625
800 0.9125
800 0.945
800 0.9575
800 0.88875
800 0.96375
800 0.94875
800 0.91375
800 0.9275
800 0.9125
800 0.89375
800 0.8225
800 0.9625
800 0.94875
800 0.9425
800 0.96625
800 0.935
800 0.92625
800 0.8225
800 0.86
800 0.975
800 0.95375
800 0.8875
800 0.9025
800 0.9625
800 0.94125
800 0.88625
800 0.96625
800 0.92125
800 0.88
800 0.9225
800 0.995
800 0.9
800 0.89625
800 0.975
800 0.9525
800 0.95125
800 0.9575
800 1
800 0.9675
800 0.935
800 0.92875
800 0.975
800 0.95
800 0.97625
800 0.98375
800 0.9575
800 0.87625
800 0.92625
800 0.91625
850 0.936471
850 0.951765
850 0.934118
850 0.948235
850 0.961176
850 0.929412
850 0.877647
850 0.929412
850 0.849412
850 0.837647
850 0.9
850 0.969412
850 0.914118
850 0.902353
850 0.975294
850 0.935294
850 0.96
850 0.923529
850 0.918824
850 0.971765
850 0.962353
850 0.957647
850 0.956471
850 0.909412
850 0.948235
850 0.914118
850 0.941176
850 0.954118
850 0.937647
850 0.931765
850 0.883529
850 0.909412
850 0.957647
850 0.983529
850 0.955294
850 0.932941
850 0.971765
850 0.905882
850 0.955294
850 0.914118
850 0.894118
850 0.965882
850 0.98
850 0.962353
850 0.947059
850 0.921176
850 0.945882
850 0.957647
850 0.847059
850 0.897647
850 0.997647
850 0.923529
850 0.903529
850 0.94
850 0.972941
850 0.914118
850 0.936471
850 0.94
850 0.921176
850 0.938824
850 0.884706
850 0.958824
850 0.917647
850 0.944706
850 0.883529
850 0.975294
850 0.994118
850 0.967059
850 0.944706
850 0.967059
850 0.962353
850 0.923529
850 0.877647
850 0.968235
850 0.869412
900 0.966667
900 0.937778
900 0.972222
900 0.988889
900 0.937778
900 0.974444
900 0.875556
900 0.93
900 0.952222
900 0.99
900 0.975556
900 0.931111
900 0.954444
900 0.985556
900 0.951111
900 0.984444
900 0.995556
900 0.955556
900 0.88
900 0.896667
900 0.938889
900 0.955556
900 0.881111
900 0.96
900 0.974444
900 0.887778
900 0.898889
900 0.971111
900 0.892222
900 0.958889
900 0.921111
900 0.923333
900 0.967778
900 0.997778
900 0.973333
900 0.972222
900 0.897778
900 0.966667
900 0.916667
900 0.977778
900 0.785556
900 0.952222
900 0.954444
900 0.906667
900 0.933333
900 0.958889
900 0.911111
900 0.885556
900 0.957778
900 0.996667
900 0.953333
900 0.856667
900 0.915556
900 0.938889
900 0.951111
900 0.951111
900 0.946667
900 0.964444
900 0.904444
900 0.931111
900 0.932222
900 0.997778
900 0.885556
900 0.991111
900 0.828889
900 0.973333
900 0.903333
900 0.918889
900 0.977778
900 0.982222
900 0.893333
900 0.965556
900 0.936667
900 0.95
900 0.914444
950 0.946316
950 0.931579
950 0.944211
950 0.964211
950 0.955789
950 0.863158
950 0.917895
950 0.98
950 0.963158
950 0.935789
950 0.877895
950 0.971579
950 0.934737
950 0.941053
950 0.957895
950 0.922105
950 0.938947
950 0.948421
950 0.896842
950 0.935789
950 0.88
950 0.904211
950 0.924211
950 0.927368
950 0.92
950 0.987368
950 0.869474
950 0.992632
950 0.987368
950 0.954737
950 0.987368
950 0.938947
950 0.964211
950 0.954737
950 0.956842
950 0.964211
950 0.896842
950 0.998947
950 0.981053
950 0.941053
950 0.902105
950 0.938947
950 0.904211
950 0.955789
950 0.955789
950 0.838947
950 0.957895
950 0.985263
950 0.938947
950 0.904211
950 0.897895
950 0.901053
950 0.952632
950 0.955789
950 0.969474
950 0.933684
950 0.975789
950 0.925263
950 0.92
950 0.964211
950 0.894737
950 0.887368
950 0.957895
950 0.941053
950 0.966316
950 0.937895
950 0.963158
950 0.964211
950 0.878947
950 0.96
950 0.916842
950 0.937895
950 0.931579
950 0.947368
950 0.930526
1000 0.913
1000 0.832
1000 0.925
1000 0.939
1000 0.949
1000 0.928
1000 0.888
1000 0.944
1000 0.95
1000 0.894
1000 0.972
1000 0.9
1000 0.954
1000 0.95
1000 0.925
1000 0.97
1000 0.927
1000 0.917
1000 0.965
1000 0.994
1000 0.939
1000 0.901
1000 0.969
1000 0.877
1000 0.969
1000 0.912
1000 0.877
1000 0.993
1000 0.878
1000 0.973
1000 0.973
1000 0.942
1000 0.981
1000 0.937
1000 0.991
1000 0.961
1000 0.902
1000 0.932
1000 0.96
1000 0.916
1000 0.928
1000 0.992
1000 0.947
1000 0.91
1000 0.935
1000 0.906
1000 0.952
1000 0.967
1000 0.973
1000 0.947
1000 0.963
1000 0.955
1000 0.93
1000 0.93
1000 0.967
1000 0.945
1000 0.927
1000 0.974
1000 0.956
1000 0.948
1000 0.915
1000 0.89
1000 0.977
1000 0.949
1000 0.941
1000 0.843
1000 0.99
1000 0.953
1000 0.906
1000 0.967
1000 0.976
1000 0.908
1000 0.92
1000 0.962
1000 0.923
1050 0.939048
1050 0.939048
1050 0.969524
1050 0.949524
1050 0.80381
1050 0.940952
1050 0.89619
1050 0.848571
1050 0.972381
1050 0.867619
1050 0.890476
1050 0.944762
1050 0.857143
1050 0.93619
1050 0.918095
1050 0.973333
1050 0.972381
1050 0.925714
1050 0.92381
1050 0.958095
1050 0.993333
1050 0.957143
1050 0.909524
1050 0.884762
1050 0.965714
1050 0.886667
1050 0.932381
1050 0.921905
1050 0.87619
1050 0.955238
1050 0.952381
1050 0.966667
1050 0.91619
1050 0.94
1050 0.874286
1050 0.91619
1050 0.990476
1050 0.932381
1050 0.940952
1050 0.912381
1050 0.980952
1050 0.920952
1050 0.999048
1050 0.872381
1050 0.911429
1050 0.932381
1050 0.927619
1050 0.96381
1050 0.929524
1050 0.946667
1050 0.946667
1050 0.94381
1050 0.924762
1050 0.98381
1050 0.970476
1050 0.94381
1050 0.871429
1050 0.975238
1050 0.974286
1050 0.979048
1050 0.858095
1050 0.949524
1050 0.982857
1050 0.968571
1050 0.88
1050 0.95619
1050 0.980952
1050 0.934286
1050 0.934286
1050 0.953333
1050 0.960952
1050 0.966667
1050 0.966667
1050 0.882857
1050 0.98381
1100 0.963636
1100 0.956364
1100 0.973636
1100 0.924545
1100 0.916364
1100 0.927273
1100 0.901818
1100 0.931818
1100 0.944545
1100 0.844545
1100 0.969091
1100 0.940909
1100 0.969091
1100 0.952727
1100 0.938182
1100 0.969091
1100 0.927273
1100 0.947273
1100 0.967273
1100 0.959091
1100 0.956364
1100 0.931818
1100 0.949091
1100 0.986364
1100 0.972727
1100 0.906364
1100 0.948182
1100 0.978182
1100 0.91
1100 0.947273
1100 0.924545
1100 0.927273
1100 0.915455
1100 0.920909
1100 0.930909
1100 0.972727
1100 0.927273
1100 0.947273
1100 0.923636
1100 0.980909
1100 0.96
1100 0.968182
1100 0.932727
1100 0.950909
1100 0.913636
1100 0.964545
1100 0.99
1100 0.95
1100 0.978182
1100 0.993636
1100 0.904545
1100 0.948182
1100 0.959091
1100 0.948182
1100 0.882727
1100 0.894545
1100 0.914545
1100 0.968182
1100 0.955455
1100 0.963636
1100 0.933636
1100 0.941818
1100 0.997273
1100 0.937273
1100 0.96
1100 0.935455
1100 0.942727
1100 0.984545
1100 0.924545
1100 0.961818
1100 0.938182
1100 0.883636
1100 0.98
1100 0.879091
1100 0.82
1150 0.892174
1150 0.927826
1150 0.931304
1150 0.967826
1150 0.98
1150 0.913043
1150 0.974783
1150 0.892174
1150 0.96087
1150 0.997391
1150 0.926087
1150 0.966957
1150 0.898261
1150 0.946087
1150 0.964348
1150 0.938261
1150 0.927826
1150 0.946087
1150 0.965217
1150 0.964348
1150 0.943478
1150 0.924348
1150 0.981739
1150 0.930435
1150 0.941739
1150 0.963478
1150 0.985217
1150 0.965217
1150 0.953043
1150 0.949565
1150 0.981739
1150 0.94087
1150 0.970435
1150 0.973913
1150 0.968696
1150 0.933913
1150 0.896522
1150 0.92087
1150 0.91913
1150 0.929565
1150 0.893913
1150 0.944348
1150 0.925217
1150 0.912174
1150 0.94087
1150 0.785217
1150 0.953913
1150 0.913043
1150 0.991304
1150 0.991304
1150 0.98
1150 0.906957
1150 0.930435
1150 0.844348
1150 0.922609
1150 0.874783
1150 0.92087
1150 0.993913
1150 0.930435
1150 0.942609
1150 0.921739
1150 0.961739
1150 0.897391
1150 0.962609
1150 0.87913
1150 0.984348
1150 0.927826
1150 0.974783
1150 0.928696
1150 0.918261
1150 0.988696
1150 0.986087
1150 0.937391
1150 0.872174
1150 0.92087
1200 0.911667
1200 0.920833
1200 0.919167
1200 0.9425
1200 0.94
1200 0.979167
1200 0.878333
1200 0.986667
1200 0.886667
1200 0.946667
1200 0.899167
1200 0.93
1200 0.913333
1200 0.933333
1200 0.973333
1200 0.949167
1200 0.983333
1200 0.963333
1200 0.945833
1200 0.9725
1200 0.935833
1200 0.908333
1200 0.958333
1200 0.96
1200 0.965
1200 0.935
1200 0.993333
1200 0.944167
1200 0.98
1200 0.954167
1200 0.965
1200 0.9175
1200 0.96
1200 0.9275
1200 0.919167
1200 0.928333
1200 0.994167
1200 0.989167
1200 0.941667
1200 0.960833
1200 0.975833
1200 0.799167
1200 0.926667
1200 0.92
1200 0.960833
1200 0.9625
1200 0.9225
1200 0.9275
1200 0.905
1200 0.959167
1200 0.9625
1200 0.943333
1200 0.975833
1200 0.989167
1200 0.94
1200 0.939167
1200 1
1200 0.96
1200 0.941667
1200 0.9325
1200 0.955833
1200 0.926667
1200 0.944167
1200 0.945833
1200 0.935833
1200 0.933333
1200 0.935833
1200 0.940833
1200 0.954167
1200 0.948333
1200 0.909167
1200 0.914167
1200 0.963333
1200 0.9375
1200 0.969167
1250 0.9664
1250 0.9432
1250 0.9352
1250 0.9216
1250 0.9144
1250 0.9088
1250 0.9128
1250 0.9432
1250 0.8896
1250 0.9328
1250 0.948
1250 0.912
1250 0.9384
1250 0.992
1250 0.948
1250 0.9864
1250 0.9184
1250 0.9008
1250 0.916
1250 0.948
1250 0.9384
1250 0.8856
1250 0.9168
1250 0.9392
1250 0.9536
1250 0.9656
1250 0.948
1250 0.9912
1250 0.76
1250 0.928
1250 0.936
1250 0.8768
1250 0.9712
1250 0.9696
1250 0.932
1250 0.9216
1250 0.928
1250 0.9624
1250 0.9552
1250 0.9632
1250 0.9408
1250 0.9728
1250 0.8752
1250 0.924
1250 0.9488
1250 0.8896
1250 0.7984
1250 0.8064
1250 0.9136
1250 0.9536
1250 0.972
1250 0.98
1250 0.9864
1250 0.92
1250 0.9144
1250 0.9272
1250 0.9728
1250 0.9592
1250 0.9464
1250 0.9784
1250 0.9496
1250 0.9176
1250 0.936
1250 0.9592
1250 0.9104
1250 0.924
1250 0.956
1250 0.96
1250 0.9376
1250 0.944
1250 0.9504
1250 0.9752
1250 0.9456
1250 0.9464
1250 0.968
1300 0.991538
1300 0.982308
1300 0.929231
1300 0.941538
1300 0.978462
1300 0.970769
1300 0.943077
1300 0.98
1300 0.979231
1300 0.949231
1300 0.990769
1300 0.990769
1300 0.92
1300 0.872308
1300 0.936923
1300 0.917692
1300 0.936923
1300 0.935385
1300 0.949231
1300 0.978462
1300 0.968462
1300 0.961538
1300 0.87
1300 0.986154
1300 0.995385
1300 0.898462
1300 0.875385
1300 0.954615
1300 0.922308
1300 0.939231
1300 0.964615
1300 0.953077
1300 0.905385
1300 0.957692
1300 0.996154
1300 0.986154
1300 0.973846
1300 0.932308
1300 0.918462
1300 0.836923
1300 0.927692
1300 0.919231
1300 0.937692
1300 0.906923
1300 0.924615
1300 0.959231
1300 0.982308
1300 0.964615
1300 0.943846
1300 0.948462
1300 0.997692
1300 0.926923
1300 0.937692
1300 0.898462
1300 0.963077
1300 0.990769
1300 0.870769
1300 0.961538
1300 0.934615
1300 0.920769
1300 0.886923
1300 0.996923
1300 0.986154
1300 0.906154
1300 0.953846
1300 0.957692
1300 0.903077
1300 0.984615
1300 0.930769
1300 0.973077
1300 0.93
1300 0.815385
1300 0.952308
1300 0.935385
1300 0.941538
1350 0.934815
1350 0.978519
1350 0.944444
1350 0.954074
1350 0.937778
1350 0.965926
1350 0.931852
1350 0.966667
1350 0.991111
1350 0.865926
1350 0.97037
1350 0.973333
1350 0.977037
1350 0.952593
1350 0.92963
1350 0.966667
1350 0.872593
1350 0.98
1350 0.942963
1350 0.974815
1350 0.981481
1350 0.898519
1350 0.908148
1350 0.9
1350 0.91037
1350 0.919259
1350 0.911111
1350 0.934815
1350 0.954074
1350 0.958519
1350 0.963704
1350 0.855556
1350 0.947407
1350 0.940741
1350 0.951852
1350 0.968148
1350 0.944444
1350 0.916296
1350 0.961481
1350 0.963704
1350 0.913333
1350 0.942963
1350 0.98
1350 0.91037
1350 0.965926
1350 0.965926
1350 0.9
1350 0.96963
1350 0.940741
1350 0.945185
1350 0.968148
1350 0.919259
1350 0.91037
1350 0.927407
1350 0.981481
1350 0.915556
1350 0.888889
1350 0.944444
1350 0.94
1350 0.960741
1350 0.926667
1350 0.98
1350 0.994815
1350 0.86
1350 0.974815
1350 0.98963
1350 0.964444
1350 0.961481
1350 0.942963
1350 0.916296
1350 0.962222
1350 0.941481
1350 0.937778
1350 0.985185
1350 0.957037
1400 0.975
1400 0.963571
1400 0.895714
1400 0.946429
1400 0.907143
1400 0.949286
1400 0.942857
1400 0.950714
1400 0.909286
1400 0.988571
1400 0.922857
1400 0.940714
1400 0.970714
1400 0.948571
1400 0.956429
1400 0.885
1400 0.910714
1400 0.917857
1400 0.963571
1400 0.94
1400 0.977857
1400 0.97
1400 0.948571
1400 0.966429
1400 0.89
1400 0.885
1400 0.855714
1400 0.947143
1400 0.92
1400 0.917143
1400 0.972857
1400 0.915714
1400 0.978571
1400 0.897143
1400 0.968571
1400 0.945714
1400 0.920714
1400 0.967857
1400 0.970714
1400 0.923571
1400 0.987143
1400 0.947857
1400 0.96
1400 0.909286
1400 0.934286
1400 0.935714
1400 0.946429
1400 0.972857
1400 0.977143
1400 0.937143
1400 0.945714
1400 0.919286
1400 0.895714
1400 0.976429
1400 0.991429
1400 0.997143
1400 0.913571
1400 0.962143
1400 0.98
1400 0.942857
1400 0.890714
1400 0.925
1400 0.923571
1400 0.918571
1400 0.934286
1400 0.946429
1400 0.985
1400 0.980714
1400 0.942143
1400 0.939286
1400 0.906429
1400 0.977143
1400 0.955
1400 0.987143
1400 0.952143
1450 0.912414
1450 0.948966
1450 0.896552
1450 0.884138
1450 0.96069
1450 0.912414
1450 0.950345
1450 0.977931
1450 0.953793
1450 0.981379
1450 0.955862
1450 0.947586
1450 0.98069
1450 0.934483
1450 0.949655
1450 0.932414
1450 0.971034
1450 0.92069
1450 0.988966
1450 0.970345
1450 0.967586
1450 0.932414
1450 0.978621
1450 0.991034
1450 0.969655
1450 0.946207
1450 0.942759
1450 0.96
1450 0.957931
1450 0.922759
1450 0.957241
1450 0.96069
1450 0.929655
1450 0.893103
1450 0.966207
1450 0.994483
1450 0.943448
1450 0.990345
1450 0.855172
1450 0.953103
1450 0.909655
1450 0.850345
1450 0.957241
1450 0.902759
1450 0.783448
1450 0.967586
1450 0.96069
1450 0.926207
1450 0.912414
1450 0.908276
1450 0.917931
1450 0.968966
1450 0.991724
1450 0.971034
1450 0.970345
1450 0.891034
1450 0.944828
1450 0.975172
1450 0.903448
1450 0.945517
1450 0.957931
1450 0.946207
1450 0.950345
1450 0.992414
1450 0.907586
1450 0.926207
1450 0.953793
1450 0.944138
1450 0.866207
1450 0.926207
1450 0.942759
1450 0.948966
1450 0.942759
1450 0.917241
1450 0.93931
1500 0.962
1500 0.935333
1500 0.938
1500 0.967333
1500 0.92
1500 0.975333
1500 0.965333
1500 0.901333
1500 0.933333
1500 0.898
1500 0.842
1500 0.980667
1500 0.932
1500 0.912667
1500 0.887333
1500 0.972
1500 0.906667
1500 0.976
1500 0.928667
1500 0.929333
1500 0.930667
1500 0.936
1500 0.957333
1500 0.915333
1500 0.965333
1500 0.948667
1500 0.888
1500 0.954
1500 0.929333
1500 0.968
1500 0.941333
1500 0.989333
1500 0.938667
1500 0.957333
1500 0.933333
1500 0.942667
1500 0.983333
1500 0.892
1500 0.926
1500 0.982
1500 0.936667
1500 0.892667
1500 0.93
1500 0.884
1500 0.991333
1500 0.919333
1500 0.948
1500 0.990667
1500 0.901333
1500 0.95
1500 0.875333
1500 0.996667
1500 0.916
1500 0.932
1500 0.932
1500 0.972667
1500 0.902
1500 0.997333
1500 0.967333
1500 0.953333
1500 0.950667
1500 0.926
1500 0.919333
1500 0.985333
1500 0.940667
1500 0.970667
1500 0.962667
1500 0.970667
1500 0.940667
1500 0.956
1500 0.920667
1500 0.925333
1500 0.954667
1500 0.892667
1500 0.904
1550 0.967742
1550 0.956129
1550 0.906452
1550 0.967742
1550 0.970968
1550 0.944516
1550 0.905806
1550 0.955484
1550 0.967097
1550 0.670323
1550 0.949032
1550 0.915484
1550 0.89871
1550 0.951613
1550 0.956774
1550 0.972903
1550 0.927097
1550 0.918065
1550 0.974839
1550 0.985161
1550 0.90129
1550 0.930323
1550 0.934839
1550 0.943226
1550 0.950323
1550 0.970968
1550 0.936774
1550 0.915484
1550 0.942581
1550 0.943226
1550 0.968387
1550 0.964516
1550 0.950968
1550 0.944516
1550 0.960645
1550 0.949032
1550 0.958065
1550 0.929677
1550 0.986452
1550 0.982581
1550 0.921935
1550 0.921935
1550 0.937419
1550 0.934839
1550 0.977419
1550 0.96
1550 0.974839
1550 0.966452
1550 0.932903
1550 0.951613
1550 0.847097
1550 0.946452
1550 0.964516
1550 0.936129
1550 0.976774
1550 0.974194
1550 0.931613
1550 0.936774
1550 0.922581
1550 0.847097
1550 0.943871
1550 0.990323
1550 0.982581
1550 0.983226
1550 0.963871
1550 0.975484
1550 0.782581
1550 0.967742
1550 0.996129
1550 0.943871
1550 0.967097
1550 0.968387
1550 0.959355
1550 0.960645
1550 0.981935
1600 0.876875
1600 0.96875
1600 0.944375
1600 0.9125
1600 0.9975
1600 0.93125
1600 0.959375
1600 0.9375
1600 0.956875
1600 0.8825
1600 0.9375
1600 0.9525
1600 0.970625
1600 0.97875
1600 0.96125
1600 0.90375
1600 0.96875
1600 0.915
1600 0.878125
1600 0.933125
1600 0.945
1600 0.945625
1600 0.96625
1600 0.976875
1600 0.994375
1600 0.935625
1600 0.9525
1600 0.95375
1600 0.983125
1600 0.91375
1600 0.876875
1600 0.96625
1600 0.915
1600 0.92375
1600 0.944375
1600 0.951875
1600 0.904375
1600 0.915625
1600 0.970625
1600 0.9675
1600 0.919375
1600 0.961875
1600 0.976875
1600 0.9475
1600 0.9825
1600 0.97
1600 0.990625
1600 0.970625
1600 0.96375
1600 0.945
1600 0.948125
1600 0.943125
1600 0.959375
1600 0.9725
1600 0.97875
1600 0.9675
1600 0.9625
1600 0.993125
1600 0.958125
1600 0.993125
1600 0.896875
1600 0.923125
1600 0.9225
1600 0.951875
1600 0.9425
1600 0.9375
1600 0.965
1600 0.924375
1600 0.964375
1600 0.90375
1600 0.9475
1600 0.926875
1600 0.92125
1600 0.984375
1600 0.9025
1650 0.969091
1650 0.945455
1650 0.915758
1650 0.913939
1650 0.921818
1650 0.989697
1650 0.942424
1650 0.947273
1650 0.958182
1650 0.915758
1650 0.973939
1650 0.938182
1650 0.96
1650 0.956364
1650 0.935758
1650 0.889091
1650 0.921212
1650 0.955152
1650 0.955758
1650 0.943636
1650 0.846061
1650 0.910909
1650 0.959394
1650 0.969697
1650 0.899394
1650 0.906061
1650 0.967273
1650 0.95697
1650 0.966667
1650 0.907879
1650 0.965455
1650 0.866061
1650 0.997576
1650 0.944242
1650 0.935758
1650 0.964242
1650 0.948485
1650 0.901212
1650 0.858182
1650 0.935758
1650 0.981212
1650 0.963636
1650 0.899394
1650 0.902424
1650 0.991515
1650 0.96303
1650 0.907273
1650 0.930909
1650 0.931515
1650 0.952121
1650 0.946061
1650 0.998788
1650 0.944242
1650 0.910909
1650 0.991515
1650 0.938182
1650 0.912121
1650 0.974545
1650 0.973939
1650 0.844242
1650 0.941818
1650 0.974545
1650 0.950303
1650 0.909091
1650 0.883636
1650 0.957576
1650 0.958788
1650 0.955758
1650 0.950303
1650 0.93697
1650 0.821212
1650 0.933939
1650 0.978182
1650 0.876364
1650 0.935758
1700 0.954706
1700 0.972353
1700 0.940588
1700 0.964706
1700 0.932941
1700 0.915882
1700 0.931176
1700 0.897647
1700 0.927059
1700 0.912353
1700 0.96
1700 0.941176
1700 0.918235
1700 0.901765
1700 0.952941
1700 0.981176
1700 0.945882
1700 0.941765
1700 0.931765
1700 0.956471
1700 0.947647
1700 0.898824
1700 0.948235
1700 0.948824
1700 0.981176
1700 0.941765
1700 0.952941
1700 0.915294
1700 0.98
1700 0.915882
1700 0.941765
1700 0.935294
1700 0.960588
1700 0.917059
1700 0.959412
1700 0.957647
1700 0.981176
1700 0.98
1700 0.94
1700 0.922941
1700 0.939412
1700 0.904706
1700 0.958235
1700 0.940588
1700 0.970588
1700 0.933529
1700 0.914706
1700 0.958824
1700 0.971765
1700 0.972353
1700 0.915294
1700 0.977647
1700 0.925294
1700 0.956471
1700 0.981176
1700 0.930588
1700 0.918824
1700 0.935294
1700 0.916471
1700 0.939412
1700 0.945882
1700 0.947059
1700 0.911176
1700 0.905882
1700 0.997647
1700 0.952353
1700 0.957647
1700 0.971176
1700 0.939412
1700 0.951765
1700 0.928824
1700 0.936471
1700 0.954706
1700 0.971176
1700 0.996471
1750 0.956
1750 0.945143
1750 0.908
1750 0.915429
1750 0.952
1750 0.973143
1750 0.961714
1750 0.912571
1750 0.954286
1750 0.924571
1750 0.952
1750 0.963429
1750 0.94
1750 0.930286
1750 0.917714
1750 0.986857
1750 0.944
1750 0.956
1750 0.886286
1750 0.953714
1750 0.877143
1750 0.951429
1750 0.949714
1750 0.910286
1750 0.873714
1750 0.921714
1750 0.906857
1750 0.959429
1750 0.986857
1750 0.922286
1750 0.917143
1750 0.931429
1750 0.993143
1750 0.972571
1750 0.961143
1750 0.925143
1750 0.922286
1750 0.933143
1750 0.966286
1750 0.984
1750 0.966286
1750 0.94
1750 0.946286
1750 0.855429
1750 0.961143
1750 0.950286
1750 0.949714
1750 0.946286
1750 0.924
1750 0.946857
1750 0.861714
1750 0.978286
1750 0.953714
1750 0.948571
1750 0.986286
1750 0.969714
1750 0.957143
1750 0.913714
1750 0.959429
1750 0.961714
1750 0.997143
1750 0.930857
1750 0.937714
1750 0.974286
1750 0.920571
1750 1
1750 0.973714
1750 0.940571
1750 0.909714
1750 0.94
1750 0.521143
1750 0.936
1750 0.970857
1750 0.909143
1750 0.987429
1800 0.959444
1800 0.943333
1800 0.935
1800 0.910556
1800 0.938889
1800 0.918333
1800 0.952778
1800 0.953333
1800 0.915556
1800 0.922222
1800 0.916111
1800 0.933333
1800 0.996667
1800 0.947778
1800 0.957778
1800 0.951667
1800 0.955556
1800 0.945556
1800 0.896667
1800 0.900556
1800 0.992222
1800 0.985
1800 0.98
1800 0.945556
1800 0.941111
1800 0.947778
1800 0.969444
1800 0.956111
1800 0.992222
1800 0.941111
1800 0.941111
1800 0.997222
1800 0.943333
1800 0.975
1800 0.959444
1800 0.892778
1800 0.962778
1800 0.962778
1800 0.952222
1800 0.910556
1800 0.922222
1800 0.904444
1800 0.955
1800 0.966111
1800 0.989444
1800 0.952222
1800 0.968333
1800 0.915556
1800 0.935
1800 0.939444
1800 0.950556
1800 0.912778
1800 0.938889
1800 0.918889
1800 0.946667
1800 0.969444
1800 0.892778
1800 0.934444
1800 0.952222
1800 0.976111
1800 0.979444
1800 0.948333
1800 0.921667
1800 0.960556
1800 0.989444
1800 0.986111
1800 0.942222
1800 0.976111
1800 0.943889
1800 0.953889
1800 0.904444
1800 0.968333
1800 0.945556
1800 0.957222
1800 0.917778
1850 0.911351
1850 0.895676
1850 0.999459
1850 0.941622
1850 0.932973
1850 0.994054
1850 0.960541
1850 0.911892
1850 0.933514
1850 0.927027
1850 0.928108
1850 0.962703
1850 0.96973
1850 0.905405
1850 0.912432
1850 0.973514
1850 0.976216
1850 0.96973
1850 0.978919
1850 0.84973
1850 0.907568
1850 0.924324
1850 0.934054
1850 0.923243
1850 0.938919
1850 0.886486
1850 0.962703
1850 0.869189
1850 0.911892
1850 0.942162
1850 0.97027
1850 0.96973
1850 0.884324
1850 0.935135
1850 0.910811
1850 0.975135
1850 0.957297
1850 0.96973
1850 0.932432
1850 0.951892
1850 0.968108
1850 0.861622
1850 0.901081
1850 0.977297
1850 0.894595
1850 0.942162
1850 0.863784
1850 0.897838
1850 0.961081
1850 0.911351
1850 0.957297
1850 0.898919
1850 0.889189
1850 0.963784
1850 0.946486
1850 0.951351
1850 0.906486
1850 0.914595
1850 0.897838
1850 0.941081
1850 0.963784
1850 0.975676
1850 0.898378
1850 0.910811
1850 0.974595
1850 0.951892
1850 0.926486
1850 0.930811
1850 0.968649
1850 0.921622
1850 0.918378
1850 0.962703
1850 0.918919
1850 0.901081
1850 0.900541
1900 0.973684
1900 0.972105
1900 0.993684
1900 0.937895
1900 0.916842
1900 0.966842
1900 0.975263
1900 0.928947
1900 0.950526
1900 0.949474
1900 0.955263
1900 0.91
1900 0.941579
1900 0.910526
1900 0.962632
1900 0.956316
1900 0.92
1900 0.956842
1900 0.901053
1900 0.93
1900 0.962632
1900 0.973158
1900 0.925263
1900 0.942632
1900 0.914737
1900 0.951579
1900 0.925263
1900 0.943158
1900 0.985789
1900 0.974211
1900 0.944211
1900 0.968421
1900 0.991053
1900 0.95
1900 0.983684
1900 0.888947
1900 0.932632
1900 0.975263
1900 0.972105
1900 0.899474
1900 0.985789
1900 0.964211
1900 0.840526
1900 0.954211
1900 0.977895
1900 0.985263
1900 0.940526
1900 0.953684
1900 0.975789
1900 0.954737
1900 0.906316
1900 0.980526
1900 0.987895
1900 1
1900 0.974211
1900 0.974737
1900 0.941053
1900 0.925263
1900 0.957895
1900 0.965263
1900 0.966316
1900 0.92
1900 0.927368
1900 0.938421
1900 0.931053
1900 0.991579
1900 0.974737
1900 0.972105
1900 0.943158
1900 0.941579
1900 0.937895
1900 0.962632
1900 0.942632
1900 0.977895
1900 0.942632
1950 0.992308
1950 0.967179
1950 0.964103
1950 0.925641
1950 0.962051
1950 0.989231
1950 0.968718
1950 0.971795
1950 0.959487
1950 0.889744
1950 0.967692
1950 0.941538
1950 0.928718
1950 0.765641
1950 0.95641
1950 0.955385
1950 0.922564
1950 0.957436
1950 0.928718
1950 0.937436
1950 0.932308
1950 0.956923
1950 0.937949
1950 0.957949
1950 0.968205
1950 0.948718
1950 0.886667
1950 0.930256
1950 0.852821
1950 0.925641
1950 0.930256
1950 0.947692
1950 0.931282
1950 0.958462
1950 0.961026
1950 0.990769
1950 0.946154
1950 0.968205
1950 0.955385
1950 0.93641
1950 0.96359
1950 0.985128
1950 0.906667
1950 0.981026
1950 0.914359
1950 0.949744
1950 0.946154
1950 0.985641
1950 0.937436
1950 0.953846
1950 0.928205
1950 0.984103
1950 0.893846
1950 0.919487
1950 0.930769
1950 0.796923
1950 0.928205
1950 0.892308
1950 0.984103
1950 0.907692
1950 0.976923
1950 0.930256
1950 0.959487
1950 0.976923
1950 0.954359
1950 0.957436
1950 0.887692
1950 0.932821
1950 0.944615
1950 0.963077
1950 0.955897
1950 0.883077
1950 0.987692
1950 0.928205
1950 0.990769
2000 0.931
2000 0.995
2000 0.9895
2000 0.9815
2000 0.9575
2000 0.9115
2000 0.911
2000 0.8275
2000 0.9325
2000 0.9265
2000 0.9045
2000 1
2000 0.9765
2000 0.932
2000 0.9485
2000 0.9765
2000 0.9965
2000 0.966
2000 0.9165
2000 0.938
2000 0.9855
2000 0.9505
2000 0.995
2000 0.874
2000 0.9615
2000 0.9395
2000 0.948
2000 0.976
2000 0.947
2000 0.9415
2000 0.94
2000 0.9945
2000 0.9645
2000 0.9485
2000 0.9735
2000 0.9755
2000 0.972
2000 0.986
2000 0.9065
2000 0.9365
2000 0.918
2000 0.9565
2000 0.919
2000 0.9745
2000 0.927
2000 0.981
2000 0.903
2000 0.9335
2000 0.9585
2000 0.9885
2000 0.993
2000 0.9365
2000 0.9095
2000 0.911
2000 0.8885
2000 0.937
2000 0.98
2000 0.9725
2000 0.9755
2000 0.9465
2000 0.9745
2000 0.9695
2000 0.9945
2000 0.971
2000 0.9665
2000 0.9445
2000 0.8575
2000 0.9805
2000 0.961
2000 0.9475
2000 0.9485
2000 0.9825
2000 0.986
2000 0.974
2000 0.9625
