50 0.04
50 0.52
50 0.1
50 0.18
50 0.22
50 0.68
50 0.4
50 0.5
50 0
50 0.28
50 0
50 0.18
50 0
50 0.12
50 0
50 0
50 0
50 0.62
50 0
50 0.1
50 0.26
50 0.02
50 0
50 0
50 0
50 0.82
50 0.28
50 0.4
50 0.38
50 0.14
50 0
50 0.28
50 0
50 0
50 0.02
50 0.3
50 0
50 0.68
50 0
50 0
50 0.04
50 0.2
50 0.18
50 0.66
50 0.14
50 0.62
50 0.18
50 0.42
50 0.28
50 0.28
50 0.46
50 0.24
50 0.68
50 0.02
50 0.62
50 0.18
50 0.5
50 0.04
50 0.1
50 0
50 0.38
50 0.2
50 0.2
50 0
50 0.6
50 0.4
50 0.12
50 0.02
50 0.46
50 0.12
50 0
50 0.26
50 0.36
50 0.66
50 0.02
100 0.37
100 0.24
100 0.16
100 0.1
100 0.66
100 0.66
100 0.5
100 0.2
100 0.73
100 0.31
100 0.55
100 0.46
100 0.2
100 0.2
100 0.61
100 0.34
100 0.54
100 0.43
100 0.49
100 0.53
100 0.72
100 0.58
100 0.52
100 0.49
100 0.43
100 0.17
100 0.14
100 0.58
100 0.17
100 0.5
100 0.67
100 0.38
100 0.45
100 0.54
100 0.69
100 0.46
100 0.62
100 0.31
100 0.23
100 0.49
100 0.36
100 0.26
100 0.24
100 0.55
100 0.4
100 0.56
100 0.28
100 0.71
100 0.13
100 0.4
100 0.29
100 0.36
100 0.3
100 0.32
100 0.57
100 0.69
100 0.6
100 0.29
100 0.4
100 0.41
100 0.75
100 0.33
100 0.55
100 0.62
100 0.54
100 0.09
100 0.77
100 0.33
100 0.5
100 0.71
100 0.38
100 0.65
100 0.44
100 0.07
100 0.45
150 0.566667
150 0.633333
150 0.72
150 0.493333
150 0.366667
150 0.48
150 0.466667
150 0.546667
150 0.693333
150 0.56
150 0.606667
150 0.58
150 0.466667
150 0.413333
150 0.473333
150 0.693333
150 0.513333
150 0.186667
150 0.453333
150 0.46
150 0.513333
150 0.56
150 0.406667
150 0.34
150 0.766667
150 0.646667
150 0.566667
150 0.346667
150 0.566667
150 0.7
150 0.766667
150 0.346667
150 0.773333
150 0.573333
150 0.693333
150 0.72
150 0.393333
150 0.446667
150 0.48
150 0.526667
150 0.573333
150 0.226667
150 0.36
150 0.753333
150 0.24
150 0.353333
150 0.48
150 0.333333
150 0.693333
150 0.3
150 0.6
150 0.353333
150 0.493333
150 0.653333
150 0.54
150 0.666667
150 0.426667
150 0.58
150 0.36
150 0.52
150 0.806667
150 0.52
150 0.433333
150 0.173333
150 0.62
150 0.32
150 0.34
150 0.373333
150 0.533333
150 0.313333
150 0.68
150 0.34
150 0.693333
150 0.46
150 0.7
200 0.36
200 0.315
200 0.67
200 0.69
200 0.68
200 0.605
200 0.445
200 0.82
200 0.605
200 0.62
200 0.77
200 0.745
200 0.545
200 0.71
200 0.545
200 0.635
200 0.705
200 0.78
200 0.545
200 0.73
200 0.695
200 0.745
200 0.315
200 0.585
200 0.65
200 0.68
200 0.875
200 0.545
200 0.37
200 0.745
200 0.72
200 0.45
200 0.695
200 0.635
200 0.73
200 0.695
200 0.265
200 0.56
200 0.515
200 0.465
200 0.55
200 0.805
200 0.59
200 0.64
200 0.555
200 0.71
200 0.775
200 0.735
200 0.705
200 0.57
200 0.215
200 0.315
200 0.465
200 0.66
200 0.61
200 0.47
200 0.61
200 0.515
200 0.705
200 0.58
200 0.285
200 0.75
200 0.6
200 0.565
200 0.78
200 0.69
200 0.31
200 0.71
200 0.615
200 0.695
200 0.73
200 0.605
200 0.405
200 0.6
200 0.61
250 0.704
250 0.64
250 0.74
250 0.592
250 0.328
250 0.468
250 0.848
250 0.332
250 0.64
250 0.636
250 0.168
250 0.428
250 0.7
250 0.512
250 0.38
250 0.8
250 0.652
250 0.48
250 0.688
250 0.764
250 0.808
250 0.436
250 0.508
250 0.412
250 0.876
250 0.736
250 0.82
250 0.744
250 0.488
250 0.748
250 0.664
250 0.576
250 0.528
250 0.436
250 0.66
250 0.772
250 0.444
250 0.66
250 0.58
250 0.376
250 0.432
250 0.356
250 0.76
250 0.336
250 0.6
250 0.684
250 0.788
250 0.572
250 0.836
250 0.784
250 0.748
250 0.656
250 0.588
250 0.62
250 0.768
250 0.5
250 0.788
250 0.096
250 0.624
250 0.724
250 0.636
250 0.708
250 0.82
250 0.484
250 0.2
250 0.744
250 0.688
250 0.808
250 0.788
250 0.632
250 0.544
250 0.28
250 0.728
250 0.72
250 0.768
300 0.34
300 0.636667
300 0.7
300 0.72
300 0.576667
300 0.606667
300 0.63
300 0.216667
300 0.55
300 0.723333
300 0.596667
300 0.66
300 0.786667
300 0.693333
300 0.703333
300 0.67
300 0.276667
300 0.32
300 0.663333
300 0.643333
300 0.546667
300 0.503333
300 0.63
300 0.713333
300 0.336667
300 0.74
300 0.743333
300 0.81
300 0.743333
300 0.37
300 0.596667
300 0.68
300 0.546667
300 0.67
300 0.66
300 0.563333
300 0.546667
300 0.776667
300 0.336667
300 0.656667
300 0.76
300 0.77
300 0.763333
300 0.613333
300 0.68
300 0.563333
300 0.586667
300 0.603333
300 0.746667
300 0.503333
300 0.606667
300 0.653333
300 0.676667
300 0.486667
300 0.72
300 0.68
300 0.55
300 0.463333
300 0.626667
300 0.673333
300 0.47
300 0.833333
300 0.743333
300 0.626667
300 0.736667
300 0.563333
300 0.486667
300 0.81
300 0.56
300 0.623333
300 0.58
300 0.403333
300 0.603333
300 0.773333
300 0.77
350 0.742857
350 0.782857
350 0.665714
350 0.645714
350 0.757143
350 0.531429
350 0.702857
350 0.28
350 0.814286
350 0.78
350 0.771429
350 0.688571
350 0.825714
350 0.545714
350 0.765714
350 0.674286
350 0.645714
350 0.797143
350 0.522857
350 0.731429
350 0.491429
350 0.671429
350 0.608571
350 0.777143
350 0.817143
350 0.757143
350 0.52
350 0.514286
350 0.845714
350 0.705714
350 0.602857
350 0.711429
350 0.585714
350 0.765714
350 0.757143
350 0.731429
350 0.64
350 0.522857
350 0.78
350 0.782857
350 0.64
350 0.802857
350 0.428571
350 0.228571
350 0.748571
350 0.86
350 0.514286
350 0.454286
350 0.331429
350 0.671429
350 0.742857
350 0.457143
350 0.805714
350 0.482857
350 0.837143
350 0.674286
350 0.554286
350 0.762857
350 0.797143
350 0.671429
350 0.78
350 0.777143
350 0.405714
350 0.754286
350 0.394286
350 0.74
350 0.66
350 0.768571
350 0.737143
350 0.757143
350 0.617143
350 0.751429
350 0.368571
350 0.565714
350 0.685714
400 0.8125
400 0.575
400 0.735
400 0.745
400 0.78
400 0.5975
400 0.795
400 0.5025
400 0.7725
400 0.6125
400 0.855
400 0.715
400 0.595
400 0.7275
400 0.8175
400 0.745
400 0.68
400 0.585
400 0.75
400 0.6675
400 0.3675
400 0.7525
400 0.445
400 0.7025
400 0.6025
400 0.84
400 0.4625
400 0.4775
400 0.56
400 0.7725
400 0.47
400 0.625
400 0.7425
400 0.6925
400 0.5625
400 0.8
400 0.7275
400 0.395
400 0.7725
400 0.805
400 0.8525
400 0.725
400 0.79
400 0.5
400 0.8125
400 0.6775
400 0.715
400 0.3575
400 0.77
400 0.785
400 0.78
400 0.7925
400 0.73
400 0.6625
400 0.5875
400 0.6725
400 0.6775
400 0.75
400 0.52
400 0.8
400 0.81
400 0.6725
400 0.68
400 0.3675
400 0.7575
400 0.67
400 0.6225
400 0.7725
400 0.8325
400 0.645
400 0.7275
400 0.6325
400 0.61
400 0.625
400 0.6725
450 0.737778
450 0.788889
450 0.622222
450 0.571111
450 0.551111
450 0.826667
450 0.511111
450 0.788889
450 0.677778
450 0.74
450 0.822222
450 0.797778
450 0.315556
450 0.757778
450 0.717778
450 0.517778
450 0.557778
450 0.755556
450 0.608889
450 0.751111
450 0.84
450 0.695556
450 0.588889
450 0.542222
450 0.577778
450 0.568889
450 0.446667
450 0.631111
450 0.748889
450 0.617778
450 0.74
450 0.715556
450 0.535556
450 0.768889
450 0.542222
450 0.704444
450 0.624444
450 0.753333
450 0.731111
450 0.688889
450 0.684444
450 0.702222
450 0.662222
450 0.791111
450 0.582222
450 0.766667
450 0.753333
450 0.737778
450 0.828889
450 0.617778
450 0.673333
450 0.786667
450 0.706667
450 0.74
450 0.528889
450 0.831111
450 0.337778
450 0.724444
450 0.342222
450 0.826667
450 0.884444
450 0.862222
450 0.682222
450 0.746667
450 0.782222
450 0.653333
450 0.786667
450 0.553333
450 0.748889
450 0.657778
450 0.675556
450 0.788889
450 0.844444
450 0.646667
450 0.513333
500 0.694
500 0.758
500 0.588
500 0.794
500 0.78
500 0.626
500 0.798
500 0.85
500 0.748
500 0.47
500 0.658
500 0.464
500 0.682
500 0.724
500 0.602
500 0.592
500 0.856
500 0.382
500 0.816
500 0.772
500 0.8
500 0.71
500 0.856
500 0.68
500 0.724
500 0.452
500 0.834
500 0.698
500 0.764
500 0.348
500 0.614
500 0.826
500 0.796
500 0.748
500 0.724
500 0.764
500 0.706
500 0.518
500 0.556
500 0.48
500 0.874
500 0.692
500 0.752
500 0.764
500 0.828
500 0.75
500 0.826
500 0.672
500 0.726
500 0.516
500 0.686
500 0.824
500 0.786
500 0.534
500 0.73
500 0.478
500 0.772
500 0.492
500 0.77
500 0.834
500 0.798
500 0.726
500 0.616
500 0.712
500 0.614
500 0.606
500 0.644
500 0.736
500 0.68
500 0.806
500 0.598
500 0.842
500 0.576
500 0.752
500 0.568
550 0.612727
550 0.794545
550 0.754545
550 0.68
550 0.661818
550 0.790909
550 0.763636
550 0.694545
550 0.681818
550 0.812727
550 0.767273
550 0.647273
550 0.538182
550 0.707273
550 0.8
550 0.810909
550 0.672727
550 0.638182
550 0.830909
550 0.603636
550 0.812727
550 0.581818
550 0.494545
550 0.763636
550 0.796364
550 0.710909
550 0.592727
550 0.62
550 0.743636
550 0.781818
550 0.743636
550 0.441818
550 0.7
550 0.0363636
550 0.698182
550 0.690909
550 0.603636
550 0.432727
550 0.581818
550 0.661818
550 0.681818
550 0.743636
550 0.621818
550 0.501818
550 0.818182
550 0.732727
550 0.430909
550 0.676364
550 0.763636
550 0.6
550 0.818182
550 0.845455
550 0.536364
550 0.554545
550 0.530909
550 0.558182
550 0.834545
550 0.758182
550 0.776364
550 0.674545
550 0.74
550 0.78
550 0.765455
550 0.783636
550 0.725455
550 0.729091
550 0.621818
550 0.827273
550 0.745455
550 0.734545
550 0.8
550 0.681818
550 0.730909
550 0.767273
550 0.78
600 0.805
600 0.815
600 0.583333
600 0.651667
600 0.265
600 0.71
600 0.735
600 0.798333
600 0.715
600 0.738333
600 0.701667
600 0.68
600 0.68
600 0.651667
600 0.485
600 0.603333
600 0.721667
600 0.786667
600 0.748333
600 0.628333
600 0.631667
600 0.75
600 0.62
600 0.82
600 0.645
600 0.713333
600 0.615
600 0.71
600 0.493333
600 0.538333
600 0.721667
600 0.835
600 0.698333
600 0.776667
600 0.64
600 0.648333
600 0.768333
600 0.633333
600 0.801667
600 0.648333
600 0.861667
600 0.818333
600 0.746667
600 0.751667
600 0.841667
600 0.85
600 0.658333
600 0.666667
600 0.741667
600 0.773333
600 0.678333
600 0.57
600 0.825
600 0.583333
600 0.781667
600 0.77
600 0.76
600 0.573333
600 0.601667
600 0.653333
600 0.805
600 0.87
600 0.86
600 0.698333
600 0.765
600 0.668333
600 0.693333
600 0.781667
600 0.736667
600 0.623333
600 0.77
600 0.785
600 0.7
600 0.761667
600 0.473333
650 0.812308
650 0.272308
650 0.698462
650 0.716923
650 0.629231
650 0.770769
650 0.775385
650 0.761538
650 0.778462
650 0.687692
650 0.629231
650 0.716923
650 0.818462
650 0.563077
650 0.607692
650 0.696923
650 0.818462
650 0.636923
650 0.544615
650 0.730769
650 0.653846
650 0.66
650 0.784615
650 0.932308
650 0.801538
650 0.778462
650 0.669231
650 0.612308
650 0.715385
650 0.521538
650 0.650769
650 0.743077
650 0.615385
650 0.787692
650 0.813846
650 0.715385
650 0.392308
650 0.629231
650 0.746154
650 0.809231
650 0.696923
650 0.693846
650 0.821538
650 0.592308
650 0.733846
650 0.733846
650 0.761538
650 0.644615
650 0.524615
650 0.618462
650 0.816923
650 0.692308
650 0.926154
650 0.610769
650 0.666154
650 0.598462
650 0.784615
650 0.335385
650 0.689231
650 0.533846
650 0.689231
650 0.810769
650 0.738462
650 0.841538
650 0.593846
650 0.823077
650 0.712308
650 0.850769
650 0.847692
650 0.749231
650 0.843077
650 0.598462
650 0.863077
650 0.872308
650 0.756923
700 0.751429
700 0.797143
700 0.778571
700 0.358571
700 0.841429
700 0.747143
700 0.648571
700 0.828571
700 0.852857
700 0.764286
700 0.562857
700 0.552857
700 0.721429
700 0.728571
700 0.737143
700 0.665714
700 0.778571
700 0.73
700 0.621429
700 0.634286
700 0.754286
700 0.764286
700 0.772857
700 0.682857
700 0.797143
700 0.792857
700 0.535714
700 0.704286
700 0.805714
700 0.784286
700 0.601429
700 0.705714
700 0.801429
700 0.637143
700 0.742857
700 0.617143
700 0.705714
700 0.695714
700 0.624286
700 0.687143
700 0.701429
700 0.758571
700 0.718571
700 0.735714
700 0.634286
700 0.797143
700 0.624286
700 0.468571
700 0.667143
700 0.805714
700 0.375714
700 0.747143
700 0.871429
700 0.794286
700 0.73
700 0.762857
700 0.764286
700 0.581429
700 0.765714
700 0.775714
700 0.648571
700 0.661429
700 0.724286
700 0.66
700 0.608571
700 0.784286
700 0.747143
700 0.785714
700 0.72
700 0.605714
700 0.81
700 0.811429
700 0.611429
700 0.88
700 0.917143
750 0.776
750 0.74
750 0.794667
750 0.742667
750 0.601333
750 0.662667
750 0.778667
750 0.678667
750 0.656
750 0.752
750 0.64
750 0.824
750 0.818667
750 0.548
750 0.838667
750 0.777333
750 0.638667
750 0.614667
750 0.752
750 0.701333
750 0.72
750 0.584
750 0.672
750 0.849333
750 0.734667
750 0.648
750 0.661333
750 0.605333
750 0.521333
750 0.618667
750 0.441333
750 0.724
750 0.512
750 0.629333
750 0.72
750 0.748
750 0.782667
750 0.773333
750 0.552
750 0.757333
750 0.546667
750 0.592
750 0.738667
750 0.752
750 0.665333
750 0.721333
750 0.670667
750 0.812
750 0.713333
750 0.770667
750 0.770667
750 0.712
750 0.732
750 0.756
750 0.806667
750 0.846667
750 0.517333
750 0.7
750 0.802667
750 0.557333
750 0.749333
750 0.678667
750 0.545333
750 0.717333
750 0.584
750 0.770667
750 0.664
750 0.768
750 0.649333
750 0.769333
750 0.812
750 0.706667
750 0.737333
750 0.762667
750 0.78
800 0.82875
800 0.735
800 0.645
800 0.7175
800 0.795
800 0.69
800 0.3825
800 0.7775
800 0.6475
800 0.69
800 0.7125
800 0.80125
800 0.84
800 0.61
800 0.72
800 0.72625
800 0.7875
800 0.7175
800 0.76125
800 0.85
800 0.65625
800 0.72125
800 0.75125
800 0.69875
800 0.7
800 0.68375
800 0.53625
800 0.58375
800 0.7525
800 0.78875
800 0.64875
800 0.7775
800 0.72875
800 0.78
800 0.75375
800 0.71
800 0.51625
800 0.49
800 0.585
800 0.76
800 0.81625
800 0.7625
800 0.7675
800 0.54
800 0.72375
800 0.66375
800 0.63625
800 0.72625
800 0.66
800 0.74
800 0.70625
800 0.82
800 0.8375
800 0.7975
800 0.625
800 0.52375
800 0.5275
800 0.62125
800 0.75875
800 0.7225
800 0.755
800 0.83625
800 0.7
800 0.70125
800 0.69125
800 0.83125
800 0.4325
800 0.8475
800 0.74375
800 0.73375
800 0.835
800 0.52875
800 0.6175
800 0.74
800 0.80875
850 0.717647
850 0.783529
850 0.861176
850 0.569412
850 0.583529
850 0.803529
850 0.58
850 0.801176
850 0.508235
850 0.402353
850 0.655294
850 0.644706
850 0.825882
850 0.734118
850 0.715294
850 0.797647
850 0.752941
850 0.778824
850 0.627059
850 0.738824
850 0.752941
850 0.794118
850 0.765882
850 0.565882
850 0.789412
850 0.754118
850 0.382353
850 0.452941
850 0.830588
850 0.684706
850 0.567059
850 0.776471
850 0.682353
850 0.716471
850 0.710588
850 0.768235
850 0.608235
850 0.790588
850 0.708235
850 0.516471
850 0.755294
850 0.703529
850 0.717647
850 0.730588
850 0.655294
850 0.676471
850 0.757647
850 0.587059
850 0.715294
850 0.808235
850 0.738824
850 0.771765
850 0.529412
850 0.774118
850 0.722353
850 0.581176
850 0.688235
850 0.650588
850 0.777647
850 0.7
850 0.728235
850 0.728235
850 0.758824
850 0.714118
850 0.572941
850 0.804706
850 0.862353
850 0.777647
850 0.583529
850 0.631765
850 0.768235
850 0.790588
850 0.707059
850 0.734118
850 0.56
900 0.748889
900 0.438889
900 0.806667
900 0.67
900 0.808889
900 0.688889
900 0.685556
900 0.724444
900 0.837778
900 0.635556
900 0.736667
900 0.794444
900 0.653333
900 0.765556
900 0.745556
900 0.72
900 0.521111
900 0.743333
900 0.825556
900 0.834444
900 0.556667
900 0.741111
900 0.677778
900 0.807778
900 0.547778
900 0.738889
900 0.74
900 0.797778
900 0.618889
900 0.752222
900 0.751111
900 0.857778
900 0.614444
900 0.572222
900 0.485556
900 0.801111
900 0.841111
900 0.81
900 0.707778
900 0.782222
900 0.714444
900 0.674444
900 0.467778
900 0.678889
900 0.675556
900 0.632222
900 0.793333
900 0.777778
900 0.784444
900 0.737778
900 0.623333
900 0.733333
900 0.595556
900 0.555556
900 0.825556
900 0.526667
900 0.833333
900 0.755556
900 0.814444
900 0.694444
900 0.633333
900 0.793333
900 0.676667
900 0.691111
900 0.596667
900 0.85
900 0.825556
900 0.734444
900 0.761111
900 0.624444
900 0.721111
900 0.782222
900 0.837778
900 0.841111
900 0.783333
950 0.694737
950 0.823158
950 0.734737
950 0.750526
950 0.644211
950 0.681053
950 0.709474
950 0.72
950 0.552632
950 0.730526
950 0.476842
950 0.667368
950 0.861053
950 0.796842
950 0.833684
950 0.749474
950 0.841053
950 0.854737
950 0.818947
950 0.532632
950 0.817895
950 0.576842
950 0.747368
950 0.772632
950 0.729474
950 0.752632
950 0.723158
950 0.728421
950 0.818947
950 0.788421
950 0.853684
950 0.778947
950 0.963158
950 0.612632
950 0.6
950 0.601053
950 0.516842
950 0.601053
950 0.798947
950 0.492632
950 0.763158
950 0.741053
950 0.7
950 0.738947
950 0.713684
950 0.725263
950 0.715789
950 0.628421
950 0.697895
950 0.743158
950 0.784211
950 0.874737
950 0.688421
950 0.816842
950 0.504211
950 0.772632
950 0.766316
950 0.786316
950 0.765263
950 0.717895
950 0.594737
950 0.798947
950 0.86
950 0.589474
950 0.749474
950 0.537895
950 0.72
950 0.794737
950 0.711579
950 0.66
950 0.787368
950 0.674737
950 0.648421
950 0.572632
950 0.730526
1000 0.699
1000 0.662
1000 0.797
1000 0.78
1000 0.819
1000 0.708
1000 0.55
1000 0.722
1000 0.731
1000 0.559
1000 0.653
1000 0.568
1000 0.652
1000 0.827
1000 0.535
1000 0.775
1000 0.708
1000 0.656
1000 0.749
1000 0.724
1000 0.742
1000 0.677
1000 0.543
1000 0.664
1000 0.698
1000 0.646
1000 0.762
1000 0.694
1000 0.783
1000 0.762
1000 0.737
1000 0.87
1000 0.63
1000 0.406
1000 0.686
1000 0.828
1000 0.692
1000 0.796
1000 0.778
1000 0.824
1000 0.727
1000 0.781
1000 0.77
1000 0.6
1000 0.781
1000 0.756
1000 0.613
1000 0.81
1000 0.762
1000 0.765
1000 0.763
1000 0.769
1000 0.724
1000 0.809
1000 0.784
1000 0.728
1000 0.773
1000 0.74
1000 0.79
1000 0.74
1000 0.853
1000 0.695
1000 0.825
1000 0.735
1000 0.731
1000 0.611
1000 0.661
1000 0.626
1000 0.759
1000 0.883
1000 0.798
1000 0.73
1000 0.766
1000 0.622
1000 0.747
1050 0.717143
1050 0.642857
1050 0.388571
1050 0.731429
1050 0.180952
1050 0.788571
1050 0.719048
1050 0.444762
1050 0.78
1050 0.753333
1050 0.829524
1050 0.751429
1050 0.682857
1050 0.8
1050 0.745714
1050 0.733333
1050 0.679048
1050 0.798095
1050 0.780952
1050 0.658095
1050 0.698095
1050 0.711429
1050 0.642857
1050 0.6
1050 0.745714
1050 0.715238
1050 0.608571
1050 0.614286
1050 0.773333
1050 0.732381
1050 0.629524
1050 0.809524
1050 0.64381
1050 0.869524
1050 0.764762
1050 0.764762
1050 0.839048
1050 0.759048
1050 0.651429
1050 0.542857
1050 0.827619
1050 0.786667
1050 0.380952
1050 0.737143
1050 0.812381
1050 0.794286
1050 0.727619
1050 0.813333
1050 0.799048
1050 0.555238
1050 0.728571
1050 0.582857
1050 0.695238
1050 0.566667
1050 0.838095
1050 0.594286
1050 0.60381
1050 0.78381
1050 0.713333
1050 0.805714
1050 0.80381
1050 0.72
1050 0.662857
1050 0.750476
1050 0.660952
1050 0.740952
1050 0.618095
1050 0.580952
1050 0.704762
1050 0.511429
1050 0.786667
1050 0.829524
1050 0.697143
1050 0.795238
1050 0.59619
1100 0.750909
1100 0.659091
1100 0.754545
1100 0.866364
1100 0.827273
1100 0.724545
1100 0.77
1100 0.788182
1100 0.716364
1100 0.639091
1100 0.785455
1100 0.750909
1100 0.727273
1100 0.748182
1100 0.751818
1100 0.707273
1100 0.673636
1100 0.808182
1100 0.701818
1100 0.630909
1100 0.73
1100 0.841818
1100 0.761818
1100 0.69
1100 0.790909
1100 0.678182
1100 0.700909
1100 0.610909
1100 0.869091
1100 0.8
1100 0.772727
1100 0.72
1100 0.817273
1100 0.721818
1100 0.72
1100 0.79
1100 0.713636
1100 0.704545
1100 0.732727
1100 0.778182
1100 0.880909
1100 0.753636
1100 0.752727
1100 0.784545
1100 0.764545
1100 0.716364
1100 0.688182
1100 0.673636
1100 0.830909
1100 0.762727
1100 0.642727
1100 0.873636
1100 0.635455
1100 0.768182
1100 0.801818
1100 0.59
1100 0.685455
1100 0.836364
1100 0.689091
1100 0.702727
1100 0.66
1100 0.719091
1100 0.61
1100 0.756364
1100 0.814545
1100 0.801818
1100 0.674545
1100 0.742727
1100 0.739091
1100 0.768182
1100 0.78
1100 0.747273
1100 0.743636
1100 0.856364
1100 0.216364
1150 0.645217
1150 0.696522
1150 0.734783
1150 0.865217
1150 0.466957
1150 0.821739
1150 0.762609
1150 0.683478
1150 0.64087
1150 0.623478
1150 0.754783
1150 0.826087
1150 0.415652
1150 0.655652
1150 0.566957
1150 0.737391
1150 0.689565
1150 0.787826
1150 0.771304
1150 0.744348
1150 0.627826
1150 0.809565
1150 0.856522
1150 0.793043
1150 0.507826
1150 0.715652
1150 0.54087
1150 0.76
1150 0.571304
1150 0.790435
1150 0.796522
1150 0.83913
1150 0.478261
1150 0.612174
1150 0.814783
1150 0.82087
1150 0.82
1150 0.717391
1150 0.866957
1150 0.735652
1150 0.602609
1150 0.631304
1150 0.494783
1150 0.583478
1150 0.616522
1150 0.531304
1150 0.76
1150 0.725217
1150 0.817391
1150 0.835652
1150 0.615652
1150 0.627826
1150 0.781739
1150 0.838261
1150 0.68087
1150 0.734783
1150 0.704348
1150 0.651304
1150 0.74087
1150 0.866957
1150 0.744348
1150 0.726957
1150 0.858261
1150 0.696522
1150 0.810435
1150 0.494783
1150 0.787826
1150 0.868696
1150 0.82
1150 0.768696
1150 0.798261
1150 0.716522
1150 0.73913
1150 0.814783
1150 0.855652
1200 0.650833
1200 0.689167
1200 0.5975
1200 0.566667
1200 0.708333
1200 0.713333
1200 0.548333
1200 0.724167
1200 0.74
1200 0.705833
1200 0.623333
1200 0.770833
1200 0.801667
1200 0.713333
1200 0.4725
1200 0.7425
1200 0.46
1200 0.7675
1200 0.846667
1200 0.7125
1200 0.574167
1200 0.780833
1200 0.489167
1200 0.831667
1200 0.689167
1200 0.5725
1200 0.781667
1200 0.7675
1200 0.735
1200 0.769167
1200 0.875
1200 0.758333
1200 0.810833
1200 0.690833
1200 0.699167
1200 0.811667
1200 0.745833
1200 0.8175
1200 0.6325
1200 0.72
1200 0.685
1200 0.62
1200 0.524167
1200 0.790833
1200 0.894167
1200 0.765
1200 0.7125
1200 0.7175
1200 0.695833
1200 0.7475
1200 0.7775
1200 0.679167
1200 0.7325
1200 0.621667
1200 0.643333
1200 0.759167
1200 0.746667
1200 0.715
1200 0.8075
1200 0.815
1200 0.750833
1200 0.799167
1200 0.856667
1200 0.6925
1200 0.786667
1200 0.665833
1200 0.6475
1200 0.7425
1200 0.703333
1200 0.656667
1200 0.755833
1200 0.675833
1200 0.665833
1200 0.691667
1200 0.8775
1250 0.7136
1250 0.7968
1250 0.7552
1250 0.7312
1250 0.7568
1250 0.648
1250 0.46
1250 0.7464
1250 0.7472
1250 0.6864
1250 0.7512
1250 0.8072
1250 0.6256
1250 0.7568
1250 0.6992
1250 0.7928
1250 0.8272
1250 0.5168
1250 0.5696
1250 0.7248
1250 0.7096
1250 0.732
1250 0.7848
1250 0.612
1250 0.7696
1250 0.7088
1250 0.7984
1250 0.652
1250 0.488
1250 0.7296
1250 0.748
1250 0.6632
1250 0.7832
1250 0.6328
1250 0.7968
1250 0.8128
1250 0.7048
1250 0.8416
1250 0.7432
1250 0.6592
1250 0.8432
1250 0.8608
1250 0.7512
1250 0.7248
1250 0.7648
1250 0.6728
1250 0.6632
1250 0.7976
1250 0.6216
1250 0.7856
1250 0.8616
1250 0.612
1250 0.848
1250 0.7208
1250 0.744
1250 0.8912
1250 0.7048
1250 0.6736
1250 0.7168
1250 0.5464
1250 0.7544
1250 0.6712
1250 0.7192
1250 0.7928
1250 0.7104
1250 0.608
1250 0.6616
1250 0.7696
1250 0.6432
1250 0.8344
1250 0.6952
1250 0.4472
1250 0.6288
1250 0.752
1250 0.7976
1300 0.843077
1300 0.781538
1300 0.774615
1300 0.696923
1300 0.776154
1300 0.833846
1300 0.707692
1300 0.787692
1300 0.638462
1300 0.836923
1300 0.616154
1300 0.746154
1300 0.721538
1300 0.847692
1300 0.79
1300 0.805385
1300 0.766154
1300 0.733077
1300 0.566923
1300 0.689231
1300 0.754615
1300 0.496154
1300 0.491538
1300 0.777692
1300 0.813846
1300 0.710769
1300 0.616923
1300 0.783846
1300 0.784615
1300 0.707692
1300 0.591538
1300 0.823077
1300 0.697692
1300 0.688462
1300 0.571538
1300 0.709231
1300 0.75
1300 0.770769
1300 0.569231
1300 0.707692
1300 0.78
1300 0.708462
1300 0.740769
1300 0.719231
1300 0.82
1300 0.648462
1300 0.767692
1300 0.875385
1300 0.852308
1300 0.793846
1300 0.875385
1300 0.767692
1300 0.716154
1300 0.876923
1300 0.631538
1300 0.884615
1300 0.580769
1300 0.842308
1300 0.800769
1300 0.541538
1300 0.700769
1300 0.752308
1300 0.775385
1300 0.629231
1300 0.753077
1300 0.807692
1300 0.723077
1300 0.790769
1300 0.81
1300 0.825385
1300 0.613077
1300 0.653077
1300 0.646923
1300 0.680769
1300 0.763846
1350 0.819259
1350 0.782222
1350 0.844444
1350 0.813333
1350 0.547407
1350 0.735556
1350 0.757037
1350 0.79037
1350 0.822963
1350 0.733333
1350 0.77037
1350 0.747407
1350 0.648889
1350 0.848889
1350 0.717037
1350 0.661481
1350 0.765926
1350 0.708889
1350 0.733333
1350 0.826667
1350 0.837778
1350 0.638519
1350 0.764444
1350 0.684444
1350 0.748148
1350 0.74963
1350 0.785926
1350 0.574815
1350 0.721481
1350 0.753333
1350 0.771852
1350 0.761481
1350 0.666667
1350 0.86963
1350 0.737037
1350 0.85037
1350 0.635556
1350 0.768889
1350 0.738519
1350 0.632593
1350 0.680741
1350 0.808889
1350 0.756296
1350 0.795556
1350 0.72963
1350 0.680741
1350 0.81037
1350 0.393333
1350 0.714074
1350 0.714815
1350 0.742222
1350 0.655556
1350 0.625926
1350 0.794074
1350 0.382222
1350 0.860741
1350 0.76
1350 0.737037
1350 0.785185
1350 0.561481
1350 0.760741
1350 0.779259
1350 0.651852
1350 0.0696296
1350 0.636296
1350 0.757778
1350 0.666667
1350 0.75037
1350 0.714074
1350 0.752593
1350 0.734815
1350 0.72963
1350 0.80963
1350 0.745185
1350 0.762963
1400 0.825
1400 0.702857
1400 0.836429
1400 0.791429
1400 0.767143
1400 0.640714
1400 0.728571
1400 0.754286
1400 0.800714
1400 0.611429
1400 0.697143
1400 0.688571
1400 0.808571
1400 0.709286
1400 0.586429
1400 0.590714
1400 0.775714
1400 0.767143
1400 0.627143
1400 0.742143
1400 0.691429
1400 0.821429
1400 0.772857
1400 0.7
1400 0.798571
1400 0.762143
1400 0.742143
1400 0.638571
1400 0.798571
1400 0.819286
1400 0.827857
1400 0.719286
1400 0.724286
1400 0.802857
1400 0.752143
1400 0.663571
1400 0.782143
1400 0.82
1400 0.771429
1400 0.595
1400 0.857143
1400 0.617143
1400 0.802857
1400 0.727143
1400 0.75
1400 0.811429
1400 0.840714
1400 0.901429
1400 0.750714
1400 0.812143
1400 0.850714
1400 0.705
1400 0.75
1400 0.759286
1400 0.852857
1400 0.595
1400 0.852857
1400 0.828571
1400 0.708571
1400 0.680714
1400 0.675714
1400 0.865
1400 0.812143
1400 0.813571
1400 0.682857
1400 0.770714
1400 0.871429
1400 0.831429
1400 0.775
1400 0.745
1400 0.777857
1400 0.661429
1400 0.701429
1400 0.817143
1400 0.720714
1450 0.734483
1450 0.729655
1450 0.802759
1450 0.888276
1450 0.792414
1450 0.701379
1450 0.731034
1450 0.727586
1450 0.669655
1450 0.735862
1450 0.703448
1450 0.714483
1450 0.662759
1450 0.786897
1450 0.757931
1450 0.69931
1450 0.629655
1450 0.802759
1450 0.791724
1450 0.67931
1450 0.722759
1450 0.807586
1450 0.511034
1450 0.826207
1450 0.751034
1450 0.569655
1450 0.781379
1450 0.769655
1450 0.671724
1450 0.796552
1450 0.742759
1450 0.673103
1450 0.766897
1450 0.75931
1450 0.792414
1450 0.735172
1450 0.795862
1450 0.830345
1450 0.733793
1450 0.732414
1450 0.722759
1450 0.754483
1450 0.711724
1450 0.858621
1450 0.695862
1450 0.855172
1450 0.766207
1450 0.668276
1450 0.789655
1450 0.782069
1450 0.771724
1450 0.898621
1450 0.791724
1450 0.747586
1450 0.768276
1450 0.684138
1450 0.746897
1450 0.784828
1450 0.74
1450 0.704828
1450 0.733793
1450 0.695862
1450 0.677241
1450 0.782759
1450 0.775862
1450 0.781379
1450 0.622069
1450 0.863448
1450 0.592414
1450 0.788966
1450 0.690345
1450 0.768966
1450 0.726207
1450 0.837241
1450 0.737931
1500 0.734667
1500 0.744
1500 0.884
1500 0.714667
1500 0.498667
1500 0.868667
1500 0.792667
1500 0.758
1500 0.826667
1500 0.79
1500 0.538
1500 0.597333
1500 0.758667
1500 0.763333
1500 0.760667
1500 0.768
1500 0.795333
1500 0.635333
1500 0.566
1500 0.699333
1500 0.814
1500 0.818667
1500 0.709333
1500 0.762
1500 0.594
1500 0.815333
1500 0.488
1500 0.759333
1500 0.77
1500 0.74
1500 0.758667
1500 0.691333
1500 0.787333
1500 0.793333
1500 0.611333
1500 0.58
1500 0.791333
1500 0.426667
1500 0.729333
1500 0.803333
1500 0.771333
1500 0.799333
1500 0.83
1500 0.806667
1500 0.608
1500 0.728667
1500 0.846667
1500 0.745333
1500 0.734667
1500 0.650667
1500 0.825333
1500 0.764
1500 0.656667
1500 0.799333
1500 0.676
1500 0.828
1500 0.775333
1500 0.77
1500 0.561333
1500 0.674667
1500 0.611333
1500 0.518667
1500 0.538
1500 0.86
1500 0.46
1500 0.742
1500 0.734667
1500 0.722
1500 0.519333
1500 0.720667
1500 0.630667
1500 0.805333
1500 0.678667
1500 0.834
1500 0.727333
1550 0.830323
1550 0.676774
1550 0.694839
1550 0.788387
1550 0.794839
1550 0.763871
1550 0.834194
1550 0.731613
1550 0.827742
1550 0.703226
1550 0.790323
1550 0.705806
1550 0.753548
1550 0.763871
1550 0.764516
1550 0.692903
1550 0.596129
1550 0.685161
1550 0.666452
1550 0.795484
1550 0.793548
1550 0.677419
1550 0.889677
1550 0.763871
1550 0.550968
1550 0.767742
1550 0.759355
1550 0.717419
1550 0.777419
1550 0.768387
1550 0.812258
1550 0.833548
1550 0.810323
1550 0.697419
1550 0.765161
1550 0.731613
1550 0.838065
1550 0.727742
1550 0.865806
1550 0.790968
1550 0.724516
1550 0.869032
1550 0.771613
1550 0.694194
1550 0.379355
1550 0.781935
1550 0.760645
1550 0.82129
1550 0.676774
1550 0.767742
1550 0.84129
1550 0.718065
1550 0.775484
1550 0.717419
1550 0.777419
1550 0.687097
1550 0.765806
1550 0.761935
1550 0.832903
1550 0.567742
1550 0.792258
1550 0.800645
1550 0.69871
1550 0.808387
1550 0.837419
1550 0.509677
1550 0.522581
1550 0.848387
1550 0.719355
1550 0.827097
1550 0.603871
1550 0.877419
1550 0.740645
1550 0.758065
1550 0.814194
1600 0.583125
1600 0.883125
1600 0.78625
1600 0.72625
1600 0.715
1600 0.845625
1600 0.840625
1600 0.65625
1600 0.6475
1600 0.771875
1600 0.786875
1600 0.804375
1600 0.864375
1600 0.636875
1600 0.49125
1600 0.72
1600 0.830625
1600 0.6825
1600 0.73875
1600 0.84
1600 0.8
1600 0.7875
1600 0.78
1600 0.771875
1600 0.851875
1600 0.754375
1600 0.78
1600 0.649375
1600 0.768125
1600 0.75125
1600 0.66
1600 0.7675
1600 0.690625
1600 0.733125
1600 0.68625
1600 0.675
1600 0.778125
1600 0.84875
1600 0.77375
1600 0.64625
1600 0.82375
1600 0.61625
1600 0.8025
1600 0.72125
1600 0.703125
1600 0.5825
1600 0.6775
1600 0.783125
1600 0.68
1600 0.73375
1600 0.755
1600 0.76875
1600 0.82
1600 0.815
1600 0.811875
1600 0.56125
1600 0.506875
1600 0.65625
1600 0.72125
1600 0.746875
1600 0.786875
1600 0.79
1600 0.7575
1600 0.819375
1600 0.6875
1600 0.748125
1600 0.631875
1600 0.73
1600 0.860625
1600 0.803125
1600 0.4525
1600 0.649375
1600 0.738125
1600 0.805625
1600 0.72625
1650 0.659394
1650 0.817576
1650 0.721818
1650 0.781818
1650 0.593939
1650 0.494545
1650 0.769091
1650 0.76303
1650 0.753333
1650 0.76
1650 0.691515
1650 0.787273
1650 0.583636
1650 0.6
1650 0.761212
1650 0.712727
1650 0.710303
1650 0.67697
1650 0.766667
1650 0.624242
1650 0.56303
1650 0.732121
1650 0.642424
1650 0.763636
1650 0.642424
1650 0.616364
1650 0.785455
1650 0.822424
1650 0.655152
1650 0.672727
1650 0.722424
1650 0.672121
1650 0.810303
1650 0.463636
1650 0.737576
1650 0.727273
1650 0.811515
1650 0.771515
1650 0.646667
1650 0.767879
1650 0.748485
1650 0.633939
1650 0.82303
1650 0.84
1650 0.709697
1650 0.730303
1650 0.774545
1650 0.625455
1650 0.755758
1650 0.819394
1650 0.852121
1650 0.711515
1650 0.761818
1650 0.78
1650 0.830303
1650 0.692727
1650 0.693333
1650 0.713333
1650 0.634545
1650 0.789697
1650 0.719394
1650 0.782424
1650 0.707273
1650 0.707273
1650 0.778182
1650 0.614545
1650 0.772727
1650 0.767879
1650 0.68
1650 0.889091
1650 0.650303
1650 0.773939
1650 0.804848
1650 0.709091
1650 0.824242
1700 0.695294
1700 0.404118
1700 0.827059
1700 0.761765
1700 0.724706
1700 0.857059
1700 0.712941
1700 0.730588
1700 0.724706
1700 0.732941
1700 0.801176
1700 0.781765
1700 0.832941
1700 0.744706
1700 0.814118
1700 0.833529
1700 0.732941
1700 0.770588
1700 0.674706
1700 0.718235
1700 0.716471
1700 0.729412
1700 0.503529
1700 0.708235
1700 0.743529
1700 0.663529
1700 0.763529
1700 0.687647
1700 0.798824
1700 0.692941
1700 0.741176
1700 0.756471
1700 0.862941
1700 0.750588
1700 0.761176
1700 0.579412
1700 0.838824
1700 0.85
1700 0.685294
1700 0.756471
1700 0.802353
1700 0.712941
1700 0.688824
1700 0.528824
1700 0.761176
1700 0.646471
1700 0.734706
1700 0.715294
1700 0.674706
1700 0.807059
1700 0.749412
1700 0.738824
1700 0.811765
1700 0.581765
1700 0.716471
1700 0.894118
1700 0.620588
1700 0.764706
1700 0.763529
1700 0.79
1700 0.84
1700 0.657647
1700 0.792353
1700 0.788235
1700 0.685882
1700 0.8
1700 0.827647
1700 0.772941
1700 0.76
1700 0.751765
1700 0.812941
1700 0.684706
1700 0.787647
1700 0.798824
1700 0.730588
1750 0.705143
1750 0.770286
1750 0.781143
1750 0.789143
1750 0.803429
1750 0.715429
1750 0.722857
1750 0.713143
1750 0.801714
1750 0.697143
1750 0.892
1750 0.725143
1750 0.766857
1750 0.734286
1750 0.656571
1750 0.712
1750 0.772
1750 0.784571
1750 0.769143
1750 0.751429
1750 0.816
1750 0.752
1750 0.632
1750 0.670857
1750 0.776
1750 0.617714
1750 0.825714
1750 0.744
1750 0.764571
1750 0.853143
1750 0.769714
1750 0.713714
1750 0.660571
1750 0.714857
1750 0.594286
1750 0.776571
1750 0.724571
1750 0.829714
1750 0.527429
1750 0.805143
1750 0.737143
1750 0.817714
1750 0.753714
1750 0.84
1750 0.719429
1750 0.757143
1750 0.884571
1750 0.745714
1750 0.779429
1750 0.82
1750 0.764
1750 0.688
1750 0.775429
1750 0.621143
1750 0.746286
1750 0.818286
1750 0.809143
1750 0.790286
1750 0.722857
1750 0.649714
1750 0.630857
1750 0.735429
1750 0.805143
1750 0.758857
1750 0.756
1750 0.734286
1750 0.717714
1750 0.744
1750 0.841143
1750 0.740571
1750 0.446857
1750 0.733143
1750 0.797143
1750 0.678286
1750 0.78
1800 0.813333
1800 0.735
1800 0.789444
1800 0.800556
1800 0.762778
1800 0.772778
1800 0.739444
1800 0.728889
1800 0.698333
1800 0.770556
1800 0.782778
1800 0.727222
1800 0.707222
1800 0.711111
1800 0.835
1800 0.731667
1800 0.73
1800 0.851667
1800 0.743889
1800 0.72
1800 0.850556
1800 0.71
1800 0.756111
1800 0.766111
1800 0.834444
1800 0.725
1800 0.763333
1800 0.647778
1800 0.789444
1800 0.824444
1800 0.723889
1800 0.750556
1800 0.746111
1800 0.773889
1800 0.776667
1800 0.753889
1800 0.792222
1800 0.798889
1800 0.667778
1800 0.755
1800 0.759444
1800 0.814444
1800 0.706667
1800 0.887778
1800 0.692778
1800 0.773333
1800 0.784444
1800 0.737778
1800 0.781111
1800 0.661111
1800 0.769444
1800 0.687222
1800 0.686111
1800 0.734444
1800 0.781667
1800 0.825
1800 0.527778
1800 0.656111
1800 0.790556
1800 0.761667
1800 0.728333
1800 0.637222
1800 0.692222
1800 0.909444
1800 0.621111
1800 0.730556
1800 0.736111
1800 0.621111
1800 0.723889
1800 0.527778
1800 0.753889
1800 0.732778
1800 0.618333
1800 0.797222
1800 0.705
1850 0.723243
1850 0.75027
1850 0.600541
1850 0.751351
1850 0.823243
1850 0.765946
1850 0.746486
1850 0.711892
1850 0.730811
1850 0.807568
1850 0.788108
1850 0.78
1850 0.838919
1850 0.791892
1850 0.647027
1850 0.879459
1850 0.881081
1850 0.617297
1850 0.781622
1850 0.88
1850 0.665946
1850 0.71027
1850 0.745946
1850 0.57027
1850 0.747027
1850 0.818378
1850 0.493514
1850 0.697297
1850 0.598919
1850 0.711351
1850 0.64
1850 0.696216
1850 0.782162
1850 0.738378
1850 0.79027
1850 0.734054
1850 0.684865
1850 0.851892
1850 0.708108
1850 0.730811
1850 0.74973
1850 0.785946
1850 0.868108
1850 0.802162
1850 0.654054
1850 0.86973
1850 0.665946
1850 0.775135
1850 0.796216
1850 0.761622
1850 0.743243
1850 0.661081
1850 0.767568
1850 0.663243
1850 0.666486
1850 0.782162
1850 0.669189
1850 0.635135
1850 0.783243
1850 0.799459
1850 0.804324
1850 0.893514
1850 0.808649
1850 0.672432
1850 0.799459
1850 0.773514
1850 0.801622
1850 0.807568
1850 0.796757
1850 0.608649
1850 0.84973
1850 0.793514
1850 0.502703
1850 0.78
1850 0.778919
1900 0.682105
1900 0.805263
1900 0.783158
1900 0.782105
1900 0.73
1900 0.801053
1900 0.66
1900 0.706842
1900 0.703158
1900 0.816842
1900 0.762105
1900 0.719474
1900 0.744211
1900 0.814211
1900 0.736316
1900 0.781579
1900 0.693684
1900 0.764211
1900 0.765789
1900 0.749474
1900 0.771579
1900 0.823684
1900 0.837368
1900 0.767368
1900 0.74
1900 0.698421
1900 0.776842
1900 0.81
1900 0.631053
1900 0.765789
1900 0.803158
1900 0.775789
1900 0.843684
1900 0.681579
1900 0.773158
1900 0.841053
1900 0.765789
1900 0.553158
1900 0.692632
1900 0.57
1900 0.772632
1900 0.782105
1900 0.712632
1900 0.828421
1900 0.763684
1900 0.705263
1900 0.754211
1900 0.726316
1900 0.713684
1900 0.72
1900 0.816842
1900 0.502632
1900 0.432105
1900 0.707895
1900 0.627895
1900 0.65
1900 0.752632
1900 0.477895
1900 0.836842
1900 0.611053
1900 0.572105
1900 0.763158
1900 0.691579
1900 0.516316
1900 0.802105
1900 0.724211
1900 0.764211
1900 0.877895
1900 0.71
1900 0.683684
1900 0.587368
1900 0.794737
1900 0.714737
1900 0.842632
1900 0.657895
1950 0.589231
1950 0.813333
1950 0.835897
1950 0.777949
1950 0.769231
1950 0.748205
1950 0.815897
1950 0.802051
1950 0.812308
1950 0.734872
1950 0.722564
1950 0.765641
1950 0.844615
1950 0.602051
1950 0.757949
1950 0.715385
1950 0.631282
1950 0.582564
1950 0.709231
1950 0.809231
1950 0.745641
1950 0.765128
1950 0.700513
1950 0.728718
1950 0.783077
1950 0.614359
1950 0.785641
1950 0.569231
1950 0.792308
1950 0.782564
1950 0.856923
1950 0.788718
1950 0.830256
1950 0.697436
1950 0.885128
1950 0.712821
1950 0.7
1950 0.815385
1950 0.771795
1950 0.404615
1950 0.781026
1950 0.751282
1950 0.736923
1950 0.711282
1950 0.712821
1950 0.603077
1950 0.777436
1950 0.826667
1950 0.829231
1950 0.782564
1950 0.68
1950 0.732821
1950 0.759487
1950 0.669744
1950 0.820513
1950 0.765641
1950 0.84
1950 0.490769
1950 0.877436
1950 0.608718
1950 0.824615
1950 0.802051
1950 0.628205
1950 0.706154
1950 0.769231
1950 0.751282
1950 0.832308
1950 0.85641
1950 0.732821
1950 0.733333
1950 0.835897
1950 0.792308
1950 0.814872
1950 0.70359
1950 0.722564
2000 0.735
2000 0.869
2000 0.746
2000 0.8455
2000 0.912
2000 0.7395
2000 0.722
2000 0.8175
2000 0.715
2000 0.4575
2000 0.747
2000 0.6955
2000 0.7705
2000 0.87
2000 0.8025
2000 0.78
2000 0.833
2000 0.765
2000 0.586
2000 0.768
2000 0.8745
2000 0.7705
2000 0.6995
2000 0.7855
2000 0.77
2000 0.7835
2000 0.7895
2000 0.8545
2000 0.728
2000 0.7015
2000 0.7205
2000 0.8155
2000 0.7475
2000 0.707
2000 0.7295
2000 0.7845
2000 0.786
2000 0.7885
2000 0.768
2000 0.491
2000 0.7745
2000 0.7385
2000 0.741
2000 0.8035
2000 0.736
2000 0.833
2000 0.7615
2000 0.7885
2000 0.619
2000 0.8395
2000 0.7745
2000 0.7835
2000 0.566
2000 0.635
2000 0.7505
2000 0.6925
2000 0.796
2000 0.5845
2000 0.813
2000 0.741
2000 0.6245
2000 0.7175
2000 0.769
2000 0.7505
2000 0.673
2000 0.7305
2000 0.754
2000 0.8175
2000 0.84
2000 0.7005
2000 0.799
2000 0.6195
2000 0.6615
2000 0.8795
2000 0.7765
