50 0.04
50 0.5
50 0.1
50 0.1
50 0.26
50 0.18
50 0.8
50 0.54
50 0.06
50 0.36
50 0.14
50 0.14
50 0.34
50 0.06
50 0.16
50 0.22
50 0.44
50 0.7
50 0.02
50 0.06
50 0.16
50 0.02
50 0
50 0
50 0.2
50 0.44
50 0.16
50 0.34
50 0.18
50 0.12
50 0
50 0.06
50 0.12
50 0.2
50 0.1
50 0
50 0
50 0.7
50 0.36
50 0
50 0
50 0.42
50 0.14
50 0
50 0.5
50 0.44
50 0.22
50 0.26
50 0.44
50 0.22
50 0.38
50 0.1
50 0.02
50 0
50 0.6
50 0.08
50 0.44
50 0
50 0
50 0.02
50 0.4
50 0.2
50 0.08
50 0.2
50 0.7
50 0.26
50 0
50 0.38
50 0.44
50 0.04
50 0.22
50 0.58
50 0.08
50 0.72
50 0.14
100 0.3
100 0.04
100 0.11
100 0.7
100 0.82
100 0.82
100 0.55
100 0.86
100 0.84
100 0.45
100 0.86
100 0.03
100 0.27
100 0.26
100 0.93
100 0.22
100 0.6
100 0.5
100 0.32
100 0.71
100 0.72
100 0.69
100 0.57
100 0.77
100 0.53
100 0.34
100 0.27
100 0.51
100 0.21
100 0.11
100 0.7
100 0.47
100 0.36
100 0.76
100 0.81
100 0.62
100 0.54
100 0.59
100 0.01
100 0.5
100 0.62
100 0.08
100 0.07
100 0.83
100 0.84
100 0.72
100 0.52
100 0.88
100 0.05
100 0.48
100 0.42
100 0.35
100 0.1
100 0.63
100 0.55
100 0.97
100 0.4
100 0.83
100 0.78
100 0.83
100 0.78
100 0.18
100 0.55
100 0.87
100 0.06
100 0.19
100 0.65
100 0.66
100 0.71
100 0.72
100 0.03
100 0.63
100 0.52
100 0.06
100 0.92
150 0.586667
150 0.6
150 0.906667
150 0.806667
150 0.593333
150 0.906667
150 0.913333
150 0.886667
150 0.853333
150 0.0266667
150 0.906667
150 0.693333
150 0.46
150 0.533333
150 0.686667
150 0.686667
150 0.96
150 0.693333
150 0.246667
150 0.806667
150 0.773333
150 0.873333
150 0.62
150 0.28
150 0.92
150 0.833333
150 0.786667
150 0.826667
150 0.706667
150 0.78
150 0.74
150 0.786667
150 0.826667
150 0.953333
150 0.693333
150 0.6
150 0.633333
150 0.533333
150 0.486667
150 0.933333
150 0.853333
150 0.633333
150 0.48
150 0.92
150 0.273333
150 0.86
150 0.853333
150 0.82
150 0.793333
150 0.333333
150 0.673333
150 0.52
150 0.746667
150 0.866667
150 0.8
150 0.726667
150 0.78
150 0.826667
150 0.44
150 0.76
150 0.913333
150 0.8
150 0.926667
150 0.553333
150 0.84
150 0.266667
150 0.66
150 0.293333
150 0.98
150 0.526667
150 0.74
150 0.446667
150 0.726667
150 0.746667
150 0.76
200 0.63
200 0.445
200 0.985
200 0.775
200 0.705
200 0.83
200 0.63
200 0.945
200 0.765
200 0.86
200 0.915
200 0.6
200 0.815
200 0.935
200 0.705
200 0.73
200 0.855
200 0.875
200 0.95
200 0.835
200 0.77
200 0.89
200 0.195
200 0.9
200 0.795
200 0.835
200 0.925
200 0.845
200 0.705
200 0.89
200 0.57
200 0.895
200 0.77
200 0.88
200 0.66
200 0.88
200 0.595
200 0.745
200 0.815
200 0.485
200 0.715
200 0.865
200 0.81
200 0.615
200 0.895
200 0.735
200 0.845
200 0.74
200 0.83
200 0.815
200 0.125
200 0.54
200 0.86
200 0.775
200 0.845
200 0.86
200 0.855
200 0.645
200 0.935
200 0.855
200 0.31
200 0.675
200 0.9
200 0.845
200 0.9
200 0.115
200 0.66
200 0.87
200 0.86
200 0.955
200 0.785
200 0.41
200 0.84
200 0.855
200 0.82
250 0.708
250 0.92
250 0.884
250 0.864
250 0.86
250 0.876
250 0.94
250 0.908
250 0.92
250 0.852
250 0.896
250 0.852
250 0.94
250 0.856
250 0.848
250 0.956
250 0.996
250 0.808
250 0.876
250 0.948
250 0.864
250 0.804
250 0.736
250 0.792
250 0.924
250 0.936
250 0.94
250 0.988
250 0.788
250 0.952
250 0.772
250 0.896
250 0.932
250 0.9
250 0.816
250 0.752
250 0.984
250 0.852
250 0.932
250 0.74
250 0.756
250 0.552
250 0.9
250 0.476
250 0.872
250 0.908
250 0.928
250 0.576
250 0.936
250 0.908
250 0.932
250 0.628
250 0.844
250 0.748
250 0.908
250 0.936
250 0.848
250 0.908
250 0.832
250 0.964
250 0.908
250 0.828
250 0.924
250 0.88
250 0.836
250 0.94
250 0.86
250 0.776
250 0.888
250 0.924
250 0.788
250 0.748
250 0.948
250 0.964
250 0.784
300 0.88
300 0.943333
300 0.886667
300 0.91
300 0.693333
300 0.53
300 0.836667
300 0.88
300 0.91
300 0.88
300 0.926667
300 0.766667
300 0.91
300 0.916667
300 0.913333
300 0.756667
300 0.903333
300 0.92
300 0.87
300 0.876667
300 0.76
300 0.89
300 0.836667
300 0.966667
300 0.963333
300 0.886667
300 0.92
300 0.87
300 0.95
300 0.993333
300 0.806667
300 0.803333
300 0.846667
300 0.86
300 0.83
300 0.946667
300 0.9
300 0.976667
300 0.996667
300 0.963333
300 0.943333
300 0.94
300 0.94
300 0.86
300 0.75
300 0.72
300 0.8
300 0.853333
300 0.496667
300 0.91
300 0.953333
300 0.953333
300 0.563333
300 0.756667
300 0.813333
300 0.973333
300 0.97
300 0.863333
300 0.863333
300 0.896667
300 0.913333
300 0.826667
300 0.896667
300 0.83
300 0.87
300 0.953333
300 0.986667
300 0.873333
300 0.963333
300 0.926667
300 0.913333
300 0.91
300 0.89
300 0.866667
300 0.9
350 0.894286
350 0.911429
350 0.934286
350 0.808571
350 0.957143
350 0.657143
350 0.788571
350 0.965714
350 0.931429
350 0.982857
350 0.857143
350 0.854286
350 0.965714
350 0.862857
350 0.948571
350 0.72
350 0.897143
350 0.951429
350 0.811429
350 0.882857
350 0.92
350 0.777143
350 0.945714
350 0.977143
350 0.911429
350 0.931429
350 0.94
350 0.82
350 0.894286
350 0.831429
350 0.837143
350 0.98
350 0.874286
350 0.962857
350 0.951429
350 0.86
350 0.92
350 0.597143
350 0.88
350 0.774286
350 0.94
350 0.94
350 0.891429
350 0.94
350 0.974286
350 0.948571
350 0.728571
350 0.954286
350 0.828571
350 0.977143
350 0.934286
350 0.908571
350 0.974286
350 0.834286
350 0.837143
350 0.931429
350 0.871429
350 0.837143
350 0.917143
350 0.908571
350 0.922857
350 0.871429
350 0.945714
350 0.92
350 0.765714
350 0.882857
350 0.917143
350 0.851429
350 0.951429
350 0.874286
350 0.937143
350 0.948571
350 0.728571
350 0.902857
350 0.894286
400 0.9675
400 0.8175
400 0.98
400 0.9175
400 0.8475
400 0.9425
400 0.9
400 0.6325
400 0.9925
400 0.91
400 0.915
400 0.92
400 0.895
400 0.8275
400 0.865
400 0.8925
400 0.9275
400 0.5575
400 0.9275
400 0.955
400 0.9675
400 0.93
400 0.8675
400 0.725
400 0.905
400 0.9525
400 0.9575
400 0.5825
400 0.8525
400 0.91
400 0.9175
400 0.79
400 0.875
400 0.8575
400 0.97
400 0.955
400 0.8125
400 0.495
400 0.9375
400 0.8925
400 0.975
400 0.9475
400 0.98
400 0.8775
400 0.9075
400 0.94
400 0.9125
400 0.825
400 0.995
400 0.965
400 0.915
400 0.89
400 0.96
400 0.8875
400 0.8775
400 0.895
400 0.935
400 0.9775
400 0.795
400 0.9475
400 0.8625
400 0.86
400 0.91
400 0.97
400 0.9075
400 0.965
400 0.8425
400 0.9425
400 0.9175
400 0.975
400 0.82
400 0.8725
400 0.9225
400 0.975
400 0.915
450 0.926667
450 0.962222
450 0.946667
450 0.986667
450 0.94
450 0.902222
450 0.986667
450 0.966667
450 0.888889
450 0.851111
450 0.92
450 0.884444
450 0.917778
450 0.96
450 0.737778
450 0.926667
450 0.877778
450 0.88
450 0.837778
450 0.917778
450 0.922222
450 0.997778
450 0.94
450 0.96
450 0.926667
450 0.748889
450 0.948889
450 0.935556
450 0.984444
450 0.635556
450 0.893333
450 0.924444
450 0.957778
450 0.942222
450 0.755556
450 0.975556
450 0.942222
450 0.926667
450 0.946667
450 0.775556
450 0.9
450 0.948889
450 0.806667
450 0.973333
450 0.988889
450 0.913333
450 0.975556
450 0.948889
450 0.931111
450 0.971111
450 0.94
450 0.846667
450 0.904444
450 0.946667
450 0.951111
450 0.962222
450 0.864444
450 0.995556
450 0.933333
450 0.993333
450 0.924444
450 0.937778
450 0.96
450 0.946667
450 0.848889
450 0.882222
450 0.895556
450 0.811111
450 0.775556
450 0.986667
450 0.944444
450 0.808889
450 0.975556
450 0.895556
450 0.7
500 0.97
500 0.892
500 0.986
500 0.958
500 0.738
500 0.972
500 0.962
500 0.902
500 0.86
500 0.968
500 0.924
500 0.898
500 0.82
500 0.944
500 0.958
500 0.862
500 0.996
500 0.922
500 0.986
500 0.854
500 0.946
500 0.88
500 0.93
500 0.946
500 0.862
500 0.964
500 0.94
500 0.994
500 0.968
500 0.928
500 0.922
500 0.856
500 0.948
500 0.906
500 0.894
500 0.968
500 0.914
500 0.938
500 0.95
500 0.886
500 0.98
500 0.974
500 0.992
500 0.874
500 0.9
500 0.91
500 0.944
500 0.968
500 0.978
500 0.974
500 0.836
500 0.91
500 0.922
500 0.998
500 0.896
500 0.948
500 0.97
500 0.976
500 0.978
500 0.934
500 0.91
500 0.94
500 0.994
500 0.812
500 0.996
500 0.906
500 0.88
500 0.942
500 0.928
500 0.908
500 0.876
500 0.93
500 0.934
500 0.944
500 0.942
550 0.807273
550 0.916364
550 0.950909
550 0.898182
550 0.936364
550 0.996364
550 0.98
550 0.98
550 0.996364
550 0.961818
550 0.976364
550 0.936364
550 0.66
550 0.969091
550 0.92
550 0.905455
550 0.889091
550 0.885455
550 0.961818
550 0.921818
550 0.938182
550 0.823636
550 0.890909
550 0.894545
550 0.985455
550 0.923636
550 0.910909
550 0.829091
550 0.976364
550 0.969091
550 0.929091
550 0.918182
550 0.969091
550 0
550 0.892727
550 0.990909
550 0.903636
550 0.901818
550 0.961818
550 0.952727
550 0.945455
550 0.88
550 0.907273
550 0.987273
550 0.852727
550 0.972727
550 0.967273
550 0.92
550 0.994545
550 0.996364
550 0.918182
550 0.983636
550 0.858182
550 0.750909
550 0.809091
550 0.978182
550 0.98
550 0.932727
550 0.852727
550 0.687273
550 0.952727
550 0.892727
550 0.954545
550 0.981818
550 0.972727
550 0.978182
550 0.925455
550 0.969091
550 0.909091
550 0.892727
550 0.929091
550 0.92
550 0.88
550 0.994545
550 0.96
600 0.963333
600 0.993333
600 0.905
600 0.786667
600 0.921667
600 0.993333
600 0.968333
600 0.93
600 0.886667
600 0.88
600 0.835
600 0.953333
600 0.9
600 0.946667
600 0.891667
600 0.956667
600 0.978333
600 0.88
600 0.966667
600 0.936667
600 0.968333
600 0.928333
600 0.965
600 0.981667
600 0.885
600 0.921667
600 0.983333
600 0.926667
600 0.963333
600 0.95
600 0.895
600 0.945
600 0.908333
600 0.91
600 0.881667
600 0.901667
600 0.943333
600 0.885
600 0.903333
600 0.971667
600 0.95
600 0.986667
600 0.93
600 0.925
600 0.966667
600 0.951667
600 0.965
600 0.888333
600 0.911667
600 0.916667
600 0.958333
600 0.89
600 0.975
600 0.968333
600 0.871667
600 0.903333
600 0.896667
600 0.853333
600 0.951667
600 0.99
600 0.931667
600 0.935
600 0.968333
600 0.993333
600 0.96
600 0.945
600 0.985
600 0.996667
600 0.938333
600 0.941667
600 0.936667
600 0.896667
600 0.983333
600 0.988333
600 0.82
650 0.963077
650 0.923077
650 0.910769
650 0.832308
650 0.978462
650 0.953846
650 0.944615
650 0.944615
650 0.926154
650 0.949231
650 0.856923
650 0.901538
650 0.947692
650 0.969231
650 0.978462
650 0.933846
650 0.918462
650 0.967692
650 0.956923
650 0.867692
650 0.926154
650 0.832308
650 0.970769
650 0.932308
650 0.796923
650 0.949231
650 0.953846
650 0.944615
650 0.935385
650 0.976923
650 0.921538
650 0.986154
650 0.953846
650 0.967692
650 0.993846
650 0.923077
650 0.929231
650 0.96
650 0.884615
650 0.967692
650 0.996923
650 0.990769
650 0.933846
650 0.981538
650 0.844615
650 0.966154
650 0.946154
650 0.947692
650 0.972308
650 0.947692
650 0.898462
650 0.893846
650 0.952308
650 0.970769
650 0.92
650 0.947692
650 0.904615
650 1
650 0.983077
650 0.967692
650 0.946154
650 0.949231
650 0.94
650 0.975385
650 0.84
650 0.967692
650 0.970769
650 0.946154
650 0.995385
650 0.926154
650 0.973846
650 0.953846
650 0.973846
650 0.927692
650 0.978462
700 0.964286
700 0.954286
700 0.902857
700 0.85
700 0.957143
700 0.904286
700 0.972857
700 0.955714
700 0.995714
700 0.875714
700 0.965714
700 0.978571
700 0.941429
700 0.96
700 0.88
700 0.865714
700 0.88
700 0.92
700 0.928571
700 0.954286
700 0.941429
700 0.964286
700 0.965714
700 0.937143
700 0.928571
700 0.931429
700 0.965714
700 0.948571
700 0.924286
700 0.968571
700 0.967143
700 0.964286
700 0.997143
700 0.975714
700 0.988571
700 0.972857
700 0.947143
700 0.885714
700 0.935714
700 1
700 0.937143
700 0.928571
700 0.965714
700 0.97
700 0.777143
700 0.965714
700 0.908571
700 0.965714
700 0.92
700 0.988571
700 0.914286
700 0.872857
700 0.937143
700 0.927143
700 0.855714
700 0.945714
700 1
700 0.87
700 0.92
700 0.975714
700 0.945714
700 0.954286
700 0.941429
700 0.705714
700 0.931429
700 0.934286
700 0.92
700 0.897143
700 0.977143
700 0.85
700 0.994286
700 0.972857
700 0.958571
700 0.837143
700 0.978571
750 0.926667
750 0.950667
750 0.965333
750 0.997333
750 0.964
750 0.954667
750 0.861333
750 0.912
750 0.988
750 0.897333
750 0.836
750 0.9
750 1
750 0.977333
750 0.921333
750 0.992
750 0.937333
750 0.962667
750 0.973333
750 0.96
750 0.977333
750 0.877333
750 0.997333
750 0.945333
750 1
750 0.948
750 0.932
750 0.964
750 0.862667
750 0.94
750 0.977333
750 0.886667
750 0.922667
750 0.945333
750 0.961333
750 0.886667
750 0.958667
750 0.904
750 0.946667
750 0.928
750 0.96
750 0.790667
750 0.932
750 0.904
750 0.990667
750 0.896
750 0.958667
750 0.962667
750 0.968
750 0.916
750 0.962667
750 0.981333
750 0.932
750 0.973333
750 0.972
750 0.968
750 0.996
750 0.96
750 0.976
750 0.930667
750 0.989333
750 0.954667
750 0.928
750 0.878667
750 0.94
750 0.897333
750 0.974667
750 0.957333
750 0.970667
750 0.985333
750 0.958667
750 0.969333
750 0.929333
750 0.912
750 0.949333
800 0.9775
800 0.83125
800 0.955
800 0.92625
800 0.9925
800 0.90375
800 0.90875
800 0.99625
800 0.96
800 0.96625
800 0.8875
800 0.9675
800 0.9725
800 0.9575
800 0.90625
800 0.78125
800 0.94625
800 0.9725
800 0.945
800 0.88125
800 0.9725
800 0.9475
800 0.9525
800 0.9875
800 0.955
800 0.93375
800 0.91625
800 0.985
800 0.98
800 0.94875
800 0.9875
800 0.88125
800 0.93375
800 0.98125
800 0.96
800 0.9575
800 0.7625
800 0.97875
800 0.9725
800 0.955
800 0.89375
800 0.935
800 0.98625
800 0.82125
800 0.90875
800 0.92
800 0.885
800 0.935
800 0.9675
800 0.89375
800 0.94875
800 0.91875
800 0.96125
800 0.93625
800 0.89625
800 0.96375
800 0.9175
800 0.94625
800 0.98375
800 0.9725
800 0.995
800 0.9975
800 0.99125
800 0.96
800 0.9675
800 0.94125
800 0.87375
800 0.93625
800 0.885
800 0.96375
800 0.9875
800 0.9425
800 0.98375
800 0.92375
800 0.97375
850 0.941176
850 0.978824
850 0.916471
850 0.929412
850 0.992941
850 0.889412
850 0.994118
850 0.94
850 0.923529
850 0.909412
850 0.932941
850 0.943529
850 0.914118
850 0.971765
850 0.983529
850 0.921176
850 0.947059
850 0.955294
850 0.871765
850 0.976471
850 0.971765
850 0.96
850 0.965882
850 0.887059
850 0.944706
850 0.954118
850 0.989412
850 0.991765
850 0.982353
850 0.914118
850 0.894118
850 0.963529
850 0.990588
850 0.971765
850 0.930588
850 0.965882
850 0.969412
850 0.952941
850 0.936471
850 0.950588
850 0.92
850 0.982353
850 0.931765
850 0.938824
850 0.987059
850 0.967059
850 0.961176
850 0.938824
850 0.903529
850 0.955294
850 0.997647
850 0.974118
850 0.902353
850 0.94
850 0.994118
850 0.977647
850 0.958824
850 0.965882
850 0.976471
850 0.965882
850 0.908235
850 0.896471
850 0.912941
850 0.997647
850 0.935294
850 0.982353
850 0.970588
850 0.909412
850 0.927059
850 0.922353
850 0.958824
850 0.988235
850 0.911765
850 0.951765
850 0.855294
900 0.994444
900 0.935556
900 0.982222
900 0.98
900 0.962222
900 0.985556
900 0.975556
900 0.903333
900 0.977778
900 0.995556
900 0.972222
900 0.965556
900 0.996667
900 0.957778
900 0.977778
900 0.957778
900 0.981111
900 0.964444
900 0.922222
900 0.956667
900 0.974444
900 0.936667
900 0.887778
900 0.986667
900 0.883333
900 0.892222
900 0.945556
900 0.96
900 0.921111
900 0.926667
900 0.946667
900 0.957778
900 0.91
900 0.944444
900 0.978889
900 0.936667
900 0.968889
900 0.948889
900 0.977778
900 0.973333
900 0.771111
900 0.904444
900 0.976667
900 0.851111
900 0.936667
900 0.971111
900 0.995556
900 0.985556
900 0.956667
900 0.965556
900 0.868889
900 0.957778
900 0.877778
900 0.938889
900 0.918889
900 0.942222
900 0.947778
900 0.982222
900 0.968889
900 0.987778
900 0.977778
900 0.964444
900 0.917778
900 0.955556
900 0.856667
900 0.97
900 0.951111
900 0.977778
900 0.981111
900 0.908889
900 0.927778
900 0.924444
900 0.963333
900 0.962222
900 0.952222
950 0.935789
950 0.910526
950 0.954737
950 0.925263
950 0.896842
950 0.904211
950 0.870526
950 0.92
950 0.953684
950 0.963158
950 0.828421
950 0.966316
950 0.914737
950 0.951579
950 0.970526
950 0.974737
950 0.942105
950 0.930526
950 0.964211
950 0.918947
950 0.864211
950 0.974737
950 0.932632
950 0.995789
950 0.978947
950 0.995789
950 0.969474
950 0.96
950 0.991579
950 0.96
950 0.942105
950 0.946316
950 0.968421
950 0.950526
950 0.96
950 0.943158
950 0.973684
950 0.875789
950 0.974737
950 0.96
950 0.949474
950 0.923158
950 0.923158
950 0.977895
950 1
950 0.830526
950 0.951579
950 0.961053
950 0.961053
950 0.994737
950 0.9
950 0.941053
950 0.996842
950 0.897895
950 0.970526
950 0.989474
950 0.963158
950 0.921053
950 0.978947
950 0.946316
950 0.889474
950 0.938947
950 0.963158
950 0.953684
950 0.969474
950 0.958947
950 0.955789
950 0.985263
950 0.951579
950 0.949474
950 1
950 0.890526
950 0.998947
950 0.96
950 0.974737
1000 0.922
1000 0.829
1000 0.939
1000 0.891
1000 0.946
1000 0.898
1000 0.984
1000 0.978
1000 0.998
1000 0.896
1000 0.968
1000 0.917
1000 0.933
1000 0.967
1000 0.927
1000 0.965
1000 0.979
1000 0.961
1000 0.968
1000 0.994
1000 0.951
1000 0.891
1000 0.992
1000 0.996
1000 0.936
1000 0.963
1000 0.888
1000 0.962
1000 0.884
1000 0.974
1000 0.92
1000 0.944
1000 0.977
1000 0.992
1000 0.989
1000 0.992
1000 0.985
1000 0.944
1000 0.965
1000 0.942
1000 0.996
1000 0.928
1000 0.953
1000 0.988
1000 0.983
1000 0.912
1000 0.969
1000 0.953
1000 0.883
1000 0.95
1000 0.932
1000 0.925
1000 0.975
1000 0.986
1000 0.967
1000 0.974
1000 0.916
1000 0.926
1000 0.995
1000 0.989
1000 0.964
1000 0.957
1000 0.943
1000 0.946
1000 0.958
1000 0.984
1000 0.996
1000 0.955
1000 0.928
1000 0.962
1000 0.962
1000 0.928
1000 0.921
1000 0.962
1000 0.958
1050 0.949524
1050 0.96381
1050 0.990476
1050 0.995238
1050 0.708571
1050 0.946667
1050 0.96381
1050 0.957143
1050 0.893333
1050 0.931429
1050 0.96381
1050 0.909524
1050 0.939048
1050 0.967619
1050 0.98381
1050 0.997143
1050 0.972381
1050 0.944762
1050 0.915238
1050 0.993333
1050 0.960952
1050 0.977143
1050 0.980952
1050 0.878095
1050 0.917143
1050 0.831429
1050 0.871429
1050 0.972381
1050 0.959048
1050 0.988571
1050 0.932381
1050 0.951429
1050 0.951429
1050 0.91619
1050 0.928571
1050 0.888571
1050 0.952381
1050 0.942857
1050 0.954286
1050 0.994286
1050 0.997143
1050 0.964762
1050 0.991429
1050 0.915238
1050 0.921905
1050 0.920952
1050 0.979048
1050 0.924762
1050 0.931429
1050 0.984762
1050 0.998095
1050 0.957143
1050 0.965714
1050 0.939048
1050 0.995238
1050 0.968571
1050 0.958095
1050 0.953333
1050 0.972381
1050 0.959048
1050 0.918095
1050 0.901905
1050 0.942857
1050 0.94
1050 0.937143
1050 0.905714
1050 0.964762
1050 0.990476
1050 0.997143
1050 0.926667
1050 0.966667
1050 0.973333
1050 0.94381
1050 0.926667
1050 0.965714
1100 0.986364
1100 0.966364
1100 0.938182
1100 0.991818
1100 0.966364
1100 0.928182
1100 0.940909
1100 0.935455
1100 0.962727
1100 0.964545
1100 0.998182
1100 0.97
1100 0.977273
1100 0.939091
1100 0.952727
1100 0.974545
1100 0.971818
1100 0.93
1100 0.953636
1100 0.989091
1100 0.883636
1100 0.882727
1100 0.945455
1100 0.948182
1100 0.946364
1100 0.979091
1100 0.983636
1100 0.989091
1100 0.937273
1100 0.908182
1100 0.962727
1100 0.908182
1100 0.999091
1100 0.927273
1100 0.923636
1100 0.942727
1100 0.946364
1100 0.998182
1100 0.99
1100 0.997273
1100 0.970909
1100 0.89
1100 0.96
1100 0.95
1100 0.992727
1100 0.964545
1100 0.959091
1100 0.956364
1100 0.983636
1100 0.939091
1100 0.926364
1100 0.994545
1100 0.961818
1100 0.978182
1100 0.891818
1100 0.969091
1100 0.964545
1100 0.992727
1100 0.976364
1100 0.940909
1100 0.998182
1100 0.952727
1100 0.93
1100 0.970909
1100 0.995455
1100 0.916364
1100 0.971818
1100 0.987273
1100 0.978182
1100 0.977273
1100 0.94
1100 0.956364
1100 0.959091
1100 0.911818
1100 0.406364
1150 0.96
1150 0.94087
1150 0.930435
1150 0.935652
1150 0.968696
1150 0.97913
1150 0.963478
1150 0.935652
1150 0.956522
1150 0.976522
1150 0.976522
1150 0.934783
1150 0.927826
1150 0.936522
1150 0.953913
1150 0.94
1150 0.970435
1150 0.942609
1150 0.927826
1150 0.878261
1150 0.930435
1150 0.971304
1150 0.958261
1150 0.948696
1150 0.946087
1150 0.942609
1150 0.949565
1150 0.948696
1150 0.947826
1150 0.998261
1150 0.95913
1150 0.964348
1150 0.93913
1150 0.891304
1150 0.988696
1150 0.96087
1150 0.93913
1150 0.923478
1150 0.973913
1150 0.914783
1150 0.954783
1150 0.893043
1150 0.964348
1150 0.957391
1150 0.991304
1150 0.77913
1150 0.91913
1150 0.952174
1150 0.909565
1150 0.986957
1150 0.945217
1150 0.926957
1150 0.963478
1150 0.937391
1150 0.964348
1150 0.987826
1150 0.971304
1150 0.952174
1150 0.895652
1150 0.966087
1150 0.974783
1150 0.990435
1150 0.972174
1150 0.953913
1150 0.908696
1150 0.933043
1150 0.951304
1150 0.977391
1150 0.96087
1150 0.933043
1150 0.922609
1150 0.933913
1150 0.973043
1150 0.84087
1150 0.965217
1200 0.98
1200 0.954167
1200 0.9275
1200 0.976667
1200 0.914167
1200 0.960833
1200 0.949167
1200 0.910833
1200 0.96
1200 0.938333
1200 0.950833
1200 0.9575
1200 0.998333
1200 0.99
1200 0.953333
1200 0.954167
1200 0.9025
1200 0.945833
1200 0.971667
1200 0.975
1200 0.983333
1200 0.9925
1200 0.9575
1200 0.910833
1200 0.9825
1200 0.960833
1200 0.913333
1200 0.96
1200 0.961667
1200 0.9825
1200 0.975
1200 0.906667
1200 0.999167
1200 0.950833
1200 0.999167
1200 0.983333
1200 0.956667
1200 0.941667
1200 0.941667
1200 0.910833
1200 0.9375
1200 0.8325
1200 0.933333
1200 0.965
1200 0.980833
1200 0.980833
1200 0.9675
1200 0.941667
1200 0.994167
1200 0.980833
1200 0.978333
1200 0.925833
1200 0.969167
1200 0.986667
1200 0.9575
1200 0.956667
1200 0.961667
1200 0.968333
1200 0.919167
1200 0.975833
1200 0.978333
1200 0.990833
1200 0.971667
1200 0.9825
1200 0.978333
1200 0.898333
1200 0.990833
1200 0.925833
1200 0.978333
1200 0.92
1200 0.954167
1200 0.8925
1200 0.993333
1200 0.974167
1200 0.956667
1250 0.9456
1250 0.9632
1250 0.9976
1250 0.8672
1250 0.9512
1250 0.9888
1250 0.9864
1250 0.9712
1250 0.9784
1250 0.9728
1250 0.9408
1250 0.9768
1250 0.8832
1250 0.9272
1250 0.9712
1250 0.9608
1250 0.9776
1250 0.9624
1250 0.9696
1250 0.9464
1250 0.9336
1250 0.9128
1250 0.9728
1250 0.9168
1250 0.984
1250 0.9632
1250 0.9712
1250 0.9624
1250 0.828
1250 0.96
1250 0.9504
1250 0.8768
1250 0.9976
1250 0.9984
1250 0.9464
1250 0.952
1250 0.9504
1250 0.9744
1250 0.948
1250 1
1250 0.9592
1250 0.9632
1250 0.9648
1250 0.9944
1250 0.9488
1250 0.9568
1250 0.932
1250 0.964
1250 0.9024
1250 0.9192
1250 0.9712
1250 0.9912
1250 0.9976
1250 0.9424
1250 0.9536
1250 0.916
1250 0.924
1250 0.9768
1250 0.9488
1250 0.98
1250 0.9744
1250 0.9552
1250 0.9512
1250 0.9856
1250 0.9936
1250 0.9632
1250 0.9608
1250 0.952
1250 0.9472
1250 0.98
1250 0.9512
1250 0.984
1250 0.9224
1250 0.9488
1250 0.9928
1300 0.846923
1300 0.987692
1300 0.965385
1300 0.94
1300 0.983077
1300 0.996154
1300 0.901538
1300 0.964615
1300 0.983846
1300 0.992308
1300 0.988462
1300 0.986923
1300 0.92
1300 0.926154
1300 0.971538
1300 0.907692
1300 0.928462
1300 0.94
1300 0.977692
1300 0.973077
1300 0.936923
1300 0.986923
1300 0.907692
1300 0.990769
1300 0.9
1300 0.982308
1300 0.972308
1300 0.955385
1300 0.940769
1300 0.915385
1300 0.981538
1300 0.957692
1300 0.886923
1300 0.960769
1300 0.954615
1300 0.983077
1300 0.968462
1300 0.986923
1300 0.926923
1300 0.94
1300 0.952308
1300 0.976154
1300 0.995385
1300 0.972308
1300 0.921538
1300 0.932308
1300 0.878462
1300 0.956154
1300 0.946923
1300 0.961538
1300 0.961538
1300 0.962308
1300 0.933077
1300 0.927692
1300 0.895385
1300 0.946923
1300 0.956923
1300 0.923077
1300 0.944615
1300 0.973846
1300 0.973846
1300 0.969231
1300 0.947692
1300 0.955385
1300 0.945385
1300 0.950769
1300 0.963077
1300 0.904615
1300 0.979231
1300 0.95
1300 0.97
1300 0.963846
1300 0.946154
1300 0.961538
1300 0.980769
1350 0.96
1350 0.955556
1350 0.992593
1350 0.940741
1350 0.905185
1350 0.904444
1350 0.979259
1350 0.974074
1350 0.984444
1350 0.975556
1350 0.922222
1350 0.975556
1350 0.958519
1350 0.921481
1350 0.93037
1350 0.986667
1350 0.976296
1350 0.974815
1350 0.888148
1350 0.965926
1350 0.966667
1350 0.994074
1350 0.922222
1350 0.948148
1350 0.908148
1350 0.972593
1350 0.941481
1350 0.980741
1350 0.953333
1350 0.983704
1350 0.85037
1350 0.96
1350 0.947407
1350 0.977037
1350 0.944444
1350 0.959259
1350 0.945926
1350 0.971852
1350 0.948148
1350 0.965926
1350 0.978519
1350 0.891111
1350 0.94
1350 0.931111
1350 0.993333
1350 0.959259
1350 0.957037
1350 0.940741
1350 0.961481
1350 0.965185
1350 0.943704
1350 0.951852
1350 0.904444
1350 0.945185
1350 0.91037
1350 0.999259
1350 0.926667
1350 0.959259
1350 0.96
1350 0.996296
1350 0.944444
1350 0.957778
1350 0.957778
1350 0.806667
1350 0.977778
1350 0.971852
1350 0.978519
1350 0.891111
1350 0.924444
1350 0.951852
1350 0.995556
1350 0.962222
1350 0.985926
1350 0.988148
1350 0.952593
1400 0.97
1400 0.951429
1400 0.950714
1400 0.987143
1400 0.942857
1400 0.967857
1400 0.966429
1400 0.982143
1400 0.965
1400 0.92
1400 0.930714
1400 0.990714
1400 0.976429
1400 0.985714
1400 0.973571
1400 0.932143
1400 0.990714
1400 0.950714
1400 0.944286
1400 0.985714
1400 0.96
1400 0.997857
1400 0.945
1400 0.97
1400 0.906429
1400 0.895
1400 0.960714
1400 0.992857
1400 0.955714
1400 0.938571
1400 0.967143
1400 0.95
1400 0.981429
1400 0.927857
1400 0.858571
1400 0.971429
1400 0.986429
1400 0.965714
1400 0.96
1400 0.908571
1400 0.957857
1400 0.959286
1400 0.957143
1400 0.925
1400 0.977143
1400 0.969286
1400 0.93
1400 0.997143
1400 0.946429
1400 0.99
1400 0.963571
1400 0.907857
1400 0.966429
1400 0.963571
1400 0.889286
1400 0.955714
1400 0.963571
1400 0.927143
1400 0.938571
1400 0.979286
1400 0.98
1400 0.922857
1400 0.953571
1400 0.978571
1400 0.945
1400 0.929286
1400 0.962857
1400 0.996429
1400 0.922143
1400 0.981429
1400 0.933571
1400 0.828571
1400 0.955714
1400 0.975714
1400 0.980714
1450 0.937241
1450 0.986897
1450 0.955862
1450 0.974483
1450 0.973793
1450 0.996552
1450 0.949655
1450 0.986897
1450 0.984828
1450 0.888276
1450 0.916552
1450 0.934483
1450 0.933793
1450 0.966207
1450 0.953793
1450 0.890345
1450 0.92
1450 0.946207
1450 0.946897
1450 0.953103
1450 0.951034
1450 0.912414
1450 0.931034
1450 0.971034
1450 0.911724
1450 0.934483
1450 0.987586
1450 0.966207
1450 0.893793
1450 0.933793
1450 0.965517
1450 0.961379
1450 0.94
1450 0.958621
1450 0.949655
1450 0.954483
1450 0.986897
1450 0.904828
1450 0.873793
1450 0.930345
1450 0.96
1450 0.954483
1450 0.934483
1450 0.957931
1450 0.84
1450 0.972414
1450 0.977931
1450 0.936552
1450 0.950345
1450 0.928966
1450 0.972414
1450 0.984828
1450 0.955172
1450 0.895172
1450 0.968966
1450 0.928276
1450 0.983448
1450 0.908966
1450 0.949655
1450 0.992414
1450 0.96069
1450 0.971724
1450 0.930345
1450 0.982069
1450 0.92069
1450 0.927586
1450 0.974483
1450 0.951724
1450 0.886897
1450 0.991034
1450 0.935172
1450 0.984828
1450 0.993103
1450 0.988966
1450 0.933103
1500 0.96
1500 0.885333
1500 0.993333
1500 0.948
1500 0.953333
1500 0.973333
1500 0.944
1500 0.940667
1500 0.863333
1500 0.935333
1500 0.698
1500 0.956667
1500 0.954
1500 0.949333
1500 0.937333
1500 0.996667
1500 0.952
1500 0.984667
1500 0.954
1500 0.946667
1500 0.96
1500 0.938667
1500 0.949333
1500 0.970667
1500 0.976
1500 0.982667
1500 0.904667
1500 0.974667
1500 0.976667
1500 0.948667
1500 0.978
1500 0.958667
1500 0.962667
1500 0.976
1500 0.957333
1500 0.999333
1500 0.948667
1500 0.894667
1500 0.954
1500 0.977333
1500 0.99
1500 0.883333
1500 0.96
1500 0.957333
1500 0.956
1500 0.984
1500 0.980667
1500 0.970667
1500 0.98
1500 0.934667
1500 0.961333
1500 0.986
1500 0.933333
1500 0.995333
1500 0.972
1500 0.970667
1500 0.995333
1500 0.96
1500 0.994667
1500 0.947333
1500 0.931333
1500 0.995333
1500 0.973333
1500 0.988
1500 0.976
1500 0.974667
1500 0.982
1500 0.980667
1500 0.910667
1500 0.950667
1500 0.959333
1500 0.946
1500 0.959333
1500 0.878667
1500 0.908
1550 0.923226
1550 0.955484
1550 0.903226
1550 0.958065
1550 0.952903
1550 0.995484
1550 0.956129
1550 0.957419
1550 0.929032
1550 0.610968
1550 0.993548
1550 0.896774
1550 0.988387
1550 0.970323
1550 0.990968
1550 0.986452
1550 0.949677
1550 0.965161
1550 0.982581
1550 0.987097
1550 0.910968
1550 0.92129
1550 0.928387
1550 0.996774
1550 0.957419
1550 0.994839
1550 0.950323
1550 0.896129
1550 0.994839
1550 0.992258
1550 0.959355
1550 0.98129
1550 0.986452
1550 0.954839
1550 0.973548
1550 0.975484
1550 0.990968
1550 0.911613
1550 0.932903
1550 0.985806
1550 0.917419
1550 0.95871
1550 0.970323
1550 0.974839
1550 0.988387
1550 1
1550 0.980645
1550 0.984516
1550 0.911613
1550 0.993548
1550 0.965806
1550 0.993548
1550 0.991613
1550 0.970323
1550 0.942581
1550 0.98129
1550 0.98129
1550 0.963871
1550 0.941935
1550 0.947742
1550 0.927742
1550 0.966452
1550 0.993548
1550 0.969677
1550 0.939355
1550 0.963226
1550 0.956129
1550 0.974839
1550 0.890968
1550 0.937419
1550 0.912258
1550 0.986452
1550 0.967097
1550 0.947742
1550 0.99871
1600 0.985625
1600 0.98125
1600 0.96875
1600 0.92625
1600 0.95375
1600 0.93
1600 0.97125
1600 0.930625
1600 0.994375
1600 0.945625
1600 0.945
1600 0.99
1600 0.9525
1600 0.939375
1600 0.97625
1600 0.9325
1600 0.92
1600 0.92625
1600 0.924375
1600 0.935
1600 0.961875
1600 0.974375
1600 0.953125
1600 0.973125
1600 0.99
1600 0.929375
1600 0.999375
1600 0.979375
1600 0.904375
1600 0.9825
1600 0.96125
1600 0.965
1600 0.934375
1600 0.955625
1600 0.94125
1600 0.978125
1600 0.93125
1600 0.989375
1600 0.9775
1600 0.986875
1600 0.9725
1600 0.980625
1600 0.99375
1600 0.995625
1600 0.985
1600 0.95625
1600 0.96375
1600 0.9975
1600 0.9825
1600 0.9525
1600 0.949375
1600 0.971875
1600 0.995625
1600 0.998125
1600 0.96
1600 0.97
1600 0.9475
1600 0.991875
1600 0.94875
1600 0.940625
1600 0.943125
1600 0.961875
1600 0.94125
1600 0.96875
1600 0.934375
1600 0.99375
1600 0.999375
1600 0.996875
1600 0.96625
1600 0.9875
1600 0.9525
1600 0.95875
1600 0.96125
1600 0.990625
1600 0.98125
1650 0.997576
1650 0.961818
1650 0.844242
1650 0.981212
1650 0.958182
1650 0.997576
1650 0.918182
1650 0.962424
1650 0.970909
1650 0.938182
1650 0.927273
1650 0.962424
1650 0.979394
1650 0.945455
1650 0.95697
1650 0.92
1650 0.944848
1650 0.955758
1650 0.971515
1650 0.988485
1650 0.934545
1650 0.942424
1650 0.965455
1650 0.950303
1650 0.925455
1650 0.994545
1650 0.994545
1650 0.992727
1650 0.985455
1650 0.969091
1650 0.968485
1650 0.967273
1650 0.957576
1650 0.968485
1650 0.893333
1650 0.964242
1650 0.984848
1650 0.918182
1650 0.944848
1650 0.908485
1650 0.981212
1650 0.961818
1650 0.990303
1650 0.959394
1650 0.974545
1650 0.998182
1650 0.946061
1650 0.947273
1650 0.970909
1650 0.984848
1650 0.92303
1650 0.970303
1650 0.949091
1650 0.945455
1650 0.990909
1650 0.970303
1650 0.916364
1650 0.964242
1650 0.903636
1650 0.927273
1650 0.984242
1650 0.953939
1650 0.945455
1650 0.93697
1650 0.918182
1650 0.967273
1650 0.961818
1650 0.958182
1650 0.989091
1650 0.933939
1650 0.857576
1650 0.898788
1650 0.986061
1650 0.893939
1650 0.927273
1700 0.997059
1700 0.985882
1700 0.911176
1700 0.98
1700 0.946471
1700 0.986471
1700 0.954118
1700 0.908824
1700 0.937059
1700 0.931765
1700 0.952941
1700 0.957059
1700 0.921176
1700 0.967647
1700 0.927647
1700 0.99
1700 0.928824
1700 0.924118
1700 0.968235
1700 0.954706
1700 0.932941
1700 0.948824
1700 0.931176
1700 0.870588
1700 0.981176
1700 0.974118
1700 0.987059
1700 0.942353
1700 0.942941
1700 0.929412
1700 0.98
1700 0.938824
1700 0.985294
1700 0.949412
1700 0.961176
1700 0.964118
1700 0.954706
1700 0.895882
1700 0.988824
1700 0.937059
1700 0.961765
1700 0.896471
1700 0.926471
1700 0.937059
1700 0.958235
1700 0.921176
1700 0.991765
1700 0.941176
1700 0.996471
1700 0.922353
1700 0.995294
1700 0.952353
1700 0.984118
1700 0.948824
1700 0.98
1700 0.990588
1700 0.998235
1700 0.901176
1700 0.948824
1700 0.917059
1700 0.958824
1700 0.964118
1700 0.954706
1700 0.966471
1700 0.929412
1700 0.951765
1700 0.898824
1700 0.991176
1700 0.965882
1700 0.99
1700 0.965882
1700 0.969412
1700 0.95
1700 0.948235
1700 0.932353
1750 0.997143
1750 0.984571
1750 0.949714
1750 0.926857
1750 0.973714
1750 0.964571
1750 0.966286
1750 0.906857
1750 0.967429
1750 0.941143
1750 0.98
1750 0.996
1750 0.960571
1750 0.972571
1750 0.909143
1750 0.969143
1750 0.957143
1750 0.974286
1750 0.974286
1750 0.979429
1750 0.962286
1750 0.969714
1750 0.980571
1750 0.952
1750 0.884571
1750 0.971429
1750 0.961143
1750 0.96
1750 0.962857
1750 0.986286
1750 0.994857
1750 0.973714
1750 0.953714
1750 0.994286
1750 0.934286
1750 0.965143
1750 0.964571
1750 0.962857
1750 0.961143
1750 0.976571
1750 0.958857
1750 1
1750 0.993714
1750 0.968571
1750 0.944
1750 0.966286
1750 0.949714
1750 0.969714
1750 0.919429
1750 0.961143
1750 0.901143
1750 0.988
1750 0.896571
1750 0.946286
1750 0.993143
1750 0.952
1750 0.954286
1750 0.943429
1750 0.948571
1750 0.981143
1750 0.980571
1750 0.979429
1750 0.986286
1750 0.981143
1750 0.946286
1750 0.982857
1750 0.892571
1750 0.936
1750 0.918857
1750 0.978286
1750 0.521143
1750 0.94
1750 0.991429
1750 0.989714
1750 0.892
1800 0.996667
1800 0.966111
1800 0.949444
1800 0.937778
1800 0.937778
1800 0.953889
1800 0.908889
1800 0.938333
1800 0.973333
1800 0.952778
1800 0.964444
1800 0.968333
1800 0.925556
1800 0.933889
1800 0.952778
1800 0.982222
1800 0.939444
1800 0.994444
1800 0.976111
1800 0.942778
1800 0.967778
1800 0.93
1800 0.926111
1800 0.988889
1800 0.97
1800 0.951111
1800 0.951667
1800 0.908889
1800 0.983889
1800 0.895
1800 0.986111
1800 0.966111
1800 0.981667
1800 0.916111
1800 0.958333
1800 0.957778
1800 0.956667
1800 0.931667
1800 0.980556
1800 0.958333
1800 0.986111
1800 0.980556
1800 0.956111
1800 0.986111
1800 0.967778
1800 0.962222
1800 0.960556
1800 0.957778
1800 0.95
1800 0.958889
1800 0.985
1800 0.962778
1800 0.931667
1800 0.986111
1800 0.956667
1800 0.990556
1800 0.958889
1800 0.907778
1800 0.97
1800 0.990556
1800 0.979444
1800 0.971667
1800 0.960556
1800 0.956111
1800 0.958889
1800 0.951667
1800 0.953889
1800 0.917222
1800 0.979444
1800 0.964444
1800 0.966667
1800 0.975556
1800 0.919444
1800 1
1800 0.981667
1850 0.927027
1850 0.946486
1850 0.998919
1850 0.957297
1850 0.98973
1850 0.991351
1850 0.959459
1850 0.92
1850 0.957838
1850 0.959459
1850 0.942162
1850 0.933514
1850 0.976216
1850 0.977838
1850 0.932432
1850 0.988108
1850 0.982703
1850 0.993514
1850 0.94
1850 0.843784
1850 0.949189
1850 0.949189
1850 0.914595
1850 0.995135
1850 0.985405
1850 0.943784
1850 0.957297
1850 0.923784
1850 0.956216
1850 0.971351
1850 0.976216
1850 0.991351
1850 0.973514
1850 0.994595
1850 0.957297
1850 0.972973
1850 0.962703
1850 0.986486
1850 0.965946
1850 0.992432
1850 0.985946
1850 0.984865
1850 0.953514
1850 0.987027
1850 0.960541
1850 0.970811
1850 0.998378
1850 0.892432
1850 0.949189
1850 0.96
1850 0.997838
1850 0.996216
1850 0.934595
1850 0.948108
1850 0.92973
1850 0.982703
1850 0.939459
1850 0.953514
1850 0.971892
1850 0.978378
1850 0.973514
1850 0.973514
1850 0.957297
1850 0.944865
1850 0.957297
1850 0.980541
1850 0.954054
1850 0.928649
1850 0.952973
1850 0.947568
1850 0.981081
1850 0.956216
1850 0.958919
1850 0.910811
1850 0.945405
1900 0.963158
1900 0.961053
1900 0.965263
1900 0.988947
1900 0.968947
1900 0.947895
1900 0.910526
1900 0.950526
1900 0.986316
1900 0.962632
1900 0.929474
1900 0.939474
1900 0.956842
1900 0.984737
1900 0.988421
1900 0.981579
1900 0.971053
1900 0.957895
1900 0.992632
1900 0.984211
1900 0.897895
1900 0.991579
1900 0.927895
1900 0.96
1900 0.967895
1900 0.952632
1900 0.976842
1900 0.958947
1900 0.961579
1900 0.95
1900 0.98
1900 0.946316
1900 0.970526
1900 0.958421
1900 0.966842
1900 0.951053
1900 0.972105
1900 0.986842
1900 0.972632
1900 0.971579
1900 0.972105
1900 0.96
1900 0.988421
1900 0.942105
1900 0.933684
1900 0.954211
1900 0.916316
1900 0.918421
1900 0.948947
1900 0.963158
1900 0.981053
1900 0.982632
1900 0.968421
1900 0.883158
1900 0.964737
1900 0.984737
1900 0.978947
1900 0.944737
1900 0.916316
1900 0.973158
1900 0.971053
1900 0.997895
1900 0.946842
1900 0.915263
1900 0.951579
1900 0.933158
1900 0.99
1900 0.949474
1900 0.953158
1900 0.891579
1900 0.974737
1900 0.975263
1900 0.967895
1900 0.96
1900 0.976316
1950 0.951795
1950 0.981026
1950 0.972308
1950 0.967692
1950 0.931795
1950 0.975385
1950 0.949231
1950 0.947692
1950 0.944103
1950 0.978462
1950 0.932821
1950 0.942051
1950 0.996923
1950 0.78
1950 0.970256
1950 0.956923
1950 0.972821
1950 0.968718
1950 0.978974
1950 0.961026
1950 0.932821
1950 0.934872
1950 0.953333
1950 0.936923
1950 0.939487
1950 0.991282
1950 0.988205
1950 0.922564
1950 0.974872
1950 0.962051
1950 0.998974
1950 0.96
1950 0.949231
1950 0.979487
1950 0.960513
1950 0.979487
1950 0.912821
1950 0.974872
1950 0.950769
1950 0.984615
1950 0.938462
1950 0.958462
1950 0.995897
1950 0.993333
1950 0.967692
1950 0.952308
1950 0.959487
1950 0.980513
1950 0.944615
1950 0.957436
1950 0.957436
1950 0.954872
1950 0.911282
1950 0.996923
1950 0.985128
1950 0.96
1950 0.979487
1950 0.928205
1950 0.897949
1950 0.987692
1950 0.932308
1950 0.966667
1950 0.94
1950 0.941026
1950 0.962051
1950 0.955897
1950 0.962051
1950 0.894872
1950 0.904103
1950 0.995385
1950 0.984103
1950 0.962564
1950 0.968205
1950 0.938462
1950 0.952821
2000 0.9645
2000 0.994
2000 0.976
2000 0.97
2000 0.9855
2000 0.9815
2000 1
2000 0.9385
2000 0.95
2000 0.899
2000 0.9055
2000 0.975
2000 0.976
2000 0.959
2000 0.982
2000 0.9745
2000 0.969
2000 0.932
2000 0.9885
2000 0.912
2000 0.9635
2000 0.8915
2000 0.9805
2000 0.9065
2000 0.964
2000 0.908
2000 0.943
2000 0.956
2000 0.9725
2000 0.926
2000 0.9735
2000 0.9475
2000 0.969
2000 0.989
2000 0.966
2000 0.9465
2000 0.962
2000 0.9665
2000 0.907
2000 0.961
2000 0.9705
2000 0.9665
2000 0.93
2000 0.97
2000 0.952
2000 0.9775
2000 0.9825
2000 0.9925
2000 0.9745
2000 0.9935
2000 0.9195
2000 0.9525
2000 0.999
2000 0.8875
2000 0.953
2000 0.9885
2000 0.9875
2000 0.9695
2000 0.9915
2000 0.931
2000 0.9425
2000 0.9695
2000 0.998
2000 0.9405
2000 0.9765
2000 0.991
2000 0.8875
2000 0.932
2000 0.9565
2000 0.982
2000 0.9075
2000 0.956
2000 0.921
2000 0.9615
2000 0.988
