50 0.12
50 0.5
50 0.02
50 0
50 0.26
50 0.12
50 0.32
50 0
50 0
50 0.22
50 0.12
50 0.14
50 0.18
50 0.04
50 0.16
50 0.1
50 0.44
50 0.74
50 0.22
50 0.02
50 0.16
50 0.04
50 0
50 0
50 0.14
50 0.22
50 0
50 0.38
50 0.22
50 0.12
50 0.2
50 0.06
50 0
50 0.2
50 0.1
50 0
50 0
50 0.2
50 0.02
50 0
50 0
50 0.14
50 0.16
50 0
50 0.48
50 0.4
50 0.18
50 0.72
50 0.42
50 0.38
50 0.38
50 0.1
50 0.34
50 0.3
50 0.24
50 0.12
50 0.44
50 0.12
50 0.38
50 0.04
50 0.36
50 0.26
50 0
50 0
50 0.4
50 0.26
50 0.18
50 0.08
50 0.48
50 0
50 0.4
50 0.58
50 0.5
50 0.72
50 0.1
100 0.3
100 0.24
100 0.44
100 0.23
100 0.7
100 0.92
100 0.48
100 0.32
100 0.84
100 0.47
100 0.86
100 0.52
100 0.28
100 0.43
100 0.95
100 0.18
100 0.64
100 0.17
100 0.53
100 0.7
100 0.65
100 0.18
100 0.58
100 0.56
100 0.48
100 0.34
100 0.35
100 0.57
100 0.2
100 0.6
100 0.75
100 0.47
100 0.27
100 0.77
100 0.82
100 0.53
100 0.71
100 0.59
100 0.2
100 0.44
100 0.68
100 0.18
100 0.29
100 0.83
100 0.77
100 0.71
100 0.18
100 0.9
100 0.07
100 0.48
100 0.35
100 0.34
100 0.61
100 0.56
100 0.51
100 0.97
100 0.5
100 0.07
100 0.81
100 0.8
100 0.77
100 0.5
100 0.48
100 0.88
100 0.36
100 0.14
100 0.65
100 0.66
100 0.71
100 0.72
100 0.03
100 0.63
100 0.53
100 0.06
100 0.96
150 0.593333
150 0.62
150 0.726667
150 0.76
150 0.62
150 0.906667
150 0.76
150 0.76
150 0.773333
150 0.62
150 0.913333
150 0.746667
150 0.493333
150 0.506667
150 0.926667
150 0.72
150 0.973333
150 0.693333
150 0.473333
150 0.786667
150 0.846667
150 0.813333
150 0.626667
150 0.58
150 0.9
150 0
150 0.386667
150 0.806667
150 0.92
150 0.826667
150 0.786667
150 0.753333
150 0.82
150 0.966667
150 0.693333
150 0.566667
150 0.74
150 0.5
150 0.513333
150 0.92
150 0.926667
150 0.38
150 0.473333
150 0.906667
150 0.273333
150 0.86
150 0.826667
150 0.813333
150 0.78
150 0.32
150 0.68
150 0.486667
150 0.753333
150 0.853333
150 0.773333
150 0.713333
150 0.78
150 0.826667
150 0.4
150 0.726667
150 0.913333
150 0.733333
150 0.913333
150 0.546667
150 0.18
150 0.733333
150 0.873333
150 0.366667
150 0.953333
150 0.433333
150 0.786667
150 0.466667
150 0.733333
150 0.746667
150 0.766667
200 0.71
200 0.41
200 0.96
200 0.745
200 0.705
200 0.84
200 0.585
200 0.88
200 0.765
200 0.71
200 0.88
200 0.61
200 0.76
200 0.91
200 0.715
200 0.78
200 0.83
200 0.87
200 0.94
200 0.83
200 0.765
200 0.885
200 0.195
200 0.87
200 0.82
200 0.665
200 0.86
200 0.85
200 0.7
200 0.74
200 0.735
200 0.865
200 0.755
200 0.92
200 0.69
200 0.875
200 0.305
200 0.75
200 0.955
200 0.485
200 0.715
200 0.905
200 0.67
200 0.59
200 0.885
200 0.855
200 0.87
200 0.775
200 0.905
200 0.865
200 0.185
200 0.925
200 0.88
200 0.79
200 0.865
200 0.91
200 0.86
200 0.64
200 0.905
200 0.78
200 0.47
200 0.695
200 0.95
200 0.83
200 0.74
200 0.67
200 0.655
200 0.83
200 0.77
200 0.905
200 0.785
200 0.385
200 0.84
200 0.82
200 0.81
250 0.724
250 0.908
250 0.712
250 0.76
250 0.876
250 0.896
250 0.94
250 0.944
250 0.752
250 0.848
250 0.84
250 0.852
250 0.92
250 1
250 0.928
250 0.976
250 0.956
250 0.844
250 0.852
250 0.88
250 0.976
250 0.788
250 0.768
250 0.86
250 0.904
250 0.924
250 0.94
250 0.984
250 0.808
250 0.9
250 0.752
250 0.896
250 0.956
250 0.76
250 0.84
250 0.716
250 0.904
250 0.876
250 0.948
250 0.788
250 0.556
250 0.572
250 0.92
250 0.5
250 0.88
250 0.912
250 0.948
250 0.584
250 0.936
250 0.908
250 0.924
250 0.86
250 0.808
250 0.796
250 0.912
250 0.924
250 0.852
250 0.88
250 0.848
250 0.952
250 0.928
250 0.856
250 0.868
250 0.852
250 0.688
250 0.932
250 0.88
250 0.94
250 0.896
250 0.924
250 0.764
250 0.632
250 0.952
250 0.96
250 0.816
300 0.85
300 0.956667
300 0.823333
300 0.933333
300 0.753333
300 0.506667
300 0.813333
300 0.803333
300 0.92
300 0.876667
300 0.92
300 0.81
300 0.816667
300 0.966667
300 0.913333
300 0.79
300 0.916667
300 0.923333
300 0.896667
300 0.873333
300 0.936667
300 0.85
300 0.943333
300 0.983333
300 0.953333
300 0.906667
300 0.9
300 0.853333
300 0.916667
300 0.95
300 0.83
300 0.823333
300 0.81
300 0.876667
300 0.843333
300 0.94
300 0.95
300 0.993333
300 0.95
300 0.95
300 0.87
300 0.93
300 1
300 0.85
300 0.783333
300 0.72
300 0.816667
300 0.836667
300 0.513333
300 1
300 0.686667
300 0.9
300 0.77
300 0.723333
300 0.81
300 0.7
300 0.996667
300 0.89
300 0.866667
300 0.99
300 0.886667
300 0.84
300 0.93
300 0.866667
300 0.926667
300 0.936667
300 0.943333
300 0.9
300 0.933333
300 0.923333
300 0.92
300 0.926667
300 0.906667
300 0.883333
300 0.84
350 0.928571
350 0.965714
350 0.925714
350 0.811429
350 0.974286
350 0.602857
350 0.745714
350 0.937143
350 0.948571
350 0.991429
350 0.857143
350 0.78
350 0.974286
350 0.894286
350 0.977143
350 0.825714
350 0.894286
350 0.982857
350 0.888571
350 0.877143
350 0.965714
350 0.774286
350 0.962857
350 0.962857
350 0.977143
350 0.945714
350 0.877143
350 0.974286
350 0.894286
350 0.857143
350 0.762857
350 0.997143
350 0.888571
350 0.98
350 0.862857
350 0.905714
350 1
350 0.605714
350 0.848571
350 0.794286
350 0.902857
350 0.917143
350 0.908571
350 0.937143
350 0.982857
350 0.942857
350 1
350 0.934286
350 0.865714
350 0.957143
350 0.9
350 0.945714
350 0.982857
350 0.865714
350 0.857143
350 0.948571
350 0.951429
350 0.837143
350 0.968571
350 0.76
350 0.851429
350 0.834286
350 0.977143
350 0.937143
350 0.928571
350 0.888571
350 0.928571
350 0.897143
350 0.942857
350 0.888571
350 0.917143
350 0.971429
350 0.78
350 0.842857
350 0.868571
400 0.9725
400 0.845
400 0.9025
400 0.7225
400 0.88
400 0.9075
400 0.9125
400 0.675
400 0.9675
400 0.9775
400 0.9075
400 0.915
400 0.915
400 0.87
400 0.9075
400 0.87
400 0.865
400 0.5575
400 0.9375
400 0.8925
400 0.815
400 0.9325
400 0.9575
400 0.89
400 0.9725
400 0.9675
400 0.99
400 0.6825
400 0.88
400 0.9875
400 0.9425
400 0.86
400 0.875
400 0.8725
400 0.975
400 0.955
400 0.9225
400 0.6475
400 0.93
400 0.955
400 0.9375
400 0.965
400 0.995
400 0.88
400 0.965
400 0.96
400 0.88
400 0.85
400 0.995
400 0.9575
400 1
400 0.9825
400 0.96
400 0.855
400 0.86
400 0.9225
400 0.99
400 0.9625
400 0.95
400 0.925
400 0.8725
400 0.8675
400 0.8375
400 0.9175
400 0.88
400 0.9825
400 0.815
400 0.92
400 0.885
400 0.99
400 0.9025
400 0.8425
400 0.9225
400 0.98
400 0.955
450 0.948889
450 0.946667
450 0.913333
450 0.98
450 0.982222
450 0.926667
450 0.986667
450 0.944444
450 0.931111
450 0.866667
450 0.931111
450 0.904444
450 0.911111
450 0.991111
450 0.711111
450 0.986667
450 0.882222
450 0.877778
450 0.835556
450 0.922222
450 0.937778
450 0.995556
450 0.942222
450 0.935556
450 0.908889
450 0.786667
450 1
450 0.948889
450 0.948889
450 0.608889
450 0.922222
450 0.857778
450 0.962222
450 0.94
450 0.933333
450 0.826667
450 0.957778
450 0.94
450 0.915556
450 0.971111
450 0.975556
450 0.908889
450 0.835556
450 0.964444
450 0.942222
450 0.955556
450 0.977778
450 0.928889
450 0.946667
450 0.993333
450 0.971111
450 0.851111
450 0.902222
450 0.931111
450 0.908889
450 0.955556
450 0.875556
450 0.964444
450 0.971111
450 0.96
450 0.884444
450 0.9
450 0.991111
450 0.973333
450 0.893333
450 0.917778
450 0.935556
450 0.78
450 0.933333
450 0.98
450 0.917778
450 0.824444
450 0.933333
450 0.815556
450 0.746667
500 0.982
500 0.89
500 0.986
500 0.918
500 0.73
500 0.97
500 0.918
500 0.926
500 0.872
500 0.936
500 0.924
500 0.906
500 0.852
500 0.946
500 0.966
500 0.902
500 0.89
500 0.956
500 0.93
500 0.866
500 0.94
500 0.902
500 0.902
500 0.904
500 0.884
500 0.88
500 0.944
500 0.992
500 0.986
500 0.992
500 0.902
500 0.89
500 0.948
500 0.92
500 0.892
500 0.952
500 0.89
500 0.948
500 0.986
500 0.81
500 0.966
500 0.994
500 0.916
500 0.914
500 0.868
500 0.906
500 0.916
500 0.962
500 0.976
500 0.978
500 0.836
500 0.938
500 0.98
500 0.87
500 0.906
500 0.968
500 0.986
500 0.91
500 0.978
500 0.95
500 0.914
500 0.992
500 0.946
500 0.83
500 0.86
500 0.832
500 0.898
500 0.938
500 0.952
500 0.982
500 0.874
500 0.926
500 0.956
500 0.962
500 0.946
550 0.816364
550 0.94
550 0.98
550 0.938182
550 0.954545
550 0.952727
550 0.923636
550 0.954545
550 0.896364
550 0.976364
550 0.996364
550 0.892727
550 0.674545
550 0.936364
550 0.954545
550 0.941818
550 0.805455
550 0.909091
550 0.936364
550 0.994545
550 0.909091
550 0.854545
550 0.936364
550 0.969091
550 0.952727
550 0.952727
550 0.910909
550 0.92
550 0.947273
550 0.870909
550 0.92
550 0.905455
550 0.943636
550 0.481818
550 0.805455
550 0.858182
550 0.974545
550 0.88
550 0.998182
550 0.952727
550 0.950909
550 0.881818
550 0.909091
550 0.898182
550 0.994545
550 0.963636
550 0.956364
550 0.903636
550 0.936364
550 0.98
550 0.961818
550 0.938182
550 0.961818
550 0.901818
550 0.92
550 0.903636
550 0.952727
550 0.872727
550 0.896364
550 0.709091
550 0.952727
550 0.898182
550 0.996364
550 0.94
550 0.945455
550 0.972727
550 0.930909
550 0.94
550 0.943636
550 0.918182
550 0.974545
550 0.896364
550 0.885455
550 0.905455
550 0.950909
600 0.943333
600 0.898333
600 0.991667
600 0.933333
600 0.98
600 0.938333
600 0.948333
600 0.97
600 0.945
600 0.865
600 0.99
600 0.966667
600 0.945
600 0.941667
600 0.978333
600 0.895
600 0.921667
600 0.905
600 0.98
600 0.965
600 0.97
600 0.905
600 0.955
600 0.975
600 0.883333
600 0.901667
600 0.971667
600 0.931667
600 0.918333
600 0.968333
600 0.89
600 0.873333
600 0.905
600 0.988333
600 0.908333
600 0.958333
600 0.886667
600 0.92
600 0.903333
600 0.985
600 0.856667
600 0.955
600 0.926667
600 0.898333
600 0.943333
600 0.991667
600 0.978333
600 0.918333
600 0.93
600 0.875
600 0.911667
600 0.911667
600 0.935
600 0.938333
600 0.985
600 0.985
600 0.878333
600 0.903333
600 0.946667
600 0.933333
600 0.846667
600 0.943333
600 0.916667
600 0.936667
600 0.946667
600 0.848333
600 0.981667
600 0.935
600 0.901667
600 0.933333
600 0.935
600 0.876667
600 0.948333
600 0.946667
600 0.963333
650 0.94
650 0.843077
650 0.915385
650 0.964615
650 0.94
650 0.946154
650 0.938462
650 0.976923
650 0.878462
650 0.933846
650 1
650 0.96
650 0.936923
650 0.989231
650 0.989231
650 0.927692
650 0.913846
650 0.821538
650 0.946154
650 0.893846
650 0.910769
650 0.853846
650 0.955385
650 0.94
650 0.943077
650 0.909231
650 0.966154
650 0.984615
650 0.946154
650 0.950769
650 0.898462
650 0.961538
650 0.921538
650 0.947692
650 0.930769
650 0.889231
650 0.927692
650 0.964615
650 0.944615
650 0.958462
650 0.995385
650 0.930769
650 0.923077
650 0.963077
650 0.916923
650 0.972308
650 0.970769
650 0.96
650 0.978462
650 0.950769
650 0.895385
650 0.904615
650 0.990769
650 0.963077
650 0.921538
650 0.998462
650 0.958462
650 0.996923
650 0.956923
650 0.950769
650 0.949231
650 0.936923
650 0.967692
650 0.975385
650 0.935385
650 0.958462
650 0.983077
650 0.956923
650 0.952308
650 0.966154
650 0.907692
650 0.984615
650 0.983077
650 0.953846
650 0.956923
700 0.95
700 0.95
700 0.958571
700 0.961429
700 0.968571
700 0.934286
700 0.972857
700 0.972857
700 0.995714
700 0.914286
700 0.965714
700 0.952857
700 0.942857
700 0.955714
700 0.945714
700 0.864286
700 0.858571
700 0.908571
700 0.902857
700 0.931429
700 0.961429
700 0.948571
700 0.981429
700 0.968571
700 0.937143
700 0.934286
700 0.958571
700 0.932857
700 0.902857
700 0.938571
700 0.927143
700 0.952857
700 0.948571
700 0.941429
700 0.884286
700 0.977143
700 0.992857
700 0.888571
700 0.994286
700 0.918571
700 0.934286
700 0.9
700 0.952857
700 0.988571
700 0.778571
700 0.988571
700 0.814286
700 0.957143
700 0.931429
700 0.984286
700 0.934286
700 0.982857
700 0.951429
700 0.948571
700 0.787143
700 0.892857
700 0.997143
700 0.964286
700 0.892857
700 0.988571
700 0.841429
700 0.904286
700 0.922857
700 0.704286
700 0.964286
700 0.984286
700 0.967143
700 0.992857
700 0.96
700 0.884286
700 0.958571
700 0.972857
700 0.904286
700 0.872857
700 0.961429
750 0.941333
750 0.926667
750 0.990667
750 0.996
750 0.978667
750 0.936
750 0.957333
750 0.989333
750 0.985333
750 0.866667
750 0.813333
750 0.972
750 0.981333
750 0.926667
750 0.953333
750 0.966667
750 0.916
750 0.944
750 0.984
750 0.957333
750 0.961333
750 0.925333
750 0.910667
750 0.96
750 0.98
750 0.965333
750 0.964
750 0.92
750 0.874667
750 0.997333
750 0.964
750 0.984
750 0.934667
750 0.926667
750 0.988
750 0.877333
750 0.945333
750 0.941333
750 1
750 0.944
750 0.966667
750 0.76
750 0.949333
750 0.946667
750 0.98
750 0.902667
750 0.949333
750 0.962667
750 0.988
750 0.977333
750 0.972
750 0.968
750 0.949333
750 0.949333
750 0.936
750 0.946667
750 0.965333
750 0.896
750 0.912
750 0.952
750 0.948
750 0.908
750 0.9
750 0.842667
750 0.936
750 0.886667
750 0.932
750 0.941333
750 0.898667
750 0.953333
750 0.941333
750 0.985333
750 0.990667
750 0.934667
750 0.932
800 0.945
800 0.8225
800 0.9525
800 0.9425
800 0.9875
800 0.90625
800 0.84125
800 0.94625
800 0.98375
800 0.935
800 0.9
800 0.90125
800 0.96875
800 0.9425
800 0.91
800 0.955
800 0.95125
800 0.99125
800 0.94125
800 0.96875
800 0.96625
800 0.9275
800 0.92375
800 0.965
800 0.96
800 0.89
800 0.94375
800 0.98125
800 0.99625
800 0.9575
800 0.98125
800 0.89375
800 0.91125
800 0.91875
800 0.9575
800 0.94375
800 0.91875
800 0.98125
800 0.98375
800 0.9875
800 0.9375
800 0.93
800 0.9175
800 0.84
800 0.92875
800 0.96625
800 0.9675
800 0.9025
800 0.9275
800 0.92375
800 0.8925
800 0.925
800 0.99
800 0.9425
800 0.905
800 0.9975
800 0.915
800 0.90875
800 0.97875
800 0.985
800 0.97625
800 0.9175
800 0.93875
800 0.91
800 0.95375
800 0.91875
800 0.98
800 0.96
800 1
800 0.88625
800 0.98125
800 0.925
800 0.94125
800 0.9625
800 0.955
850 0.936471
850 0.875294
850 0.932941
850 0.988235
850 0.974118
850 0.943529
850 0.967059
850 0.970588
850 0.855294
850 0.932941
850 0.887059
850 0.948235
850 0.923529
850 0.983529
850 0.974118
850 0.889412
850 0.948235
850 0.965882
850 0.943529
850 0.925882
850 0.968235
850 0.932941
850 0.948235
850 0.941176
850 0.918824
850 0.942353
850 0.952941
850 0.974118
850 0.954118
850 0.904706
850 0.858824
850 0.96
850 0.989412
850 0.958824
850 0.981176
850 0.937647
850 0.965882
850 0.896471
850 0.930588
850 0.923529
850 0.968235
850 0.994118
850 0.974118
850 0.948235
850 0.971765
850 0.998824
850 0.989412
850 0.921176
850 0.965882
850 0.868235
850 0.964706
850 0.92
850 0.916471
850 0.995294
850 0.961176
850 0.98
850 0.983529
850 0.983529
850 0.984706
850 0.921176
850 0.982353
850 0.995294
850 0.891765
850 0.957647
850 0.988235
850 0.971765
850 0.994118
850 0.931765
850 0.958824
850 0.975294
850 0.936471
850 0.954118
850 0.945882
850 0.947059
850 0.924706
900 0.94
900 0.935556
900 0.958889
900 0.944444
900 0.947778
900 0.977778
900 0.924444
900 0.897778
900 1
900 0.991111
900 0.976667
900 0.937778
900 0.978889
900 0.978889
900 0.991111
900 0.986667
900 0.907778
900 0.964444
900 0.902222
900 0.916667
900 0.966667
900 0.922222
900 0.963333
900 0.983333
900 0.993333
900 0.805556
900 0.888889
900 0.934444
900 0.927778
900 0.898889
900 0.908889
900 0.992222
900 0.925556
900 0.968889
900 0.955556
900 0.885556
900 0.924444
900 0.986667
900 0.987778
900 0.996667
900 0.817778
900 0.908889
900 0.975556
900 0.872222
900 0.921111
900 0.965556
900 0.96
900 0.985556
900 0.971111
900 0.948889
900 0.974444
900 0.967778
900 0.865556
900 0.961111
900 0.947778
900 0.995556
900 0.956667
900 0.951111
900 0.975556
900 0.951111
900 0.95
900 0.992222
900 0.927778
900 0.973333
900 0.878889
900 0.974444
900 0.927778
900 0.984444
900 0.975556
900 0.953333
900 0.954444
900 0.992222
900 0.965556
900 0.982222
900 0.981111
950 0.985263
950 0.896842
950 0.982105
950 0.914737
950 0.978947
950 0.923158
950 0.861053
950 0.942105
950 0.996842
950 0.929474
950 0.803158
950 0.968421
950 0.978947
950 0.971579
950 0.978947
950 0.898947
950 0.955789
950 0.922105
950 0.895789
950 0.968421
950 0.951579
950 0.927368
950 0.944211
950 0.992632
950 0.965263
950 0.969474
950 0.916842
950 0.94
950 0.965263
950 0.986316
950 0.993684
950 0.955789
950 0.984211
950 0.964211
950 0.990526
950 0.936842
950 0.972632
950 0.891579
950 0.974737
950 0.927368
950 0.937895
950 0.917895
950 0.961053
950 0.929474
950 0.990526
950 0.841053
950 0.936842
950 0.944211
950 0.941053
950 0.976842
950 0.978947
950 0.964211
950 0.94
950 0.952632
950 0.961053
950 0.94
950 0.951579
950 0.933684
950 0.998947
950 0.953684
950 0.906316
950 0.88
950 0.932632
950 0.918947
950 0.973684
950 0.92
950 0.961053
950 0.972632
950 0.970526
950 0.931579
950 0.958947
950 0.947368
950 0.952632
950 0.973684
950 0.961053
1000 0.946
1000 0.915
1000 0.967
1000 0.914
1000 0.965
1000 0.82
1000 0.982
1000 0.962
1000 0.951
1000 0.955
1000 0.961
1000 0.911
1000 0.947
1000 0.969
1000 0.937
1000 0.979
1000 0.99
1000 0.98
1000 0.986
1000 0.994
1000 0.941
1000 0.917
1000 0.965
1000 0.952
1000 1
1000 0.984
1000 0.922
1000 0.932
1000 0.93
1000 0.944
1000 0.958
1000 0.975
1000 0.99
1000 0.948
1000 0.993
1000 0.924
1000 0.98
1000 0.979
1000 0.926
1000 0.918
1000 0.974
1000 0.956
1000 0.956
1000 0.873
1000 0.978
1000 0.938
1000 0.975
1000 0.98
1000 0.991
1000 0.925
1000 0.995
1000 0.97
1000 0.947
1000 0.97
1000 0.955
1000 0.98
1000 0.997
1000 0.987
1000 0.926
1000 0.981
1000 0.999
1000 0.952
1000 0.934
1000 0.984
1000 0.938
1000 0.99
1000 0.983
1000 0.952
1000 0.929
1000 0.933
1000 0.97
1000 0.938
1000 0.915
1000 0.979
1000 0.983
1050 0.938095
1050 0.988571
1050 0.96381
1050 0.969524
1050 0.689524
1050 0.964762
1050 0.962857
1050 0.884762
1050 0.973333
1050 0.922857
1050 0.992381
1050 0.938095
1050 0.929524
1050 0.989524
1050 0.981905
1050 0.932381
1050 0.993333
1050 0.962857
1050 0.968571
1050 0.954286
1050 0.995238
1050 0.973333
1050 0.91619
1050 0.877143
1050 0.952381
1050 0.933333
1050 0.933333
1050 0.910476
1050 0.957143
1050 0.984762
1050 0.935238
1050 0.927619
1050 0.922857
1050 0.935238
1050 0.959048
1050 0.842857
1050 0.959048
1050 0.898095
1050 0.878095
1050 0.990476
1050 0.967619
1050 0.995238
1050 0.882857
1050 0.960952
1050 0.959048
1050 0.961905
1050 0.971429
1050 0.954286
1050 0.96
1050 0.966667
1050 0.942857
1050 0.978095
1050 0.979048
1050 0.930476
1050 0.980952
1050 0.94
1050 0.953333
1050 0.991429
1050 0.990476
1050 0.978095
1050 0.886667
1050 0.998095
1050 0.962857
1050 0.953333
1050 0.962857
1050 0.90381
1050 0.98
1050 0.934286
1050 0.970476
1050 0.951429
1050 0.939048
1050 0.93619
1050 0.977143
1050 0.97619
1050 0.966667
1100 0.942727
1100 0.920909
1100 0.985455
1100 0.996364
1100 0.982727
1100 0.960909
1100 0.998182
1100 0.986364
1100 0.957273
1100 0.952727
1100 0.976364
1100 0.974545
1100 0.966364
1100 0.951818
1100 0.957273
1100 0.968182
1100 0.997273
1100 0.967273
1100 0.976364
1100 0.962727
1100 0.9
1100 0.918182
1100 0.941818
1100 0.916364
1100 0.950909
1100 0.903636
1100 0.985455
1100 0.995455
1100 0.926364
1100 0.998182
1100 0.900909
1100 0.909091
1100 0.986364
1100 0.963636
1100 0.954545
1100 0.972727
1100 0.961818
1100 0.949091
1100 0.976364
1100 0.996364
1100 0.986364
1100 0.980909
1100 0.97
1100 0.960909
1100 0.962727
1100 0.857273
1100 0.99
1100 0.972727
1100 0.981818
1100 0.991818
1100 0.927273
1100 0.989091
1100 0.968182
1100 0.95
1100 0.874545
1100 0.958182
1100 0.938182
1100 0.987273
1100 0.952727
1100 0.978182
1100 0.956364
1100 0.965455
1100 0.966364
1100 0.919091
1100 0.98
1100 0.921818
1100 0.99
1100 0.981818
1100 0.978182
1100 0.923636
1100 0.958182
1100 0.965455
1100 0.98
1100 0.998182
1100 0.418182
1150 0.97913
1150 0.966087
1150 0.950435
1150 0.96087
1150 0.951304
1150 0.970435
1150 0.933043
1150 0.951304
1150 0.983478
1150 0.956522
1150 0.943478
1150 0.946087
1150 0.985217
1150 0.871304
1150 0.989565
1150 0.97913
1150 0.950435
1150 0.892174
1150 0.942609
1150 0.911304
1150 0.981739
1150 0.924348
1150 0.893043
1150 0.966957
1150 0.971304
1150 0.943478
1150 0.937391
1150 0.947826
1150 1
1150 0.981739
1150 0.953043
1150 0.913043
1150 0.963478
1150 0.95913
1150 0.957391
1150 0.974783
1150 0.930435
1150 0.961739
1150 0.986957
1150 0.994783
1150 0.893913
1150 0.94
1150 0.952174
1150 0.997391
1150 0.950435
1150 0.818261
1150 0.936522
1150 0.970435
1150 0.957391
1150 0.952174
1150 0.909565
1150 0.943478
1150 0.946957
1150 0.914783
1150 0.978261
1150 0.904348
1150 0.943478
1150 0.984348
1150 0.956522
1150 0.978261
1150 0.961739
1150 0.987826
1150 0.93913
1150 0.966087
1150 0.868696
1150 0.965217
1150 0.933043
1150 0.98
1150 0.914783
1150 0.961739
1150 0.974783
1150 0.973043
1150 0.96087
1150 0.910435
1150 0.914783
1200 0.945833
1200 0.9825
1200 0.996667
1200 0.9175
1200 0.941667
1200 0.94
1200 0.948333
1200 0.965
1200 0.9625
1200 0.990833
1200 0.99
1200 0.881667
1200 0.966667
1200 0.955
1200 0.970833
1200 0.96
1200 0.983333
1200 0.93
1200 0.959167
1200 0.994167
1200 0.950833
1200 0.985833
1200 0.988333
1200 0.943333
1200 0.968333
1200 0.954167
1200 0.980833
1200 0.94
1200 0.974167
1200 0.975833
1200 0.968333
1200 0.933333
1200 0.976667
1200 0.903333
1200 0.935
1200 0.9925
1200 0.955
1200 0.951667
1200 0.905833
1200 0.926667
1200 0.98
1200 0.891667
1200 0.9925
1200 0.926667
1200 0.955
1200 0.974167
1200 0.95
1200 0.975833
1200 0.965833
1200 0.979167
1200 0.9625
1200 0.991667
1200 0.925833
1200 0.973333
1200 0.974167
1200 0.956667
1200 0.984167
1200 0.950833
1200 0.931667
1200 0.95
1200 0.990833
1200 0.973333
1200 0.955833
1200 0.945
1200 0.974167
1200 0.905833
1200 0.931667
1200 0.9425
1200 0.985833
1200 0.885
1200 0.946667
1200 0.849167
1200 0.935833
1200 0.934167
1200 0.928333
1250 0.9712
1250 0.9552
1250 0.9784
1250 0.96
1250 0.9624
1250 0.9288
1250 0.976
1250 0.9608
1250 0.9584
1250 0.9176
1250 0.8712
1250 0.96
1250 0.9424
1250 0.9512
1250 0.9552
1250 0.956
1250 0.9432
1250 0.9544
1250 0.988
1250 0.9344
1250 0.9432
1250 0.9104
1250 0.9696
1250 0.92
1250 0.968
1250 0.9728
1250 0.9552
1250 0.9256
1250 0.9696
1250 0.9712
1250 0.9152
1250 0.9312
1250 0.9992
1250 0.9992
1250 0.9464
1250 0.9432
1250 0.9472
1250 0.9712
1250 0.9992
1250 0.9504
1250 0.9744
1250 0.9688
1250 0.9728
1250 0.98
1250 0.9616
1250 0.9776
1250 0.9568
1250 0.9568
1250 0.9568
1250 0.9808
1250 0.9632
1250 0.96
1250 0.9984
1250 0.9704
1250 0.9536
1250 0.9344
1250 0.9568
1250 0.9768
1250 0.9624
1250 0.9608
1250 0.9784
1250 0.9288
1250 0.9864
1250 0.948
1250 0.9232
1250 0.9824
1250 0.9424
1250 0.9816
1250 0.908
1250 0.9888
1250 0.9976
1250 0.9912
1250 0.9904
1250 0.9952
1250 0.9912
1300 0.909231
1300 0.893846
1300 0.967692
1300 0.986923
1300 0.976154
1300 0.991538
1300 0.96
1300 0.956923
1300 0.965385
1300 0.996154
1300 0.920769
1300 0.971538
1300 0.921538
1300 0.913846
1300 0.971538
1300 0.958462
1300 0.903077
1300 0.953846
1300 0.945385
1300 0.94
1300 0.983077
1300 0.993077
1300 0.952308
1300 0.97
1300 0.971538
1300 0.964615
1300 0.99
1300 0.94
1300 0.963846
1300 0.935385
1300 0.958462
1300 0.973846
1300 0.885385
1300 0.976923
1300 0.990769
1300 0.961538
1300 0.961538
1300 0.993846
1300 0.996923
1300 0.984615
1300 0.984615
1300 0.995385
1300 0.97
1300 0.98
1300 0.947692
1300 0.956154
1300 0.989231
1300 0.968462
1300 0.983077
1300 0.956154
1300 0.978462
1300 0.957692
1300 0.964615
1300 0.955385
1300 0.960769
1300 0.942308
1300 0.939231
1300 0.949231
1300 0.990769
1300 0.983846
1300 0.975385
1300 0.916154
1300 0.88
1300 0.967692
1300 0.941538
1300 0.983077
1300 0.973846
1300 0.986923
1300 0.940769
1300 0.968462
1300 0.996923
1300 0.816923
1300 0.994615
1300 0.989231
1300 0.984615
1350 0.92963
1350 0.948148
1350 0.993333
1350 0.973333
1350 0.983704
1350 1
1350 0.98
1350 0.951852
1350 0.92963
1350 0.994074
1350 0.946667
1350 0.987407
1350 0.937037
1350 0.924444
1350 0.91037
1350 0.988889
1350 0.973333
1350 0.943704
1350 0.920741
1350 0.942963
1350 0.967407
1350 0.996296
1350 0.943704
1350 0.965185
1350 0.958519
1350 0.971852
1350 0.882963
1350 1
1350 0.92963
1350 0.982222
1350 0.99037
1350 0.991852
1350 0.96
1350 0.937778
1350 0.923704
1350 0.971852
1350 0.974074
1350 0.936296
1350 0.967407
1350 0.988889
1350 0.931111
1350 0.966667
1350 0.972593
1350 0.964444
1350 0.971111
1350 0.977778
1350 0.955556
1350 0.998519
1350 0.952593
1350 0.954074
1350 0.97037
1350 0.965926
1350 0.899259
1350 0.963704
1350 0.934074
1350 0.934074
1350 0.967407
1350 0.973333
1350 0.998519
1350 0.982963
1350 0.917778
1350 0.974074
1350 0.992593
1350 0.791852
1350 0.948889
1350 0.937778
1350 0.98963
1350 0.971111
1350 0.931852
1350 0.941481
1350 0.995556
1350 0.94
1350 0.935556
1350 0.945185
1350 0.914074
1400 1
1400 0.984286
1400 0.922857
1400 0.98
1400 0.997857
1400 0.995
1400 0.943571
1400 0.966429
1400 0.999286
1400 0.956429
1400 0.995
1400 0.961429
1400 0.942857
1400 0.931429
1400 0.939286
1400 0.872857
1400 0.969286
1400 0.988571
1400 0.922857
1400 0.988571
1400 0.932143
1400 0.99
1400 0.963571
1400 0.985714
1400 0.954286
1400 0.951429
1400 0.859286
1400 0.942857
1400 0.961429
1400 0.965714
1400 0.988571
1400 0.947857
1400 0.992143
1400 0.902857
1400 0.891429
1400 0.945714
1400 0.916429
1400 0.941429
1400 0.962857
1400 0.937857
1400 0.965
1400 0.972857
1400 0.972143
1400 0.96
1400 0.968571
1400 0.981429
1400 0.936429
1400 0.992857
1400 0.992857
1400 0.991429
1400 0.965
1400 0.961429
1400 0.960714
1400 0.942857
1400 0.906429
1400 0.948571
1400 0.958571
1400 0.923571
1400 0.965714
1400 0.974286
1400 0.956429
1400 0.961429
1400 0.944286
1400 0.955
1400 0.885714
1400 0.903571
1400 0.92
1400 0.947857
1400 0.922143
1400 0.954286
1400 0.991429
1400 0.980714
1400 0.976429
1400 0.992143
1400 0.953571
1450 0.937241
1450 0.961379
1450 0.98069
1450 0.986897
1450 0.941379
1450 0.967586
1450 0.990345
1450 0.995172
1450 0.94069
1450 0.957241
1450 0.906207
1450 0.966897
1450 0.893103
1450 0.918621
1450 0.975862
1450 0.970345
1450 0.955862
1450 0.915862
1450 0.966207
1450 0.971724
1450 0.982069
1450 0.893103
1450 0.915172
1450 0.985517
1450 0.909655
1450 0.929655
1450 0.957931
1450 0.975862
1450 0.884828
1450 0.955172
1450 0.948276
1450 0.951034
1450 0.966897
1450 0.915862
1450 0.982759
1450 0.972414
1450 0.942069
1450 0.923448
1450 0.871724
1450 0.936552
1450 0.984138
1450 0.983448
1450 0.966207
1450 0.954483
1450 0.951034
1450 0.98
1450 0.92069
1450 0.946207
1450 0.973103
1450 0.94069
1450 0.973103
1450 0.96
1450 0.934483
1450 0.97931
1450 0.954483
1450 0.929655
1450 0.986207
1450 0.98069
1450 0.964828
1450 0.947586
1450 0.962759
1450 0.974483
1450 0.994483
1450 0.974483
1450 0.896552
1450 0.906207
1450 0.938621
1450 0.953793
1450 0.871034
1450 0.975172
1450 0.982069
1450 0.981379
1450 0.952414
1450 0.931724
1450 0.951724
1500 0.982667
1500 0.930667
1500 0.998
1500 1
1500 0.936
1500 0.988667
1500 0.96
1500 0.95
1500 0.905333
1500 0.908667
1500 0.756
1500 0.962667
1500 0.915333
1500 0.988667
1500 0.989333
1500 0.987333
1500 0.963333
1500 0.934
1500 0.944
1500 0.982667
1500 0.984
1500 0.964
1500 0.929333
1500 0.948667
1500 0.987333
1500 0.956
1500 0.952
1500 0.995333
1500 0.949333
1500 0.974667
1500 0.964667
1500 0.964667
1500 0.972
1500 0.950667
1500 0.934
1500 0.971333
1500 0.971333
1500 0.900667
1500 0.967333
1500 0.992
1500 0.988
1500 0.944
1500 0.996
1500 0.956
1500 0.979333
1500 0.993333
1500 0.986
1500 0.988667
1500 0.905333
1500 0.968
1500 0.993333
1500 0.970667
1500 0.99
1500 0.962
1500 0.910667
1500 0.974667
1500 0.971333
1500 0.995333
1500 0.983333
1500 0.976667
1500 0.965333
1500 0.919333
1500 0.938667
1500 0.920667
1500 0.991333
1500 0.963333
1500 0.969333
1500 0.915333
1500 0.951333
1500 0.978
1500 0.949333
1500 0.942
1500 0.87
1500 0.909333
1500 0.873333
1550 0.961935
1550 0.978065
1550 0.980645
1550 0.950968
1550 0.979355
1550 0.940645
1550 0.960645
1550 0.892258
1550 0.99871
1550 0.762581
1550 0.990323
1550 0.93871
1550 0.990323
1550 0.915484
1550 0.963226
1550 0.984516
1550 0.952258
1550 0.963226
1550 0.961935
1550 0.949677
1550 0.934839
1550 0.925806
1550 0.925161
1550 0.996774
1550 0.928387
1550 0.914194
1550 0.930968
1550 0.997419
1550 0.956774
1550 0.963226
1550 0.950323
1550 0.975484
1550 0.974839
1550 0.944516
1550 0.993548
1550 0.987097
1550 0.980645
1550 0.94
1550 0.976129
1550 0.994839
1550 0.96129
1550 0.910968
1550 0.947097
1550 0.936129
1550 0.985161
1550 0.938065
1550 0.961935
1550 0.944516
1550 0.93871
1550 0.959355
1550 0.990323
1550 0.951613
1550 0.997419
1550 0.992258
1550 0.91871
1550 0.94
1550 0.935484
1550 0.94129
1550 0.949032
1550 0.974839
1550 0.950323
1550 0.972258
1550 0.945161
1550 1
1550 0.950323
1550 0.98129
1550 0.912903
1550 0.992258
1550 0.945806
1550 0.936129
1550 0.927742
1550 0.970968
1550 0.969677
1550 0.950323
1550 0.994194
1600 0.905625
1600 0.988125
1600 0.9825
1600 0.91625
1600 0.99625
1600 0.93125
1600 0.940625
1600 0.9425
1600 0.976875
1600 0.98875
1600 0.8775
1600 0.965
1600 0.970625
1600 0.935
1600 0.9925
1600 0.958125
1600 0.916875
1600 0.99
1600 0.935625
1600 0.979375
1600 0.948125
1600 0.9675
1600 0.98375
1600 0.981875
1600 0.963125
1600 0.940625
1600 0.983125
1600 0.988125
1600 0.9525
1600 0.98875
1600 0.990625
1600 0.9875
1600 0.953125
1600 0.963125
1600 0.973125
1600 0.98625
1600 0.974375
1600 0.9675
1600 0.94625
1600 0.97125
1600 0.974375
1600 0.966875
1600 0.976875
1600 0.905625
1600 0.96875
1600 0.97125
1600 0.94625
1600 0.948125
1600 0.990625
1600 0.94125
1600 0.986875
1600 0.929375
1600 0.953125
1600 0.97
1600 0.950625
1600 0.976875
1600 0.970625
1600 0.96125
1600 0.93875
1600 0.934375
1600 0.958125
1600 0.925625
1600 0.963125
1600 0.9525
1600 0.94625
1600 0.925
1600 0.94875
1600 0.935
1600 0.98125
1600 0.986875
1600 0.980625
1600 0.985625
1600 0.90125
1600 0.990625
1600 0.87875
1650 0.979394
1650 0.958182
1650 0.829697
1650 0.936364
1650 0.957576
1650 0.971515
1650 0.986061
1650 0.972727
1650 0.989091
1650 0.985455
1650 0.973939
1650 0.941818
1650 0.978182
1650 0.948485
1650 0.958182
1650 0.918182
1650 0.972727
1650 0.952727
1650 0.98303
1650 0.955152
1650 0.981818
1650 0.915758
1650 0.981818
1650 0.954545
1650 1
1650 0.972121
1650 0.972727
1650 0.958182
1650 0.948485
1650 0.989091
1650 0.973333
1650 0.978788
1650 0.993333
1650 0.973333
1650 0.905455
1650 0.972727
1650 0.914545
1650 0.956364
1650 0.976364
1650 0.953333
1650 0.961818
1650 0.958788
1650 0.966667
1650 0.931515
1650 0.978182
1650 0.952727
1650 0.944848
1650 0.934545
1650 0.926061
1650 0.946061
1650 0.98303
1650 0.969091
1650 0.978182
1650 0.938182
1650 0.98
1650 0.983636
1650 0.950303
1650 0.975758
1650 0.973939
1650 0.902424
1650 0.967273
1650 0.990909
1650 0.929091
1650 0.902424
1650 0.966061
1650 0.933939
1650 0.973939
1650 0.947879
1650 0.989091
1650 0.957576
1650 0.987879
1650 0.922424
1650 0.991515
1650 0.870303
1650 0.954545
1700 0.903529
1700 0.992353
1700 0.883529
1700 0.995294
1700 0.932353
1700 0.975882
1700 0.952941
1700 0.925882
1700 0.922941
1700 0.941176
1700 0.994118
1700 0.952941
1700 0.941765
1700 0.902353
1700 0.935294
1700 0.982941
1700 0.935882
1700 0.963529
1700 0.928235
1700 0.956471
1700 0.971176
1700 0.944706
1700 0.988235
1700 0.892353
1700 0.990588
1700 0.946471
1700 0.927059
1700 0.985882
1700 0.985882
1700 0.935882
1700 0.944706
1700 0.966471
1700 0.965882
1700 0.980588
1700 0.934118
1700 0.9
1700 0.93
1700 0.950588
1700 0.874118
1700 0.974706
1700 0.965294
1700 0.94
1700 0.994706
1700 0.955882
1700 0.995882
1700 0.909412
1700 0.995882
1700 0.951765
1700 0.972941
1700 0.976471
1700 1
1700 0.869412
1700 0.976471
1700 0.970588
1700 0.970588
1700 0.992353
1700 0.955294
1700 0.921176
1700 0.927647
1700 0.961176
1700 0.946471
1700 0.928235
1700 0.969412
1700 0.991176
1700 0.962941
1700 0.959412
1700 0.918824
1700 0.99
1700 0.994118
1700 0.965294
1700 0.944118
1700 0.98
1700 0.974706
1700 0.937059
1700 0.944118
1750 0.962857
1750 0.967429
1750 0.952571
1750 0.925143
1750 0.962857
1750 0.971429
1750 0.982857
1750 0.808571
1750 0.992571
1750 0.976571
1750 0.932571
1750 0.934286
1750 0.942286
1750 0.945714
1750 0.933143
1750 0.947429
1750 0.943429
1750 0.961143
1750 0.927429
1750 0.992
1750 0.949714
1750 0.956571
1750 0.920571
1750 0.918857
1750 0.880571
1750 0.991429
1750 0.962857
1750 0.961143
1750 0.978286
1750 0.981714
1750 0.941143
1750 0.963429
1750 0.930286
1750 0.948571
1750 0.981714
1750 0.955429
1750 0.991429
1750 0.974857
1750 0.990857
1750 0.959429
1750 0.938286
1750 0.929714
1750 0.961714
1750 0.927429
1750 0.959429
1750 0.948
1750 0.960571
1750 0.946286
1750 0.940571
1750 0.997714
1750 0.945143
1750 0.970286
1750 0.892571
1750 0.942857
1750 0.972571
1750 0.990857
1750 0.984571
1750 0.972
1750 0.951429
1750 0.994286
1750 0.994286
1750 0.990857
1750 0.946857
1750 0.966857
1750 0.989143
1750 0.977714
1750 0.966286
1750 0.989714
1750 0.910286
1750 0.959429
1750 0.542286
1750 0.941143
1750 0.985143
1750 0.982286
1750 0.877714
1800 0.972222
1800 0.952778
1800 0.950556
1800 0.917222
1800 0.968333
1800 0.943889
1800 0.952222
1800 0.913333
1800 0.986667
1800 0.951111
1800 0.972222
1800 0.953333
1800 0.997222
1800 0.952222
1800 0.96
1800 0.989444
1800 0.958889
1800 0.954444
1800 0.922778
1800 0.996111
1800 0.955
1800 0.922778
1800 0.969444
1800 0.969444
1800 0.991667
1800 0.991111
1800 0.977778
1800 0.956111
1800 0.981667
1800 0.944444
1800 0.983889
1800 0.953333
1800 0.988889
1800 0.968889
1800 0.958333
1800 0.938333
1800 0.943333
1800 0.973333
1800 0.959444
1800 0.902222
1800 0.972222
1800 0.982778
1800 0.969444
1800 0.962778
1800 0.982778
1800 0.977778
1800 0.982778
1800 0.984444
1800 0.958889
1800 0.963889
1800 0.972222
1800 0.887222
1800 0.953333
1800 0.924444
1800 0.928889
1800 0.958889
1800 0.944444
1800 0.97
1800 0.976111
1800 0.988333
1800 0.970556
1800 0.938889
1800 0.99
1800 0.982222
1800 0.918889
1800 0.983889
1800 0.998889
1800 0.955556
1800 0.964444
1800 0.95
1800 0.966111
1800 0.994444
1800 0.968889
1800 0.954444
1800 0.993333
1850 0.957838
1850 0.960541
1850 0.979459
1850 0.887568
1850 0.982703
1850 0.994054
1850 0.988108
1850 0.948108
1850 0.928108
1850 0.945405
1850 0.94973
1850 0.945405
1850 1
1850 0.921622
1850 0.976216
1850 0.966486
1850 0.995676
1850 0.977838
1850 0.972432
1850 0.94973
1850 0.922162
1850 0.948108
1850 0.981622
1850 0.924865
1850 0.947568
1850 0.981081
1850 0.974595
1850 0.98
1850 0.932973
1850 0.962162
1850 0.991351
1850 0.944324
1850 0.997297
1850 0.933514
1850 0.92
1850 0.973514
1850 0.925946
1850 0.976757
1850 0.977297
1850 0.966486
1850 0.987027
1850 0.978919
1850 0.982162
1850 0.974595
1850 0.945946
1850 0.970811
1850 0.922703
1850 0.951351
1850 0.988649
1850 0.999459
1850 0.995135
1850 0.951892
1850 0.947027
1850 0.964865
1850 0.945405
1850 0.956757
1850 0.967568
1850 0.977838
1850 0.991351
1850 0.977838
1850 0.974054
1850 0.975676
1850 0.92
1850 0.991351
1850 0.935135
1850 0.942703
1850 0.90973
1850 0.946486
1850 0.992973
1850 0.971892
1850 0.975676
1850 0.949189
1850 0.908108
1850 0.917838
1850 0.965405
1900 0.934737
1900 0.978421
1900 0.972632
1900 0.977895
1900 0.977368
1900 0.962105
1900 0.916316
1900 0.92
1900 0.963684
1900 0.951579
1900 0.955789
1900 0.834737
1900 0.937895
1900 0.947368
1900 0.94
1900 0.935789
1900 0.940526
1900 0.953158
1900 0.963158
1900 0.941579
1900 0.968421
1900 0.948947
1900 0.953158
1900 0.956842
1900 0.926842
1900 0.957368
1900 0.995263
1900 0.963158
1900 0.953684
1900 0.948421
1900 0.967895
1900 1
1900 0.984737
1900 0.950526
1900 0.98
1900 0.986316
1900 0.95
1900 0.988421
1900 0.963158
1900 0.968421
1900 0.99
1900 0.946842
1900 0.932632
1900 0.965789
1900 0.94
1900 0.978947
1900 0.975263
1900 0.936316
1900 0.863684
1900 0.974737
1900 0.994211
1900 0.989474
1900 0.94
1900 0.942632
1900 0.971053
1900 0.948421
1900 0.947895
1900 0.958421
1900 0.99
1900 0.950526
1900 0.994737
1900 0.979474
1900 0.928421
1900 0.964737
1900 0.94
1900 0.945789
1900 0.936842
1900 0.996842
1900 0.927368
1900 0.901053
1900 0.987895
1900 0.980526
1900 0.993684
1900 0.965263
1900 0.996316
1950 0.931795
1950 0.997949
1950 0.963077
1950 0.982051
1950 0.92359
1950 0.988205
1950 0.986667
1950 0.98359
1950 0.978462
1950 0.998974
1950 0.979487
1950 0.967179
1950 0.990769
1950 0.914359
1950 0.959487
1950 0.953846
1950 0.947179
1950 0.975897
1950 0.944103
1950 0.950769
1950 0.950769
1950 0.998974
1950 0.968718
1950 0.97641
1950 0.990256
1950 0.975897
1950 0.987692
1950 0.978974
1950 0.879487
1950 0.975897
1950 0.983077
1950 0.954359
1950 0.984103
1950 0.928718
1950 0.986667
1950 0.997949
1950 0.885128
1950 0.972821
1950 0.895897
1950 0.975897
1950 0.968205
1950 0.988718
1950 0.969744
1950 0.950769
1950 0.969231
1950 0.966667
1950 0.967179
1950 0.980513
1950 0.953846
1950 0.96359
1950 0.926667
1950 0.985641
1950 0.981026
1950 0.958974
1950 0.984615
1950 0.967692
1950 0.992308
1950 0.994872
1950 0.970769
1950 0.972308
1950 0.949744
1950 0.967179
1950 0.985128
1950 0.969231
1950 0.99641
1950 0.963077
1950 0.934872
1950 0.970256
1950 0.884103
1950 0.96359
1950 0.990256
1950 0.946154
1950 0.973333
1950 0.974359
1950 0.966154
2000 0.9515
2000 0.974
2000 0.968
2000 0.9305
2000 0.9725
2000 0.94
2000 0.9845
2000 0.957
2000 0.941
2000 0.911
2000 0.9415
2000 0.9885
2000 0.951
2000 0.9515
2000 0.922
2000 0.9785
2000 0.976
2000 0.9585
2000 0.8915
2000 0.9725
2000 0.9935
2000 0.967
2000 0.989
2000 0.906
2000 0.9625
2000 0.985
2000 0.9465
2000 0.988
2000 0.9375
2000 0.9555
2000 0.9775
2000 0.973
2000 0.9685
2000 0.9865
2000 0.953
2000 0.9385
2000 0.987
2000 0.9935
2000 0.9815
2000 0.952
2000 0.921
2000 0.949
2000 0.9395
2000 0.9575
2000 0.993
2000 0.9555
2000 0.935
2000 0.898
2000 0.9385
2000 0.9735
2000 0.984
2000 0.9345
2000 0.926
2000 0.9615
2000 0.956
2000 0.939
2000 0.933
2000 0.9545
2000 0.9825
2000 0.928
2000 0.97
2000 0.9675
2000 0.9175
2000 0.928
2000 0.959
2000 0.9335
2000 0.943
2000 0.9505
2000 0.9495
2000 1
2000 0.936
2000 0.9585
2000 0.9865
2000 0.975
2000 0.941
