50 0.08
50 0.46
50 0
50 0.18
50 0.46
50 0
50 0.36
50 0.42
50 0.02
50 0.2
50 0.2
50 0.22
50 0
50 0.14
50 0.12
50 0
50 0.3
50 0.38
50 0.16
50 0.12
50 0.24
50 0.02
50 0.28
50 0.16
50 0.28
50 0.48
50 0.06
50 0.68
50 0.38
50 0.14
50 0
50 0
50 0.02
50 0.24
50 0.2
50 0
50 0.38
50 0.48
50 0
50 0.02
50 0
50 0.1
50 0.08
50 0.6
50 0.48
50 0.26
50 0.18
50 0.42
50 0.3
50 0.32
50 0.52
50 0
50 0.44
50 0.04
50 0.56
50 0.12
50 0.6
50 0.1
50 0.06
50 0.02
50 0.46
50 0.28
50 0.18
50 0.02
50 0.56
50 0.2
50 0.06
50 0.08
50 0.44
50 0.1
50 0.02
50 0.08
50 0.2
50 0.46
50 0.16
100 0.33
100 0.28
100 0.33
100 0.3
100 0.75
100 0.58
100 0.61
100 0.77
100 0.72
100 0.54
100 0.49
100 0.46
100 0.2
100 0.46
100 0.63
100 0.24
100 0.5
100 0.31
100 0.15
100 0.57
100 0.72
100 0.42
100 0.5
100 0.53
100 0.41
100 0.35
100 0.29
100 0.57
100 0.21
100 0.35
100 0.47
100 0.45
100 0.28
100 0.52
100 0.66
100 0.5
100 0.68
100 0.72
100 0
100 0.49
100 0.42
100 0.09
100 0.3
100 0.79
100 0.73
100 0.67
100 0.57
100 0.6
100 0.07
100 0.45
100 0.15
100 0.76
100 0.24
100 0.5
100 0.59
100 0.43
100 0.68
100 0.69
100 0.63
100 0.17
100 0.25
100 0.64
100 0.52
100 0.55
100 0.58
100 0.23
100 0.47
100 0.45
100 0.64
100 0.62
100 0.31
100 0.71
100 0.48
100 0.09
100 0.68
150 0.573333
150 0.546667
150 0.786667
150 0.753333
150 0.293333
150 0.806667
150 0.366667
150 0.54
150 0.7
150 0.44
150 0.766667
150 0.513333
150 0.48
150 0.48
150 0.62
150 0.646667
150 0.673333
150 0.26
150 0.146667
150 0.706667
150 0.52
150 0.686667
150 0.606667
150 0.486667
150 0.793333
150 0.00666667
150 0.1
150 0.793333
150 0.453333
150 0.7
150 0.633333
150 0.713333
150 0.753333
150 0.566667
150 0.633333
150 0.5
150 0.206667
150 0.633333
150 0.506667
150 0.586667
150 0.746667
150 0.48
150 0.413333
150 0.273333
150 0.273333
150 0.466667
150 0
150 0.36
150 0.68
150 0.32
150 0.633333
150 0.533333
150 0.546667
150 0.613333
150 0.153333
150 0.64
150 0.46
150 0.213333
150 0.3
150 0.42
150 0.613333
150 0.62
150 0.706667
150 0.28
150 0.793333
150 0.673333
150 0.206667
150 0.433333
150 0.646667
150 0.513333
150 0.86
150 0.4
150 0.706667
150 0.6
150 0.166667
200 0.535
200 0.34
200 0.66
200 0.555
200 0.715
200 0.3
200 0.37
200 0.655
200 0.65
200 0.695
200 0.64
200 0.73
200 0.735
200 0.77
200 0.655
200 0.445
200 0.48
200 0.765
200 0.685
200 0.74
200 0.685
200 0.7
200 0
200 0.79
200 0.62
200 0.605
200 0.67
200 0.39
200 0.505
200 0.79
200 0.75
200 0.725
200 0.525
200 0.63
200 0.685
200 0.555
200 0.31
200 0.595
200 0.835
200 0.465
200 0.635
200 0.665
200 0.575
200 0.475
200 0.675
200 0.715
200 0.73
200 0.3
200 0.66
200 0.185
200 0.35
200 0.465
200 0.37
200 0.655
200 0.275
200 0.56
200 0.59
200 0.58
200 0.765
200 0.505
200 0.61
200 0.675
200 0.91
200 0.595
200 0.6
200 0.595
200 0.315
200 0.77
200 0.515
200 0.87
200 0.705
200 0.625
200 0.26
200 0.735
200 0.575
250 0.76
250 0.768
250 0.568
250 0.704
250 0.512
250 0.78
250 0.76
250 0.584
250 0.532
250 0.76
250 0.832
250 0.728
250 0.632
250 0.74
250 0.692
250 0.564
250 0.792
250 0.728
250 0.628
250 0.656
250 0.784
250 0.532
250 0.7
250 0.372
250 0.78
250 0.752
250 0.596
250 0.644
250 0.332
250 0.764
250 0.392
250 0.332
250 0.508
250 0.516
250 0.7
250 0.384
250 0.428
250 0.652
250 0.692
250 0.772
250 0.768
250 0.408
250 0.636
250 0.456
250 0.512
250 0.736
250 0.792
250 0.536
250 0.748
250 0.572
250 0.78
250 0.552
250 0.584
250 0.728
250 0.744
250 0.6
250 0.704
250 0.44
250 0.528
250 0.748
250 0.484
250 0.768
250 0.368
250 0.736
250 0.408
250 0.476
250 0.868
250 0.64
250 0.772
250 0.636
250 0.524
250 0.396
250 0.72
250 0.688
250 0.732
300 0.86
300 0.703333
300 0.733333
300 0.64
300 0.473333
300 0.53
300 0.766667
300 0.656667
300 0.53
300 0.68
300 0.71
300 0.333333
300 0.426667
300 0.753333
300 0.376667
300 0.75
300 0.21
300 0.76
300 0.623333
300 0.51
300 0.586667
300 0.486667
300 0.706667
300 0.79
300 0.736667
300 0.676667
300 0.61
300 0.736667
300 0.696667
300 0.526667
300 0.606667
300 0.706667
300 0.546667
300 0.623333
300 0.743333
300 0.73
300 0.666667
300 0.776667
300 0.413333
300 0.63
300 0.813333
300 0.72
300 0.796667
300 0.766667
300 0.613333
300 0.596667
300 0.643333
300 0.536667
300 0.533333
300 0.636667
300 0.48
300 0.53
300 0.5
300 0.476667
300 0.603333
300 0.47
300 0.643333
300 0.783333
300 0.743333
300 0.696667
300 0.633333
300 0.76
300 0.78
300 0.616667
300 0.61
300 0.78
300 0.766667
300 0.366667
300 0.876667
300 0.583333
300 0.756667
300 0.51
300 0.826667
300 0.78
300 0.723333
350 0.631429
350 0.797143
350 0.651429
350 0.4
350 0.488571
350 0.514286
350 0.617143
350 0.528571
350 0.582857
350 0.42
350 0.848571
350 0.445714
350 0.745714
350 0.442857
350 0.751429
350 0.62
350 0.42
350 0.734286
350 0.505714
350 0.622857
350 0.811429
350 0.702857
350 0.608571
350 0.742857
350 0.657143
350 0.711429
350 0.814286
350 0.565714
350 0.751429
350 0.565714
350 0.471429
350 0.902857
350 0.46
350 0.794286
350 0.711429
350 0.751429
350 0.611429
350 0.614286
350 0.811429
350 0.708571
350 0.44
350 0.611429
350 0.737143
350 0.754286
350 0.614286
350 0.554286
350 0.662857
350 0.525714
350 0.637143
350 0.637143
350 0.651429
350 0.494286
350 0.742857
350 0.531429
350 0.691429
350 0.694286
350 0.771429
350 0.714286
350 0.771429
350 0.631429
350 0.711429
350 0.631429
350 0.734286
350 0.554286
350 0.597143
350 0.794286
350 0.74
350 0.714286
350 0.717143
350 0.76
350 0.731429
350 0.84
350 0.351429
350 0.705714
350 0.545714
400 0.6925
400 0.595
400 0.775
400 0.655
400 0.7125
400 0.595
400 0.8275
400 0.5825
400 0.815
400 0.465
400 0.61
400 0.73
400 0.7975
400 0.705
400 0.785
400 0.7725
400 0.75
400 0.6
400 0.815
400 0.685
400 0.7875
400 0.65
400 0.4475
400 0.77
400 0.72
400 0.7525
400 0.48
400 0.3675
400 0.725
400 0.82
400 0.67
400 0.68
400 0.535
400 0.395
400 0.7325
400 0.6025
400 0.7725
400 0.035
400 0.7425
400 0.7925
400 0.815
400 0.445
400 0.525
400 0.66
400 0.81
400 0.5575
400 0.575
400 0.23
400 0.4375
400 0.8425
400 0.6575
400 0.6675
400 0.72
400 0.595
400 0.75
400 0.8925
400 0.6
400 0.5325
400 0.49
400 0.7025
400 0.705
400 0.54
400 0.4125
400 0.5675
400 0.67
400 0.5675
400 0.615
400 0.5625
400 0.705
400 0.74
400 0.7825
400 0.71
400 0.75
400 0.665
400 0.5725
450 0.682222
450 0.728889
450 0.237778
450 0.633333
450 0.586667
450 0.691111
450 0.757778
450 0.913333
450 0.808889
450 0.742222
450 0.746667
450 0.766667
450 0.535556
450 0.791111
450 0.537778
450 0.637778
450 0.791111
450 0.488889
450 0.897778
450 0.873333
450 0.644444
450 0.533333
450 0.626667
450 0.666667
450 0.875556
450 0.533333
450 0.697778
450 0.644444
450 0.853333
450 0.602222
450 0.804444
450 0.655556
450 0.597778
450 0.768889
450 0.762222
450 0.828889
450 0.717778
450 0.506667
450 0.826667
450 0.78
450 0.52
450 0.702222
450 0.588889
450 0.791111
450 0.46
450 0.72
450 0.56
450 0.631111
450 0.6
450 0.473333
450 0.624444
450 0.711111
450 0.704444
450 0.606667
450 0.571111
450 0.557778
450 0.784444
450 0.8
450 0.584444
450 0.811111
450 0.7
450 0.826667
450 0.822222
450 0.491111
450 0.757778
450 0.7
450 0.74
450 0.657778
450 0.651111
450 0.368889
450 0.64
450 0.724444
450 0.808889
450 0.722222
450 0.444444
500 0.782
500 0.736
500 0.552
500 0.856
500 0.464
500 0.542
500 0.596
500 0.808
500 0.762
500 0.712
500 0.436
500 0.616
500 0.8
500 0.792
500 0.79
500 0.712
500 0.778
500 0.742
500 0.692
500 0.67
500 0.698
500 0.694
500 0.76
500 0.724
500 0.706
500 0.49
500 0.77
500 0.674
500 0.808
500 0.728
500 0.644
500 0.764
500 0.84
500 0.868
500 0.848
500 0.588
500 0.776
500 0.742
500 0.756
500 0.714
500 0.612
500 0.658
500 0.602
500 0.794
500 0.778
500 0.8
500 0.568
500 0.562
500 0.81
500 0.624
500 0.604
500 0.782
500 0.558
500 0.69
500 0.77
500 0.764
500 0.826
500 0.634
500 0.744
500 0.716
500 0.786
500 0.386
500 0.632
500 0.486
500 0.824
500 0.62
500 0.568
500 0.794
500 0.776
500 0.59
500 0.32
500 0.822
500 0.78
500 0.786
500 0.816
550 0.552727
550 0.710909
550 0.845455
550 0.761818
550 0.494545
550 0.709091
550 0.649091
550 0.654545
550 0.645455
550 0.581818
550 0.545455
550 0.743636
550 0.356364
550 0.569091
550 0.656364
550 0.783636
550 0.454545
550 0.567273
550 0.716364
550 0.765455
550 0.652727
550 0.585455
550 0.790909
550 0.712727
550 0.770909
550 0.836364
550 0.827273
550 0.592727
550 0.794545
550 0.723636
550 0.796364
550 0.645455
550 0.485455
550 0.129091
550 0.481818
550 0.736364
550 0.730909
550 0.689091
550 0.754545
550 0.676364
550 0.814545
550 0.789091
550 0.638182
550 0.714545
550 0.82
550 0.698182
550 0.5
550 0.632727
550 0.732727
550 0.681818
550 0.649091
550 0.734545
550 0.514545
550 0.481818
550 0.547273
550 0.661818
550 0.72
550 0.750909
550 0.701818
550 0.667273
550 0.529091
550 0.68
550 0.52
550 0.827273
550 0.807273
550 0.82
550 0.749091
550 0.790909
550 0.709091
550 0.747273
550 0.785455
550 0.854545
550 0.761818
550 0.681818
550 0.685455
600 0.428333
600 0.73
600 0.72
600 0.67
600 0.658333
600 0.686667
600 0.745
600 0.81
600 0.69
600 0.713333
600 0.675
600 0.79
600 0.733333
600 0.773333
600 0.793333
600 0.701667
600 0.785
600 0.641667
600 0.65
600 0.516667
600 0.481667
600 0.75
600 0.755
600 0.813333
600 0.691667
600 0.833333
600 0.796667
600 0.765
600 0.568333
600 0.753333
600 0.751667
600 0.78
600 0.748333
600 0.45
600 0.808333
600 0.405
600 0.576667
600 0.685
600 0.803333
600 0.743333
600 0.548333
600 0.743333
600 0.853333
600 0.795
600 0.723333
600 0.731667
600 0.731667
600 0.581667
600 0.483333
600 0.595
600 0.226667
600 0.458333
600 0.793333
600 0.57
600 0.353333
600 0.743333
600 0.725
600 0.771667
600 0.825
600 0.785
600 0.678333
600 0.726667
600 0.538333
600 0.761667
600 0.56
600 0.666667
600 0.678333
600 0.773333
600 0.818333
600 0.503333
600 0.81
600 0.791667
600 0.555
600 0.721667
600 0.69
650 0.744615
650 0.407692
650 0.744615
650 0.476923
650 0.824615
650 0.778462
650 0.563077
650 0.527692
650 0.703077
650 0.744615
650 0.572308
650 0.653846
650 0.666154
650 0.786154
650 0.801538
650 0.613846
650 0.767692
650 0.661538
650 0.641538
650 0.741538
650 0.587692
650 0.367692
650 0.66
650 0.56
650 0.487692
650 0.698462
650 0.647692
650 0.553846
650 0.783077
650 0.573846
650 0.589231
650 0.770769
650 0.8
650 0.798462
650 0.769231
650 0.713846
650 0.535385
650 0.812308
650 0.850769
650 0.769231
650 0.635385
650 0.776923
650 0.907692
650 0.673846
650 0.733846
650 0.746154
650 0.744615
650 0.653846
650 0.863077
650 0.801538
650 0.710769
650 0.592308
650 0.813846
650 0.556923
650 0.761538
650 0.836923
650 0.710769
650 0.775385
650 0.796923
650 0.903077
650 0.447692
650 0.672308
650 0.795385
650 0.589231
650 0.604615
650 0.698462
650 0.704615
650 0.515385
650 0.790769
650 0.829231
650 0.738462
650 0.784615
650 0.850769
650 0.503077
650 0.610769
700 0.735714
700 0.63
700 0.367143
700 0.611429
700 0.557143
700 0.604286
700 0.808571
700 0.744286
700 0.805714
700 0.782857
700 0.765714
700 0.761429
700 0.815714
700 0.734286
700 0.727143
700 0.597143
700 0.532857
700 0.737143
700 0.574286
700 0.451429
700 0.551429
700 0.547143
700 0.677143
700 0.732857
700 0.858571
700 0.682857
700 0.751429
700 0.855714
700 0.76
700 0.624286
700 0.595714
700 0.681429
700 0.801429
700 0.664286
700 0.868571
700 0.758571
700 0.865714
700 0.727143
700 0.648571
700 0.545714
700 0.614286
700 0.507143
700 0.847143
700 0.687143
700 0.627143
700 0.798571
700 0.617143
700 0.862857
700 0.535714
700 0.678571
700 0.712857
700 0.75
700 0.68
700 0.711429
700 0.688571
700 0.725714
700 0.835714
700 0.807143
700 0.767143
700 0.544286
700 0.602857
700 0.722857
700 0.82
700 0.472857
700 0.698571
700 0.748571
700 0.7
700 0.718571
700 0.757143
700 0.547143
700 0.71
700 0.805714
700 0.767143
700 0.675714
700 0.767143
750 0.834667
750 0.565333
750 0.510667
750 0.745333
750 0.793333
750 0.772
750 0.764
750 0.504
750 0.732
750 0.662667
750 0.669333
750 0.766667
750 0.621333
750 0.741333
750 0.372
750 0.837333
750 0.261333
750 0.714667
750 0.788
750 0.769333
750 0.674667
750 0.806667
750 0.596
750 0.886667
750 0.676
750 0.634667
750 0.728
750 0.749333
750 0.602667
750 0.784
750 0.513333
750 0.778667
750 0.790667
750 0.754667
750 0.397333
750 0.66
750 0.809333
750 0.793333
750 0.788
750 0.564
750 0.730667
750 0.522667
750 0.738667
750 0.709333
750 0.54
750 0.686667
750 0.777333
750 0.765333
750 0.681333
750 0.705333
750 0.72
750 0.742667
750 0.696
750 0.765333
750 0.816
750 0.733333
750 0.758667
750 0.64
750 0.705333
750 0.88
750 0.797333
750 0.801333
750 0.804
750 0.729333
750 0.730667
750 0.64
750 0.668
750 0.670667
750 0.761333
750 0.697333
750 0.808
750 0.776
750 0.589333
750 0.728
750 0.633333
800 0.85
800 0.72125
800 0.705
800 0.63125
800 0.74625
800 0.62
800 0.75125
800 0.8
800 0.8575
800 0.69125
800 0.8
800 0.7925
800 0.7175
800 0.7575
800 0.7925
800 0.66
800 0.86375
800 0.8075
800 0.6425
800 0.70875
800 0.65375
800 0.73125
800 0.86125
800 0.78625
800 0.71125
800 0.78
800 0.7675
800 0.58875
800 0.69875
800 0.79375
800 0.71
800 0.70375
800 0.74125
800 0.80625
800 0.5525
800 0.47125
800 0.77
800 0.84
800 0.7725
800 0.8075
800 0.82875
800 0.745
800 0.735
800 0.52625
800 0.7275
800 0.64125
800 0.79375
800 0.48625
800 0.715
800 0.66375
800 0.64
800 0.67125
800 0.78125
800 0.685
800 0.745
800 0.77375
800 0.7025
800 0.6225
800 0.72375
800 0.75875
800 0.78375
800 0.7775
800 0.83625
800 0.6125
800 0.7475
800 0.79
800 0.7075
800 0.7375
800 0.72625
800 0.79375
800 0.5
800 0.43625
800 0.7525
800 0.7525
800 0.745
850 0.705882
850 0.461176
850 0.86
850 0.437647
850 0.758824
850 0.716471
850 0.684706
850 0.777647
850 0.701176
850 0.401176
850 0.709412
850 0.778824
850 0.802353
850 0.845882
850 0.575294
850 0.910588
850 0.751765
850 0.805882
850 0.627059
850 0.765882
850 0.762353
850 0.718824
850 0.776471
850 0.652941
850 0.708235
850 0.743529
850 0.567059
850 0.685882
850 0.821176
850 0.744706
850 0.750588
850 0.649412
850 0.772941
850 0.841176
850 0.794118
850 0.770588
850 0.665882
850 0.683529
850 0.790588
850 0.557647
850 0.849412
850 0.809412
850 0.811765
850 0.514118
850 0.769412
850 0.792941
850 0.62
850 0.761176
850 0.781176
850 0.641176
850 0.812941
850 0.548235
850 0.743529
850 0.705882
850 0.552941
850 0.788235
850 0.541176
850 0.734118
850 0.795294
850 0.767059
850 0.556471
850 0.703529
850 0.64
850 0.808235
850 0.851765
850 0.737647
850 0.810588
850 0.657647
850 0.808235
850 0.529412
850 0.847059
850 0.771765
850 0.864706
850 0.755294
850 0.750588
900 0.784444
900 0.644444
900 0.805556
900 0.734444
900 0.846667
900 0.764444
900 0.742222
900 0.715556
900 0.835556
900 0.712222
900 0.812222
900 0.804444
900 0.806667
900 0.72
900 0.676667
900 0.791111
900 0.774444
900 0.752222
900 0.728889
900 0.777778
900 0.822222
900 0.721111
900 0.69
900 0.816667
900 0.695556
900 0.547778
900 0.796667
900 0.675556
900 0.768889
900 0.646667
900 0.71
900 0.806667
900 0.555556
900 0.703333
900 0.321111
900 0.672222
900 0.815556
900 0.808889
900 0.56
900 0.735556
900 0.591111
900 0.617778
900 0.358889
900 0.722222
900 0.822222
900 0.72
900 0.728889
900 0.843333
900 0.715556
900 0.702222
900 0.615556
900 0.755556
900 0.815556
900 0.736667
900 0.696667
900 0.72
900 0.93
900 0.685556
900 0.778889
900 0.666667
900 0.635556
900 0.818889
900 0.776667
900 0.751111
900 0.692222
900 0.742222
900 0.457778
900 0.708889
900 0.713333
900 0.767778
900 0.685556
900 0.704444
900 0.651111
900 0.851111
900 0.642222
950 0.755789
950 0.776842
950 0.754737
950 0.586316
950 0.822105
950 0.455789
950 0.763158
950 0.791579
950 0.642105
950 0.818947
950 0.713684
950 0.854737
950 0.721053
950 0.641053
950 0.875789
950 0.665263
950 0.688421
950 0.773684
950 0.771579
950 0.745263
950 0.686316
950 0.472632
950 0.627368
950 0.818947
950 0.841053
950 0.758947
950 0.729474
950 0.748421
950 0.76
950 0.733684
950 0.778947
950 0.616842
950 0.713684
950 0.802105
950 0.782105
950 0.813684
950 0.707368
950 0.441053
950 0.614737
950 0.792632
950 0.802105
950 0.609474
950 0.624211
950 0.786316
950 0.868421
950 0.683158
950 0.511579
950 0.548421
950 0.776842
950 0.789474
950 0.632632
950 0.368421
950 0.753684
950 0.770526
950 0.311579
950 0.758947
950 0.761053
950 0.629474
950 0.570526
950 0.728421
950 0.647368
950 0.733684
950 0.652632
950 0.737895
950 0.752632
950 0.784211
950 0.653684
950 0.736842
950 0.763158
950 0.58
950 0.741053
950 0.762105
950 0.798947
950 0.868421
950 0.535789
1000 0.714
1000 0.724
1000 0.819
1000 0.791
1000 0.648
1000 0.621
1000 0.762
1000 0.592
1000 0.805
1000 0.794
1000 0.747
1000 0.753
1000 0.816
1000 0.669
1000 0.76
1000 0.755
1000 0.759
1000 0.654
1000 0.736
1000 0.824
1000 0.632
1000 0.711
1000 0.465
1000 0.743
1000 0.801
1000 0.726
1000 0.825
1000 0.772
1000 0.762
1000 0.793
1000 0.771
1000 0.79
1000 0.797
1000 0.667
1000 0.733
1000 0.703
1000 0.676
1000 0.688
1000 0.725
1000 0.821
1000 0.792
1000 0.723
1000 0.752
1000 0.653
1000 0.704
1000 0.692
1000 0.747
1000 0.691
1000 0.842
1000 0.757
1000 0.787
1000 0.77
1000 0.782
1000 0.767
1000 0.833
1000 0.701
1000 0.774
1000 0.742
1000 0.596
1000 0.809
1000 0.662
1000 0.688
1000 0.729
1000 0.823
1000 0.835
1000 0.82
1000 0.813
1000 0.703
1000 0.733
1000 0.701
1000 0.665
1000 0.627
1000 0.803
1000 0.706
1000 0.791
1050 0.747619
1050 0.791429
1050 0.778095
1050 0.851429
1050 0.315238
1050 0.773333
1050 0.774286
1050 0.659048
1050 0.833333
1050 0.69619
1050 0.721905
1050 0.764762
1050 0.780952
1050 0.695238
1050 0.84381
1050 0.737143
1050 0.725714
1050 0.797143
1050 0.579048
1050 0.826667
1050 0.759048
1050 0.587619
1050 0.637143
1050 0.711429
1050 0.67619
1050 0.686667
1050 0.777143
1050 0.757143
1050 0.766667
1050 0.74381
1050 0.649524
1050 0.801905
1050 0.768571
1050 0.837143
1050 0.68
1050 0.648571
1050 0.91619
1050 0.82
1050 0.451429
1050 0.661905
1050 0.749524
1050 0.695238
1050 0.731429
1050 0.81619
1050 0.809524
1050 0.680952
1050 0.804762
1050 0.795238
1050 0.817143
1050 0.82
1050 0.745714
1050 0.638095
1050 0.789524
1050 0.801905
1050 0.713333
1050 0.859048
1050 0.737143
1050 0.678095
1050 0.690476
1050 0.78381
1050 0.610476
1050 0.682857
1050 0.700952
1050 0.488571
1050 0.660952
1050 0.727619
1050 0.908571
1050 0.772381
1050 0.645714
1050 0.768571
1050 0.848571
1050 0.669524
1050 0.818095
1050 0.78
1050 0.675238
1100 0.72
1100 0.734545
1100 0.712727
1100 0.796364
1100 0.758182
1100 0.77
1100 0.74
1100 0.731818
1100 0.768182
1100 0.804545
1100 0.795455
1100 0.622727
1100 0.700909
1100 0.795455
1100 0.773636
1100 0.724545
1100 0.77
1100 0.805455
1100 0.696364
1100 0.693636
1100 0.821818
1100 0.735455
1100 0.798182
1100 0.802727
1100 0.693636
1100 0.730909
1100 0.790909
1100 0.796364
1100 0.753636
1100 0.632727
1100 0.789091
1100 0.618182
1100 0.68
1100 0.75
1100 0.777273
1100 0.726364
1100 0.771818
1100 0.511818
1100 0.776364
1100 0.783636
1100 0.789091
1100 0.825455
1100 0.8
1100 0.885455
1100 0.699091
1100 0.797273
1100 0.63
1100 0.773636
1100 0.862727
1100 0.731818
1100 0.611818
1100 0.746364
1100 0.737273
1100 0.745455
1100 0.694545
1100 0.836364
1100 0.421818
1100 0.775455
1100 0.71
1100 0.826364
1100 0.470909
1100 0.801818
1100 0.812727
1100 0.840909
1100 0.777273
1100 0.722727
1100 0.722727
1100 0.680909
1100 0.718182
1100 0.648182
1100 0.742727
1100 0.736364
1100 0.809091
1100 0.793636
1100 0.191818
1150 0.81913
1150 0.722609
1150 0.827826
1150 0.813913
1150 0.768696
1150 0.681739
1150 0.78
1150 0.755652
1150 0.63913
1150 0.762609
1150 0.824348
1150 0.644348
1150 0.586957
1150 0.667826
1150 0.827826
1150 0.606957
1150 0.689565
1150 0.7
1150 0.796522
1150 0.750435
1150 0.401739
1150 0.812174
1150 0.85913
1150 0.786957
1150 0.810435
1150 0.714783
1150 0.793913
1150 0.795652
1150 0.745217
1150 0.766087
1150 0.806957
1150 0.713913
1150 0.625217
1150 0.64087
1150 0.72
1150 0.694783
1150 0.501739
1150 0.822609
1150 0.798261
1150 0.796522
1150 0.737391
1150 0.691304
1150 0.758261
1150 0.770435
1150 0.811304
1150 0.742609
1150 0.787826
1150 0.711304
1150 0.881739
1150 0.793043
1150 0.778261
1150 0.603478
1150 0.827826
1150 0.543478
1150 0.666957
1150 0.626087
1150 0.74
1150 0.668696
1150 0.724348
1150 0.831304
1150 0.714783
1150 0.818261
1150 0.658261
1150 0.436522
1150 0.634783
1150 0.7
1150 0.72087
1150 0.766957
1150 0.695652
1150 0.786957
1150 0.754783
1150 0.744348
1150 0.853043
1150 0.726087
1150 0.766087
1200 0.77
1200 0.77
1200 0.8375
1200 0.771667
1200 0.829167
1200 0.7725
1200 0.756667
1200 0.7025
1200 0.758333
1200 0.601667
1200 0.745833
1200 0.770833
1200 0.781667
1200 0.785833
1200 0.539167
1200 0.84
1200 0.690833
1200 0.725833
1200 0.855833
1200 0.635
1200 0.788333
1200 0.489167
1200 0.731667
1200 0.514167
1200 0.865
1200 0.813333
1200 0.724167
1200 0.765833
1200 0.765
1200 0.828333
1200 0.790833
1200 0.754167
1200 0.771667
1200 0.738333
1200 0.760833
1200 0.878333
1200 0.795833
1200 0.645833
1200 0.633333
1200 0.813333
1200 0.813333
1200 0.505
1200 0.7975
1200 0.775
1200 0.805833
1200 0.798333
1200 0.85
1200 0.8425
1200 0.710833
1200 0.565
1200 0.746667
1200 0.763333
1200 0.88
1200 0.5425
1200 0.715833
1200 0.775
1200 0.785833
1200 0.736667
1200 0.793333
1200 0.82
1200 0.675
1200 0.785
1200 0.7675
1200 0.8175
1200 0.796667
1200 0.8175
1200 0.713333
1200 0.7425
1200 0.676667
1200 0.695833
1200 0.75
1200 0.764167
1200 0.705833
1200 0.806667
1200 0.651667
1250 0.6624
1250 0.764
1250 0.8104
1250 0.772
1250 0.8056
1250 0.7856
1250 0.744
1250 0.7184
1250 0.5912
1250 0.7784
1250 0.7592
1250 0.8288
1250 0.8208
1250 0.7712
1250 0.8048
1250 0.8368
1250 0.856
1250 0.8256
1250 0.7568
1250 0.7368
1250 0.6328
1250 0.8376
1250 0.7848
1250 0.7976
1250 0.6392
1250 0.7576
1250 0.724
1250 0.7736
1250 0.6696
1250 0.7928
1250 0.6936
1250 0.6992
1250 0.6832
1250 0.7104
1250 0.6568
1250 0.7616
1250 0.8408
1250 0.8168
1250 0.7592
1250 0.7584
1250 0.5112
1250 0.76
1250 0.7896
1250 0.7208
1250 0.8208
1250 0.728
1250 0.7816
1250 0.652
1250 0.7184
1250 0.7528
1250 0.8472
1250 0.7432
1250 0.8072
1250 0.7392
1250 0.7024
1250 0.66
1250 0.808
1250 0.6504
1250 0.7472
1250 0.6608
1250 0.8192
1250 0.8184
1250 0.8176
1250 0.8328
1250 0.772
1250 0.6496
1250 0.836
1250 0.736
1250 0.6616
1250 0.8744
1250 0.816
1250 0.7528
1250 0.7328
1250 0.5168
1250 0.5712
1300 0.761538
1300 0.707692
1300 0.518462
1300 0.654615
1300 0.710769
1300 0.817692
1300 0.778462
1300 0.82
1300 0.709231
1300 0.736923
1300 0.747692
1300 0.802308
1300 0.785385
1300 0.768462
1300 0.699231
1300 0.838462
1300 0.776154
1300 0.780769
1300 0.725385
1300 0.720769
1300 0.868462
1300 0.820769
1300 0.627692
1300 0.686154
1300 0.723077
1300 0.726154
1300 0.66
1300 0.594615
1300 0.745385
1300 0.645385
1300 0.771538
1300 0.756154
1300 0.717692
1300 0.743077
1300 0.773846
1300 0.738462
1300 0.689231
1300 0.830769
1300 0.824615
1300 0.747692
1300 0.686923
1300 0.826923
1300 0.752308
1300 0.791538
1300 0.840769
1300 0.559231
1300 0.628462
1300 0.8
1300 0.670769
1300 0.820769
1300 0.718462
1300 0.566923
1300 0.754615
1300 0.653077
1300 0.560769
1300 0.634615
1300 0.56
1300 0.458462
1300 0.766154
1300 0.75
1300 0.783077
1300 0.72
1300 0.722308
1300 0.756923
1300 0.547692
1300 0.804615
1300 0.7
1300 0.752308
1300 0.580769
1300 0.564615
1300 0.688462
1300 0.734615
1300 0.733846
1300 0.608462
1300 0.793846
1350 0.777037
1350 0.860741
1350 0.837778
1350 0.762963
1350 0.871852
1350 0.759259
1350 0.815556
1350 0.806667
1350 0.845926
1350 0.716296
1350 0.816296
1350 0.828148
1350 0.517778
1350 0.765926
1350 0.72
1350 0.759259
1350 0.818519
1350 0.765926
1350 0.744444
1350 0.725185
1350 0.677037
1350 0.597037
1350 0.601481
1350 0.701481
1350 0.765185
1350 0.794815
1350 0.662963
1350 0.576296
1350 0.734815
1350 0.523704
1350 0.788889
1350 0.767407
1350 0.766667
1350 0.778519
1350 0.666667
1350 0.819259
1350 0.505185
1350 0.816296
1350 0.682222
1350 0.811852
1350 0.756296
1350 0.644444
1350 0.780741
1350 0.816296
1350 0.712593
1350 0.668889
1350 0.846667
1350 0.811852
1350 0.35037
1350 0.668148
1350 0.803704
1350 0.782222
1350 0.714074
1350 0.831111
1350 0.711852
1350 0.837778
1350 0.8
1350 0.77037
1350 0.768889
1350 0.802222
1350 0.758519
1350 0.823704
1350 0.502222
1350 0.486667
1350 0.751111
1350 0.76963
1350 0.816296
1350 0.815556
1350 0.621481
1350 0.680741
1350 0.753333
1350 0.685185
1350 0.742963
1350 0.776296
1350 0.779259
1400 0.715
1400 0.63
1400 0.790714
1400 0.643571
1400 0.672857
1400 0.674286
1400 0.486429
1400 0.760714
1400 0.750714
1400 0.718571
1400 0.582857
1400 0.793571
1400 0.805714
1400 0.573571
1400 0.84
1400 0.753571
1400 0.615714
1400 0.765
1400 0.79
1400 0.812857
1400 0.781429
1400 0.803571
1400 0.754286
1400 0.734286
1400 0.814286
1400 0.583571
1400 0.643571
1400 0.802857
1400 0.797857
1400 0.729286
1400 0.781429
1400 0.775714
1400 0.79
1400 0.647857
1400 0.817143
1400 0.702857
1400 0.786429
1400 0.844286
1400 0.560714
1400 0.676429
1400 0.807143
1400 0.767143
1400 0.795
1400 0.737143
1400 0.705
1400 0.810714
1400 0.412143
1400 0.864286
1400 0.610714
1400 0.717857
1400 0.807143
1400 0.784286
1400 0.623571
1400 0.835
1400 0.735714
1400 0.657143
1400 0.781429
1400 0.757143
1400 0.822143
1400 0.863571
1400 0.740714
1400 0.768571
1400 0.746429
1400 0.707143
1400 0.712857
1400 0.542143
1400 0.785
1400 0.842143
1400 0.737857
1400 0.733571
1400 0.796429
1400 0.727143
1400 0.770714
1400 0.571429
1400 0.721429
1450 0.745517
1450 0.696552
1450 0.695862
1450 0.725517
1450 0.75931
1450 0.774483
1450 0.555862
1450 0.502069
1450 0.842759
1450 0.814483
1450 0.646897
1450 0.761379
1450 0.765517
1450 0.853793
1450 0.848966
1450 0.755172
1450 0.698621
1450 0.74069
1450 0.663448
1450 0.850345
1450 0.804138
1450 0.83931
1450 0.782759
1450 0.782069
1450 0.837931
1450 0.843448
1450 0.797931
1450 0.733103
1450 0.747586
1450 0.748966
1450 0.696552
1450 0.688276
1450 0.853103
1450 0.56
1450 0.795172
1450 0.747586
1450 0.817931
1450 0.844828
1450 0.806897
1450 0.724138
1450 0.670345
1450 0.708966
1450 0.788966
1450 0.515862
1450 0.571034
1450 0.675172
1450 0.744828
1450 0.731034
1450 0.790345
1450 0.790345
1450 0.805517
1450 0.784828
1450 0.749655
1450 0.713103
1450 0.824828
1450 0.708276
1450 0.887586
1450 0.786207
1450 0.806207
1450 0.786207
1450 0.691724
1450 0.621379
1450 0.771034
1450 0.723448
1450 0.773793
1450 0.855172
1450 0.724828
1450 0.775862
1450 0.366207
1450 0.598621
1450 0.609655
1450 0.795172
1450 0.76
1450 0.653793
1450 0.761379
1500 0.814667
1500 0.714667
1500 0.778667
1500 0.504
1500 0.794667
1500 0.802667
1500 0.68
1500 0.677333
1500 0.489333
1500 0.815333
1500 0.678
1500 0.851333
1500 0.863333
1500 0.826
1500 0.684667
1500 0.884667
1500 0.730667
1500 0.687333
1500 0.737333
1500 0.854667
1500 0.861333
1500 0.780667
1500 0.694
1500 0.868667
1500 0.716
1500 0.754
1500 0.763333
1500 0.806667
1500 0.806667
1500 0.621333
1500 0.755333
1500 0.770667
1500 0.803333
1500 0.824
1500 0.816
1500 0.822
1500 0.769333
1500 0.658
1500 0.81
1500 0.599333
1500 0.794667
1500 0.664
1500 0.761333
1500 0.629333
1500 0.814667
1500 0.798
1500 0.652667
1500 0.593333
1500 0.778
1500 0.769333
1500 0.802
1500 0.74
1500 0.738
1500 0.822667
1500 0.789333
1500 0.746
1500 0.644667
1500 0.670667
1500 0.831333
1500 0.753333
1500 0.628
1500 0.762667
1500 0.68
1500 0.569333
1500 0.704667
1500 0.835333
1500 0.772667
1500 0.730667
1500 0.778667
1500 0.798
1500 0.722667
1500 0.765333
1500 0.719333
1500 0.855333
1500 0.683333
1550 0.783871
1550 0.554839
1550 0.503871
1550 0.869677
1550 0.624516
1550 0.755484
1550 0.756129
1550 0.472258
1550 0.830968
1550 0.477419
1550 0.798065
1550 0.506452
1550 0.735484
1550 0.798065
1550 0.68129
1550 0.779355
1550 0.810323
1550 0.773548
1550 0.643226
1550 0.719355
1550 0.672903
1550 0.766452
1550 0.703871
1550 0.809677
1550 0.610968
1550 0.794839
1550 0.82
1550 0.74129
1550 0.665806
1550 0.775484
1550 0.724516
1550 0.518065
1550 0.832903
1550 0.772903
1550 0.670323
1550 0.831613
1550 0.761935
1550 0.724516
1550 0.792258
1550 0.485161
1550 0.698065
1550 0.787742
1550 0.754194
1550 0.743871
1550 0.537419
1550 0.621935
1550 0.65871
1550 0.865806
1550 0.462581
1550 0.756129
1550 0.761935
1550 0.565806
1550 0.8
1550 0.772903
1550 0.870968
1550 0.840645
1550 0.848387
1550 0.808387
1550 0.473548
1550 0.797419
1550 0.633548
1550 0.856774
1550 0.722581
1550 0.670323
1550 0.831613
1550 0.719355
1550 0.770968
1550 0.803871
1550 0.67871
1550 0.745806
1550 0.649032
1550 0.716129
1550 0.781935
1550 0.784516
1550 0.769677
1600 0.811875
1600 0.77375
1600 0.8
1600 0.721875
1600 0.68375
1600 0.63875
1600 0.644375
1600 0.6175
1600 0.603125
1600 0.77125
1600 0.504375
1600 0.7275
1600 0.82125
1600 0.76375
1600 0.86125
1600 0.63875
1600 0.66
1600 0.816875
1600 0.73125
1600 0.71625
1600 0.788125
1600 0.721875
1600 0.81
1600 0.798125
1600 0.705625
1600 0.768125
1600 0.76
1600 0.595625
1600 0.795
1600 0.825
1600 0.655625
1600 0.776875
1600 0.8325
1600 0.766875
1600 0.689375
1600 0.746875
1600 0.60125
1600 0.63875
1600 0.633125
1600 0.753125
1600 0.7825
1600 0.783125
1600 0.846875
1600 0.630625
1600 0.778125
1600 0.845
1600 0.729375
1600 0.854375
1600 0.719375
1600 0.68375
1600 0.795
1600 0.80875
1600 0.564375
1600 0.68375
1600 0.823125
1600 0.743125
1600 0.74375
1600 0.85
1600 0.704375
1600 0.761875
1600 0.91
1600 0.691875
1600 0.80375
1600 0.786875
1600 0.739375
1600 0.7825
1600 0.485625
1600 0.815
1600 0.735
1600 0.76625
1600 0.5175
1600 0.586875
1600 0.681875
1600 0.783125
1600 0.521875
1650 0.745455
1650 0.734545
1650 0.801212
1650 0.738182
1650 0.76
1650 0.836364
1650 0.749697
1650 0.748485
1650 0.707879
1650 0.764242
1650 0.727273
1650 0.686061
1650 0.702424
1650 0.562424
1650 0.736364
1650 0.566061
1650 0.74303
1650 0.755152
1650 0.705455
1650 0.907879
1650 0.692727
1650 0.767273
1650 0.672727
1650 0.809091
1650 0.680606
1650 0.63697
1650 0.742424
1650 0.603636
1650 0.753939
1650 0.693333
1650 0.571515
1650 0.796364
1650 0.680606
1650 0.757576
1650 0.579394
1650 0.744242
1650 0.826667
1650 0.790303
1650 0.727879
1650 0.661818
1650 0.760606
1650 0.722424
1650 0.745455
1650 0.76
1650 0.791515
1650 0.715758
1650 0.775758
1650 0.64
1650 0.475758
1650 0.628485
1650 0.764242
1650 0.786667
1650 0.713939
1650 0.596364
1650 0.680606
1650 0.7
1650 0.792121
1650 0.835758
1650 0.680606
1650 0.788485
1650 0.644848
1650 0.561818
1650 0.755758
1650 0.630303
1650 0.795152
1650 0.840606
1650 0.82
1650 0.778182
1650 0.82
1650 0.731515
1650 0.647879
1650 0.516364
1650 0.722424
1650 0.667273
1650 0.746061
1700 0.727059
1700 0.595882
1700 0.838235
1700 0.678235
1700 0.475294
1700 0.68
1700 0.698824
1700 0.545882
1700 0.742353
1700 0.754118
1700 0.828824
1700 0.682353
1700 0.7
1700 0.747647
1700 0.868824
1700 0.73
1700 0.775882
1700 0.745294
1700 0.833529
1700 0.657647
1700 0.661765
1700 0.672941
1700 0.805294
1700 0.614118
1700 0.708824
1700 0.776471
1700 0.764118
1700 0.875882
1700 0.846471
1700 0.612941
1700 0.829412
1700 0.782941
1700 0.743529
1700 0.834706
1700 0.764706
1700 0.75
1700 0.764706
1700 0.643529
1700 0.906471
1700 0.650588
1700 0.841176
1700 0.862941
1700 0.737647
1700 0.524118
1700 0.740588
1700 0.731176
1700 0.721765
1700 0.697647
1700 0.800588
1700 0.722353
1700 0.716471
1700 0.689412
1700 0.752353
1700 0.737059
1700 0.744706
1700 0.706471
1700 0.780588
1700 0.777647
1700 0.786471
1700 0.654118
1700 0.680588
1700 0.695294
1700 0.662941
1700 0.732941
1700 0.753529
1700 0.811176
1700 0.754118
1700 0.680588
1700 0.817059
1700 0.805294
1700 0.785882
1700 0.705882
1700 0.829412
1700 0.722941
1700 0.651765
1750 0.706857
1750 0.790857
1750 0.756
1750 0.768
1750 0.744
1750 0.780571
1750 0.753143
1750 0.342286
1750 0.712
1750 0.625143
1750 0.768
1750 0.713143
1750 0.805143
1750 0.661714
1750 0.752
1750 0.716571
1750 0.792571
1750 0.765143
1750 0.621143
1750 0.796571
1750 0.546286
1750 0.702857
1750 0.690286
1750 0.411429
1750 0.728571
1750 0.801143
1750 0.822286
1750 0.835429
1750 0.704
1750 0.724
1750 0.753714
1750 0.575429
1750 0.828571
1750 0.750857
1750 0.773143
1750 0.735429
1750 0.724571
1750 0.774857
1750 0.689714
1750 0.793143
1750 0.765143
1750 0.804571
1750 0.578857
1750 0.781143
1750 0.693714
1750 0.699429
1750 0.771429
1750 0.765714
1750 0.692
1750 0.606286
1750 0.766286
1750 0.742857
1750 0.851429
1750 0.676571
1750 0.778857
1750 0.610857
1750 0.816
1750 0.863429
1750 0.679429
1750 0.818857
1750 0.798857
1750 0.58
1750 0.858286
1750 0.665714
1750 0.803429
1750 0.663429
1750 0.558857
1750 0.74
1750 0.742857
1750 0.645714
1750 0.583429
1750 0.768571
1750 0.903429
1750 0.803429
1750 0.810286
1800 0.798333
1800 0.778333
1800 0.652222
1800 0.675556
1800 0.781111
1800 0.716667
1800 0.599444
1800 0.720556
1800 0.761111
1800 0.75
1800 0.930556
1800 0.825556
1800 0.802778
1800 0.640556
1800 0.815
1800 0.866667
1800 0.239444
1800 0.768333
1800 0.788333
1800 0.739444
1800 0.547222
1800 0.783333
1800 0.725
1800 0.712778
1800 0.644444
1800 0.821667
1800 0.74
1800 0.802778
1800 0.753889
1800 0.731667
1800 0.683889
1800 0.692778
1800 0.844444
1800 0.65
1800 0.735
1800 0.751111
1800 0.631111
1800 0.785
1800 0.835556
1800 0.641111
1800 0.713333
1800 0.666111
1800 0.534444
1800 0.812222
1800 0.742222
1800 0.682222
1800 0.807778
1800 0.601667
1800 0.764444
1800 0.778889
1800 0.832222
1800 0.692222
1800 0.689444
1800 0.651111
1800 0.723889
1800 0.606667
1800 0.715556
1800 0.753333
1800 0.746111
1800 0.680556
1800 0.653889
1800 0.767778
1800 0.807222
1800 0.710556
1800 0.551111
1800 0.663333
1800 0.805556
1800 0.782778
1800 0.73
1800 0.731111
1800 0.717222
1800 0.768333
1800 0.478889
1800 0.757778
1800 0.680556
1850 0.804865
1850 0.872432
1850 0.642703
1850 0.78
1850 0.517297
1850 0.791892
1850 0.771892
1850 0.529189
1850 0.745946
1850 0.769189
1850 0.755676
1850 0.739459
1850 0.683784
1850 0.669189
1850 0.783784
1850 0.745946
1850 0.768649
1850 0.851351
1850 0.877838
1850 0.765405
1850 0.78973
1850 0.474054
1850 0.816216
1850 0.824324
1850 0.794595
1850 0.782703
1850 0.803243
1850 0.487568
1850 0.600541
1850 0.874054
1850 0.690811
1850 0.495676
1850 0.600541
1850 0.582703
1850 0.811892
1850 0.76973
1850 0.748108
1850 0.710811
1850 0.8
1850 0.662162
1850 0.702162
1850 0.790811
1850 0.777297
1850 0.418919
1850 0.661622
1850 0.733514
1850 0.624324
1850 0.736757
1850 0.751892
1850 0.714054
1850 0.864865
1850 0.852973
1850 0.731351
1850 0.87027
1850 0.719459
1850 0.718378
1850 0.794595
1850 0.768649
1850 0.744324
1850 0.748108
1850 0.707568
1850 0.528649
1850 0.556757
1850 0.483243
1850 0.612432
1850 0.756216
1850 0.735135
1850 0.73027
1850 0.838919
1850 0.698378
1850 0.696757
1850 0.72
1850 0.313514
1850 0.838378
1850 0.794054
1900 0.766842
1900 0.766842
1900 0.840526
1900 0.815263
1900 0.757368
1900 0.701053
1900 0.586316
1900 0.75
1900 0.845789
1900 0.751053
1900 0.773158
1900 0.593158
1900 0.879474
1900 0.663158
1900 0.785789
1900 0.723158
1900 0.76
1900 0.798421
1900 0.57
1900 0.756316
1900 0.622105
1900 0.466842
1900 0.767368
1900 0.767368
1900 0.687895
1900 0.824211
1900 0.733158
1900 0.693684
1900 0.794211
1900 0.679474
1900 0.763158
1900 0.791053
1900 0.770526
1900 0.677895
1900 0.583684
1900 0.545263
1900 0.812632
1900 0.81
1900 0.824211
1900 0.813158
1900 0.706842
1900 0.828421
1900 0.751579
1900 0.734737
1900 0.641579
1900 0.777895
1900 0.826316
1900 0.725789
1900 0.817895
1900 0.814737
1900 0.757895
1900 0.855263
1900 0.722632
1900 0.702632
1900 0.792105
1900 0.746842
1900 0.751053
1900 0.646316
1900 0.826316
1900 0.785789
1900 0.498947
1900 0.736842
1900 0.628947
1900 0.815263
1900 0.746842
1900 0.887368
1900 0.724737
1900 0.832632
1900 0.795263
1900 0.787368
1900 0.698421
1900 0.773684
1900 0.731579
1900 0.745789
1900 0.792105
1950 0.741538
1950 0.753333
1950 0.797949
1950 0.759487
1950 0.797436
1950 0.773333
1950 0.680513
1950 0.777436
1950 0.741538
1950 0.830769
1950 0.828718
1950 0.775385
1950 0.822051
1950 0.375385
1950 0.725641
1950 0.746667
1950 0.793846
1950 0.769744
1950 0.519487
1950 0.729744
1950 0.561026
1950 0.790256
1950 0.735385
1950 0.722564
1950 0.570769
1950 0.812821
1950 0.722051
1950 0.817436
1950 0.717436
1950 0.790769
1950 0.804615
1950 0.789744
1950 0.767179
1950 0.771795
1950 0.731795
1950 0.793846
1950 0.652308
1950 0.779487
1950 0.591795
1950 0.417949
1950 0.638974
1950 0.743077
1950 0.72359
1950 0.586667
1950 0.708205
1950 0.744615
1950 0.808205
1950 0.791282
1950 0.791282
1950 0.773333
1950 0.739487
1950 0.707692
1950 0.664615
1950 0.455897
1950 0.758462
1950 0.780513
1950 0.651795
1950 0.799487
1950 0.8
1950 0.695897
1950 0.640513
1950 0.777436
1950 0.62
1950 0.591795
1950 0.750256
1950 0.884103
1950 0.867179
1950 0.751282
1950 0.66
1950 0.649744
1950 0.827692
1950 0.784103
1950 0.825641
1950 0.693846
1950 0.664103
2000 0.7915
2000 0.798
2000 0.7055
2000 0.6815
2000 0.7335
2000 0.833
2000 0.785
2000 0.6845
2000 0.749
2000 0.6115
2000 0.715
2000 0.6415
2000 0.776
2000 0.6725
2000 0.7145
2000 0.654
2000 0.586
2000 0.8525
2000 0.7405
2000 0.866
2000 0.804
2000 0.657
2000 0.698
2000 0.781
2000 0.7585
2000 0.8755
2000 0.685
2000 0.8
2000 0.6925
2000 0.792
2000 0.733
2000 0.8245
2000 0.7475
2000 0.698
2000 0.7015
2000 0.8235
2000 0.851
2000 0.7635
2000 0.8065
2000 0.784
2000 0.75
2000 0.6835
2000 0.792
2000 0.7235
2000 0.745
2000 0.779
2000 0.7505
2000 0.701
2000 0.8055
2000 0.4245
2000 0.7765
2000 0.793
2000 0.714
2000 0.7535
2000 0.602
2000 0.8455
2000 0.7425
2000 0.7065
2000 0.812
2000 0.7445
2000 0.766
2000 0.7555
2000 0.8175
2000 0.7425
2000 0.7925
2000 0.7615
2000 0.7305
2000 0.6235
2000 0.6965
2000 0.8225
2000 0.702
2000 0.851
2000 0.8235
2000 0.78
2000 0.817
