50 0
50 0
50 0.02
50 0.56
50 0.16
50 0.18
50 0.4
50 0.5
50 0
50 0.3
50 0
50 0.06
50 0
50 0.08
50 0.16
50 0.1
50 0
50 0.28
50 0.18
50 0
50 0.08
50 0.02
50 0.44
50 0
50 0
50 0.2
50 0.06
50 0
50 0.2
50 0.1
50 0.34
50 0.18
50 0.06
50 0.3
50 0.2
50 0.3
50 0
50 0.38
50 0
50 0
50 0.28
50 0.26
50 0
50 0.14
50 0.16
50 0.26
50 0.18
50 0.52
50 0.26
50 0.28
50 0.42
50 0.08
50 0.14
50 0.02
50 0.56
50 0
50 0.42
50 0.12
50 0.26
50 0.04
50 0.44
50 0
50 0.16
50 0.16
50 0.4
50 0.78
50 0.14
50 0
50 0.08
50 0.14
50 0.12
50 0
50 0.1
50 0.1
50 0.2
100 0.36
100 0.11
100 0.22
100 0.17
100 0.66
100 0.17
100 0.44
100 0.21
100 0.55
100 0.35
100 0.73
100 0.08
100 0.37
100 0.05
100 0.25
100 0.15
100 0.28
100 0.13
100 0.22
100 0.61
100 0.54
100 0.25
100 0.56
100 0.48
100 0.44
100 0.63
100 0.03
100 0.53
100 0.17
100 0.52
100 0.41
100 0.57
100 0.49
100 0.76
100 0.56
100 0.34
100 0.52
100 0.6
100 0.1
100 0.56
100 0.61
100 0.57
100 0.44
100 0.55
100 0.75
100 0.33
100 0.5
100 0.16
100 0
100 0.28
100 0.29
100 0.7
100 0.23
100 0.41
100 0.59
100 0.86
100 0.68
100 0.58
100 0.35
100 0.44
100 0.69
100 0.15
100 0.52
100 0.48
100 0.51
100 0.09
100 0.7
100 0.28
100 0.13
100 0.71
100 0.31
100 0.64
100 0.27
100 0.17
100 0.76
150 0.46
150 0.486667
150 0.546667
150 0.653333
150 0.346667
150 0.806667
150 0.566667
150 0.54
150 0.753333
150 0.206667
150 0.573333
150 0.653333
150 0.08
150 0.386667
150 0.533333
150 0.726667
150 0.433333
150 0.206667
150 0.266667
150 0.626667
150 0.733333
150 0.466667
150 0.62
150 0.0666667
150 0.626667
150 0.313333
150 0.213333
150 0.233333
150 0.606667
150 0.646667
150 0.613333
150 0.706667
150 0.76
150 0.726667
150 0.3
150 0.46
150 0.46
150 0.446667
150 0.566667
150 0.54
150 0.7
150 0.3
150 0.166667
150 0.353333
150 0.586667
150 0.7
150 0.16
150 0.486667
150 0.546667
150 0.353333
150 0.7
150 0.54
150 0.44
150 0.653333
150 0.346667
150 0.566667
150 0.426667
150 0.493333
150 0.34
150 0.566667
150 0.786667
150 0.666667
150 0.586667
150 0.14
150 0.0666667
150 0.266667
150 0.346667
150 0.426667
150 0.58
150 0.673333
150 0.613333
150 0.253333
150 0.64
150 0.72
150 0.746667
200 0.345
200 0.3
200 0.785
200 0.525
200 0.66
200 0.405
200 0.435
200 0.825
200 0.695
200 0.4
200 0.565
200 0.41
200 0.625
200 0.585
200 0.465
200 0.445
200 0.73
200 0.625
200 0.65
200 0.39
200 0.225
200 0.7
200 0.37
200 0.695
200 0.675
200 0.66
200 0.605
200 0.71
200 0.49
200 0.64
200 0.44
200 0.52
200 0.63
200 0.455
200 0.46
200 0.78
200 0.355
200 0.58
200 0.665
200 0.45
200 0.755
200 0.775
200 0.245
200 0.285
200 0.475
200 0.47
200 0.37
200 0.495
200 0.63
200 0.135
200 0.38
200 0.32
200 0.31
200 0.625
200 0.575
200 0.565
200 0.565
200 0.58
200 0.75
200 0.51
200 0.575
200 0.525
200 0.5
200 0.785
200 0.26
200 0.57
200 0.495
200 0.69
200 0.515
200 0.795
200 0.665
200 0.645
200 0.555
200 0.6
200 0.375
250 0.46
250 0.488
250 0.54
250 0.716
250 0.612
250 0.64
250 0.68
250 0.324
250 0.436
250 0.696
250 0.732
250 0.428
250 0.74
250 0.436
250 0.284
250 0.584
250 0.408
250 0.476
250 0.76
250 0.644
250 0.628
250 0.668
250 0.372
250 0.348
250 0.772
250 0.54
250 0.504
250 0.768
250 0.392
250 0.716
250 0.392
250 0.884
250 0.676
250 0.484
250 0.392
250 0.62
250 0.464
250 0.696
250 0.484
250 0.2
250 0.5
250 0.436
250 0.464
250 0.4
250 0.616
250 0.716
250 0.696
250 0.536
250 0.812
250 0.444
250 0.224
250 0.448
250 0.54
250 0.524
250 0.484
250 0.676
250 0.676
250 0.3
250 0.596
250 0.616
250 0.616
250 0.552
250 0.524
250 0.428
250 0.544
250 0.58
250 0.632
250 0.668
250 0.808
250 0.628
250 0.712
250 0.472
250 0.664
250 0.532
250 0.62
300 0.476667
300 0.57
300 0.676667
300 0.666667
300 0.626667
300 0.376667
300 0.593333
300 0.436667
300 0.646667
300 0.733333
300 0.57
300 0.723333
300 0.493333
300 0.556667
300 0.446667
300 0.513333
300 0.646667
300 0.37
300 0.486667
300 0.596667
300 0.363333
300 0.453333
300 0.703333
300 0.333333
300 0.48
300 0.356667
300 0.543333
300 0.656667
300 0.703333
300 0.486667
300 0.356667
300 0.413333
300 0.463333
300 0.8
300 0.563333
300 0.816667
300 0.763333
300 0.673333
300 0.286667
300 0.446667
300 0.71
300 0.73
300 0.75
300 0.75
300 0.723333
300 0.663333
300 0.6
300 0.53
300 0.456667
300 0.766667
300 0.5
300 0.266667
300 0.446667
300 0.48
300 0.75
300 0.583333
300 0.796667
300 0.353333
300 0.74
300 0.673333
300 0.51
300 0.443333
300 0.356667
300 0.7
300 0.57
300 0.41
300 0.596667
300 0.536667
300 0.566667
300 0.76
300 0.493333
300 0.6
300 0.46
300 0.84
300 0.796667
350 0.731429
350 0.728571
350 0.705714
350 0.405714
350 0.682857
350 0.417143
350 0.354286
350 0.628571
350 0.694286
350 0.502857
350 0.762857
350 0.634286
350 0.765714
350 0.408571
350 0.654286
350 0.457143
350 0.828571
350 0.491429
350 0.345714
350 0.654286
350 0.694286
350 0.637143
350 0.491429
350 0.677143
350 0.785714
350 0.782857
350 0.682857
350 0.437143
350 0.782857
350 0.705714
350 0.402857
350 0.765714
350 0.645714
350 0.745714
350 0.577143
350 0.665714
350 0.537143
350 0.537143
350 0.754286
350 0.742857
350 0.582857
350 0.837143
350 0.822857
350 0.768571
350 0.777143
350 0.648571
350 0.557143
350 0.411429
350 0.485714
350 0.471429
350 0.765714
350 0.422857
350 0.454286
350 0.554286
350 0.654286
350 0.208571
350 0.7
350 0.6
350 0.802857
350 0.702857
350 0.437143
350 0.697143
350 0.574286
350 0.628571
350 0.271429
350 0.494286
350 0.802857
350 0.642857
350 0.448571
350 0.531429
350 0.728571
350 0.728571
350 0.24
350 0.705714
350 0.68
400 0.7125
400 0.6075
400 0.745
400 0.6175
400 0.74
400 0.4575
400 0.7475
400 0.4075
400 0.7575
400 0.4625
400 0.7625
400 0.52
400 0.7225
400 0.6125
400 0.475
400 0.7325
400 0.7175
400 0.4125
400 0.8425
400 0.6425
400 0.77
400 0.6925
400 0.8425
400 0.72
400 0.7575
400 0.6275
400 0.84
400 0.4375
400 0.6325
400 0.72
400 0.37
400 0.465
400 0.725
400 0.605
400 0.6875
400 0.78
400 0.6325
400 0.3325
400 0.6425
400 0.73
400 0.795
400 0.41
400 0.6375
400 0.665
400 0.7975
400 0.75
400 0.495
400 0.45
400 0.73
400 0.8225
400 0.5025
400 0.685
400 0.645
400 0.4625
400 0.6875
400 0.72
400 0.805
400 0.315
400 0.51
400 0.76
400 0.7725
400 0.48
400 0.78
400 0.55
400 0.4275
400 0.7425
400 0.485
400 0.7175
400 0.5275
400 0.6625
400 0.6825
400 0.5475
400 0.46
400 0.6825
400 0.6625
450 0.711111
450 0.624444
450 0.417778
450 0.586667
450 0.402222
450 0.715556
450 0.66
450 0.617778
450 0.52
450 0.677778
450 0.575556
450 0.697778
450 0.593333
450 0.802222
450 0.66
450 0.733333
450 0.542222
450 0.717778
450 0.617778
450 0.468889
450 0.68
450 0.72
450 0.486667
450 0.644444
450 0.362222
450 0.466667
450 0.773333
450 0.573333
450 0.308889
450 0.635556
450 0.762222
450 0.711111
450 0.784444
450 0.64
450 0.651111
450 0.835556
450 0.78
450 0.442222
450 0.571111
450 0.724444
450 0.58
450 0.424444
450 0.575556
450 0.362222
450 0.397778
450 0.711111
450 0.742222
450 0.488889
450 0.748889
450 0.706667
450 0.431111
450 0.735556
450 0.771111
450 0.526667
450 0.704444
450 0.702222
450 0.671111
450 0.777778
450 0.435556
450 0.811111
450 0.566667
450 0.695556
450 0.78
450 0.671111
450 0.648889
450 0.584444
450 0.286667
450 0.808889
450 0.364444
450 0.804444
450 0.113333
450 0.453333
450 0.72
450 0.597778
450 0.368889
500 0.606
500 0.808
500 0.75
500 0.354
500 0.73
500 0.674
500 0.69
500 0.48
500 0.554
500 0.75
500 0.67
500 0.736
500 0.588
500 0.754
500 0.764
500 0.61
500 0.63
500 0.634
500 0.684
500 0.686
500 0.752
500 0.788
500 0.67
500 0.784
500 0.706
500 0.356
500 0.756
500 0.66
500 0.638
500 0.534
500 0.528
500 0.76
500 0.762
500 0.664
500 0.7
500 0.776
500 0.606
500 0.732
500 0.752
500 0.742
500 0.818
500 0.644
500 0.714
500 0.73
500 0.746
500 0.698
500 0.75
500 0.588
500 0.612
500 0.594
500 0.682
500 0.784
500 0.448
500 0.782
500 0.724
500 0.602
500 0.658
500 0.604
500 0.804
500 0.722
500 0.34
500 0.55
500 0.598
500 0.486
500 0.654
500 0.528
500 0.526
500 0.506
500 0.774
500 0.712
500 0.46
500 0.542
500 0.718
500 0.75
500 0.832
550 0.410909
550 0.781818
550 0.701818
550 0.576364
550 0.809091
550 0.290909
550 0.687273
550 0.767273
550 0.476364
550 0.814545
550 0.7
550 0.492727
550 0.447273
550 0.710909
550 0.801818
550 0.629091
550 0.656364
550 0.585455
550 0.701818
550 0.56
550 0.709091
550 0.501818
550 0.76
550 0.785455
550 0.596364
550 0.638182
550 0.690909
550 0.683636
550 0.587273
550 0.521818
550 0.494545
550 0.610909
550 0.778182
550 0.0363636
550 0.678182
550 0.503636
550 0.589091
550 0.78
550 0.772727
550 0.650909
550 0.252727
550 0.758182
550 0.541818
550 0.625455
550 0.616364
550 0.483636
550 0.298182
550 0.492727
550 0.68
550 0.709091
550 0.783636
550 0.658182
550 0.669091
550 0.64
550 0.598182
550 0.521818
550 0.787273
550 0.64
550 0.76
550 0.690909
550 0.703636
550 0.867273
550 0.612727
550 0.674545
550 0.705455
550 0.496364
550 0.450909
550 0.827273
550 0.618182
550 0.723636
550 0.496364
550 0.701818
550 0.607273
550 0.421818
550 0.774545
600 0.643333
600 0.541667
600 0.695
600 0.585
600 0.591667
600 0.7
600 0.755
600 0.803333
600 0.673333
600 0.8
600 0.683333
600 0.711667
600 0.52
600 0.645
600 0.556667
600 0.741667
600 0.696667
600 0.458333
600 0.55
600 0.506667
600 0.511667
600 0.52
600 0.606667
600 0.315
600 0.593333
600 0.633333
600 0.77
600 0.66
600 0.763333
600 0.741667
600 0.533333
600 0.638333
600 0.493333
600 0.698333
600 0.71
600 0.656667
600 0.715
600 0.486667
600 0.301667
600 0.486667
600 0.386667
600 0.81
600 0.693333
600 0.718333
600 0.833333
600 0.821667
600 0.583333
600 0.723333
600 0.723333
600 0.736667
600 0.58
600 0.33
600 0.583333
600 0.803333
600 0.611667
600 0.788333
600 0.798333
600 0.713333
600 0.7
600 0.64
600 0.765
600 0.725
600 0.43
600 0.581667
600 0.785
600 0.671667
600 0.66
600 0.68
600 0.523333
600 0.515
600 0.34
600 0.816667
600 0.75
600 0.75
600 0.638333
650 0.663077
650 0.398462
650 0.449231
650 0.735385
650 0.661538
650 0.589231
650 0.723077
650 0.738462
650 0.636923
650 0.736923
650 0.695385
650 0.5
650 0.68
650 0.524615
650 0.372308
650 0.658462
650 0.752308
650 0.698462
650 0.590769
650 0.838462
650 0.630769
650 0.555385
650 0.395385
650 0.723077
650 0.621538
650 0.847692
650 0.464615
650 0.613846
650 0.683077
650 0.735385
650 0.792308
650 0.735385
650 0.721538
650 0.726154
650 0.712308
650 0.592308
650 0.444615
650 0.8
650 0.606154
650 0.610769
650 0.643077
650 0.670769
650 0.804615
650 0.8
650 0.807692
650 0.421538
650 0.686154
650 0.32
650 0.595385
650 0.729231
650 0.804615
650 0.666154
650 0.833846
650 0.775385
650 0.632308
650 0.587692
650 0.816923
650 0.515385
650 0.607692
650 0.6
650 0.684615
650 0.567692
650 0.56
650 0.638462
650 0.656923
650 0.718462
650 0.704615
650 0.666154
650 0.763077
650 0.721538
650 0.736923
650 0.649231
650 0.795385
650 0.623077
650 0.770769
700 0.658571
700 0.634286
700 0.615714
700 0.525714
700 0.328571
700 0.677143
700 0.801429
700 0.602857
700 0.552857
700 0.825714
700 0.651429
700 0.77
700 0.754286
700 0.74
700 0.565714
700 0.521429
700 0.461429
700 0.75
700 0.628571
700 0.625714
700 0.844286
700 0.79
700 0.731429
700 0.78
700 0.657143
700 0.428571
700 0.774286
700 0.46
700 0.761429
700 0.802857
700 0.64
700 0.755714
700 0.73
700 0.68
700 0.49
700 0.795714
700 0.67
700 0.584286
700 0.494286
700 0.714286
700 0.765714
700 0.694286
700 0.768571
700 0.585714
700 0.562857
700 0.661429
700 0.637143
700 0.76
700 0.667143
700 0.597143
700 0.765714
700 0.767143
700 0.712857
700 0.725714
700 0.532857
700 0.75
700 0.564286
700 0.474286
700 0.747143
700 0.664286
700 0.645714
700 0.677143
700 0.848571
700 0.641429
700 0.73
700 0.665714
700 0.58
700 0.78
700 0.47
700 0.568571
700 0.397143
700 0.655714
700 0.608571
700 0.757143
700 0.837143
750 0.665333
750 0.716
750 0.806667
750 0.749333
750 0.732
750 0.602667
750 0.794667
750 0.810667
750 0.648
750 0.626667
750 0.657333
750 0.745333
750 0.486667
750 0.8
750 0.716
750 0.8
750 0.482667
750 0.661333
750 0.52
750 0.633333
750 0.58
750 0.573333
750 0.430667
750 0.746667
750 0.488
750 0.757333
750 0.670667
750 0.397333
750 0.369333
750 0.649333
750 0.453333
750 0.704
750 0.694667
750 0.824
750 0.702667
750 0.685333
750 0.566667
750 0.622667
750 0.588
750 0.461333
750 0.705333
750 0.504
750 0.530667
750 0.64
750 0.66
750 0.608
750 0.748
750 0.816
750 0.485333
750 0.678667
750 0.54
750 0.769333
750 0.678667
750 0.748
750 0.526667
750 0.550667
750 0.678667
750 0.601333
750 0.330667
750 0.549333
750 0.714667
750 0.686667
750 0.721333
750 0.649333
750 0.633333
750 0.741333
750 0.625333
750 0.548
750 0.657333
750 0.656
750 0.792
750 0.508
750 0.666667
750 0.712
750 0.746667
800 0.77
800 0.71
800 0.685
800 0.57125
800 0.55875
800 0.7225
800 0.465
800 0.71625
800 0.625
800 0.73875
800 0.6825
800 0.68875
800 0.6925
800 0.78
800 0.71375
800 0.55125
800 0.66625
800 0.5975
800 0.58125
800 0.52625
800 0.5175
800 0.6225
800 0.58125
800 0.6875
800 0.55
800 0.60875
800 0.705
800 0.64375
800 0.75375
800 0.61
800 0.585
800 0.68
800 0.81125
800 0.5975
800 0.7575
800 0.6375
800 0.51375
800 0.6125
800 0.56
800 0.7725
800 0.60875
800 0.48125
800 0.59625
800 0.795
800 0.72625
800 0.54125
800 0.53875
800 0.62
800 0.5425
800 0.69625
800 0.75125
800 0.6075
800 0.54
800 0.5075
800 0.78875
800 0.47125
800 0.795
800 0.48875
800 0.59375
800 0.75
800 0.625
800 0.77625
800 0.74875
800 0.87
800 0.75125
800 0.6525
800 0.69875
800 0.745
800 0.81625
800 0.90625
800 0.4225
800 0.6125
800 0.48625
800 0.81375
800 0.74875
850 0.696471
850 0.38
850 0.798824
850 0.549412
850 0.745882
850 0.643529
850 0.570588
850 0.490588
850 0.630588
850 0.6
850 0.570588
850 0.598824
850 0.568235
850 0.755294
850 0.621176
850 0.744706
850 0.729412
850 0.443529
850 0.630588
850 0.441176
850 0.571765
850 0.618824
850 0.7
850 0.589412
850 0.936471
850 0.703529
850 0.634118
850 0.601176
850 0.692941
850 0.589412
850 0.758824
850 0.648235
850 0.697647
850 0.617647
850 0.745882
850 0.815294
850 0.692941
850 0.670588
850 0.469412
850 0.692941
850 0.558824
850 0.775294
850 0.854118
850 0.704706
850 0.498824
850 0.595294
850 0.631765
850 0.845882
850 0.721176
850 0.749412
850 0.624706
850 0.629412
850 0.601176
850 0.681176
850 0.536471
850 0.74
850 0.362353
850 0.268235
850 0.650588
850 0.768235
850 0.74
850 0.445882
850 0.658824
850 0.636471
850 0.764706
850 0.791765
850 0.712941
850 0.581176
850 0.494118
850 0.644706
850 0.741176
850 0.718824
850 0.458824
850 0.785882
850 0.649412
900 0.766667
900 0.745556
900 0.827778
900 0.556667
900 0.698889
900 0.766667
900 0.715556
900 0.761111
900 0.698889
900 0.712222
900 0.721111
900 0.734444
900 0.793333
900 0.495556
900 0.767778
900 0.738889
900 0.741111
900 0.664444
900 0.285556
900 0.743333
900 0.852222
900 0.717778
900 0.526667
900 0.801111
900 0.635556
900 0.726667
900 0.696667
900 0.791111
900 0.555556
900 0.664444
900 0.813333
900 0.741111
900 0.695556
900 0.73
900 0.465556
900 0.64
900 0.815556
900 0.801111
900 0.58
900 0.622222
900 0.443333
900 0.614444
900 0.764444
900 0.658889
900 0.674444
900 0.704444
900 0.711111
900 0.648889
900 0.772222
900 0.655556
900 0.514444
900 0.482222
900 0.714444
900 0.573333
900 0.751111
900 0.82
900 0.874444
900 0.864444
900 0.635556
900 0.695556
900 0.347778
900 0.667778
900 0.734444
900 0.583333
900 0.575556
900 0.747778
900 0.331111
900 0.801111
900 0.737778
900 0.704444
900 0.643333
900 0.687778
900 0.795556
900 0.818889
900 0.772222
950 0.763158
950 0.696842
950 0.750526
950 0.747368
950 0.686316
950 0.744211
950 0.661053
950 0.701053
950 0.470526
950 0.768421
950 0.750526
950 0.733684
950 0.744211
950 0.856842
950 0.684211
950 0.74
950 0.806316
950 0.782105
950 0.841053
950 0.727368
950 0.722105
950 0.890526
950 0.468421
950 0.546316
950 0.503158
950 0.711579
950 0.691579
950 0.751579
950 0.784211
950 0.588421
950 0.610526
950 0.72
950 0.82
950 0.656842
950 0.644211
950 0.647368
950 0.764211
950 0.469474
950 0.345263
950 0.615789
950 0.806316
950 0.648421
950 0.711579
950 0.746316
950 0.777895
950 0.74
950 0.549474
950 0.534737
950 0.464211
950 0.765263
950 0.669474
950 0.602105
950 0.521053
950 0.774737
950 0.478947
950 0.678947
950 0.774737
950 0.748421
950 0.629474
950 0.632632
950 0.644211
950 0.797895
950 0.744211
950 0.646316
950 0.722105
950 0.696842
950 0.375789
950 0.762105
950 0.451579
950 0.693684
950 0.796842
950 0.738947
950 0.853684
950 0.767368
950 0.818947
1000 0.787
1000 0.667
1000 0.604
1000 0.592
1000 0.673
1000 0.629
1000 0.822
1000 0.629
1000 0.755
1000 0.483
1000 0.64
1000 0.863
1000 0.848
1000 0.656
1000 0.575
1000 0.607
1000 0.571
1000 0.497
1000 0.723
1000 0.47
1000 0.694
1000 0.732
1000 0.807
1000 0.441
1000 0.771
1000 0.664
1000 0.81
1000 0.616
1000 0.694
1000 0.518
1000 0.7
1000 0.872
1000 0.521
1000 0.572
1000 0.586
1000 0.722
1000 0.755
1000 0.443
1000 0.667
1000 0.722
1000 0.704
1000 0.595
1000 0.732
1000 0.652
1000 0.701
1000 0.728
1000 0.741
1000 0.614
1000 0.573
1000 0.763
1000 0.765
1000 0.694
1000 0.744
1000 0.814
1000 0.756
1000 0.826
1000 0.794
1000 0.585
1000 0.51
1000 0.799
1000 0.688
1000 0.789
1000 0.683
1000 0.606
1000 0.786
1000 0.767
1000 0.82
1000 0.67
1000 0.552
1000 0.654
1000 0.608
1000 0.671
1000 0.711
1000 0.857
1000 0.677
1050 0.794286
1050 0.604762
1050 0.746667
1050 0.707619
1050 0.0552381
1050 0.818095
1050 0.691429
1050 0.721905
1050 0.79619
1050 0.586667
1050 0.664762
1050 0.801905
1050 0.685714
1050 0.704762
1050 0.751429
1050 0.777143
1050 0.466667
1050 0.505714
1050 0.618095
1050 0.775238
1050 0.342857
1050 0.552381
1050 0.762857
1050 0.697143
1050 0.757143
1050 0.499048
1050 0.773333
1050 0.835238
1050 0.792381
1050 0.642857
1050 0.621905
1050 0.775238
1050 0.802857
1050 0.769524
1050 0.847619
1050 0.701905
1050 0.710476
1050 0.754286
1050 0.232381
1050 0.760952
1050 0.566667
1050 0.782857
1050 0.499048
1050 0.619048
1050 0.785714
1050 0.844762
1050 0.84
1050 0.42381
1050 0.621905
1050 0.72
1050 0.634286
1050 0.658095
1050 0.595238
1050 0.69619
1050 0.711429
1050 0.608571
1050 0.72
1050 0.725714
1050 0.709524
1050 0.77619
1050 0.691429
1050 0.802857
1050 0.538095
1050 0.706667
1050 0.512381
1050 0.571429
1050 0.64
1050 0.826667
1050 0.779048
1050 0.701905
1050 0.686667
1050 0.568571
1050 0.482857
1050 0.591429
1050 0.739048
1100 0.732727
1100 0.825455
1100 0.797273
1100 0.649091
1100 0.604545
1100 0.676364
1100 0.732727
1100 0.777273
1100 0.818182
1100 0.428182
1100 0.741818
1100 0.71
1100 0.572727
1100 0.779091
1100 0.733636
1100 0.799091
1100 0.594545
1100 0.445455
1100 0.473636
1100 0.72
1100 0.372727
1100 0.624545
1100 0.7
1100 0.684545
1100 0.749091
1100 0.71
1100 0.75
1100 0.256364
1100 0.550909
1100 0.711818
1100 0.701818
1100 0.779091
1100 0.741818
1100 0.679091
1100 0.486364
1100 0.708182
1100 0.788182
1100 0.598182
1100 0.794545
1100 0.698182
1100 0.676364
1100 0.616364
1100 0.723636
1100 0.695455
1100 0.74
1100 0.804545
1100 0.766364
1100 0.652727
1100 0.657273
1100 0.611818
1100 0.554545
1100 0.814545
1100 0.765455
1100 0.149091
1100 0.573636
1100 0.646364
1100 0.591818
1100 0.774545
1100 0.641818
1100 0.753636
1100 0.53
1100 0.726364
1100 0.789091
1100 0.716364
1100 0.626364
1100 0.754545
1100 0.537273
1100 0.797273
1100 0.775455
1100 0.646364
1100 0.760909
1100 0.711818
1100 0.54
1100 0.467273
1100 0.135455
1150 0.658261
1150 0.648696
1150 0.76
1150 0.550435
1150 0.607826
1150 0.757391
1150 0.433043
1150 0.598261
1150 0.572174
1150 0.745217
1150 0.713043
1150 0.825217
1150 0.546957
1150 0.733043
1150 0.690435
1150 0.744348
1150 0.677391
1150 0.626957
1150 0.7
1150 0.602609
1150 0.746957
1150 0.752174
1150 0.538261
1150 0.734783
1150 0.733913
1150 0.693913
1150 0.782609
1150 0.34
1150 0.735652
1150 0.710435
1150 0.7
1150 0.793043
1150 0.778261
1150 0.730435
1150 0.761739
1150 0.590435
1150 0.770435
1150 0.764348
1150 0.807826
1150 0.732174
1150 0.626957
1150 0.68
1150 0.750435
1150 0.763478
1150 0.549565
1150 0.62
1150 0.756522
1150 0.78
1150 0.536522
1150 0.710435
1150 0.78
1150 0.411304
1150 0.742609
1150 0.41913
1150 0.610435
1150 0.744348
1150 0.708696
1150 0.667826
1150 0.744348
1150 0.766087
1150 0.765217
1150 0.754783
1150 0.749565
1150 0.522609
1150 0.735652
1150 0.72
1150 0.278261
1150 0.721739
1150 0.846957
1150 0.707826
1150 0.58
1150 0.646087
1150 0.647826
1150 0.549565
1150 0.7
1200 0.6525
1200 0.698333
1200 0.588333
1200 0.616667
1200 0.726667
1200 0.7275
1200 0.789167
1200 0.701667
1200 0.739167
1200 0.426667
1200 0.745
1200 0.4575
1200 0.735833
1200 0.765
1200 0.770833
1200 0.755833
1200 0.3125
1200 0.735833
1200 0.519167
1200 0.890833
1200 0.530833
1200 0.598333
1200 0.783333
1200 0.8175
1200 0.609167
1200 0.485833
1200 0.479167
1200 0.421667
1200 0.605
1200 0.7725
1200 0.671667
1200 0.503333
1200 0.7475
1200 0.72
1200 0.801667
1200 0.8775
1200 0.73
1200 0.539167
1200 0.746667
1200 0.733333
1200 0.815833
1200 0.6875
1200 0.715
1200 0.771667
1200 0.510833
1200 0.818333
1200 0.433333
1200 0.659167
1200 0.7025
1200 0.5975
1200 0.7775
1200 0.755833
1200 0.634167
1200 0.69
1200 0.7025
1200 0.4425
1200 0.773333
1200 0.695
1200 0.841667
1200 0.811667
1200 0.736667
1200 0.649167
1200 0.844167
1200 0.815
1200 0.6275
1200 0.576667
1200 0.659167
1200 0.736667
1200 0.574167
1200 0.655833
1200 0.699167
1200 0.433333
1200 0.665
1200 0.759167
1200 0.365833
1250 0.7912
1250 0.7288
1250 0.5888
1250 0.564
1250 0.6792
1250 0.7344
1250 0.5688
1250 0.724
1250 0.752
1250 0.7784
1250 0.5312
1250 0.6128
1250 0.5576
1250 0.7616
1250 0.6544
1250 0.656
1250 0.7624
1250 0.7248
1250 0.6664
1250 0.5744
1250 0.8408
1250 0.5
1250 0.7128
1250 0.6832
1250 0.7384
1250 0.696
1250 0.7312
1250 0.6912
1250 0.6528
1250 0.7504
1250 0.7312
1250 0.7584
1250 0.5344
1250 0.8848
1250 0.6504
1250 0.7352
1250 0.5776
1250 0.7432
1250 0.6336
1250 0.6592
1250 0.7232
1250 0.7832
1250 0.74
1250 0.5776
1250 0.5496
1250 0.6536
1250 0.6288
1250 0.7168
1250 0.3984
1250 0.5288
1250 0.7328
1250 0.7016
1250 0.7512
1250 0.7984
1250 0.7728
1250 0.7808
1250 0.8384
1250 0.7456
1250 0.852
1250 0.6272
1250 0.6912
1250 0.7976
1250 0.5136
1250 0.6576
1250 0.7496
1250 0.5744
1250 0.6672
1250 0.8192
1250 0.684
1250 0.5336
1250 0.6336
1250 0.664
1250 0.436
1250 0.7584
1250 0.7952
1300 0.701538
1300 0.857692
1300 0.828462
1300 0.690769
1300 0.689231
1300 0.823077
1300 0.633077
1300 0.704615
1300 0.738462
1300 0.594615
1300 0.842308
1300 0.745385
1300 0.636923
1300 0.466154
1300 0.689231
1300 0.757692
1300 0.642308
1300 0.596923
1300 0.638462
1300 0.765385
1300 0.776154
1300 0.806154
1300 0.73
1300 0.356154
1300 0.497692
1300 0.616154
1300 0.373846
1300 0.615385
1300 0.712308
1300 0.556154
1300 0.706923
1300 0.682308
1300 0.604615
1300 0.726154
1300 0.631538
1300 0.687692
1300 0.817692
1300 0.704615
1300 0.711538
1300 0.673846
1300 0.705385
1300 0.572308
1300 0.757692
1300 0.643077
1300 0.743077
1300 0.595385
1300 0.516923
1300 0.585385
1300 0.740769
1300 0.813846
1300 0.796923
1300 0.653846
1300 0.750769
1300 0.796154
1300 0.524615
1300 0.853846
1300 0.703077
1300 0.474615
1300 0.797692
1300 0.699231
1300 0.74
1300 0.676154
1300 0.788462
1300 0.793077
1300 0.619231
1300 0.560769
1300 0.388462
1300 0.622308
1300 0.655385
1300 0.851538
1300 0.669231
1300 0.576154
1300 0.397692
1300 0.538462
1300 0.673077
1350 0.737037
1350 0.557778
1350 0.798519
1350 0.732593
1350 0.677037
1350 0.819259
1350 0.876296
1350 0.76
1350 0.481481
1350 0.675556
1350 0.792593
1350 0.742222
1350 0.767407
1350 0.608889
1350 0.245185
1350 0.694074
1350 0.762222
1350 0.752593
1350 0.66
1350 0.63037
1350 0.500741
1350 0.708889
1350 0.703704
1350 0.453333
1350 0.765926
1350 0.661481
1350 0.773333
1350 0.708889
1350 0.740741
1350 0.721481
1350 0.744444
1350 0.651111
1350 0.706667
1350 0.62
1350 0.674074
1350 0.661481
1350 0.611852
1350 0.693333
1350 0.721481
1350 0.745926
1350 0.755556
1350 0.704444
1350 0.836296
1350 0.807407
1350 0.79037
1350 0.722963
1350 0.348148
1350 0.676296
1350 0.717778
1350 0.568889
1350 0.783704
1350 0.777037
1350 0.746667
1350 0.434815
1350 0.762222
1350 0.757037
1350 0.561481
1350 0.734815
1350 0.771852
1350 0.491852
1350 0.502222
1350 0.640741
1350 0.517037
1350 0.636296
1350 0.660741
1350 0.55037
1350 0.70963
1350 0.745185
1350 0.700741
1350 0.711111
1350 0.821481
1350 0.712593
1350 0.725185
1350 0.791111
1350 0.751111
1400 0.878571
1400 0.588571
1400 0.722857
1400 0.840714
1400 0.539286
1400 0.725
1400 0.630714
1400 0.842857
1400 0.761429
1400 0.599286
1400 0.540714
1400 0.745714
1400 0.628571
1400 0.685714
1400 0.580714
1400 0.574286
1400 0.753571
1400 0.798571
1400 0.505714
1400 0.68
1400 0.787857
1400 0.764286
1400 0.746429
1400 0.785
1400 0.85
1400 0.463571
1400 0.517857
1400 0.654286
1400 0.600714
1400 0.593571
1400 0.592143
1400 0.779286
1400 0.719286
1400 0.818571
1400 0.815714
1400 0.689286
1400 0.65
1400 0.655714
1400 0.752143
1400 0.772857
1400 0.486429
1400 0.841429
1400 0.767857
1400 0.667857
1400 0.719286
1400 0.709286
1400 0.691429
1400 0.760714
1400 0.780714
1400 0.655714
1400 0.608571
1400 0.507143
1400 0.802857
1400 0.683571
1400 0.755
1400 0.677857
1400 0.604286
1400 0.701429
1400 0.810714
1400 0.753571
1400 0.755
1400 0.596429
1400 0.730714
1400 0.754286
1400 0.595714
1400 0.71
1400 0.769286
1400 0.8
1400 0.623571
1400 0.791429
1400 0.474286
1400 0.592857
1400 0.557143
1400 0.56
1400 0.699286
1450 0.745517
1450 0.566207
1450 0.546207
1450 0.667586
1450 0.75931
1450 0.608276
1450 0.728966
1450 0.676552
1450 0.716552
1450 0.686207
1450 0.688276
1450 0.745517
1450 0.782069
1450 0.747586
1450 0.726897
1450 0.643448
1450 0.636552
1450 0.728966
1450 0.553103
1450 0.822069
1450 0.722069
1450 0.801379
1450 0.52069
1450 0.514483
1450 0.765517
1450 0.788276
1450 0.637241
1450 0.688276
1450 0.645517
1450 0.529655
1450 0.562069
1450 0.697241
1450 0.523448
1450 0.735172
1450 0.68
1450 0.555172
1450 0.737241
1450 0.650345
1450 0.542759
1450 0.790345
1450 0.642069
1450 0.798621
1450 0.727586
1450 0.711724
1450 0.632414
1450 0.716552
1450 0.664828
1450 0.797931
1450 0.776552
1450 0.615862
1450 0.636552
1450 0.891724
1450 0.7
1450 0.548276
1450 0.788276
1450 0.64069
1450 0.731034
1450 0.665517
1450 0.748276
1450 0.735862
1450 0.751724
1450 0.658621
1450 0.682069
1450 0.728276
1450 0.862069
1450 0.694483
1450 0.756552
1450 0.767586
1450 0.615862
1450 0.586207
1450 0.644138
1450 0.571034
1450 0.755862
1450 0.666897
1450 0.712414
1500 0.592
1500 0.670667
1500 0.676667
1500 0.494
1500 0.846
1500 0.802
1500 0.61
1500 0.693333
1500 0.612667
1500 0.742667
1500 0.667333
1500 0.65
1500 0.662667
1500 0.647333
1500 0.548667
1500 0.829333
1500 0.734
1500 0.525333
1500 0.868667
1500 0.823333
1500 0.766667
1500 0.74
1500 0.559333
1500 0.722
1500 0.641333
1500 0.770667
1500 0.703333
1500 0.764
1500 0.702
1500 0.647333
1500 0.77
1500 0.597333
1500 0.618667
1500 0.727333
1500 0.803333
1500 0.750667
1500 0.648667
1500 0.609333
1500 0.698
1500 0.794
1500 0.662667
1500 0.612667
1500 0.789333
1500 0.616
1500 0.805333
1500 0.756
1500 0.644
1500 0.774667
1500 0.674667
1500 0.702667
1500 0.686667
1500 0.648
1500 0.592667
1500 0.710667
1500 0.535333
1500 0.754667
1500 0.78
1500 0.782667
1500 0.764
1500 0.714667
1500 0.693333
1500 0.744667
1500 0.676
1500 0.688667
1500 0.51
1500 0.711333
1500 0.791333
1500 0.735333
1500 0.617333
1500 0.602667
1500 0.496667
1500 0.691333
1500 0.582667
1500 0.815333
1500 0.729333
1550 0.78129
1550 0.767097
1550 0.66129
1550 0.804516
1550 0.778065
1550 0.569677
1550 0.609032
1550 0.576774
1550 0.674839
1550 0.430968
1550 0.496774
1550 0.80129
1550 0.783871
1550 0.723871
1550 0.768387
1550 0.610323
1550 0.62
1550 0.76129
1550 0.716129
1550 0.783871
1550 0.691613
1550 0.607097
1550 0.703226
1550 0.732903
1550 0.622581
1550 0.56
1550 0.588387
1550 0.667097
1550 0.756129
1550 0.654839
1550 0.678065
1550 0.66129
1550 0.565161
1550 0.685806
1550 0.669677
1550 0.569032
1550 0.756774
1550 0.64129
1550 0.736774
1550 0.838065
1550 0.629032
1550 0.789677
1550 0.807097
1550 0.517419
1550 0.511613
1550 0.711613
1550 0.751613
1550 0.683871
1550 0.600645
1550 0.736129
1550 0.756774
1550 0.845806
1550 0.848387
1550 0.740645
1550 0.669677
1550 0.81871
1550 0.794194
1550 0.714839
1550 0.599355
1550 0.703871
1550 0.568387
1550 0.768387
1550 0.629032
1550 0.430323
1550 0.834194
1550 0.672258
1550 0.759355
1550 0.689677
1550 0.667097
1550 0.810323
1550 0.386452
1550 0.688387
1550 0.802581
1550 0.747742
1550 0.745806
1600 0.545
1600 0.813125
1600 0.69625
1600 0.426875
1600 0.783125
1600 0.7525
1600 0.836875
1600 0.791875
1600 0.68
1600 0.623125
1600 0.719375
1600 0.7275
1600 0.7025
1600 0.435
1600 0.675625
1600 0.7825
1600 0.80375
1600 0.81125
1600 0.768125
1600 0.76625
1600 0.78375
1600 0.76375
1600 0.688125
1600 0.7925
1600 0.631875
1600 0.67
1600 0.775
1600 0.405625
1600 0.655
1600 0.68625
1600 0.654375
1600 0.696875
1600 0.67125
1600 0.741875
1600 0.65625
1600 0.619375
1600 0.735
1600 0.4175
1600 0.573125
1600 0.76125
1600 0.62125
1600 0.78625
1600 0.72
1600 0.595625
1600 0.729375
1600 0.678125
1600 0.61375
1600 0.759375
1600 0.665625
1600 0.715
1600 0.738125
1600 0.73625
1600 0.76
1600 0.599375
1600 0.641875
1600 0.574375
1600 0.80875
1600 0.484375
1600 0.729375
1600 0.6575
1600 0.81125
1600 0.7
1600 0.74875
1600 0.625
1600 0.605
1600 0.67375
1600 0.440625
1600 0.695625
1600 0.570625
1600 0.69625
1600 0.839375
1600 0.60375
1600 0.6925
1600 0.67625
1600 0.640625
1650 0.678788
1650 0.42303
1650 0.612121
1650 0.746667
1650 0.504242
1650 0.722424
1650 0.792727
1650 0.560606
1650 0.726061
1650 0.720606
1650 0.422424
1650 0.706667
1650 0.861818
1650 0.84303
1650 0.483636
1650 0.753333
1650 0.529091
1650 0.675152
1650 0.536364
1650 0.494545
1650 0.572727
1650 0.695758
1650 0.623636
1650 0.57697
1650 0.777576
1650 0.752727
1650 0.713939
1650 0.727273
1650 0.744848
1650 0.707879
1650 0.735152
1650 0.545455
1650 0.715152
1650 0.613939
1650 0.793939
1650 0.729697
1650 0.805455
1650 0.740606
1650 0.768485
1650 0.712727
1650 0.790909
1650 0.746667
1650 0.713939
1650 0.734545
1650 0.51697
1650 0.772727
1650 0.769697
1650 0.640606
1650 0.696364
1650 0.649091
1650 0.751515
1650 0.786667
1650 0.474545
1650 0.510303
1650 0.710909
1650 0.552727
1650 0.801212
1650 0.845455
1650 0.633939
1650 0.724848
1650 0.617576
1650 0.8
1650 0.780606
1650 0.411515
1650 0.769091
1650 0.564242
1650 0.764242
1650 0.703636
1650 0.806061
1650 0.710303
1650 0.626061
1650 0.536364
1650 0.652121
1650 0.527879
1650 0.741212
1700 0.453529
1700 0.712353
1700 0.697059
1700 0.715882
1700 0.634706
1700 0.705294
1700 0.819412
1700 0.687059
1700 0.737059
1700 0.701176
1700 0.624118
1700 0.578235
1700 0.607059
1700 0.756471
1700 0.602353
1700 0.761176
1700 0.745294
1700 0.675882
1700 0.751765
1700 0.461765
1700 0.687647
1700 0.688235
1700 0.805882
1700 0.471765
1700 0.684118
1700 0.527059
1700 0.781765
1700 0.601765
1700 0.864706
1700 0.731176
1700 0.701176
1700 0.742941
1700 0.679412
1700 0.742941
1700 0.734706
1700 0.705294
1700 0.747059
1700 0.8
1700 0.801176
1700 0.795294
1700 0.478824
1700 0.423529
1700 0.574118
1700 0.626471
1700 0.714706
1700 0.637059
1700 0.628824
1700 0.666471
1700 0.776471
1700 0.722353
1700 0.783529
1700 0.705294
1700 0.692353
1700 0.593529
1700 0.631765
1700 0.804706
1700 0.928824
1700 0.668235
1700 0.638235
1700 0.692941
1700 0.85
1700 0.684118
1700 0.688824
1700 0.755882
1700 0.702353
1700 0.833529
1700 0.632941
1700 0.765294
1700 0.618235
1700 0.780588
1700 0.697647
1700 0.775882
1700 0.696471
1700 0.727647
1700 0.697647
1750 0.739429
1750 0.78
1750 0.699429
1750 0.656571
1750 0.714286
1750 0.651429
1750 0.697714
1750 0.797714
1750 0.578857
1750 0.492571
1750 0.766286
1750 0.573714
1750 0.638857
1750 0.517143
1750 0.696
1750 0.804
1750 0.64
1750 0.749143
1750 0.638286
1750 0.691429
1750 0.738286
1750 0.556
1750 0.687429
1750 0.619429
1750 0.761714
1750 0.689714
1750 0.807429
1750 0.691429
1750 0.682286
1750 0.601714
1750 0.526286
1750 0.615429
1750 0.774857
1750 0.710286
1750 0.776
1750 0.819429
1750 0.609143
1750 0.576571
1750 0.613714
1750 0.598286
1750 0.861143
1750 0.611429
1750 0.756
1750 0.458857
1750 0.708
1750 0.486857
1750 0.746857
1750 0.657143
1750 0.766857
1750 0.793714
1750 0.810857
1750 0.621714
1750 0.816571
1750 0.644571
1750 0.701143
1750 0.812
1750 0.757143
1750 0.750857
1750 0.560571
1750 0.714286
1750 0.738857
1750 0.506857
1750 0.630857
1750 0.612571
1750 0.597714
1750 0.781714
1750 0.602286
1750 0.638286
1750 0.748571
1750 0.834857
1750 0.416
1750 0.552
1750 0.782857
1750 0.692
1750 0.747429
1800 0.557222
1800 0.77
1800 0.751667
1800 0.739444
1800 0.693333
1800 0.647778
1800 0.687778
1800 0.758889
1800 0.741111
1800 0.743333
1800 0.7
1800 0.746667
1800 0.708889
1800 0.0294444
1800 0.658333
1800 0.755
1800 0.737222
1800 0.64
1800 0.597222
1800 0.685556
1800 0.706667
1800 0.79
1800 0.541667
1800 0.693333
1800 0.792222
1800 0.606667
1800 0.748889
1800 0.564444
1800 0.804444
1800 0.596111
1800 0.573333
1800 0.676111
1800 0.734444
1800 0.702778
1800 0.651111
1800 0.598333
1800 0.572222
1800 0.606111
1800 0.796667
1800 0.53
1800 0.652222
1800 0.834444
1800 0.82
1800 0.714444
1800 0.703889
1800 0.653889
1800 0.586667
1800 0.607222
1800 0.787222
1800 0.774444
1800 0.712778
1800 0.489444
1800 0.688889
1800 0.513333
1800 0.767222
1800 0.575556
1800 0.706667
1800 0.591111
1800 0.717778
1800 0.613889
1800 0.578889
1800 0.459444
1800 0.796667
1800 0.661111
1800 0.671667
1800 0.787778
1800 0.802778
1800 0.412778
1800 0.663333
1800 0.542222
1800 0.787222
1800 0.627778
1800 0.452222
1800 0.697222
1800 0.633889
1850 0.551892
1850 0.775676
1850 0.827568
1850 0.751892
1850 0.702703
1850 0.73027
1850 0.817297
1850 0.362703
1850 0.807568
1850 0.716757
1850 0.658919
1850 0.638919
1850 0.651351
1850 0.774054
1850 0.685405
1850 0.568649
1850 0.664865
1850 0.737838
1850 0.614054
1850 0.615676
1850 0.715676
1850 0.811892
1850 0.712432
1850 0.789189
1850 0.754054
1850 0.757838
1850 0.614054
1850 0.807027
1850 0.542162
1850 0.829189
1850 0.691892
1850 0.534054
1850 0.79027
1850 0.594595
1850 0.681081
1850 0.744865
1850 0.801622
1850 0.567568
1850 0.737297
1850 0.787568
1850 0.744865
1850 0.616216
1850 0.842162
1850 0.666486
1850 0.768649
1850 0.627027
1850 0.638919
1850 0.728108
1850 0.628108
1850 0.439459
1850 0.804324
1850 0.52
1850 0.697838
1850 0.692432
1850 0.644865
1850 0.504865
1850 0.703243
1850 0.757297
1850 0.491351
1850 0.808649
1850 0.742703
1850 0.59027
1850 0.720541
1850 0.508108
1850 0.659459
1850 0.732432
1850 0.728649
1850 0.495676
1850 0.79027
1850 0.711892
1850 0.795676
1850 0.627568
1850 0.475676
1850 0.816216
1850 0.699459
1900 0.705263
1900 0.86
1900 0.805263
1900 0.578421
1900 0.703684
1900 0.671579
1900 0.585263
1900 0.778421
1900 0.695789
1900 0.573158
1900 0.641053
1900 0.795789
1900 0.728947
1900 0.714211
1900 0.830526
1900 0.8
1900 0.695789
1900 0.752105
1900 0.388421
1900 0.460526
1900 0.674737
1900 0.743684
1900 0.530526
1900 0.791579
1900 0.712632
1900 0.572105
1900 0.861579
1900 0.637368
1900 0.580526
1900 0.694211
1900 0.682105
1900 0.710526
1900 0.768421
1900 0.653684
1900 0.874211
1900 0.657895
1900 0.626842
1900 0.795263
1900 0.757895
1900 0.805263
1900 0.686316
1900 0.746842
1900 0.747368
1900 0.836842
1900 0.698421
1900 0.752632
1900 0.731579
1900 0.707895
1900 0.698421
1900 0.685789
1900 0.658421
1900 0.747368
1900 0.776316
1900 0.627895
1900 0.697368
1900 0.616842
1900 0.407895
1900 0.673158
1900 0.602632
1900 0.706316
1900 0.797895
1900 0.778947
1900 0.731579
1900 0.694737
1900 0.793158
1900 0.697895
1900 0.411579
1900 0.781579
1900 0.571579
1900 0.728421
1900 0.672105
1900 0.441053
1900 0.674211
1900 0.770526
1900 0.650526
1950 0.760513
1950 0.791282
1950 0.714359
1950 0.807179
1950 0.691795
1950 0.586154
1950 0.571282
1950 0.642564
1950 0.679487
1950 0.770769
1950 0.696923
1950 0.561026
1950 0.681538
1950 0.564615
1950 0.700513
1950 0.648205
1950 0.762564
1950 0.775897
1950 0.732308
1950 0.866154
1950 0.761538
1950 0.717949
1950 0.849231
1950 0.653333
1950 0.781026
1950 0.588205
1950 0.573846
1950 0.522051
1950 0.682564
1950 0.71641
1950 0.586154
1950 0.807692
1950 0.773846
1950 0.428205
1950 0.711795
1950 0.395897
1950 0.720513
1950 0.88
1950 0.806154
1950 0.642564
1950 0.646154
1950 0.66
1950 0.833846
1950 0.67641
1950 0.637436
1950 0.799487
1950 0.775385
1950 0.846667
1950 0.635385
1950 0.804615
1950 0.734359
1950 0.801538
1950 0.794872
1950 0.627179
1950 0.680513
1950 0.706154
1950 0.631795
1950 0.772821
1950 0.779487
1950 0.518974
1950 0.650256
1950 0.76359
1950 0.558462
1950 0.648205
1950 0.817436
1950 0.722564
1950 0.69641
1950 0.750769
1950 0.56359
1950 0.823077
1950 0.68359
1950 0.806667
1950 0.831282
1950 0.749744
1950 0.792308
2000 0.8105
2000 0.6235
2000 0.729
2000 0.4745
2000 0.779
2000 0.5115
2000 0.6295
2000 0.501
2000 0.694
2000 0.6705
2000 0.738
2000 0.3925
2000 0.793
2000 0.6745
2000 0.6705
2000 0.7645
2000 0.7265
2000 0.6785
2000 0.7625
2000 0.797
2000 0.6825
2000 0.732
2000 0.5345
2000 0.7185
2000 0.8075
2000 0.6885
2000 0.643
2000 0.786
2000 0.53
2000 0.6735
2000 0.582
2000 0.772
2000 0.6025
2000 0.6875
2000 0.7355
2000 0.7245
2000 0.7865
2000 0.8275
2000 0.7565
2000 0.6105
2000 0.76
2000 0.748
2000 0.6625
2000 0.6535
2000 0.823
2000 0.747
2000 0.637
2000 0.775
2000 0.807
2000 0.59
2000 0.498
2000 0.769
2000 0.7445
2000 0.828
2000 0.89
2000 0.585
2000 0.7525
2000 0.591
2000 0.5825
2000 0.6995
2000 0.818
2000 0.908
2000 0.6565
2000 0.849
2000 0.745
2000 0.7895
2000 0.7595
2000 0.6685
2000 0.754
2000 0.7745
2000 0.5685
2000 0.7575
2000 0.7655
2000 0.614
2000 0.633
