50 0.16
50 0.42
50 0
50 0.48
50 0.3
50 0.24
50 0.34
50 0.48
50 0.06
50 0.22
50 0.04
50 0.28
50 0.02
50 0
50 0.16
50 0
50 0.26
50 0.18
50 0.22
50 0.16
50 0
50 0
50 0
50 0
50 0
50 0.1
50 0.36
50 0.26
50 0.26
50 0.32
50 0
50 0
50 0
50 0.1
50 0.04
50 0.06
50 0.38
50 0.7
50 0
50 0
50 0
50 0.2
50 0.14
50 0.74
50 0.14
50 0.46
50 0.18
50 0.38
50 0.36
50 0.36
50 0.46
50 0.14
50 0.02
50 0.02
50 0.28
50 0.22
50 0.52
50 0.08
50 0.02
50 0.02
50 0.44
50 0.28
50 0.36
50 0.02
50 0.64
50 0.34
50 0.22
50 0.02
50 0.54
50 0.04
50 0.04
50 0.2
50 0.2
50 0.02
50 0
100 0.23
100 0
100 0.18
100 0.67
100 0.67
100 0.65
100 0.58
100 0.31
100 0.59
100 0.35
100 0.82
100 0.36
100 0.15
100 0.28
100 0.72
100 0.15
100 0.7
100 0.35
100 0
100 0.6
100 0.73
100 0.63
100 0.51
100 0.7
100 0.31
100 0.06
100 0.22
100 0.35
100 0.21
100 0.47
100 0.65
100 0.53
100 0.33
100 0.53
100 0.69
100 0.53
100 0.63
100 0.54
100 0.11
100 0.32
100 0.66
100 0.19
100 0.43
100 0.53
100 0.6
100 0.77
100 0.54
100 0.08
100 0.34
100 0.58
100 0.31
100 0.34
100 0.5
100 0.69
100 0.52
100 0.66
100 0.37
100 0.73
100 0.69
100 0.44
100 0.52
100 0.46
100 0.48
100 0.55
100 0.09
100 0.12
100 0.33
100 0.61
100 0.42
100 0.53
100 0.1
100 0.5
100 0.31
100 0.06
100 0.22
150 0.34
150 0.46
150 0.746667
150 0.633333
150 0.52
150 0.733333
150 0.54
150 0.706667
150 0.7
150 0.113333
150 0.8
150 0.666667
150 0.4
150 0.646667
150 0.633333
150 0.646667
150 0.733333
150 0.36
150 0.46
150 0.593333
150 0.713333
150 0.44
150 0.58
150 0.0666667
150 0.833333
150 0.226667
150 0.186667
150 0.626667
150 0.62
150 0.786667
150 0.62
150 0.393333
150 0.673333
150 0.82
150 0.62
150 0.706667
150 0.413333
150 0.513333
150 0.333333
150 0.62
150 0.793333
150 0.533333
150 0.466667
150 0.46
150 0.506667
150 0.573333
150 0.753333
150 0.64
150 0.593333
150 0.353333
150 0.613333
150 0.42
150 0.56
150 0.76
150 0.526667
150 0.8
150 0.426667
150 0.693333
150 0.38
150 0.546667
150 0.8
150 0.44
150 0.613333
150 0.566667
150 0.553333
150 0.68
150 0.566667
150 0.353333
150 0.486667
150 0.333333
150 0.733333
150 0.353333
150 0.586667
150 0.56
150 0.7
200 0.775
200 0.365
200 0.825
200 0.72
200 0.64
200 0.275
200 0.56
200 0.785
200 0.695
200 0.665
200 0.475
200 0.535
200 0.705
200 0.28
200 0.57
200 0.595
200 0.635
200 0.595
200 0.595
200 0.785
200 0.55
200 0.48
200 0.61
200 0.505
200 0.6
200 0.42
200 0.645
200 0.48
200 0.445
200 0.52
200 0.725
200 0.66
200 0.515
200 0.405
200 0.36
200 0.805
200 0.48
200 0.52
200 0.52
200 0.48
200 0.44
200 0.73
200 0.635
200 0.525
200 0.555
200 0.53
200 0.74
200 0.345
200 0.85
200 0.76
200 0.435
200 0.26
200 0.605
200 0.715
200 0.61
200 0.495
200 0.575
200 0.595
200 0.65
200 0.81
200 0.475
200 0.675
200 0.765
200 0.705
200 0.535
200 0.6
200 0.48
200 0.805
200 0.5
200 0.84
200 0.635
200 0.4
200 0.735
200 0.585
200 0.635
250 0.768
250 0.772
250 0.624
250 0.668
250 0.564
250 0.792
250 0.736
250 0.572
250 0.744
250 0.784
250 0.832
250 0.716
250 0.736
250 0.612
250 0.544
250 0.38
250 0.632
250 0.468
250 0.76
250 0.604
250 0.776
250 0.612
250 0.344
250 0.452
250 0.812
250 0.576
250 0.656
250 0.776
250 0.556
250 0.74
250 0.6
250 0.392
250 0.536
250 0.724
250 0.416
250 0.42
250 0.796
250 0.732
250 0.372
250 0.688
250 0.432
250 0.56
250 0.612
250 0.484
250 0.628
250 0.576
250 0.72
250 0.612
250 0.74
250 0.272
250 0.76
250 0.484
250 0.46
250 0.776
250 0.688
250 0.74
250 0.684
250 0.356
250 0.656
250 0.604
250 0.584
250 0.764
250 0.78
250 0.632
250 0.596
250 0.6
250 0.708
250 0.74
250 0.804
250 0.436
250 0.692
250 0.564
250 0.808
250 0.144
250 0.772
300 0.58
300 0.57
300 0.393333
300 0.77
300 0.333333
300 0.36
300 0.653333
300 0.506667
300 0.586667
300 0.56
300 0.493333
300 0.486667
300 0.576667
300 0.543333
300 0.47
300 0.556667
300 0.36
300 0.726667
300 0.69
300 0.736667
300 0.66
300 0.486667
300 0.85
300 0.75
300 0.503333
300 0.686667
300 0.793333
300 0.71
300 0.39
300 0.576667
300 0.616667
300 0.69
300 0.713333
300 0.8
300 0.746667
300 0.293333
300 0.58
300 0.726667
300 0.45
300 0.796667
300 0.696667
300 0.62
300 0.67
300 0.666667
300 0.716667
300 0.713333
300 0.676667
300 0.403333
300 0.32
300 0.856667
300 0.626667
300 0.25
300 0.746667
300 0.713333
300 0.7
300 0.42
300 0.753333
300 0.64
300 0.686667
300 0.626667
300 0.63
300 0.746667
300 0.733333
300 0.613333
300 0.79
300 0.613333
300 0.773333
300 0.79
300 0.65
300 0.813333
300 0.5
300 0.696667
300 0.616667
300 0.61
300 0.766667
350 0.82
350 0.76
350 0.574286
350 0.402857
350 0.762857
350 0.4
350 0.731429
350 0.651429
350 0.5
350 0.631429
350 0.754286
350 0.568571
350 0.662857
350 0.574286
350 0.645714
350 0.582857
350 0.708571
350 0.754286
350 0.634286
350 0.682857
350 0.782857
350 0.6
350 0.554286
350 0.762857
350 0.577143
350 0.785714
350 0.757143
350 0.422857
350 0.86
350 0.397143
350 0.7
350 0.697143
350 0.72
350 0.728571
350 0.742857
350 0.782857
350 0.671429
350 0.488571
350 0.762857
350 0.731429
350 0.657143
350 0.605714
350 0.911429
350 0.454286
350 0.717143
350 0.5
350 0.534286
350 0.477143
350 0.702857
350 0.737143
350 0.717143
350 0.385714
350 0.782857
350 0.791429
350 0.662857
350 0.677143
350 0.642857
350 0.771429
350 0.705714
350 0.682857
350 0.711429
350 0.745714
350 0.822857
350 0.782857
350 0.591429
350 0.774286
350 0.837143
350 0.628571
350 0.745714
350 0.617143
350 0.771429
350 0.717143
350 0.257143
350 0.66
350 0.708571
400 0.615
400 0.66
400 0.735
400 0.7275
400 0.695
400 0.7
400 0.75
400 0.575
400 0.7875
400 0.7625
400 0.7975
400 0.8475
400 0.5675
400 0.6025
400 0.78
400 0.7725
400 0.685
400 0.3075
400 0.7875
400 0.7425
400 0.5275
400 0.825
400 0.7975
400 0.56
400 0.7325
400 0.67
400 0.2425
400 0.5475
400 0.8375
400 0.875
400 0.79
400 0.67
400 0.675
400 0.8
400 0.55
400 0.68
400 0.685
400 0.1925
400 0.765
400 0.6575
400 0.6925
400 0.8125
400 0.6825
400 0.6925
400 0.6975
400 0.755
400 0.675
400 0.58
400 0.4425
400 0.805
400 0.825
400 0.735
400 0.76
400 0.7775
400 0.5175
400 0.7275
400 0.63
400 0.6125
400 0.755
400 0.7425
400 0.7725
400 0.6225
400 0.58
400 0.4625
400 0.7225
400 0.7675
400 0.3925
400 0.6225
400 0.6
400 0.5925
400 0.8375
400 0.795
400 0.635
400 0.475
400 0.6725
450 0.553333
450 0.7
450 0.455556
450 0.642222
450 0.591111
450 0.724444
450 0.602222
450 0.737778
450 0.753333
450 0.673333
450 0.508889
450 0.677778
450 0.535556
450 0.711111
450 0.628889
450 0.608889
450 0.566667
450 0.806667
450 0.815556
450 0.795556
450 0.54
450 0.582222
450 0.542222
450 0.604444
450 0.693333
450 0.426667
450 0.56
450 0.615556
450 0.775556
450 0.555556
450 0.773333
450 0.586667
450 0.66
450 0.786667
450 0.877778
450 0.784444
450 0.662222
450 0.715556
450 0.417778
450 0.68
450 0.635556
450 0.764444
450 0.508889
450 0.762222
450 0.484444
450 0.806667
450 0.766667
450 0.784444
450 0.822222
450 0.88
450 0.548889
450 0.731111
450 0.797778
450 0.846667
450 0.784444
450 0.626667
450 0.74
450 0.72
450 0.708889
450 0.786667
450 0.44
450 0.804444
450 0.633333
450 0.764444
450 0.617778
450 0.571111
450 0.755556
450 0.644444
450 0.72
450 0.76
450 0.491111
450 0.72
450 0.76
450 0.537778
450 0.764444
500 0.734
500 0.754
500 0.618
500 0.732
500 0.76
500 0.668
500 0.682
500 0.484
500 0.274
500 0.79
500 0.552
500 0.462
500 0.74
500 0.808
500 0.892
500 0.646
500 0.716
500 0.668
500 0.768
500 0.634
500 0.794
500 0.602
500 0.654
500 0.812
500 0.728
500 0.768
500 0.7
500 0.696
500 0.758
500 0.584
500 0.788
500 0.766
500 0.876
500 0.654
500 0.514
500 0.79
500 0.738
500 0.494
500 0.512
500 0.678
500 0.708
500 0.752
500 0.558
500 0.768
500 0.78
500 0.426
500 0.776
500 0.774
500 0.632
500 0.72
500 0.544
500 0.576
500 0.678
500 0.602
500 0.744
500 0.732
500 0.744
500 0.806
500 0.692
500 0.758
500 0.802
500 0.408
500 0.764
500 0.566
500 0.432
500 0.746
500 0.82
500 0.388
500 0.85
500 0.77
500 0.71
500 0.72
500 0.668
500 0.72
500 0.536
550 0.607273
550 0.270909
550 0.681818
550 0.552727
550 0.807273
550 0.574545
550 0.752727
550 0.441818
550 0.590909
550 0.667273
550 0.749091
550 0.694545
550 0.609091
550 0.365455
550 0.825455
550 0.443636
550 0.616364
550 0.725455
550 0.692727
550 0.569091
550 0.549091
550 0.698182
550 0.712727
550 0.747273
550 0.72
550 0.752727
550 0.536364
550 0.756364
550 0.703636
550 0.732727
550 0.705455
550 0.398182
550 0.583636
550 0
550 0.663636
550 0.710909
550 0.796364
550 0.623636
550 0.538182
550 0.807273
550 0.832727
550 0.62
550 0.789091
550 0.718182
550 0.84
550 0.64
550 0.227273
550 0.476364
550 0.810909
550 0.692727
550 0.681818
550 0.725455
550 0.178182
550 0.416364
550 0.589091
550 0.576364
550 0.785455
550 0.629091
550 0.798182
550 0.594545
550 0.738182
550 0.667273
550 0.62
550 0.72
550 0.314545
550 0.634545
550 0.503636
550 0.758182
550 0.718182
550 0.707273
550 0.56
550 0.703636
550 0.689091
550 0.754545
550 0.718182
600 0.826667
600 0.795
600 0.568333
600 0.145
600 0.671667
600 0.821667
600 0.761667
600 0.79
600 0.711667
600 0.768333
600 0.745
600 0.83
600 0.665
600 0.701667
600 0.548333
600 0.526667
600 0.798333
600 0.775
600 0.816667
600 0.648333
600 0.546667
600 0.706667
600 0.79
600 0.723333
600 0.641667
600 0.79
600 0.67
600 0.606667
600 0.483333
600 0.845
600 0.576667
600 0.68
600 0.713333
600 0.546667
600 0.816667
600 0.806667
600 0.691667
600 0.745
600 0.773333
600 0.783333
600 0.516667
600 0.766667
600 0.746667
600 0.868333
600 0.756667
600 0.69
600 0.763333
600 0.773333
600 0.571667
600 0.613333
600 0.666667
600 0.688333
600 0.671667
600 0.635
600 0.828333
600 0.73
600 0.585
600 0.755
600 0.668333
600 0.696667
600 0.636667
600 0.788333
600 0.661667
600 0.743333
600 0.815
600 0.755
600 0.531667
600 0.755
600 0.801667
600 0.733333
600 0.801667
600 0.74
600 0.661667
600 0.833333
600 0.693333
650 0.812308
650 0.501538
650 0.503077
650 0.807692
650 0.466154
650 0.590769
650 0.672308
650 0.758462
650 0.670769
650 0.653846
650 0.463077
650 0.523077
650 0.721538
650 0.806154
650 0.646154
650 0.695385
650 0.612308
650 0.487692
650 0.649231
650 0.692308
650 0.484615
650 0.533846
650 0.753846
650 0.804615
650 0.907692
650 0.8
650 0.615385
650 0.655385
650 0.806154
650 0.692308
650 0.638462
650 0.886154
650 0.644615
650 0.786154
650 0.764615
650 0.686154
650 0.661538
650 0.741538
650 0.716923
650 0.804615
650 0.773846
650 0.687692
650 0.838462
650 0.775385
650 0.8
650 0.592308
650 0.733846
650 0.755385
650 0.787692
650 0.563077
650 0.804615
650 0.743077
650 0.553846
650 0.776923
650 0.567692
650 0.793846
650 0.752308
650 0.426154
650 0.786154
650 0.612308
650 0.753846
650 0.830769
650 0.5
650 0.752308
650 0.781538
650 0.629231
650 0.663077
650 0.838462
650 0.753846
650 0.695385
650 0.744615
650 0.698462
650 0.792308
650 0.844615
650 0.676923
700 0.764286
700 0.838571
700 0.592857
700 0.738571
700 0.775714
700 0.794286
700 0.568571
700 0.56
700 0.854286
700 0.647143
700 0.694286
700 0.758571
700 0.668571
700 0.685714
700 0.742857
700 0.531429
700 0.498571
700 0.815714
700 0.654286
700 0.671429
700 0.675714
700 0.755714
700 0.795714
700 0.885714
700 0.827143
700 0.591429
700 0.615714
700 0.615714
700 0.831429
700 0.852857
700 0.635714
700 0.751429
700 0.687143
700 0.65
700 0.76
700 0.75
700 0.734286
700 0.651429
700 0.81
700 0.657143
700 0.744286
700 0.511429
700 0.7
700 0.681429
700 0.624286
700 0.74
700 0.521429
700 0.731429
700 0.751429
700 0.698571
700 0.721429
700 0.681429
700 0.612857
700 0.712857
700 0.472857
700 0.695714
700 0.811429
700 0.772857
700 0.658571
700 0.63
700 0.702857
700 0.715714
700 0.574286
700 0.591429
700 0.831429
700 0.722857
700 0.777143
700 0.762857
700 0.724286
700 0.734286
700 0.764286
700 0.528571
700 0.707143
700 0.725714
700 0.734286
750 0.834667
750 0.772
750 0.648
750 0.701333
750 0.684
750 0.572
750 0.777333
750 0.545333
750 0.648
750 0.6
750 0.68
750 0.794667
750 0.825333
750 0.790667
750 0.757333
750 0.745333
750 0.414667
750 0.770667
750 0.825333
750 0.636
750 0.881333
750 0.725333
750 0.637333
750 0.816
750 0.789333
750 0.726667
750 0.82
750 0.817333
750 0.773333
750 0.829333
750 0.524
750 0.757333
750 0.748
750 0.794667
750 0.813333
750 0.769333
750 0.765333
750 0.784
750 0.849333
750 0.464
750 0.650667
750 0.7
750 0.485333
750 0.8
750 0.672
750 0.804
750 0.741333
750 0.670667
750 0.918667
750 0.772
750 0.778667
750 0.714667
750 0.64
750 0.769333
750 0.728
750 0.766667
750 0.449333
750 0.402667
750 0.494667
750 0.601333
750 0.822667
750 0.758667
750 0.808
750 0.726667
750 0.826667
750 0.758667
750 0.56
750 0.750667
750 0.553333
750 0.782667
750 0.488
750 0.618667
750 0.628
750 0.806667
750 0.777333
800 0.78875
800 0.78875
800 0.61125
800 0.6175
800 0.7825
800 0.66125
800 0.5725
800 0.67375
800 0.815
800 0.64625
800 0.80125
800 0.72625
800 0.7
800 0.625
800 0.6525
800 0.7525
800 0.79375
800 0.645
800 0.72875
800 0.55
800 0.7425
800 0.7825
800 0.8425
800 0.73
800 0.7475
800 0.75125
800 0.79
800 0.8225
800 0.66125
800 0.58
800 0.66875
800 0.745
800 0.81125
800 0.73125
800 0.6375
800 0.73
800 0.68625
800 0.85875
800 0.78
800 0.67625
800 0.79375
800 0.69375
800 0.595
800 0.72625
800 0.72
800 0.74625
800 0.73625
800 0.6575
800 0.68875
800 0.81
800 0.75625
800 0.71375
800 0.78
800 0.54625
800 0.63375
800 0.805
800 0.72125
800 0.79875
800 0.65
800 0.68875
800 0.86875
800 0.64375
800 0.50875
800 0.655
800 0.78125
800 0.81125
800 0.61125
800 0.71
800 0.80125
800 0.78375
800 0.475
800 0.7725
800 0.655
800 0.715
800 0.75625
850 0.717647
850 0.574118
850 0.885882
850 0.752941
850 0.718824
850 0.645882
850 0.775294
850 0.832941
850 0.754118
850 0.585882
850 0.762353
850 0.763529
850 0.481176
850 0.697647
850 0.645882
850 0.692941
850 0.605882
850 0.7
850 0.663529
850 0.704706
850 0.765882
850 0.785882
850 0.683529
850 0.7
850 0.752941
850 0.725882
850 0.784706
850 0.657647
850 0.774118
850 0.532941
850 0.56
850 0.592941
850 0.782353
850 0.770588
850 0.704706
850 0.630588
850 0.770588
850 0.715294
850 0.857647
850 0.685882
850 0.595294
850 0.649412
850 0.777647
850 0.791765
850 0.607059
850 0.730588
850 0.669412
850 0.705882
850 0.824706
850 0.807059
850 0.816471
850 0.630588
850 0.707059
850 0.765882
850 0.807059
850 0.816471
850 0.72
850 0.78
850 0.611765
850 0.830588
850 0.758824
850 0.515294
850 0.514118
850 0.615294
850 0.801176
850 0.816471
850 0.770588
850 0.503529
850 0.802353
850 0.809412
850 0.852941
850 0.697647
850 0.795294
850 0.8
850 0.556471
900 0.833333
900 0.676667
900 0.736667
900 0.746667
900 0.788889
900 0.711111
900 0.568889
900 0.786667
900 0.753333
900 0.736667
900 0.771111
900 0.623333
900 0.663333
900 0.716667
900 0.671111
900 0.748889
900 0.536667
900 0.627778
900 0.533333
900 0.734444
900 0.511111
900 0.452222
900 0.742222
900 0.73
900 0.704444
900 0.723333
900 0.814444
900 0.847778
900 0.843333
900 0.823333
900 0.743333
900 0.533333
900 0.61
900 0.832222
900 0.441111
900 0.721111
900 0.864444
900 0.725556
900 0.648889
900 0.751111
900 0.526667
900 0.786667
900 0.78
900 0.753333
900 0.763333
900 0.51
900 0.828889
900 0.77
900 0.831111
900 0.807778
900 0.777778
900 0.75
900 0.658889
900 0.616667
900 0.774444
900 0.706667
900 0.627778
900 0.797778
900 0.53
900 0.847778
900 0.811111
900 0.76
900 0.531111
900 0.628889
900 0.631111
900 0.83
900 0.743333
900 0.795556
900 0.717778
900 0.758889
900 0.788889
900 0.564444
900 0.732222
900 0.814444
900 0.764444
950 0.814737
950 0.593684
950 0.651579
950 0.647368
950 0.743158
950 0.654737
950 0.684211
950 0.745263
950 0.275789
950 0.737895
950 0.663158
950 0.669474
950 0.64
950 0.726316
950 0.781053
950 0.588421
950 0.738947
950 0.781053
950 0.62
950 0.701053
950 0.570526
950 0.730526
950 0.784211
950 0.688421
950 0.778947
950 0.744211
950 0.733684
950 0.697895
950 0.813684
950 0.698947
950 0.803158
950 0.751579
950 0.805263
950 0.814737
950 0.650526
950 0.577895
950 0.753684
950 0.695789
950 0.636842
950 0.602105
950 0.728421
950 0.792632
950 0.797895
950 0.773684
950 0.822105
950 0.661053
950 0.837895
950 0.555789
950 0.755789
950 0.781053
950 0.755789
950 0.728421
950 0.817895
950 0.637895
950 0.450526
950 0.675789
950 0.803158
950 0.648421
950 0.732632
950 0.806316
950 0.761053
950 0.730526
950 0.801053
950 0.658947
950 0.736842
950 0.701053
950 0.673684
950 0.72
950 0.757895
950 0.785263
950 0.668421
950 0.810526
950 0.801053
950 0.783158
950 0.743158
1000 0.823
1000 0.663
1000 0.587
1000 0.772
1000 0.764
1000 0.62
1000 0.574
1000 0.709
1000 0.65
1000 0.709
1000 0.816
1000 0.777
1000 0.638
1000 0.416
1000 0.781
1000 0.743
1000 0.724
1000 0.562
1000 0.751
1000 0.634
1000 0.658
1000 0.674
1000 0.685
1000 0.645
1000 0.756
1000 0.715
1000 0.582
1000 0.717
1000 0.729
1000 0.732
1000 0.678
1000 0.804
1000 0.745
1000 0.813
1000 0.721
1000 0.816
1000 0.745
1000 0.761
1000 0.759
1000 0.73
1000 0.737
1000 0.759
1000 0.8
1000 0.753
1000 0.685
1000 0.805
1000 0.639
1000 0.57
1000 0.683
1000 0.75
1000 0.81
1000 0.773
1000 0.553
1000 0.774
1000 0.726
1000 0.809
1000 0.774
1000 0.774
1000 0.84
1000 0.82
1000 0.764
1000 0.772
1000 0.752
1000 0.74
1000 0.573
1000 0.599
1000 0.648
1000 0.568
1000 0.634
1000 0.688
1000 0.782
1000 0.802
1000 0.732
1000 0.64
1000 0.728
1050 0.817143
1050 0.704762
1050 0.77619
1050 0.749524
1050 0.415238
1050 0.734286
1050 0.737143
1050 0.7
1050 0.728571
1050 0.762857
1050 0.615238
1050 0.55619
1050 0.66
1050 0.710476
1050 0.819048
1050 0.717143
1050 0.690476
1050 0.806667
1050 0.735238
1050 0.685714
1050 0.731429
1050 0.677143
1050 0.744762
1050 0.735238
1050 0.614286
1050 0.734286
1050 0.799048
1050 0.779048
1050 0.730476
1050 0.742857
1050 0.697143
1050 0.741905
1050 0.670476
1050 0.757143
1050 0.641905
1050 0.53619
1050 0.826667
1050 0.7
1050 0.712381
1050 0.652381
1050 0.709524
1050 0.628571
1050 0.593333
1050 0.73619
1050 0.85619
1050 0.72
1050 0.64
1050 0.8
1050 0.692381
1050 0.707619
1050 0.75619
1050 0.758095
1050 0.807619
1050 0.717143
1050 0.768571
1050 0.749524
1050 0.7
1050 0.713333
1050 0.802857
1050 0.799048
1050 0.801905
1050 0.782857
1050 0.829524
1050 0.687619
1050 0.582857
1050 0.773333
1050 0.80381
1050 0.712381
1050 0.731429
1050 0.687619
1050 0.761905
1050 0.862857
1050 0.806667
1050 0.607619
1050 0.742857
1100 0.806364
1100 0.638182
1100 0.833636
1100 0.829091
1100 0.724545
1100 0.702727
1100 0.758182
1100 0.72
1100 0.819091
1100 0.554545
1100 0.775455
1100 0.859091
1100 0.78
1100 0.590909
1100 0.598182
1100 0.792727
1100 0.557273
1100 0.637273
1100 0.792727
1100 0.781818
1100 0.824545
1100 0.830909
1100 0.813636
1100 0.760909
1100 0.749091
1100 0.608182
1100 0.707273
1100 0.825455
1100 0.613636
1100 0.771818
1100 0.678182
1100 0.590909
1100 0.662727
1100 0.654545
1100 0.742727
1100 0.747273
1100 0.781818
1100 0.752727
1100 0.66
1100 0.780909
1100 0.644545
1100 0.72
1100 0.605455
1100 0.768182
1100 0.777273
1100 0.750909
1100 0.710909
1100 0.725455
1100 0.781818
1100 0.812727
1100 0.624545
1100 0.666364
1100 0.831818
1100 0.611818
1100 0.75
1100 0.658182
1100 0.844545
1100 0.796364
1100 0.647273
1100 0.715455
1100 0.499091
1100 0.773636
1100 0.822727
1100 0.835455
1100 0.544545
1100 0.703636
1100 0.776364
1100 0.738182
1100 0.76
1100 0.74
1100 0.751818
1100 0.779091
1100 0.511818
1100 0.650909
1100 0.331818
1150 0.746957
1150 0.828696
1150 0.826957
1150 0.783478
1150 0.793043
1150 0.778261
1150 0.553043
1150 0.732174
1150 0.529565
1150 0.731304
1150 0.74
1150 0.746087
1150 0.436522
1150 0.737391
1150 0.738261
1150 0.742609
1150 0.713043
1150 0.827826
1150 0.775652
1150 0.803478
1150 0.617391
1150 0.887826
1150 0.573913
1150 0.73913
1150 0.575652
1150 0.768696
1150 0.701739
1150 0.408696
1150 0.728696
1150 0.709565
1150 0.636522
1150 0.814783
1150 0.678261
1150 0.737391
1150 0.682609
1150 0.766087
1150 0.698261
1150 0.733913
1150 0.713913
1150 0.661739
1150 0.35913
1150 0.568696
1150 0.851304
1150 0.810435
1150 0.801739
1150 0.646087
1150 0.614783
1150 0.831304
1150 0.79913
1150 0.823478
1150 0.864348
1150 0.707826
1150 0.470435
1150 0.572174
1150 0.810435
1150 0.684348
1150 0.877391
1150 0.566087
1150 0.873043
1150 0.58087
1150 0.656522
1150 0.833913
1150 0.788696
1150 0.663478
1150 0.726957
1150 0.704348
1150 0.701739
1150 0.690435
1150 0.750435
1150 0.54087
1150 0.791304
1150 0.753043
1150 0.675652
1150 0.642609
1150 0.796522
1200 0.79
1200 0.753333
1200 0.694167
1200 0.7625
1200 0.82
1200 0.865
1200 0.776667
1200 0.715
1200 0.739167
1200 0.661667
1200 0.7225
1200 0.835
1200 0.7825
1200 0.798333
1200 0.841667
1200 0.764167
1200 0.65
1200 0.713333
1200 0.455
1200 0.799167
1200 0.583333
1200 0.7175
1200 0.8625
1200 0.775
1200 0.798333
1200 0.759167
1200 0.720833
1200 0.813333
1200 0.798333
1200 0.785833
1200 0.76
1200 0.5775
1200 0.7975
1200 0.786667
1200 0.778333
1200 0.7425
1200 0.6725
1200 0.695
1200 0.814167
1200 0.710833
1200 0.696667
1200 0.639167
1200 0.510833
1200 0.776667
1200 0.733333
1200 0.7225
1200 0.824167
1200 0.765
1200 0.744167
1200 0.640833
1200 0.525833
1200 0.754167
1200 0.763333
1200 0.7875
1200 0.660833
1200 0.801667
1200 0.7125
1200 0.713333
1200 0.626667
1200 0.753333
1200 0.735833
1200 0.875833
1200 0.715
1200 0.604167
1200 0.771667
1200 0.768333
1200 0.62
1200 0.719167
1200 0.7725
1200 0.3825
1200 0.698333
1200 0.7725
1200 0.7625
1200 0.580833
1200 0.618333
1250 0.6368
1250 0.7048
1250 0.8416
1250 0.576
1250 0.6776
1250 0.812
1250 0.7728
1250 0.7048
1250 0.82
1250 0.8768
1250 0.792
1250 0.792
1250 0.7928
1250 0.6928
1250 0.7984
1250 0.5712
1250 0.6976
1250 0.8736
1250 0.7352
1250 0.7552
1250 0.7872
1250 0.6296
1250 0.7816
1250 0.812
1250 0.6936
1250 0.8216
1250 0.8896
1250 0.7104
1250 0.6632
1250 0.8624
1250 0.8016
1250 0.684
1250 0.792
1250 0.76
1250 0.7848
1250 0.812
1250 0.8224
1250 0.7712
1250 0.712
1250 0.6704
1250 0.7616
1250 0.752
1250 0.7928
1250 0.7584
1250 0.796
1250 0.5424
1250 0.7416
1250 0.6176
1250 0.6608
1250 0.8192
1250 0.8048
1250 0.84
1250 0.7976
1250 0.8288
1250 0.6824
1250 0.804
1250 0.856
1250 0.7152
1250 0.7952
1250 0.6992
1250 0.7072
1250 0.8072
1250 0.8424
1250 0.856
1250 0.7592
1250 0.924
1250 0.8176
1250 0.6792
1250 0.8072
1250 0.7648
1250 0.6416
1250 0.7064
1250 0.6584
1250 0.5952
1250 0.8512
1300 0.696154
1300 0.613846
1300 0.810769
1300 0.603077
1300 0.632308
1300 0.690769
1300 0.737692
1300 0.713077
1300 0.735385
1300 0.747692
1300 0.758462
1300 0.701538
1300 0.731538
1300 0.755385
1300 0.804615
1300 0.738462
1300 0.775385
1300 0.727692
1300 0.662308
1300 0.735385
1300 0.736154
1300 0.643077
1300 0.681538
1300 0.816923
1300 0.575385
1300 0.721538
1300 0.732308
1300 0.727692
1300 0.803846
1300 0.625385
1300 0.708462
1300 0.780769
1300 0.657692
1300 0.767692
1300 0.732308
1300 0.794615
1300 0.800769
1300 0.792308
1300 0.840769
1300 0.491538
1300 0.696154
1300 0.678462
1300 0.780769
1300 0.813077
1300 0.663846
1300 0.649231
1300 0.646923
1300 0.769231
1300 0.737692
1300 0.720769
1300 0.913077
1300 0.735385
1300 0.710769
1300 0.680769
1300 0.662308
1300 0.843846
1300 0.339231
1300 0.8
1300 0.738462
1300 0.600769
1300 0.609231
1300 0.863077
1300 0.723846
1300 0.686154
1300 0.794615
1300 0.505385
1300 0.773077
1300 0.735385
1300 0.758462
1300 0.69
1300 0.754615
1300 0.645385
1300 0.546154
1300 0.822308
1300 0.745385
1350 0.517778
1350 0.762222
1350 0.587407
1350 0.765926
1350 0.780741
1350 0.801481
1350 0.858519
1350 0.785185
1350 0.674815
1350 0.828889
1350 0.78
1350 0.571852
1350 0.737778
1350 0.736296
1350 0.728148
1350 0.545185
1350 0.636296
1350 0.794074
1350 0.722222
1350 0.773333
1350 0.742963
1350 0.737037
1350 0.716296
1350 0.752593
1350 0.828889
1350 0.760741
1350 0.78
1350 0.754074
1350 0.841481
1350 0.824444
1350 0.794815
1350 0.76963
1350 0.717037
1350 0.802222
1350 0.742963
1350 0.683704
1350 0.764444
1350 0.720741
1350 0.607407
1350 0.857037
1350 0.697037
1350 0.864444
1350 0.793333
1350 0.745185
1350 0.845926
1350 0.697778
1350 0.851111
1350 0.78963
1350 0.506667
1350 0.614074
1350 0.75037
1350 0.765926
1350 0.578519
1350 0.676296
1350 0.674815
1350 0.676296
1350 0.6
1350 0.79037
1350 0.703704
1350 0.771852
1350 0.828148
1350 0.780741
1350 0.784444
1350 0.380741
1350 0.737037
1350 0.721481
1350 0.763704
1350 0.782963
1350 0.791111
1350 0.482222
1350 0.762963
1350 0.680741
1350 0.738519
1350 0.60963
1350 0.74
1400 0.795
1400 0.666429
1400 0.840714
1400 0.724286
1400 0.788571
1400 0.696429
1400 0.777143
1400 0.672143
1400 0.677857
1400 0.758571
1400 0.785
1400 0.695
1400 0.771429
1400 0.802857
1400 0.764286
1400 0.593571
1400 0.667857
1400 0.595714
1400 0.786429
1400 0.765714
1400 0.726429
1400 0.75
1400 0.812857
1400 0.738571
1400 0.684286
1400 0.710714
1400 0.519286
1400 0.762143
1400 0.741429
1400 0.640714
1400 0.462857
1400 0.697857
1400 0.772143
1400 0.895714
1400 0.71
1400 0.603571
1400 0.774286
1400 0.812857
1400 0.739286
1400 0.820714
1400 0.742143
1400 0.824286
1400 0.802857
1400 0.603571
1400 0.789286
1400 0.693571
1400 0.818571
1400 0.895
1400 0.702857
1400 0.565714
1400 0.695
1400 0.620714
1400 0.785
1400 0.784286
1400 0.801429
1400 0.664286
1400 0.831429
1400 0.565714
1400 0.544286
1400 0.577143
1400 0.728571
1400 0.772143
1400 0.719286
1400 0.751429
1400 0.762143
1400 0.472857
1400 0.617143
1400 0.736429
1400 0.8
1400 0.801429
1400 0.839286
1400 0.635714
1400 0.74
1400 0.775714
1400 0.739286
1450 0.575862
1450 0.725517
1450 0.731724
1450 0.832414
1450 0.831034
1450 0.77931
1450 0.782759
1450 0.646897
1450 0.790345
1450 0.685517
1450 0.728276
1450 0.76
1450 0.824138
1450 0.778621
1450 0.593103
1450 0.764828
1450 0.824138
1450 0.790345
1450 0.721379
1450 0.644138
1450 0.722069
1450 0.74069
1450 0.775172
1450 0.446207
1450 0.589655
1450 0.737241
1450 0.829655
1450 0.733793
1450 0.855172
1450 0.76
1450 0.657241
1450 0.723448
1450 0.681379
1450 0.78069
1450 0.718621
1450 0.82069
1450 0.544138
1450 0.734483
1450 0.828966
1450 0.754483
1450 0.777241
1450 0.728276
1450 0.754483
1450 0.721379
1450 0.771724
1450 0.764828
1450 0.78069
1450 0.721379
1450 0.723448
1450 0.702069
1450 0.742069
1450 0.82
1450 0.7
1450 0.763448
1450 0.832414
1450 0.716552
1450 0.775172
1450 0.623448
1450 0.877241
1450 0.73931
1450 0.677931
1450 0.48
1450 0.778621
1450 0.75931
1450 0.802069
1450 0.69931
1450 0.696552
1450 0.789655
1450 0.455862
1450 0.741379
1450 0.756552
1450 0.704828
1450 0.812414
1450 0.796552
1450 0.817931
1500 0.73
1500 0.660667
1500 0.612667
1500 0.708
1500 0.772
1500 0.602667
1500 0.664
1500 0.73
1500 0.504
1500 0.723333
1500 0.705333
1500 0.756
1500 0.699333
1500 0.796667
1500 0.652667
1500 0.835333
1500 0.852667
1500 0.734667
1500 0.78
1500 0.882667
1500 0.862
1500 0.666
1500 0.575333
1500 0.724667
1500 0.784
1500 0.753333
1500 0.420667
1500 0.802
1500 0.766667
1500 0.712
1500 0.846
1500 0.766
1500 0.731333
1500 0.788667
1500 0.712
1500 0.754
1500 0.697333
1500 0.653333
1500 0.695333
1500 0.742
1500 0.814
1500 0.782667
1500 0.602667
1500 0.814
1500 0.615333
1500 0.746667
1500 0.571333
1500 0.869333
1500 0.686667
1500 0.703333
1500 0.792
1500 0.808
1500 0.835333
1500 0.815333
1500 0.828
1500 0.772
1500 0.681333
1500 0.796667
1500 0.78
1500 0.760667
1500 0.635333
1500 0.708
1500 0.710667
1500 0.613333
1500 0.856667
1500 0.688
1500 0.899333
1500 0.696
1500 0.75
1500 0.654667
1500 0.676
1500 0.748667
1500 0.770667
1500 0.748
1500 0.769333
1550 0.786452
1550 0.632903
1550 0.769032
1550 0.770968
1550 0.733548
1550 0.80129
1550 0.687097
1550 0.750968
1550 0.808387
1550 0.539355
1550 0.734839
1550 0.670968
1550 0.845161
1550 0.728387
1550 0.821935
1550 0.783871
1550 0.773548
1550 0.73871
1550 0.730968
1550 0.626452
1550 0.767742
1550 0.759355
1550 0.588387
1550 0.832903
1550 0.808387
1550 0.796129
1550 0.781935
1550 0.785806
1550 0.603226
1550 0.784516
1550 0.742581
1550 0.829677
1550 0.830968
1550 0.67871
1550 0.825161
1550 0.654194
1550 0.710968
1550 0.736129
1550 0.678065
1550 0.656774
1550 0.865806
1550 0.777419
1550 0.780645
1550 0.773548
1550 0.800645
1550 0.785806
1550 0.710968
1550 0.623871
1550 0.728387
1550 0.794839
1550 0.839355
1550 0.843226
1550 0.825161
1550 0.792903
1550 0.767742
1550 0.739355
1550 0.733548
1550 0.750968
1550 0.734194
1550 0.719355
1550 0.749032
1550 0.770323
1550 0.758065
1550 0.724516
1550 0.683226
1550 0.615484
1550 0.732903
1550 0.527097
1550 0.701935
1550 0.428387
1550 0.48129
1550 0.770323
1550 0.604516
1550 0.790323
1550 0.872903
1600 0.680625
1600 0.7875
1600 0.81375
1600 0.77625
1600 0.84625
1600 0.673125
1600 0.73125
1600 0.611875
1600 0.743125
1600 0.66375
1600 0.77375
1600 0.795625
1600 0.81625
1600 0.578125
1600 0.78125
1600 0.53
1600 0.638125
1600 0.810625
1600 0.618125
1600 0.786875
1600 0.81
1600 0.80125
1600 0.736875
1600 0.741875
1600 0.83125
1600 0.863125
1600 0.8525
1600 0.843125
1600 0.750625
1600 0.848125
1600 0.665
1600 0.780625
1600 0.7525
1600 0.654375
1600 0.536875
1600 0.813125
1600 0.793125
1600 0.51625
1600 0.775625
1600 0.56875
1600 0.699375
1600 0.835625
1600 0.555
1600 0.616875
1600 0.724375
1600 0.7375
1600 0.690625
1600 0.808125
1600 0.625625
1600 0.62625
1600 0.83375
1600 0.824375
1600 0.688125
1600 0.770625
1600 0.68125
1600 0.743125
1600 0.79375
1600 0.54875
1600 0.850625
1600 0.729375
1600 0.7
1600 0.683125
1600 0.59125
1600 0.68
1600 0.6975
1600 0.75125
1600 0.6375
1600 0.86375
1600 0.603125
1600 0.82
1600 0.688125
1600 0.7975
1600 0.595
1600 0.846875
1600 0.669375
1650 0.798788
1650 0.746667
1650 0.699394
1650 0.738788
1650 0.61697
1650 0.72303
1650 0.818788
1650 0.590909
1650 0.747879
1650 0.782424
1650 0.461818
1650 0.717576
1650 0.664242
1650 0.752121
1650 0.750303
1650 0.730909
1650 0.800606
1650 0.794545
1650 0.749697
1650 0.578788
1650 0.795758
1650 0.795758
1650 0.467273
1650 0.831515
1650 0.712121
1650 0.68
1650 0.803636
1650 0.841818
1650 0.831515
1650 0.621818
1650 0.647273
1650 0.734545
1650 0.681818
1650 0.647879
1650 0.748485
1650 0.76
1650 0.769091
1650 0.860606
1650 0.728485
1650 0.687273
1650 0.633939
1650 0.757576
1650 0.569091
1650 0.694545
1650 0.699394
1650 0.907879
1650 0.673939
1650 0.575152
1650 0.789091
1650 0.746667
1650 0.803636
1650 0.66
1650 0.750303
1650 0.652727
1650 0.596364
1650 0.807273
1650 0.735758
1650 0.720606
1650 0.615758
1650 0.758788
1650 0.806667
1650 0.741818
1650 0.675758
1650 0.753333
1650 0.742424
1650 0.481818
1650 0.71697
1650 0.692121
1650 0.715152
1650 0.76
1650 0.715758
1650 0.729091
1650 0.845455
1650 0.732727
1650 0.694545
1700 0.798824
1700 0.590588
1700 0.787647
1700 0.885294
1700 0.661176
1700 0.764118
1700 0.880588
1700 0.727647
1700 0.818824
1700 0.628235
1700 0.677647
1700 0.777647
1700 0.558235
1700 0.812353
1700 0.804706
1700 0.715882
1700 0.802941
1700 0.737059
1700 0.798235
1700 0.579412
1700 0.818235
1700 0.632353
1700 0.725294
1700 0.604706
1700 0.834118
1700 0.746471
1700 0.734706
1700 0.770588
1700 0.684118
1700 0.823529
1700 0.837059
1700 0.737647
1700 0.738824
1700 0.587059
1700 0.795294
1700 0.8
1700 0.774118
1700 0.662353
1700 0.729412
1700 0.805294
1700 0.665882
1700 0.817059
1700 0.774706
1700 0.803529
1700 0.704118
1700 0.725294
1700 0.734118
1700 0.768824
1700 0.758824
1700 0.779412
1700 0.788235
1700 0.82
1700 0.822941
1700 0.788235
1700 0.718235
1700 0.792941
1700 0.778824
1700 0.822353
1700 0.790588
1700 0.429412
1700 0.764118
1700 0.798824
1700 0.688824
1700 0.675294
1700 0.7
1700 0.802353
1700 0.711765
1700 0.753529
1700 0.674118
1700 0.821176
1700 0.669412
1700 0.771765
1700 0.653529
1700 0.796471
1700 0.699412
1750 0.692
1750 0.724
1750 0.712571
1750 0.896571
1750 0.755429
1750 0.627429
1750 0.773143
1750 0.628
1750 0.808
1750 0.758286
1750 0.655429
1750 0.805714
1750 0.734286
1750 0.687429
1750 0.666857
1750 0.790857
1750 0.712
1750 0.84
1750 0.736
1750 0.597143
1750 0.702857
1750 0.822857
1750 0.629143
1750 0.634286
1750 0.806286
1750 0.850286
1750 0.771429
1750 0.66
1750 0.774857
1750 0.646857
1750 0.671429
1750 0.645714
1750 0.636571
1750 0.754286
1750 0.792571
1750 0.796
1750 0.707429
1750 0.7
1750 0.726286
1750 0.810857
1750 0.821714
1750 0.744571
1750 0.738857
1750 0.769714
1750 0.744571
1750 0.869143
1750 0.811429
1750 0.687429
1750 0.913714
1750 0.68
1750 0.739429
1750 0.824571
1750 0.821714
1750 0.78
1750 0.723429
1750 0.796
1750 0.750286
1750 0.754857
1750 0.785143
1750 0.892
1750 0.732
1750 0.572
1750 0.805714
1750 0.756
1750 0.798286
1750 0.848571
1750 0.698286
1750 0.685714
1750 0.816
1750 0.762286
1750 0.547429
1750 0.811429
1750 0.617143
1750 0.604
1750 0.768571
1800 0.582222
1800 0.671667
1800 0.674444
1800 0.861667
1800 0.74
1800 0.685
1800 0.738889
1800 0.720556
1800 0.905556
1800 0.703333
1800 0.795556
1800 0.816667
1800 0.752778
1800 0.787222
1800 0.92
1800 0.795556
1800 0.758333
1800 0.853333
1800 0.691667
1800 0.831111
1800 0.619444
1800 0.798333
1800 0.642778
1800 0.815556
1800 0.871667
1800 0.777778
1800 0.7
1800 0.767778
1800 0.799444
1800 0.771667
1800 0.783333
1800 0.742778
1800 0.785
1800 0.620556
1800 0.813889
1800 0.787778
1800 0.697778
1800 0.747222
1800 0.821111
1800 0.778333
1800 0.789444
1800 0.701111
1800 0.743889
1800 0.856667
1800 0.714444
1800 0.680556
1800 0.765556
1800 0.816111
1800 0.836111
1800 0.785556
1800 0.805
1800 0.765556
1800 0.774444
1800 0.728889
1800 0.695556
1800 0.548333
1800 0.599444
1800 0.750556
1800 0.771111
1800 0.711667
1800 0.741667
1800 0.789444
1800 0.795
1800 0.834444
1800 0.743889
1800 0.766667
1800 0.901111
1800 0.735
1800 0.629444
1800 0.803333
1800 0.733333
1800 0.765556
1800 0.680556
1800 0.702778
1800 0.819444
1850 0.794595
1850 0.721622
1850 0.788649
1850 0.787027
1850 0.744865
1850 0.645946
1850 0.735676
1850 0.636216
1850 0.800541
1850 0.820541
1850 0.599459
1850 0.529189
1850 0.757838
1850 0.82
1850 0.718378
1850 0.835676
1850 0.785405
1850 0.703784
1850 0.741622
1850 0.775676
1850 0.74
1850 0.814595
1850 0.822162
1850 0.731892
1850 0.870811
1850 0.596757
1850 0.830811
1850 0.797297
1850 0.635676
1850 0.611892
1850 0.780541
1850 0.885946
1850 0.697838
1850 0.820541
1850 0.704324
1850 0.780541
1850 0.752973
1850 0.684324
1850 0.906486
1850 0.801081
1850 0.770811
1850 0.697297
1850 0.740541
1850 0.723243
1850 0.780541
1850 0.674595
1850 0.777297
1850 0.776216
1850 0.6
1850 0.696216
1850 0.635135
1850 0.645946
1850 0.836216
1850 0.710811
1850 0.724324
1850 0.782162
1850 0.817297
1850 0.764324
1850 0.784324
1850 0.874595
1850 0.713514
1850 0.727568
1850 0.743243
1850 0.783243
1850 0.82
1850 0.74
1850 0.766486
1850 0.635135
1850 0.858378
1850 0.747027
1850 0.763784
1850 0.789189
1850 0.66
1850 0.816757
1850 0.82973
1900 0.826842
1900 0.745263
1900 0.789474
1900 0.829474
1900 0.777895
1900 0.728947
1900 0.770526
1900 0.826842
1900 0.718421
1900 0.782632
1900 0.802105
1900 0.703158
1900 0.842632
1900 0.774737
1900 0.762632
1900 0.723684
1900 0.659474
1900 0.834737
1900 0.630526
1900 0.721579
1900 0.691579
1900 0.801579
1900 0.702632
1900 0.718421
1900 0.751579
1900 0.857895
1900 0.718947
1900 0.761579
1900 0.743158
1900 0.694211
1900 0.76
1900 0.771053
1900 0.730526
1900 0.774737
1900 0.788421
1900 0.817368
1900 0.789474
1900 0.664211
1900 0.777368
1900 0.840526
1900 0.714737
1900 0.893684
1900 0.584737
1900 0.738421
1900 0.789474
1900 0.76
1900 0.803158
1900 0.528947
1900 0.693684
1900 0.664211
1900 0.872632
1900 0.633158
1900 0.547368
1900 0.767368
1900 0.836842
1900 0.898421
1900 0.682632
1900 0.766316
1900 0.803158
1900 0.604211
1900 0.835263
1900 0.784211
1900 0.765789
1900 0.797895
1900 0.778421
1900 0.736316
1900 0.793158
1900 0.832632
1900 0.778421
1900 0.724211
1900 0.785789
1900 0.912632
1900 0.791053
1900 0.741053
1900 0.691579
1950 0.622564
1950 0.822564
1950 0.792308
1950 0.785641
1950 0.869231
1950 0.762564
1950 0.742564
1950 0.709744
1950 0.658462
1950 0.650769
1950 0.668205
1950 0.848205
1950 0.862051
1950 0.67641
1950 0.764615
1950 0.790769
1950 0.894872
1950 0.806667
1950 0.774872
1950 0.734359
1950 0.757949
1950 0.762051
1950 0.832821
1950 0.778974
1950 0.818462
1950 0.723077
1950 0.850256
1950 0.842564
1950 0.625641
1950 0.759487
1950 0.821538
1950 0.74359
1950 0.838974
1950 0.770769
1950 0.666154
1950 0.619487
1950 0.652308
1950 0.794872
1950 0.678974
1950 0.593846
1950 0.691795
1950 0.791282
1950 0.8
1950 0.507179
1950 0.685641
1950 0.54359
1950 0.848718
1950 0.793846
1950 0.751795
1950 0.814359
1950 0.759487
1950 0.713846
1950 0.841026
1950 0.754872
1950 0.817949
1950 0.786667
1950 0.698462
1950 0.772821
1950 0.787179
1950 0.807179
1950 0.758974
1950 0.762051
1950 0.739487
1950 0.792308
1950 0.665641
1950 0.594872
1950 0.739487
1950 0.792308
1950 0.554359
1950 0.841026
1950 0.818974
1950 0.708718
1950 0.754872
1950 0.620513
1950 0.661026
2000 0.8185
2000 0.768
2000 0.7695
2000 0.7385
2000 0.8875
2000 0.7995
2000 0.7815
2000 0.6935
2000 0.76
2000 0.714
2000 0.7175
2000 0.797
2000 0.763
2000 0.7705
2000 0.6015
2000 0.842
2000 0.883
2000 0.7755
2000 0.7065
2000 0.8475
2000 0.7215
2000 0.7655
2000 0.7955
2000 0.7
2000 0.796
2000 0.762
2000 0.626
2000 0.752
2000 0.796
2000 0.793
2000 0.8365
2000 0.76
2000 0.8395
2000 0.777
2000 0.7475
2000 0.8275
2000 0.7575
2000 0.7385
2000 0.643
2000 0.872
2000 0.465
2000 0.7935
2000 0.839
2000 0.8005
2000 0.7345
2000 0.749
2000 0.77
2000 0.556
2000 0.678
2000 0.8285
2000 0.7605
2000 0.7645
2000 0.776
2000 0.826
2000 0.785
2000 0.732
2000 0.8255
2000 0.8045
2000 0.7905
2000 0.7635
2000 0.8045
2000 0.7925
2000 0.787
2000 0.732
2000 0.5585
2000 0.7785
2000 0.754
2000 0.6735
2000 0.775
2000 0.7295
2000 0.7765
2000 0.7555
2000 0.7515
2000 0.788
2000 0.7485
