50 0.14
50 0.5
50 0
50 0.56
50 0.42
50 0.62
50 0
50 0
50 0.2
50 0.18
50 0.12
50 0.14
50 0.04
50 0.44
50 0
50 0
50 0.4
50 0.7
50 0.02
50 0.28
50 0
50 0.06
50 0
50 0.12
50 0.16
50 0.64
50 0
50 0.38
50 0.34
50 0.22
50 0.2
50 0.06
50 0.02
50 0.28
50 0.1
50 0.1
50 0.48
50 0.7
50 0.18
50 0
50 0
50 0.14
50 0.2
50 0
50 0
50 0.48
50 0.18
50 0.68
50 0.24
50 0.2
50 0.48
50 0.1
50 0.06
50 0
50 0.6
50 0.14
50 0
50 0.24
50 0.1
50 0.22
50 0.4
50 0.32
50 0.34
50 0.24
50 0.04
50 0.26
50 0.1
50 0.02
50 0.44
50 0.1
50 0.26
50 0.26
50 0.24
50 0.78
50 0.12
100 0.31
100 0
100 0.23
100 0.71
100 0.75
100 0.77
100 0.54
100 0.86
100 0.84
100 0.46
100 0.86
100 0.06
100 0.27
100 0.43
100 0.95
100 0.22
100 0.66
100 0.42
100 0.31
100 0.7
100 0
100 0.18
100 0.57
100 0.54
100 0.54
100 0.34
100 0.26
100 0.51
100 0.84
100 0.6
100 0.7
100 0.47
100 0.27
100 0.76
100 0.82
100 0.47
100 0.74
100 0.59
100 0.05
100 0.55
100 0.04
100 0.92
100 0.34
100 0.83
100 0.75
100 0.72
100 0.52
100 0.41
100 0.72
100 0.48
100 0.02
100 0.34
100 0.02
100 0.62
100 0.55
100 0
100 0.85
100 0.8
100 0.82
100 0.8
100 0.76
100 0.28
100 0.52
100 0.24
100 0.36
100 0.19
100 0.65
100 0.66
100 0.71
100 0.66
100 0.03
100 0.64
100 0.53
100 0.07
100 0.2
150 0.673333
150 0.613333
150 0.8
150 0.713333
150 0.593333
150 0.88
150 0.913333
150 0.9
150 0.86
150 0.953333
150 0.84
150 0.7
150 0.5
150 0.506667
150 0.666667
150 0.686667
150 0.933333
150 0.693333
150 0.473333
150 0.766667
150 0.826667
150 0.913333
150 0.68
150 0.266667
150 0.9
150 0
150 0.386667
150 0.82
150 0.733333
150 0.84
150 0.766667
150 0.76
150 0.82
150 0.966667
150 0.693333
150 0.566667
150 0.38
150 0.533333
150 0.6
150 0.873333
150 0.906667
150 0.413333
150 0.453333
150 0.426667
150 0.286667
150 0.8
150 0.853333
150 0.826667
150 0.813333
150 0.32
150 0.64
150 0.486667
150 0.74
150 0.853333
150 0.8
150 0.72
150 0.78
150 0.826667
150 0.353333
150 0.773333
150 0.88
150 0.426667
150 0.986667
150 0.74
150 0.846667
150 0.273333
150 0.96
150 0.346667
150 0.966667
150 0.433333
150 0.733333
150 0.446667
150 0.746667
150 0.746667
150 0.573333
200 0.655
200 0.405
200 1
200 0.76
200 0.71
200 0.385
200 0.625
200 0.895
200 0.76
200 0.775
200 0.905
200 0.555
200 0.815
200 0.935
200 0.73
200 0.735
200 0.81
200 0.88
200 0.825
200 0.845
200 0.79
200 0.99
200 0.475
200 1
200 0.77
200 0.685
200 0.925
200 0.905
200 0.705
200 0.81
200 0.75
200 0.88
200 0.74
200 0.9
200 0.755
200 0.965
200 0.57
200 0.63
200 0.91
200 0.505
200 0.71
200 0.905
200 0.81
200 0.61
200 0.905
200 0.755
200 0.835
200 0.73
200 0.84
200 0.89
200 0.48
200 0.865
200 0.88
200 0.775
200 0.93
200 0.91
200 0.965
200 0.64
200 0.935
200 0.78
200 0.31
200 0.685
200 0.895
200 0.81
200 0.915
200 0.665
200 0.65
200 0.81
200 0.895
200 0.955
200 0.785
200 0.4
200 0.86
200 0.915
200 0.86
250 0.8
250 0.868
250 0.928
250 0.832
250 0.868
250 0.96
250 0.956
250 0.912
250 0.92
250 0.86
250 0.872
250 0.852
250 0.928
250 0.944
250 0.944
250 0.976
250 0.956
250 0.536
250 0.868
250 0.908
250 0.9
250 0.776
250 0.736
250 0.836
250 0.964
250 0.836
250 0.912
250 0.976
250 0.856
250 0.864
250 0.768
250 0.896
250 0.912
250 0.888
250 0.916
250 0.844
250 0.968
250 0.868
250 0.928
250 0.76
250 0.948
250 0.912
250 0.892
250 0.476
250 0.888
250 0.9
250 0.964
250 0.624
250 0.92
250 0.936
250 0.924
250 0.916
250 0.836
250 0.828
250 0.912
250 0.936
250 0.864
250 0.892
250 0.736
250 0.932
250 0.92
250 0.86
250 0.948
250 0.852
250 0.824
250 0.964
250 0.86
250 0.944
250 0.908
250 0.94
250 0.668
250 0.56
250 0.988
250 0.964
250 0.864
300 0.916667
300 0.95
300 0.853333
300 0.88
300 0.68
300 0.896667
300 0.806667
300 0.923333
300 0.943333
300 0.9
300 0.933333
300 0.77
300 0.876667
300 0.893333
300 0.903333
300 0.79
300 0.873333
300 0.91
300 0.926667
300 0.863333
300 0.606667
300 0.886667
300 0.956667
300 0.97
300 0.966667
300 0.923333
300 0.913333
300 0.873333
300 0.816667
300 0.986667
300 0.85
300 0.826667
300 0.836667
300 0.873333
300 0.83
300 0.933333
300 0.976667
300 0.956667
300 0.91
300 0.966667
300 0.873333
300 0.906667
300 1
300 0.846667
300 0.903333
300 0.743333
300 0.8
300 0.866667
300 0.496667
300 0.906667
300 0.973333
300 0.93
300 0.736667
300 0.74
300 0.81
300 0.906667
300 0.976667
300 0.863333
300 0.936667
300 0.956667
300 0.866667
300 0.823333
300 0.873333
300 0.833333
300 0.97
300 0.933333
300 0.913333
300 0.87
300 0.933333
300 0.926667
300 0.906667
300 0.973333
300 0.92
300 0.83
300 0.89
350 0.891429
350 0.965714
350 0.968571
350 0.805714
350 0.974286
350 0.6
350 0.797143
350 0.94
350 0.937143
350 0.991429
350 0.828571
350 0.851429
350 0.965714
350 0.937143
350 0.977143
350 0.654286
350 0.888571
350 0.9
350 0.88
350 0.82
350 0.954286
350 0.748571
350 0.977143
350 0.971429
350 0.945714
350 0.945714
350 0.965714
350 0.848571
350 0.905714
350 0.925714
350 0.791429
350 0.997143
350 0.885714
350 0.942857
350 0.94
350 0.874286
350 0.988571
350 0.582857
350 0.865714
350 0.868571
350 0.931429
350 0.908571
350 0.911429
350 0.92
350 1
350 0.94
350 0.997143
350 0.954286
350 0.931429
350 0.968571
350 0.822857
350 0.928571
350 0.977143
350 0.88
350 0.845714
350 0.954286
350 0.951429
350 0.822857
350 0.962857
350 0.888571
350 0.902857
350 0.845714
350 0.965714
350 0.92
350 0.725714
350 0.874286
350 0.931429
350 0.902857
350 0.974286
350 0.908571
350 0.991429
350 0.945714
350 0.928571
350 0.814286
350 0.894286
400 0.98
400 0.85
400 0.8825
400 0.855
400 0.86
400 0.875
400 0.9325
400 0.65
400 0.9975
400 0.9475
400 0.9075
400 0.8925
400 0.875
400 0.8575
400 0.8725
400 0.9275
400 0.8675
400 0.6
400 0.9225
400 0.945
400 0.905
400 0.9525
400 0.9125
400 0.775
400 0.9
400 0.9625
400 0.945
400 0.6925
400 0.865
400 0.9175
400 0.92
400 0.8875
400 0.8975
400 0.86
400 0.99
400 0.955
400 0.9075
400 0.6675
400 0.91
400 0.94
400 0.9125
400 0.9425
400 0.92
400 0.875
400 0.9575
400 0.94
400 0.9
400 0.845
400 0.9675
400 0.9975
400 0.95
400 0.95
400 0.92
400 0.9125
400 0.86
400 0.9225
400 0.995
400 0.9575
400 0.99
400 0.93
400 0.8525
400 0.8075
400 0.9075
400 0.965
400 0.8475
400 0.8775
400 0.85
400 0.9175
400 0.9275
400 0.9625
400 0.895
400 0.8575
400 0.895
400 0.995
400 0.8975
450 0.933333
450 0.924444
450 0.948889
450 0.975556
450 0.955556
450 0.931111
450 0.986667
450 0.924444
450 0.908889
450 0.973333
450 0.9
450 0.817778
450 0.911111
450 0.948889
450 0.724444
450 0.933333
450 0.873333
450 0.94
450 0.873333
450 0.942222
450 0.94
450 0.895556
450 0.922222
450 0.991111
450 0.886667
450 0.74
450 0.951111
450 0.962222
450 0.948889
450 0.604444
450 0.913333
450 0.926667
450 0.962222
450 0.908889
450 0.902222
450 0.915556
450 0.942222
450 0.94
450 0.971111
450 0.933333
450 0.98
450 0.96
450 0.837778
450 0.973333
450 0.9
450 0.957778
450 0.946667
450 0.911111
450 0.906667
450 0.971111
450 0.942222
450 0.882222
450 0.913333
450 0.951111
450 0.96
450 0.951111
450 0.853333
450 0.988889
450 0.977778
450 0.973333
450 0.802222
450 0.915556
450 0.968889
450 0.94
450 0.935556
450 0.884444
450 0.986667
450 0.848889
450 0.786667
450 0.931111
450 0.862222
450 0.855556
450 0.953333
450 0.866667
450 0.746667
500 0.982
500 0.936
500 0.97
500 0.946
500 0.756
500 0.952
500 0.896
500 0.928
500 0.858
500 0.954
500 0.928
500 0.924
500 0.936
500 0.95
500 0.966
500 0.916
500 0.908
500 0.944
500 0.986
500 0.848
500 0.884
500 0.92
500 0.914
500 0.994
500 0.92
500 0.92
500 0.946
500 0.956
500 0.916
500 0.988
500 0.934
500 0.894
500 0.916
500 0.876
500 0.904
500 0.964
500 0.888
500 0.926
500 0.958
500 0.818
500 0.956
500 0.978
500 0.93
500 0.944
500 0.968
500 0.87
500 0.952
500 0.944
500 0.972
500 0.99
500 0.864
500 0.96
500 0.98
500 0.908
500 0.922
500 0.908
500 0.972
500 0.9
500 0.982
500 0.974
500 0.884
500 0.94
500 0.956
500 0.908
500 0.832
500 0.944
500 0.984
500 0.908
500 0.95
500 0.932
500 0.854
500 0.992
500 0.968
500 0.988
500 0.978
550 0.823636
550 0.994545
550 0.918182
550 0.929091
550 0.889091
550 0.983636
550 0.974545
550 0.987273
550 0.938182
550 0.990909
550 0.916364
550 0.876364
550 0.687273
550 0.934545
550 0.936364
550 0.918182
550 0.861818
550 0.890909
550 0.94
550 0.949091
550 0.994545
550 0.830909
550 0.929091
550 0.943636
550 0.972727
550 0.881818
550 0.870909
550 0.889091
550 0.905455
550 0.990909
550 0.963636
550 0.901818
550 0.952727
550 0.0363636
550 0.785455
550 0.916364
550 0.974545
550 0.92
550 0.989091
550 0.976364
550 0.943636
550 0.903636
550 0.898182
550 0.894545
550 0.952727
550 0.98
550 0.952727
550 0.907273
550 0.978182
550 0.974545
550 0.94
550 0.96
550 0.943636
550 0.936364
550 0.832727
550 0.941818
550 0.987273
550 0.890909
550 0.912727
550 0.774545
550 0.98
550 0.978182
550 0.978182
550 0.963636
550 0.970909
550 0.961818
550 0.941818
550 0.930909
550 0.927273
550 0.905455
550 0.889091
550 0.949091
550 0.854545
550 0.941818
550 0.936364
600 0.9
600 0.996667
600 0.931667
600 0.958333
600 0.94
600 0.973333
600 0.948333
600 0.94
600 0.908333
600 0.876667
600 0.978333
600 0.935
600 0.83
600 0.931667
600 0.99
600 0.88
600 0.896667
600 0.94
600 0.975
600 0.936667
600 0.795
600 0.908333
600 0.918333
600 0.966667
600 0.953333
600 0.921667
600 0.933333
600 0.913333
600 0.945
600 0.948333
600 0.906667
600 0.878333
600 0.943333
600 0.968333
600 0.933333
600 0.981667
600 0.95
600 0.958333
600 0.928333
600 0.955
600 0.986667
600 0.988333
600 0.958333
600 0.94
600 0.99
600 0.985
600 0.93
600 0.89
600 0.93
600 0.843333
600 0.898333
600 0.766667
600 0.986667
600 0.966667
600 0.91
600 0.913333
600 0.955
600 0.891667
600 0.97
600 0.985
600 0.953333
600 0.963333
600 0.906667
600 0.921667
600 0.9
600 0.981667
600 0.981667
600 0.933333
600 0.925
600 0.96
600 0.953333
600 0.918333
600 0.945
600 0.961667
600 0.82
650 0.929231
650 0.876923
650 0.890769
650 0.953846
650 0.907692
650 0.946154
650 0.921538
650 0.924615
650 0.929231
650 0.918462
650 0.933846
650 0.972308
650 0.932308
650 0.863077
650 0.950769
650 0.952308
650 0.966154
650 0.812308
650 0.952308
650 0.886154
650 0.790769
650 0.933846
650 0.901538
650 0.890769
650 0.958462
650 0.907692
650 0.938462
650 0.967692
650 0.98
650 0.906154
650 0.924615
650 0.927692
650 0.926154
650 0.941538
650 0.983077
650 0.910769
650 0.781538
650 0.972308
650 0.887692
650 0.943077
650 0.938462
650 0.995385
650 0.964615
650 0.975385
650 0.843077
650 0.963077
650 0.892308
650 0.890769
650 0.976923
650 0.944615
650 0.838462
650 0.944615
650 0.924615
650 0.950769
650 0.94
650 0.952308
650 0.873846
650 0.973846
650 0.944615
650 0.913846
650 0.927692
650 0.98
650 0.923077
650 0.884615
650 0.907692
650 0.970769
650 0.92
650 0.955385
650 0.958462
650 0.992308
650 0.935385
650 0.952308
650 0.990769
650 0.955385
650 0.98
700 0.95
700 0.934286
700 0.965714
700 1
700 0.971429
700 0.94
700 0.947143
700 0.94
700 0.995714
700 0.998571
700 0.971429
700 0.95
700 0.961429
700 0.988571
700 0.882857
700 0.832857
700 0.937143
700 0.915714
700 0.888571
700 0.947143
700 0.994286
700 0.928571
700 0.918571
700 0.922857
700 0.97
700 0.931429
700 0.97
700 0.852857
700 0.921429
700 0.894286
700 0.997143
700 0.968571
700 0.982857
700 0.942857
700 0.927143
700 0.977143
700 0.975714
700 0.911429
700 0.997143
700 0.948571
700 0.977143
700 0.965714
700 0.981429
700 0.974286
700 0.785714
700 0.991429
700 0.875714
700 0.92
700 0.928571
700 0.957143
700 0.868571
700 0.998571
700 0.925714
700 0.901429
700 0.79
700 0.911429
700 0.981429
700 0.867143
700 0.987143
700 0.904286
700 0.957143
700 0.895714
700 0.968571
700 0.704286
700 0.932857
700 0.962857
700 0.984286
700 0.925714
700 0.985714
700 0.947143
700 0.911429
700 0.964286
700 0.975714
700 0.885714
700 0.961429
750 0.936
750 0.956
750 0.937333
750 0.972
750 0.965333
750 0.950667
750 0.941333
750 0.992
750 0.936
750 0.894667
750 0.841333
750 0.969333
750 0.988
750 0.945333
750 0.986667
750 0.929333
750 0.888
750 0.926667
750 0.982667
750 0.945333
750 0.986667
750 0.912
750 0.893333
750 0.962667
750 0.932
750 0.950667
750 0.914667
750 0.929333
750 0.854667
750 0.969333
750 0.96
750 0.973333
750 0.905333
750 0.904
750 0.966667
750 0.866667
750 0.876
750 0.962667
750 0.989333
750 0.934667
750 0.948
750 0.773333
750 0.966667
750 0.949333
750 0.981333
750 0.932
750 0.904
750 0.846667
750 0.997333
750 0.970667
750 0.916
750 0.968
750 0.897333
750 0.969333
750 0.974667
750 0.96
750 0.98
750 0.981333
750 0.993333
750 0.942667
750 0.96
750 0.910667
750 0.918667
750 0.826667
750 0.94
750 0.929333
750 0.916
750 0.961333
750 0.934667
750 0.98
750 0.941333
750 0.989333
750 0.941333
750 0.930667
750 0.984
800 0.98625
800 0.8375
800 0.95625
800 0.92375
800 0.965
800 0.9825
800 0.835
800 0.91875
800 0.95875
800 0.94875
800 0.91375
800 0.9825
800 0.97875
800 0.99
800 0.93625
800 0.87375
800 0.95625
800 0.925
800 0.9775
800 0.985
800 0.95375
800 0.945
800 0.94875
800 0.96
800 0.97375
800 0.9525
800 0.92125
800 0.96125
800 0.99375
800 0.98625
800 0.97125
800 0.9075
800 0.92125
800 0.92875
800 0.95875
800 0.9475
800 0.96875
800 0.97
800 0.9725
800 0.95375
800 0.985
800 0.9325
800 0.96625
800 0.84125
800 0.86
800 0.9725
800 0.975
800 0.9225
800 0.9125
800 0.9075
800 0.9175
800 0.855
800 0.95625
800 0.93125
800 0.91625
800 0.915
800 0.91375
800 0.905
800 0.98
800 0.9475
800 0.98875
800 0.97375
800 0.99
800 0.97125
800 0.91875
800 0.925
800 0.9175
800 0.99625
800 0.93375
800 0.965
800 0.97
800 0.9575
800 0.985
800 0.95125
800 0.975
850 0.923529
850 0.911765
850 0.981176
850 0.908235
850 0.952941
850 0.930588
850 0.923529
850 0.929412
850 0.911765
850 0.852941
850 0.898824
850 0.897647
850 0.896471
850 0.930588
850 0.989412
850 0.958824
850 0.945882
850 0.921176
850 0.984706
850 0.981176
850 0.943529
850 0.975294
850 0.962353
850 0.949412
850 0.970588
850 0.938824
850 0.965882
850 0.954118
850 0.970588
850 0.945882
850 0.885882
850 0.972941
850 0.931765
850 0.962353
850 0.912941
850 0.931765
850 0.991765
850 0.984706
850 0.944706
850 0.971765
850 0.950588
850 0.950588
850 0.992941
850 0.92
850 0.968235
850 0.948235
850 0.995294
850 0.909412
850 0.887059
850 0.836471
850 0.931765
850 0.909412
850 0.990588
850 0.947059
850 0.965882
850 0.983529
850 0.983529
850 0.955294
850 0.98
850 0.928235
850 0.88
850 0.975294
850 0.898824
850 0.870588
850 0.927059
850 0.958824
850 0.944706
850 0.930588
850 0.936471
850 0.944706
850 0.988235
850 0.895294
850 0.938824
850 0.989412
850 0.96
900 0.956667
900 0.991111
900 0.996667
900 0.918889
900 0.94
900 0.928889
900 0.997778
900 0.882222
900 0.972222
900 0.871111
900 0.965556
900 0.99
900 0.972222
900 0.973333
900 0.988889
900 0.991111
900 0.977778
900 0.915556
900 0.873333
900 0.983333
900 0.993333
900 0.946667
900 0.946667
900 0.976667
900 0.968889
900 0.945556
900 1
900 0.961111
900 0.917778
900 0.917778
900 0.94
900 0.961111
900 0.93
900 0.967778
900 0.984444
900 0.972222
900 0.987778
900 0.956667
900 0.906667
900 0.976667
900 0.82
900 0.922222
900 0.964444
900 0.881111
900 0.984444
900 0.958889
900 0.951111
900 0.948889
900 0.933333
900 0.998889
900 0.993333
900 0.966667
900 0.856667
900 0.916667
900 0.991111
900 0.94
900 0.944444
900 0.893333
900 0.99
900 0.966667
900 0.972222
900 0.927778
900 0.91
900 0.974444
900 0.805556
900 0.926667
900 0.991111
900 0.942222
900 0.977778
900 0.992222
900 0.99
900 0.933333
900 0.923333
900 0.986667
900 0.987778
950 0.985263
950 0.956842
950 0.982105
950 0.970526
950 0.914737
950 0.913684
950 0.904211
950 0.981053
950 0.906316
950 0.96
950 0.830526
950 0.947368
950 0.932632
950 0.984211
950 0.965263
950 0.933684
950 0.949474
950 0.985263
950 0.952632
950 0.952632
950 0.92
950 0.966316
950 0.997895
950 0.993684
950 0.981053
950 0.989474
950 0.911579
950 0.955789
950 0.926316
950 0.982105
950 0.967368
950 0.967368
950 0.930526
950 0.961053
950 0.984211
950 0.971579
950 0.977895
950 0.874737
950 0.974737
950 0.968421
950 0.932632
950 0.946316
950 0.949474
950 0.877895
950 0.982105
950 0.823158
950 0.924211
950 0.946316
950 0.970526
950 0.992632
950 0.914737
950 0.916842
950 0.922105
950 0.917895
950 0.957895
950 0.952632
950 0.925263
950 0.976842
950 0.957895
950 0.969474
950 0.895789
950 0.971579
950 0.888421
950 0.978947
950 0.981053
950 0.982105
950 0.986316
950 0.971579
950 0.928421
950 0.952632
950 0.954737
950 0.893684
950 0.966316
950 0.978947
950 0.931579
1000 0.957
1000 0.96
1000 0.941
1000 0.953
1000 0.992
1000 0.902
1000 0.956
1000 0.947
1000 0.98
1000 0.976
1000 0.979
1000 0.917
1000 0.994
1000 0.998
1000 0.934
1000 0.99
1000 0.95
1000 0.949
1000 0.968
1000 0.976
1000 0.94
1000 0.899
1000 0.992
1000 0.954
1000 0.98
1000 0.975
1000 0.898
1000 0.975
1000 0.884
1000 0.936
1000 0.97
1000 0.981
1000 0.97
1000 0.992
1000 0.991
1000 0.955
1000 0.988
1000 0.935
1000 0.939
1000 0.889
1000 0.954
1000 0.976
1000 0.936
1000 0.912
1000 0.979
1000 0.947
1000 0.923
1000 0.963
1000 0.983
1000 0.984
1000 0.945
1000 0.966
1000 0.924
1000 0.953
1000 0.91
1000 0.973
1000 0.949
1000 0.999
1000 0.932
1000 0.96
1000 0.997
1000 0.915
1000 0.931
1000 0.989
1000 0.966
1000 0.95
1000 0.983
1000 0.963
1000 0.91
1000 0.933
1000 0.987
1000 0.974
1000 1
1000 0.959
1000 0.959
1050 0.96381
1050 0.92
1050 0.990476
1050 0.990476
1050 0.754286
1050 0.973333
1050 0.905714
1050 0.974286
1050 0.966667
1050 0.906667
1050 0.958095
1050 0.961905
1050 0.905714
1050 0.911429
1050 0.97619
1050 0.944762
1050 0.980952
1050 0.971429
1050 0.993333
1050 0.986667
1050 0.997143
1050 0.990476
1050 0.87619
1050 0.901905
1050 0.954286
1050 0.857143
1050 0.893333
1050 0.964762
1050 0.982857
1050 0.975238
1050 0.979048
1050 0.987619
1050 0.913333
1050 0.981905
1050 0.979048
1050 0.938095
1050 0.975238
1050 0.892381
1050 0.91619
1050 0.995238
1050 0.99619
1050 0.981905
1050 0.990476
1050 0.920952
1050 0.920952
1050 0.941905
1050 0.99619
1050 0.990476
1050 0.917143
1050 0.977143
1050 0.990476
1050 0.949524
1050 0.999048
1050 0.864762
1050 0.977143
1050 0.99619
1050 0.944762
1050 0.96
1050 0.990476
1050 0.991429
1050 0.891429
1050 0.92
1050 0.952381
1050 0.942857
1050 0.917143
1050 0.914286
1050 0.906667
1050 0.968571
1050 0.965714
1050 0.937143
1050 0.97619
1050 0.914286
1050 0.966667
1050 0.94381
1050 0.967619
1100 0.99
1100 0.936364
1100 0.972727
1100 0.980909
1100 0.984545
1100 0.966364
1100 0.967273
1100 0.937273
1100 0.901818
1100 0.887273
1100 0.977273
1100 0.940909
1100 0.950909
1100 0.97
1100 0.943636
1100 0.932727
1100 0.926364
1100 0.994545
1100 0.968182
1100 0.955455
1100 0.914545
1100 0.946364
1100 0.987273
1100 0.939091
1100 0.98
1100 0.982727
1100 0.896364
1100 0.97
1100 0.923636
1100 0.930909
1100 0.887273
1100 0.943636
1100 0.967273
1100 0.902727
1100 0.917273
1100 0.96
1100 0.901818
1100 0.948182
1100 0.941818
1100 0.962727
1100 0.942727
1100 0.978182
1100 0.955455
1100 0.985455
1100 0.903636
1100 0.981818
1100 0.973636
1100 0.966364
1100 0.974545
1100 0.976364
1100 0.92
1100 0.982727
1100 0.916364
1100 0.979091
1100 0.980909
1100 0.922727
1100 0.995455
1100 0.959091
1100 0.960909
1100 0.958182
1100 0.932727
1100 0.958182
1100 0.942727
1100 0.990909
1100 0.969091
1100 0.942727
1100 0.99
1100 0.952727
1100 0.941818
1100 0.95
1100 0.908182
1100 0.98
1100 0.969091
1100 0.928182
1100 0.841818
1150 0.949565
1150 0.943478
1150 0.928696
1150 0.98087
1150 0.98087
1150 0.925217
1150 0.94087
1150 0.933043
1150 0.982609
1150 0.971304
1150 0.944348
1150 0.906957
1150 0.976522
1150 0.930435
1150 0.946957
1150 0.964348
1150 0.932174
1150 0.866087
1150 0.94087
1150 0.932174
1150 0.981739
1150 0.95913
1150 0.94087
1150 0.948696
1150 0.993913
1150 0.998261
1150 0.949565
1150 0.949565
1150 0.942609
1150 0.972174
1150 0.926087
1150 0.997391
1150 0.93913
1150 0.984348
1150 0.956522
1150 0.96087
1150 0.938261
1150 0.888696
1150 0.983478
1150 0.978261
1150 0.874783
1150 0.98
1150 0.95913
1150 0.966087
1150 0.989565
1150 0.86087
1150 0.933043
1150 0.968696
1150 0.924348
1150 0.930435
1150 0.96087
1150 0.916522
1150 0.937391
1150 0.958261
1150 0.96
1150 0.912174
1150 0.98087
1150 0.98
1150 0.930435
1150 0.947826
1150 0.941739
1150 0.946957
1150 0.955652
1150 0.902609
1150 0.925217
1150 0.901739
1150 0.968696
1150 0.963478
1150 0.914783
1150 0.955652
1150 0.963478
1150 0.948696
1150 0.93913
1150 0.957391
1150 0.942609
1200 0.935
1200 0.935833
1200 0.984167
1200 0.923333
1200 0.935
1200 0.9475
1200 0.868333
1200 0.944167
1200 0.943333
1200 0.9875
1200 0.98
1200 0.960833
1200 0.945833
1200 0.964167
1200 0.929167
1200 0.97
1200 0.97
1200 0.968333
1200 0.983333
1200 0.989167
1200 0.963333
1200 0.9775
1200 0.999167
1200 0.891667
1200 0.931667
1200 0.955
1200 0.928333
1200 1
1200 0.928333
1200 0.96
1200 0.95
1200 0.94
1200 0.976667
1200 0.9975
1200 0.951667
1200 0.925833
1200 0.978333
1200 0.9575
1200 0.930833
1200 0.953333
1200 0.9475
1200 0.845833
1200 0.9675
1200 0.903333
1200 0.963333
1200 0.988333
1200 0.9225
1200 0.968333
1200 0.9275
1200 0.995833
1200 0.930833
1200 0.948333
1200 0.98
1200 0.9825
1200 0.965
1200 0.943333
1200 0.919167
1200 0.964167
1200 0.9275
1200 0.955
1200 0.954167
1200 0.995
1200 0.959167
1200 0.990833
1200 0.960833
1200 0.955833
1200 0.986667
1200 0.908333
1200 0.976667
1200 0.900833
1200 0.9175
1200 0.91
1200 0.956667
1200 0.985833
1200 0.970833
1250 0.9952
1250 0.9128
1250 0.984
1250 0.9176
1250 0.9688
1250 0.9568
1250 0.9448
1250 0.9912
1250 0.9504
1250 0.9728
1250 0.9408
1250 0.94
1250 0.9416
1250 0.8848
1250 0.9168
1250 0.9416
1250 0.9072
1250 0.9424
1250 0.9216
1250 0.9872
1250 0.896
1250 0.9136
1250 0.9928
1250 0.9648
1250 0.984
1250 0.9968
1250 0.9584
1250 0.9208
1250 0.8312
1250 0.948
1250 0.972
1250 0.9632
1250 0.9336
1250 0.988
1250 0.9424
1250 0.9424
1250 0.9472
1250 0.9296
1250 0.968
1250 0.9288
1250 0.9064
1250 0.968
1250 0.9344
1250 0.956
1250 0.9656
1250 0.9544
1250 0.9776
1250 0.9896
1250 0.9648
1250 0.9592
1250 0.9824
1250 0.9968
1250 0.9536
1250 0.9592
1250 0.936
1250 0.9808
1250 0.9224
1250 0.9096
1250 0.9928
1250 0.944
1250 0.9928
1250 0.9744
1250 0.9584
1250 0.9568
1250 0.9592
1250 0.9696
1250 0.9624
1250 0.968
1250 0.944
1250 0.988
1250 0.9624
1250 0.992
1250 0.9624
1250 0.908
1250 0.984
1300 0.913846
1300 0.954615
1300 0.946923
1300 0.965385
1300 0.938462
1300 0.990769
1300 0.97
1300 0.943077
1300 0.977692
1300 0.972308
1300 0.996154
1300 0.953077
1300 0.917692
1300 0.981538
1300 0.91
1300 0.983077
1300 0.990769
1300 0.913077
1300 0.956923
1300 0.959231
1300 0.955385
1300 0.958462
1300 0.937692
1300 0.949231
1300 0.997692
1300 0.965385
1300 0.986154
1300 0.953846
1300 0.946154
1300 0.879231
1300 0.953846
1300 0.967692
1300 0.960769
1300 0.966154
1300 0.980769
1300 0.942308
1300 0.943077
1300 0.986154
1300 0.923077
1300 0.856923
1300 0.945385
1300 0.989231
1300 0.94
1300 0.906923
1300 0.937692
1300 0.966923
1300 0.99
1300 0.959231
1300 0.939231
1300 0.916154
1300 0.988462
1300 0.958462
1300 0.958462
1300 0.933077
1300 0.918462
1300 0.97
1300 0.981538
1300 0.995385
1300 0.949231
1300 0.980769
1300 0.932308
1300 0.951538
1300 0.943077
1300 0.983846
1300 0.992308
1300 0.982308
1300 0.976923
1300 0.974615
1300 0.952308
1300 0.994615
1300 0.959231
1300 0.871538
1300 0.938462
1300 0.986923
1300 0.969231
1350 0.966667
1350 0.958519
1350 0.971111
1350 0.982222
1350 0.976296
1350 0.962222
1350 0.965185
1350 0.943704
1350 0.941481
1350 0.945185
1350 0.973333
1350 0.996296
1350 0.968889
1350 0.988148
1350 0.976296
1350 0.982963
1350 0.986667
1350 0.98
1350 0.962963
1350 0.986667
1350 0.966667
1350 0.971111
1350 0.936296
1350 0.968889
1350 0.954815
1350 0.979259
1350 0.972593
1350 0.972593
1350 0.939259
1350 0.955556
1350 0.99037
1350 0.95037
1350 0.938519
1350 0.963704
1350 0.934815
1350 0.948889
1350 0.966667
1350 0.905185
1350 0.945926
1350 0.963704
1350 0.965926
1350 0.943704
1350 0.968889
1350 0.981481
1350 0.977037
1350 0.987407
1350 0.946667
1350 0.942222
1350 0.961481
1350 0.994074
1350 0.96963
1350 0.951852
1350 0.88
1350 0.968148
1350 0.902963
1350 0.963704
1350 0.914074
1350 0.98963
1350 0.945185
1350 0.984444
1350 0.913333
1350 0.937037
1350 0.977778
1350 0.934815
1350 0.913333
1350 0.973333
1350 0.98
1350 0.928148
1350 0.967407
1350 0.912593
1350 0.98963
1350 0.942222
1350 0.983704
1350 0.979259
1350 0.981481
1400 0.970714
1400 0.922857
1400 0.93
1400 0.908571
1400 0.997143
1400 0.942857
1400 0.965
1400 0.955
1400 0.985714
1400 0.962857
1400 0.969286
1400 0.947857
1400 0.987143
1400 0.960714
1400 0.967857
1400 0.937143
1400 0.992143
1400 0.993571
1400 0.930714
1400 0.97
1400 0.971429
1400 0.915714
1400 0.962857
1400 0.962143
1400 0.91
1400 0.917857
1400 0.922857
1400 0.927143
1400 0.928571
1400 0.989286
1400 0.953571
1400 0.88
1400 0.958571
1400 0.956429
1400 0.892143
1400 0.997143
1400 0.915
1400 0.967857
1400 0.988571
1400 0.923571
1400 0.980714
1400 0.965714
1400 0.975
1400 0.953571
1400 0.977143
1400 0.971429
1400 0.932143
1400 0.959286
1400 0.957143
1400 0.946429
1400 0.950714
1400 0.936429
1400 0.908571
1400 0.962143
1400 0.935714
1400 0.994286
1400 0.994286
1400 0.921429
1400 0.949286
1400 0.97
1400 0.952857
1400 0.995
1400 0.969286
1400 0.976429
1400 0.96
1400 0.945
1400 0.907857
1400 0.995714
1400 0.984286
1400 0.977857
1400 0.888571
1400 0.854286
1400 0.972857
1400 0.987143
1400 0.958571
1450 0.952414
1450 0.988276
1450 0.931034
1450 0.963448
1450 1
1450 0.946897
1450 0.931034
1450 0.993103
1450 0.96
1450 0.92069
1450 0.903448
1450 0.955172
1450 0.92069
1450 0.95931
1450 0.991034
1450 0.997241
1450 0.946207
1450 0.925517
1450 0.966897
1450 0.964138
1450 0.948276
1450 0.931034
1450 0.955862
1450 0.951724
1450 0.907586
1450 0.933793
1450 0.964828
1450 0.948276
1450 0.975172
1450 0.975862
1450 0.907586
1450 0.964828
1450 0.941379
1450 0.947586
1450 0.98
1450 0.948966
1450 0.966207
1450 0.964828
1450 0.96
1450 0.949655
1450 0.963448
1450 0.923448
1450 0.924828
1450 0.950345
1450 0.844828
1450 0.995172
1450 0.935862
1450 0.915172
1450 0.974483
1450 0.975862
1450 0.968276
1450 0.97931
1450 0.942069
1450 0.975862
1450 0.977931
1450 0.929655
1450 0.973103
1450 0.975862
1450 0.988966
1450 0.93931
1450 0.997241
1450 0.998621
1450 0.924828
1450 0.957931
1450 0.911724
1450 0.88069
1450 0.964138
1450 0.98069
1450 0.973103
1450 0.990345
1450 0.973103
1450 0.995172
1450 0.954483
1450 0.953103
1450 0.982759
1500 0.980667
1500 0.936
1500 0.973333
1500 0.936667
1500 0.948667
1500 0.984667
1500 0.938667
1500 0.905333
1500 0.868667
1500 0.916667
1500 0.835333
1500 0.966
1500 0.958
1500 0.921333
1500 0.974
1500 0.986
1500 0.911333
1500 0.964
1500 0.915333
1500 0.962
1500 0.964
1500 0.981333
1500 0.906
1500 0.996667
1500 0.985333
1500 0.922
1500 0.947333
1500 0.968
1500 0.982
1500 0.928667
1500 0.954667
1500 0.935333
1500 0.972667
1500 0.974
1500 0.998
1500 0.947333
1500 0.921333
1500 0.945333
1500 0.903333
1500 0.964667
1500 0.945333
1500 0.944
1500 0.945333
1500 0.958
1500 0.986667
1500 0.999333
1500 0.975333
1500 0.95
1500 0.970667
1500 0.962667
1500 0.942667
1500 0.956667
1500 0.934667
1500 0.951333
1500 0.962
1500 0.970667
1500 0.996667
1500 0.988
1500 0.996
1500 0.998
1500 0.992667
1500 0.948667
1500 0.966
1500 0.941333
1500 0.977333
1500 0.996
1500 0.942667
1500 0.995333
1500 0.964667
1500 0.96
1500 0.924667
1500 0.969333
1500 0.970667
1500 0.946
1500 0.910667
1550 0.987097
1550 0.965161
1550 0.980645
1550 0.997419
1550 0.894194
1550 0.955484
1550 0.970968
1550 0.915484
1550 0.974839
1550 0.612258
1550 0.963226
1550 0.963871
1550 0.892258
1550 0.946452
1550 0.988387
1550 0.961935
1550 0.944516
1550 0.999355
1550 0.979355
1550 0.935484
1550 0.929677
1550 0.991613
1550 0.967097
1550 0.954194
1550 0.983226
1550 0.96129
1550 0.963871
1550 0.943871
1550 0.966452
1550 0.983871
1550 0.942581
1550 0.963226
1550 0.962581
1550 0.939355
1550 0.932258
1550 0.923226
1550 0.994194
1550 0.901935
1550 0.961935
1550 0.937419
1550 0.962581
1550 0.967742
1550 0.963226
1550 0.91871
1550 0.976129
1550 0.976774
1550 0.985806
1550 0.996129
1550 0.950323
1550 0.960645
1550 0.976129
1550 0.959355
1550 0.991613
1550 0.989677
1550 1
1550 0.98129
1550 0.948387
1550 1
1550 0.980645
1550 0.990323
1550 0.987097
1550 0.981935
1550 0.950968
1550 0.970968
1550 0.993548
1550 0.967742
1550 0.954839
1550 0.888387
1550 0.966452
1550 0.892258
1550 0.970968
1550 0.987097
1550 0.997419
1550 0.932258
1550 0.970323
1600 0.89125
1600 0.94375
1600 0.953125
1600 0.946875
1600 0.971875
1600 0.989375
1600 0.969375
1600 0.9375
1600 0.9425
1600 0.9675
1600 0.915
1600 0.966875
1600 0.963125
1600 0.98625
1600 0.956875
1600 0.991875
1600 0.985
1600 0.898125
1600 0.9525
1600 0.88375
1600 0.9625
1600 0.9725
1600 0.97625
1600 1
1600 0.954375
1600 0.96125
1600 0.990625
1600 0.963125
1600 0.960625
1600 0.899375
1600 0.975
1600 0.975
1600 0.95
1600 0.97375
1600 0.956875
1600 0.98
1600 0.933125
1600 0.966875
1600 0.949375
1600 0.98125
1600 0.9375
1600 0.98
1600 0.98
1600 0.986875
1600 0.99
1600 0.994375
1600 0.9675
1600 0.964375
1600 0.965625
1600 0.925
1600 0.9975
1600 0.98875
1600 0.9475
1600 0.98625
1600 0.94875
1600 0.979375
1600 0.88375
1600 0.95
1600 0.92375
1600 0.939375
1600 0.974375
1600 0.955625
1600 0.95
1600 0.9325
1600 0.949375
1600 0.976875
1600 0.97375
1600 0.98
1600 0.97875
1600 0.995
1600 0.99125
1600 0.9875
1600 0.936875
1600 0.93125
1600 0.994375
1650 0.970303
1650 0.964242
1650 0.913333
1650 0.968485
1650 0.968485
1650 0.840606
1650 0.96
1650 0.908485
1650 0.989697
1650 0.986061
1650 0.968485
1650 0.970303
1650 0.96303
1650 0.941212
1650 0.978788
1650 0.952121
1650 0.989091
1650 0.975758
1650 0.981818
1650 0.989091
1650 0.977576
1650 0.972121
1650 0.984242
1650 0.987273
1650 0.980606
1650 0.945455
1650 0.994545
1650 0.996364
1650 0.944242
1650 0.872121
1650 0.977576
1650 0.893333
1650 0.970909
1650 0.959394
1650 0.915758
1650 0.984848
1650 0.932727
1650 0.947879
1650 0.989091
1650 0.947879
1650 0.995152
1650 0.946667
1650 0.958182
1650 0.938182
1650 0.951515
1650 0.918788
1650 0.990909
1650 0.959394
1650 0.938182
1650 0.955152
1650 0.946061
1650 0.96
1650 0.938788
1650 0.995152
1650 0.981818
1650 0.944848
1650 1
1650 0.97697
1650 0.952727
1650 0.946061
1650 0.985455
1650 0.978788
1650 0.910909
1650 0.970303
1650 0.892121
1650 0.932121
1650 0.968485
1650 0.950303
1650 0.972727
1650 0.995152
1650 0.853333
1650 0.973939
1650 0.978788
1650 0.864848
1650 0.967273
1700 0.962941
1700 0.994118
1700 0.911176
1700 0.968824
1700 0.993529
1700 0.943529
1700 0.925882
1700 0.943529
1700 0.927647
1700 0.975294
1700 0.966471
1700 0.930588
1700 0.901176
1700 0.987059
1700 0.879412
1700 0.951176
1700 0.994706
1700 0.949412
1700 0.967647
1700 0.978824
1700 0.938235
1700 0.943529
1700 0.929412
1700 0.856471
1700 0.936471
1700 0.982353
1700 0.94
1700 0.977059
1700 0.994706
1700 0.931176
1700 0.914706
1700 0.925294
1700 0.958824
1700 0.978235
1700 0.952353
1700 0.988824
1700 0.955882
1700 0.941176
1700 0.958824
1700 0.941765
1700 0.924118
1700 0.932353
1700 0.992941
1700 0.921765
1700 0.977059
1700 0.895882
1700 0.974706
1700 0.939412
1700 0.971176
1700 0.990588
1700 0.998824
1700 0.977647
1700 0.986471
1700 1
1700 0.981176
1700 0.995882
1700 0.94
1700 0.950588
1700 0.924706
1700 0.919412
1700 0.986471
1700 0.897647
1700 0.898235
1700 0.964118
1700 0.977647
1700 0.981765
1700 0.906471
1700 0.977059
1700 0.980588
1700 0.914118
1700 0.959412
1700 0.939412
1700 0.933529
1700 0.981765
1700 0.95
1750 0.958286
1750 0.918286
1750 0.949143
1750 0.916
1750 0.961714
1750 0.969714
1750 0.957714
1750 0.930286
1750 0.995429
1750 0.924571
1750 0.974857
1750 0.982286
1750 0.972571
1750 0.972571
1750 0.872571
1750 0.959429
1750 0.967429
1750 0.989143
1750 0.928571
1750 0.978857
1750 0.998857
1750 0.988
1750 0.971429
1750 0.888
1750 0.902286
1750 0.937714
1750 0.935429
1750 0.951429
1750 0.937714
1750 0.945714
1750 0.949714
1750 0.980571
1750 0.945714
1750 0.977143
1750 0.949714
1750 0.969143
1750 0.974286
1750 0.974857
1750 0.948
1750 0.992571
1750 0.924
1750 0.930857
1750 0.953143
1750 0.985714
1750 0.947429
1750 0.986857
1750 0.977143
1750 0.937714
1750 0.929714
1750 0.949143
1750 0.961714
1750 0.965714
1750 0.903429
1750 0.951429
1750 0.947429
1750 0.986857
1750 0.984571
1750 0.943429
1750 0.948571
1750 0.983429
1750 0.967429
1750 0.941143
1750 0.971429
1750 0.974286
1750 0.952
1750 0.993714
1750 0.974857
1750 0.992
1750 0.942857
1750 0.953714
1750 0.521143
1750 0.945714
1750 0.936
1750 0.950857
1750 1
1800 0.958889
1800 0.977222
1800 0.97
1800 0.917222
1800 0.978889
1800 0.975556
1800 0.95
1800 0.92
1800 0.961667
1800 0.927222
1800 0.957222
1800 0.973889
1800 0.923889
1800 0.933333
1800 0.958333
1800 0.988333
1800 0.924444
1800 0.996667
1800 0.889444
1800 0.925
1800 0.932222
1800 0.973333
1800 0.963889
1800 0.987778
1800 0.97
1800 0.902778
1800 0.975
1800 0.932778
1800 0.996111
1800 0.935
1800 0.986111
1800 0.997778
1800 0.955556
1800 0.984444
1800 0.974444
1800 0.986667
1800 0.943889
1800 0.973333
1800 0.959444
1800 0.936667
1800 0.958889
1800 0.998889
1800 0.926111
1800 0.975
1800 0.984444
1800 0.994444
1800 0.991667
1800 0.954444
1800 0.96
1800 0.957778
1800 0.972778
1800 0.972222
1800 0.962778
1800 0.946667
1800 0.962778
1800 0.975
1800 0.926111
1800 0.993889
1800 0.957222
1800 0.95
1800 0.947222
1800 0.964444
1800 0.986667
1800 0.943333
1800 0.941667
1800 0.97
1800 0.990556
1800 0.965
1800 0.939444
1800 0.973889
1800 0.933889
1800 0.995556
1800 0.946111
1800 0.996667
1800 0.964444
1850 0.911351
1850 0.943243
1850 0.988108
1850 0.955135
1850 0.963243
1850 0.934054
1850 0.986486
1850 0.943243
1850 0.92973
1850 0.946486
1850 0.915135
1850 0.937838
1850 0.975676
1850 0.933514
1850 0.998378
1850 0.962162
1850 0.98973
1850 0.988649
1850 0.971892
1850 0.9
1850 0.948649
1850 0.895676
1850 0.977297
1850 0.964865
1850 0.972432
1850 0.936757
1850 0.965946
1850 0.938919
1850 0.948108
1850 0.997297
1850 0.96
1850 0.996757
1850 0.922703
1850 0.97027
1850 0.984865
1850 0.962703
1850 0.982162
1850 0.964865
1850 0.975676
1850 0.938378
1850 0.994054
1850 0.974054
1850 0.957838
1850 0.963784
1850 0.935676
1850 0.994054
1850 0.950811
1850 0.931892
1850 0.961081
1850 0.985946
1850 0.924324
1850 0.979459
1850 0.990811
1850 0.963243
1850 0.914595
1850 0.947568
1850 1
1850 0.968108
1850 0.937838
1850 0.99027
1850 0.954595
1850 0.994054
1850 0.98
1850 0.905405
1850 0.998919
1850 0.99027
1850 0.922162
1850 0.928649
1850 0.983784
1850 0.971892
1850 0.929189
1850 0.960541
1850 0.948649
1850 0.916757
1850 0.955676
1900 0.944737
1900 0.953158
1900 0.961053
1900 0.970526
1900 0.950526
1900 0.945789
1900 0.932105
1900 0.958421
1900 0.986316
1900 0.960526
1900 0.991053
1900 0.934211
1900 0.986842
1900 0.925789
1900 0.978421
1900 0.956316
1900 0.986842
1900 0.995263
1900 0.895263
1900 0.995263
1900 0.947895
1900 0.933158
1900 0.953158
1900 0.933684
1900 0.928947
1900 0.956842
1900 0.96
1900 0.980526
1900 0.913684
1900 0.975789
1900 0.971053
1900 0.983684
1900 0.983684
1900 0.944211
1900 0.975263
1900 0.943158
1900 0.997368
1900 0.976842
1900 0.971579
1900 0.993684
1900 0.982632
1900 0.985789
1900 0.985263
1900 0.934211
1900 0.971053
1900 0.922632
1900 1
1900 0.916316
1900 0.945263
1900 0.940526
1900 0.993158
1900 0.989474
1900 0.992105
1900 0.989474
1900 0.977368
1900 0.974737
1900 0.990526
1900 0.948947
1900 0.991579
1900 0.947368
1900 0.981579
1900 0.95
1900 0.935263
1900 0.945263
1900 0.961053
1900 0.869474
1900 0.931579
1900 0.984211
1900 0.995263
1900 0.974737
1900 0.961579
1900 0.975263
1900 0.985789
1900 0.962105
1900 0.977368
1950 0.915897
1950 0.921538
1950 0.997436
1950 0.947692
1950 0.962051
1950 0.988205
1950 0.938974
1950 0.98359
1950 0.955897
1950 0.949744
1950 0.986154
1950 0.954872
1950 0.990769
1950 0.968205
1950 0.990256
1950 0.907692
1950 0.96
1950 0.98359
1950 0.964615
1950 0.973333
1950 0.992821
1950 0.961538
1950 0.955385
1950 0.97641
1950 0.990769
1950 0.977436
1950 0.987692
1950 0.971282
1950 0.898974
1950 0.944615
1950 0.957436
1950 0.989231
1950 0.958462
1950 0.98359
1950 0.962564
1950 0.947692
1950 0.913846
1950 0.989744
1950 0.982564
1950 0.974872
1950 0.994872
1950 0.981538
1950 0.983077
1950 0.96
1950 0.917949
1950 0.949744
1950 0.976923
1950 0.979487
1950 0.981026
1950 0.951795
1950 0.958462
1950 0.969744
1950 0.948718
1950 0.960513
1950 0.965128
1950 0.966667
1950 0.983077
1950 0.995385
1950 0.991795
1950 0.923077
1950 0.947179
1950 0.953333
1950 0.957436
1950 0.968718
1950 0.964615
1950 0.963077
1950 0.993846
1950 0.936923
1950 0.985641
1950 0.945641
1950 0.994359
1950 0.890769
1950 0.96359
1950 0.932821
1950 0.969744
2000 0.9545
2000 0.9535
2000 0.9525
2000 0.955
2000 0.984
2000 0.972
2000 0.9995
2000 0.939
2000 0.975
2000 0.9065
2000 0.967
2000 0.973
2000 0.969
2000 0.9855
2000 0.9865
2000 0.9875
2000 0.947
2000 0.943
2000 0.9665
2000 0.926
2000 0.942
2000 0.927
2000 0.988
2000 0.997
2000 0.947
2000 0.9735
2000 0.9415
2000 0.936
2000 0.973
2000 0.92
2000 0.9705
2000 0.9385
2000 0.9705
2000 0.9905
2000 0.9645
2000 0.982
2000 0.9805
2000 0.9575
2000 0.922
2000 0.9625
2000 0.952
2000 0.9865
2000 0.937
2000 0.973
2000 0.996
2000 0.9635
2000 0.968
2000 0.941
2000 0.931
2000 0.9675
2000 0.964
2000 0.979
2000 0.957
2000 0.979
2000 0.9895
2000 0.9375
2000 0.9665
2000 0.945
2000 0.946
2000 0.8915
2000 0.9325
2000 0.956
2000 0.903
2000 0.9975
2000 0.9845
2000 0.9725
2000 0.9235
2000 0.9565
2000 0.9745
2000 0.9945
2000 0.9465
2000 0.982
2000 0.986
2000 0.976
2000 0.9085
