50 0.12
50 0.48
50 0.1
50 0.56
50 0.26
50 0.18
50 0.32
50 0.54
50 0
50 0.22
50 0.06
50 0
50 0.04
50 0.14
50 0.18
50 0.06
50 0.08
50 0.58
50 0.36
50 0.02
50 0.16
50 0.04
50 0
50 0
50 0.06
50 0.26
50 0.34
50 0.32
50 0.18
50 0.14
50 0.48
50 0
50 0
50 0.2
50 0.06
50 0
50 0
50 0.2
50 0.02
50 0
50 0
50 0.2
50 0.1
50 0
50 0.56
50 0.44
50 0.18
50 0.48
50 0.4
50 0.38
50 0.06
50 0.04
50 0.56
50 0
50 0.62
50 0
50 0.44
50 0.44
50 0
50 0.08
50 0.42
50 0.38
50 0.14
50 0.08
50 0
50 0.26
50 0.1
50 0
50 0.5
50 0.1
50 0.06
50 0.02
50 0.08
50 0.72
50 0.08
100 0.3
100 0.04
100 0.39
100 0.7
100 0.82
100 0.79
100 0.55
100 0.91
100 0.86
100 0.47
100 0.86
100 0.53
100 0.13
100 0.07
100 0.23
100 0.28
100 0.66
100 0.42
100 0.56
100 0.71
100 0.65
100 0.67
100 0.58
100 0.56
100 0.51
100 0.26
100 0
100 0.57
100 0.84
100 0.6
100 0.77
100 0.47
100 0.27
100 0.76
100 0.82
100 0.47
100 0.7
100 0.54
100 0.02
100 0.54
100 0.75
100 0.89
100 0.34
100 0.83
100 0.79
100 0.72
100 0.55
100 0.38
100 0.08
100 0.52
100 0.27
100 0.35
100 0.16
100 0.62
100 0.55
100 0.97
100 0.84
100 0.84
100 0.22
100 0.8
100 0.79
100 0.58
100 0.32
100 0.46
100 0.19
100 0.16
100 0.17
100 0.2
100 0.71
100 0.66
100 0.05
100 0.63
100 0.52
100 0.16
100 0.25
150 0.573333
150 0.573333
150 0.92
150 0.8
150 0.606667
150 0.906667
150 0.76
150 0.9
150 0.82
150 0.633333
150 0.9
150 0.886667
150 0.493333
150 0.533333
150 0.886667
150 0.686667
150 0.986667
150 0.66
150 0.473333
150 0.806667
150 0.74
150 0.933333
150 0.56
150 0.286667
150 0.693333
150 0.793333
150 0.746667
150 0.88
150 0.753333
150 0.766667
150 0.753333
150 0.753333
150 0.866667
150 0.96
150 0.693333
150 0.553333
150 0.42
150 0.533333
150 0.553333
150 0.846667
150 0.853333
150 0.373333
150 0.44
150 0.406667
150 0.273333
150 0.866667
150 0.78
150 0.833333
150 0.733333
150 0.32
150 0.64
150 0.613333
150 0.726667
150 0.806667
150 0.726667
150 0.72
150 0.766667
150 0.813333
150 0.353333
150 0.686667
150 0.793333
150 0.76
150 0.926667
150 0.74
150 0.846667
150 0.693333
150 0.833333
150 0.38
150 0.973333
150 0.566667
150 0.22
150 0.493333
150 0.746667
150 0.733333
150 0.806667
200 0.65
200 0.43
200 0.985
200 0.74
200 0.715
200 0.85
200 0.595
200 0.89
200 0.765
200 0.86
200 0.87
200 0.555
200 0.785
200 0.935
200 0.68
200 0.8
200 0.825
200 0.855
200 0.925
200 0.875
200 0.7
200 0.9
200 0.59
200 0.895
200 0.83
200 0.68
200 0.955
200 0.565
200 0.7
200 0.775
200 0.735
200 0.865
200 0.71
200 0.865
200 0.69
200 0.885
200 0.585
200 0.765
200 0.835
200 0.48
200 0.73
200 0.905
200 0.865
200 0.605
200 0.89
200 0.8
200 0.825
200 0.775
200 0.83
200 0.775
200 0.115
200 0.855
200 0.86
200 0.755
200 0.895
200 0.925
200 0.87
200 0.62
200 0.845
200 0.725
200 0.365
200 0.68
200 0.96
200 0.835
200 0.735
200 0.665
200 0.67
200 0.89
200 0.625
200 0.94
200 0.745
200 0.4
200 0.84
200 0.91
200 0.825
250 0.8
250 0.908
250 0.876
250 0.856
250 0.884
250 0.876
250 0.94
250 0.908
250 0.688
250 0.856
250 0.896
250 0.852
250 0.928
250 0.856
250 0.804
250 0.94
250 0.892
250 0.816
250 0.82
250 0.948
250 0.896
250 0.788
250 0.732
250 0.872
250 0.952
250 0.908
250 0.836
250 0.988
250 0.748
250 0.868
250 0.756
250 0.888
250 0.884
250 0.872
250 0.748
250 0.7
250 0.912
250 0.772
250 0.8
250 0.76
250 0.932
250 0.584
250 0.956
250 0.484
250 0.876
250 0.912
250 0.948
250 0.584
250 0.904
250 0.9
250 0.912
250 0.628
250 0.748
250 0.8
250 0.896
250 0.952
250 0.8
250 0.908
250 0.868
250 0.948
250 0.844
250 0.844
250 0.864
250 0.82
250 0.788
250 0.724
250 0.836
250 0.844
250 0.848
250 0.948
250 0.64
250 0.56
250 0.932
250 0.956
250 0.828
300 0.846667
300 0.97
300 0.896667
300 0.93
300 0.686667
300 0.96
300 0.87
300 0.9
300 0.926667
300 0.87
300 0.956667
300 0.826667
300 0.79
300 0.846667
300 0.926667
300 0.753333
300 0.873333
300 0.916667
300 0.923333
300 0.86
300 0.933333
300 0.886667
300 0.883333
300 0.95
300 0.966667
300 0.9
300 0.96
300 0.843333
300 0.883333
300 0.916667
300 0.77
300 0.886667
300 0.833333
300 0.866667
300 0.843333
300 0.9
300 0.883333
300 0.97
300 0.943333
300 0.973333
300 0.933333
300 0.87
300 1
300 0.81
300 0.76
300 0.726667
300 0.84
300 0.916667
300 0.633333
300 0.973333
300 0.926667
300 0.903333
300 0.766667
300 0.746667
300 0.903333
300 0.8
300 0.94
300 0.913333
300 0.896667
300 0.88
300 0.673333
300 0.83
300 0.893333
300 0.81
300 0.823333
300 0.963333
300 0.946667
300 0.84
300 0.906667
300 0.943333
300 0.86
300 0.906667
300 0.876667
300 0.86
300 0.826667
350 0.871429
350 0.934286
350 0.891429
350 0.76
350 0.962857
350 0.565714
350 0.791429
350 0.937143
350 0.945714
350 0.982857
350 0.917143
350 0.828571
350 0.911429
350 0.86
350 0.905714
350 0.62
350 0.845714
350 0.894286
350 0.78
350 0.888571
350 0.891429
350 0.734286
350 0.98
350 0.977143
350 0.914286
350 0.937143
350 0.931429
350 0.914286
350 0.911429
350 0.931429
350 0.802857
350 1
350 0.84
350 0.968571
350 0.885714
350 0.865714
350 0.971429
350 0.594286
350 0.865714
350 0.862857
350 0.837143
350 0.908571
350 0.911429
350 0.857143
350 0.974286
350 0.925714
350 0.997143
350 0.974286
350 0.905714
350 0.908571
350 0.854286
350 0.922857
350 0.968571
350 0.851429
350 0.845714
350 0.937143
350 0.988571
350 0.888571
350 0.922857
350 0.897143
350 0.905714
350 0.84
350 0.914286
350 0.902857
350 0.937143
350 0.888571
350 0.928571
350 0.894286
350 0.968571
350 0.871429
350 0.88
350 0.931429
350 0.897143
350 0.894286
350 0.888571
400 0.92
400 0.86
400 0.9275
400 0.7425
400 0.7475
400 0.9275
400 0.885
400 0.5775
400 1
400 0.8775
400 0.895
400 0.94
400 0.87
400 0.8425
400 0.885
400 0.895
400 0.86
400 0.5425
400 0.9125
400 0.92
400 0.9575
400 0.8275
400 0.9125
400 0.7675
400 0.9925
400 0.93
400 0.9575
400 0.6325
400 0.8525
400 0.9425
400 0.915
400 0.905
400 0.91
400 0.9025
400 0.965
400 0.9525
400 0.8325
400 0.185
400 0.93
400 0.935
400 0.98
400 0.975
400 0.9075
400 0.94
400 0.93
400 0.9525
400 0.8175
400 0.745
400 0.905
400 0.92
400 0.96
400 0.8975
400 0.885
400 0.935
400 0.8525
400 0.905
400 0.925
400 0.89
400 0.98
400 0.8825
400 0.865
400 0.865
400 0.925
400 0.9175
400 0.9875
400 0.8475
400 0.89
400 0.9275
400 0.9525
400 0.95
400 0.8525
400 0.835
400 0.885
400 0.9425
400 0.9925
450 0.937778
450 0.953333
450 0.844444
450 0.922222
450 0.871111
450 0.924444
450 0.977778
450 0.926667
450 0.862222
450 0.904444
450 0.902222
450 0.871111
450 0.908889
450 0.96
450 0.702222
450 0.946667
450 0.908889
450 0.871111
450 0.808889
450 0.977778
450 0.9
450 0.98
450 0.9
450 0.928889
450 0.897778
450 0.757778
450 0.904444
450 0.931111
450 0.946667
450 0.593333
450 0.922222
450 0.871111
450 0.977778
450 0.837778
450 0.904444
450 0.833333
450 0.951111
450 0.913333
450 0.933333
450 0.966667
450 0.935556
450 0.935556
450 0.864444
450 0.988889
450 0.933333
450 0.957778
450 0.871111
450 0.906667
450 0.88
450 0.971111
450 0.915556
450 0.86
450 0.853333
450 0.891111
450 0.96
450 0.98
450 0.853333
450 0.955556
450 0.944444
450 0.937778
450 0.988889
450 0.937778
450 0.937778
450 0.935556
450 0.968889
450 0.893333
450 0.902222
450 0.782222
450 0.746667
450 0.895556
450 0.897778
450 0.782222
450 0.906667
450 0.88
450 0.706667
500 0.948
500 0.874
500 0.984
500 0.966
500 0.796
500 0.97
500 0.978
500 0.912
500 0.832
500 0.938
500 0.918
500 0.88
500 0.832
500 0.944
500 0.926
500 0.924
500 0.99
500 0.948
500 0.992
500 0.94
500 0.88
500 0.988
500 0.934
500 0.938
500 0.896
500 0.9
500 0.936
500 0.968
500 0.958
500 0.924
500 0.888
500 0.888
500 0.864
500 0.89
500 0.988
500 0.868
500 0.958
500 0.914
500 0.912
500 0.844
500 0.922
500 0.936
500 0.898
500 0.92
500 0.868
500 0.94
500 0.94
500 0.976
500 0.948
500 0.982
500 0.986
500 0.956
500 0.992
500 0.932
500 0.854
500 0.914
500 0.878
500 0.958
500 0.968
500 0.886
500 0.844
500 0.862
500 0.966
500 0.822
500 0.812
500 0.962
500 0.948
500 0.852
500 0.916
500 0.916
500 0.95
500 0.924
500 0.934
500 0.894
500 0.962
550 0.729091
550 0.892727
550 0.930909
550 0.912727
550 0.945455
550 0.936364
550 0.905455
550 0.88
550 0.932727
550 0.949091
550 0.850909
550 0.841818
550 0.876364
550 0.914545
550 0.929091
550 0.912727
550 0.858182
550 0.9
550 0.932727
550 0.856364
550 0.963636
550 0.841818
550 0.903636
550 0.930909
550 0.970909
550 0.925455
550 0.92
550 0.929091
550 0.852727
550 0.947273
550 0.892727
550 0.894545
550 0.969091
550 0
550 0.889091
550 0.903636
550 0.890909
550 0.912727
550 0.967273
550 0.961818
550 0.958182
550 0.901818
550 0.856364
550 0.838182
550 0.976364
550 0.932727
550 0.927273
550 0.949091
550 0.983636
550 0.943636
550 0.958182
550 0.96
550 0.894545
550 0.892727
550 0.82
550 0.921818
550 0.970909
550 0.807273
550 0.912727
550 0.730909
550 0.947273
550 0.892727
550 0.963636
550 0.96
550 0.961818
550 0.934545
550 0.958182
550 0.914545
550 0.894545
550 0.94
550 0.950909
550 0.941818
550 0.870909
550 0.9
550 0.936364
600 0.953333
600 0.955
600 0.948333
600 0.98
600 0.923333
600 0.976667
600 0.95
600 0.925
600 0.895
600 0.845
600 0.788333
600 0.961667
600 0.775
600 0.941667
600 0.956667
600 0.876667
600 0.98
600 0.825
600 0.978333
600 0.965
600 0.805
600 0.918333
600 0.968333
600 0.936667
600 0.861667
600 0.918333
600 0.951667
600 0.908333
600 0.946667
600 0.938333
600 0.926667
600 0.921667
600 0.96
600 0.948333
600 0.863333
600 0.925
600 0.933333
600 0.906667
600 0.89
600 0.991667
600 0.913333
600 0.951667
600 0.915
600 0.94
600 0.966667
600 0.96
600 0.878333
600 0.876667
600 0.896667
600 0.881667
600 0.931667
600 0.73
600 0.946667
600 0.925
600 0.98
600 0.966667
600 0.895
600 0.935
600 0.97
600 0.946667
600 0.865
600 0.971667
600 0.905
600 0.921667
600 0.921667
600 0.905
600 0.913333
600 0.938333
600 0.908333
600 0.915
600 0.938333
600 0.916667
600 0.97
600 0.933333
600 0.82
650 0.987692
650 0.844615
650 0.873846
650 0.964615
650 0.983077
650 0.938462
650 0.923077
650 0.941538
650 0.878462
650 0.932308
650 0.96
650 0.881538
650 0.916923
650 1
650 0.976923
650 0.930769
650 0.952308
650 0.82
650 0.961538
650 0.926154
650 0.912308
650 0.944615
650 0.970769
650 0.981538
650 0.966154
650 0.926154
650 0.94
650 0.953846
650 0.976923
650 0.926154
650 0.887692
650 0.989231
650 0.938462
650 0.955385
650 0.947692
650 0.944615
650 0.76
650 0.970769
650 0.938462
650 0.964615
650 0.898462
650 0.936923
650 0.847692
650 0.976923
650 0.893846
650 0.996923
650 0.875385
650 0.815385
650 0.958462
650 0.890769
650 0.918462
650 0.873846
650 0.983077
650 0.893846
650 0.904615
650 0.964615
650 0.88
650 0.963077
650 0.986154
650 0.983077
650 0.872308
650 0.932308
650 0.896923
650 0.967692
650 0.975385
650 0.926154
650 0.903077
650 0.956923
650 0.938462
650 0.895385
650 0.918462
650 0.981538
650 0.898462
650 0.907692
650 0.969231
700 0.937143
700 0.997143
700 0.93
700 0.858571
700 0.932857
700 0.948571
700 0.887143
700 0.935714
700 0.961429
700 0.938571
700 0.98
700 0.957143
700 0.87
700 0.954286
700 0.854286
700 0.934286
700 0.917143
700 0.915714
700 0.948571
700 0.952857
700 0.925714
700 0.9
700 0.965714
700 0.948571
700 0.92
700 0.93
700 0.97
700 0.862857
700 0.902857
700 0.904286
700 0.932857
700 0.925714
700 0.945714
700 0.972857
700 0.897143
700 0.972857
700 0.961429
700 0.865714
700 0.897143
700 0.885714
700 0.988571
700 0.652857
700 0.96
700 0.882857
700 0.761429
700 0.902857
700 0.931429
700 0.907143
700 0.93
700 0.968571
700 0.875714
700 0.822857
700 0.861429
700 0.907143
700 0.812857
700 0.867143
700 0.968571
700 0.938571
700 0.965714
700 0.914286
700 0.891429
700 0.937143
700 0.957143
700 0.71
700 0.928571
700 0.951429
700 0.91
700 0.967143
700 0.927143
700 0.905714
700 0.908571
700 0.997143
700 0.904286
700 0.91
700 0.942857
750 0.930667
750 0.910667
750 0.929333
750 0.937333
750 0.949333
750 0.930667
750 0.962667
750 0.925333
750 0.898667
750 0.873333
750 0.809333
750 0.938667
750 0.981333
750 0.846667
750 0.929333
750 0.933333
750 0.854667
750 0.928
750 0.921333
750 0.977333
750 0.969333
750 0.958667
750 0.949333
750 0.946667
750 0.985333
750 0.92
750 0.905333
750 0.962667
750 0.934667
750 0.946667
750 0.902667
750 0.949333
750 0.902667
750 0.912
750 0.92
750 0.982667
750 0.925333
750 0.910667
750 0.985333
750 0.950667
750 0.974667
750 0.784
750 0.956
750 0.936
750 0.950667
750 0.949333
750 0.929333
750 0.974667
750 0.882667
750 0.902667
750 0.962667
750 0.917333
750 0.906667
750 0.978667
750 0.981333
750 0.961333
750 0.952
750 0.965333
750 0.857333
750 0.88
750 0.949333
750 0.862667
750 0.904
750 0.808
750 0.937333
750 0.929333
750 0.910667
750 0.94
750 0.98
750 0.974667
750 0.917333
750 0.993333
750 0.914667
750 0.921333
750 0.918667
800 0.9225
800 0.7875
800 0.91125
800 0.97125
800 0.9475
800 0.9075
800 0.87375
800 0.81625
800 0.97375
800 0.89875
800 0.9
800 0.92625
800 0.97625
800 0.9825
800 0.93375
800 0.89
800 0.97
800 0.92875
800 0.9425
800 0.9175
800 0.91625
800 0.955
800 0.94875
800 0.96375
800 0.9725
800 0.965
800 0.975
800 0.93
800 0.93375
800 0.935
800 0.9875
800 0.86375
800 0.89625
800 0.91375
800 0.95625
800 0.83125
800 0.91375
800 0.9475
800 0.9625
800 0.99
800 0.9825
800 0.95
800 0.93875
800 0.7775
800 0.91375
800 0.9425
800 0.89375
800 0.935
800 0.9075
800 0.93
800 0.825
800 0.925
800 0.9525
800 0.9
800 0.86125
800 0.90125
800 0.9025
800 0.9375
800 0.99375
800 0.955
800 0.93375
800 0.97625
800 0.79
800 0.9525
800 0.9425
800 0.895
800 0.865
800 0.95
800 0.935
800 0.98375
800 0.95125
800 0.91125
800 0.98
800 1
800 0.935
850 0.936471
850 0.958824
850 0.915294
850 0.934118
850 0.965882
850 0.904706
850 0.887059
850 0.895294
850 0.832941
850 0.984706
850 0.941176
850 0.947059
850 0.898824
850 0.941176
850 0.977647
850 0.903529
850 0.883529
850 0.987059
850 0.96
850 0.904706
850 0.965882
850 0.928235
850 0.922353
850 0.936471
850 0.917647
850 0.909412
850 0.928235
850 0.96
850 0.938824
850 0.892941
850 0.892941
850 0.897647
850 0.975294
850 0.898824
850 0.955294
850 0.972941
850 0.957647
850 0.936471
850 0.950588
850 0.935294
850 0.883529
850 0.969412
850 0.937647
850 0.902353
850 0.912941
850 0.936471
850 0.976471
850 0.941176
850 0.871765
850 0.818824
850 0.981176
850 0.949412
850 0.891765
850 0.96
850 0.957647
850 0.975294
850 0.968235
850 0.923529
850 0.96
850 0.934118
850 0.905882
850 0.969412
850 0.892941
850 0.918824
850 0.938824
850 1
850 0.976471
850 0.891765
850 0.982353
850 0.902353
850 0.990588
850 0.874118
850 0.931765
850 0.969412
850 0.850588
900 0.937778
900 0.981111
900 0.971111
900 0.93
900 0.984444
900 0.91
900 0.936667
900 0.934444
900 0.961111
900 0.941111
900 0.982222
900 0.936667
900 0.992222
900 0.935556
900 0.926667
900 0.99
900 0.934444
900 0.957778
900 0.814444
900 0.876667
900 0.966667
900 0.943333
900 0.947778
900 0.968889
900 0.868889
900 0.903333
900 0.885556
900 0.935556
900 0.925556
900 0.858889
900 0.967778
900 0.944444
900 0.893333
900 0.93
900 0.915556
900 0.941111
900 0.93
900 0.956667
900 0.931111
900 0.872222
900 0.895556
900 0.863333
900 0.955556
900 0.891111
900 0.894444
900 0.987778
900 0.938889
900 0.976667
900 0.908889
900 0.947778
900 0.954444
900 0.988889
900 0.775556
900 0.941111
900 0.943333
900 0.924444
900 0.908889
900 0.99
900 0.955556
900 0.945556
900 0.934444
900 0.992222
900 0.923333
900 0.988889
900 0.841111
900 0.911111
900 0.971111
900 0.963333
900 0.981111
900 0.882222
900 0.976667
900 0.964444
900 0.928889
900 0.994444
900 0.942222
950 0.990526
950 0.958947
950 0.903158
950 0.856842
950 0.976842
950 0.908421
950 0.943158
950 0.967368
950 0.958947
950 0.88
950 0.869474
950 0.951579
950 0.916842
950 0.922105
950 0.963158
950 0.952632
950 0.963158
950 0.936842
950 0.977895
950 0.996842
950 0.853684
950 0.952632
950 0.927368
950 0.891579
950 0.915789
950 0.950526
950 0.867368
950 0.977895
950 0.969474
950 0.963158
950 0.944211
950 0.957895
950 0.987368
950 0.984211
950 0.923158
950 0.933684
950 0.926316
950 0.857895
950 0.964211
950 0.933684
950 0.964211
950 0.905263
950 0.929474
950 0.967368
950 0.964211
950 0.892632
950 0.930526
950 0.933684
950 0.96
950 0.992632
950 0.92
950 0.921053
950 0.964211
950 0.945263
950 0.837895
950 0.982105
950 0.915789
950 0.913684
950 0.927368
950 0.933684
950 0.906316
950 0.945263
950 0.881053
950 0.971579
950 0.993684
950 0.937895
950 0.94
950 0.976842
950 0.843158
950 0.934737
950 0.929474
950 0.870526
950 0.941053
950 0.970526
950 0.956842
1000 0.923
1000 0.895
1000 0.96
1000 0.937
1000 0.964
1000 0.995
1000 0.967
1000 0.925
1000 0.999
1000 0.875
1000 0.952
1000 0.952
1000 0.937
1000 0.999
1000 0.927
1000 0.876
1000 0.992
1000 0.909
1000 0.921
1000 0.941
1000 0.953
1000 0.92
1000 0.96
1000 0.987
1000 0.9
1000 0.962
1000 0.866
1000 0.999
1000 0.939
1000 0.952
1000 0.871
1000 0.916
1000 0.962
1000 0.892
1000 0.907
1000 0.973
1000 0.987
1000 0.935
1000 0.886
1000 0.935
1000 0.918
1000 0.92
1000 0.969
1000 0.883
1000 0.959
1000 0.937
1000 0.941
1000 0.893
1000 0.876
1000 0.971
1000 0.938
1000 0.914
1000 0.969
1000 0.981
1000 0.952
1000 0.979
1000 0.926
1000 0.93
1000 0.955
1000 0.928
1000 0.87
1000 0.908
1000 0.987
1000 0.988
1000 0.891
1000 0.864
1000 0.927
1000 0.943
1000 0.913
1000 0.933
1000 0.96
1000 0.894
1000 0.938
1000 0.98
1000 0.964
1050 0.991429
1050 0.986667
1050 0.986667
1050 0.985714
1050 0.686667
1050 0.927619
1050 0.940952
1050 0.933333
1050 0.946667
1050 0.922857
1050 0.97619
1050 0.953333
1050 0.961905
1050 0.928571
1050 0.958095
1050 0.900952
1050 0.94
1050 0.975238
1050 0.92
1050 0.939048
1050 0.952381
1050 0.927619
1050 0.962857
1050 0.973333
1050 0.998095
1050 0.882857
1050 0.898095
1050 0.927619
1050 0.925714
1050 0.958095
1050 0.933333
1050 0.981905
1050 0.946667
1050 0.944762
1050 0.901905
1050 0.845714
1050 0.952381
1050 0.967619
1050 0.911429
1050 0.927619
1050 0.91619
1050 0.997143
1050 0.817143
1050 0.834286
1050 0.935238
1050 0.94
1050 0.980952
1050 0.940952
1050 0.905714
1050 0.977143
1050 0.999048
1050 0.934286
1050 0.944762
1050 0.854286
1050 0.935238
1050 0.986667
1050 0.947619
1050 0.982857
1050 0.971429
1050 0.94381
1050 0.907619
1050 0.929524
1050 0.910476
1050 0.940952
1050 0.937143
1050 0.961905
1050 0.971429
1050 0.919048
1050 0.986667
1050 0.944762
1050 0.929524
1050 0.88381
1050 0.954286
1050 0.870476
1050 0.987619
1100 0.970909
1100 0.926364
1100 0.965455
1100 0.985455
1100 0.970909
1100 0.968182
1100 0.943636
1100 0.973636
1100 0.97
1100 0.974545
1100 0.971818
1100 0.945455
1100 0.969091
1100 0.948182
1100 0.953636
1100 0.988182
1100 0.938182
1100 0.894545
1100 0.971818
1100 0.93
1100 0.901818
1100 0.941818
1100 0.993636
1100 0.955455
1100 0.98
1100 0.869091
1100 0.934545
1100 0.97
1100 0.959091
1100 0.947273
1100 0.910909
1100 0.988182
1100 0.983636
1100 0.929091
1100 0.934545
1100 0.903636
1100 0.968182
1100 0.955455
1100 0.963636
1100 0.93
1100 0.922727
1100 0.934545
1100 0.935455
1100 0.945455
1100 0.954545
1100 0.959091
1100 0.925455
1100 0.955455
1100 0.970909
1100 0.973636
1100 0.837273
1100 0.971818
1100 0.904545
1100 0.928182
1100 0.880909
1100 0.974545
1100 0.89
1100 0.988182
1100 0.925455
1100 0.958182
1100 0.934545
1100 0.943636
1100 0.920909
1100 0.946364
1100 0.938182
1100 0.932727
1100 0.906364
1100 0.99
1100 0.932727
1100 0.952727
1100 0.917273
1100 0.985455
1100 0.905455
1100 0.984545
1100 0.857273
1150 0.945217
1150 0.938261
1150 0.942609
1150 0.971304
1150 0.969565
1150 0.91913
1150 0.915652
1150 0.905217
1150 0.946087
1150 1
1150 0.886957
1150 0.925217
1150 0.873913
1150 0.928696
1150 0.969565
1150 0.832174
1150 0.94
1150 0.896522
1150 0.961739
1150 0.931304
1150 0.917391
1150 0.953913
1150 0.892174
1150 0.966957
1150 0.997391
1150 0.958261
1150 0.950435
1150 0.947826
1150 0.953043
1150 0.995652
1150 0.978261
1150 0.950435
1150 0.893913
1150 0.93913
1150 0.971304
1150 0.976522
1150 0.864348
1150 0.942609
1150 0.955652
1150 0.915652
1150 0.883478
1150 0.948696
1150 0.911304
1150 0.96
1150 0.963478
1150 0.813043
1150 0.955652
1150 0.993913
1150 0.964348
1150 0.96
1150 0.942609
1150 0.911304
1150 0.951304
1150 0.843478
1150 0.943478
1150 0.973913
1150 0.923478
1150 0.942609
1150 0.891304
1150 0.926957
1150 0.956522
1150 0.93913
1150 0.951304
1150 0.793913
1150 0.902609
1150 0.933043
1150 0.926087
1150 0.976522
1150 0.96
1150 0.868696
1150 0.99913
1150 0.908696
1150 0.964348
1150 0.871304
1150 0.986957
1200 0.974167
1200 0.951667
1200 0.996667
1200 0.949167
1200 0.94
1200 0.8525
1200 0.874167
1200 0.950833
1200 0.9
1200 0.9775
1200 0.9525
1200 0.8725
1200 0.905833
1200 0.945833
1200 0.958333
1200 0.955
1200 0.974167
1200 0.9625
1200 0.988333
1200 0.989167
1200 0.9475
1200 0.9375
1200 0.959167
1200 0.898333
1200 0.979167
1200 0.978333
1200 0.864167
1200 0.945833
1200 0.983333
1200 0.95
1200 0.960833
1200 0.853333
1200 0.926667
1200 0.905833
1200 0.955
1200 0.936667
1200 0.968333
1200 0.925
1200 0.898333
1200 0.9325
1200 0.9325
1200 0.803333
1200 0.845833
1200 0.946667
1200 0.9675
1200 0.9725
1200 0.955
1200 0.956667
1200 0.898333
1200 0.975833
1200 0.953333
1200 0.900833
1200 0.940833
1200 0.99
1200 0.9275
1200 0.946667
1200 0.9175
1200 0.954167
1200 0.8475
1200 0.97
1200 0.9625
1200 0.985
1200 0.98
1200 0.936667
1200 0.988333
1200 0.9475
1200 0.966667
1200 0.855833
1200 0.985833
1200 0.871667
1200 0.934167
1200 0.869167
1200 0.966667
1200 0.916667
1200 0.938333
1250 0.96
1250 0.94
1250 0.9856
1250 0.9576
1250 0.9592
1250 0.9384
1250 0.9144
1250 0.9696
1250 0.9088
1250 0.9296
1250 0.98
1250 0.9984
1250 0.9408
1250 0.9296
1250 0.9656
1250 0.9768
1250 0.9776
1250 0.9432
1250 0.988
1250 0.9248
1250 0.9528
1250 0.916
1250 0.9176
1250 0.972
1250 0.9336
1250 0.9504
1250 0.94
1250 0.892
1250 0.908
1250 0.904
1250 0.9432
1250 0.9056
1250 0.9688
1250 0.968
1250 0.9272
1250 0.9648
1250 0.9672
1250 0.9264
1250 0.956
1250 0.9192
1250 0.9776
1250 0.9432
1250 0.9472
1250 0.9824
1250 0.9464
1250 0.908
1250 0.9608
1250 0.9568
1250 0.956
1250 0.944
1250 0.96
1250 0.9808
1250 0.9968
1250 0.9312
1250 0.9536
1250 0.9344
1250 0.9088
1250 0.9576
1250 0.964
1250 0.9168
1250 0.9496
1250 0.9304
1250 0.916
1250 0.9816
1250 0.9048
1250 0.9616
1250 0.9416
1250 0.96
1250 0.9072
1250 0.9688
1250 0.9152
1250 0.9912
1250 0.9808
1250 0.9112
1250 0.9632
1300 0.862308
1300 0.910769
1300 0.936154
1300 0.963077
1300 0.897692
1300 0.98
1300 0.944615
1300 0.976154
1300 0.998462
1300 0.973846
1300 0.923077
1300 0.996154
1300 0.917692
1300 0.906154
1300 0.954615
1300 0.985385
1300 0.978462
1300 0.930769
1300 0.987692
1300 0.940769
1300 0.92
1300 0.943846
1300 0.756154
1300 0.945385
1300 0.932308
1300 0.928462
1300 0.95
1300 0.954615
1300 0.909231
1300 0.859231
1300 0.955385
1300 0.953846
1300 0.923077
1300 0.985385
1300 0.956154
1300 0.966154
1300 0.924615
1300 0.926154
1300 0.974615
1300 0.963846
1300 0.925385
1300 0.963077
1300 0.960769
1300 0.957692
1300 0.903846
1300 0.953077
1300 0.953077
1300 0.968462
1300 0.906923
1300 0.925385
1300 0.961538
1300 0.944615
1300 0.920769
1300 0.966923
1300 0.936923
1300 0.943846
1300 0.958462
1300 0.965385
1300 0.960769
1300 0.986923
1300 0.925385
1300 0.948462
1300 0.928462
1300 0.898462
1300 0.958462
1300 1
1300 0.966923
1300 0.98
1300 0.933077
1300 0.909231
1300 0.968462
1300 0.989231
1300 0.952308
1300 0.955385
1300 0.923077
1350 0.905926
1350 0.942222
1350 0.971111
1350 0.965185
1350 0.9
1350 0.927407
1350 0.92
1350 0.94
1350 0.954815
1350 0.954074
1350 0.93037
1350 0.95037
1350 0.920741
1350 0.952593
1350 0.92963
1350 0.934074
1350 0.962222
1350 0.894815
1350 0.927407
1350 0.963704
1350 0.943704
1350 0.934815
1350 0.942963
1350 0.927407
1350 0.94
1350 0.89037
1350 0.992593
1350 0.921481
1350 0.98963
1350 0.955556
1350 0.985926
1350 0.897778
1350 0.956296
1350 0.96
1350 0.937037
1350 0.899259
1350 0.943704
1350 0.937778
1350 0.931111
1350 0.988889
1350 0.928148
1350 0.900741
1350 0.966667
1350 0.898519
1350 0.968148
1350 0.945926
1350 0.891111
1350 0.912593
1350 0.959259
1350 0.97037
1350 0.951111
1350 0.980741
1350 0.871111
1350 0.976296
1350 0.940741
1350 0.923704
1350 0.967407
1350 0.964444
1350 0.917778
1350 0.880741
1350 0.88
1350 0.920741
1350 0.974074
1350 0.859259
1350 0.941481
1350 0.953333
1350 0.975556
1350 0.933333
1350 0.983704
1350 0.9
1350 0.951852
1350 0.913333
1350 0.951852
1350 0.922222
1350 0.986667
1400 0.967143
1400 0.943571
1400 0.911429
1400 0.894286
1400 0.938571
1400 0.982857
1400 0.914286
1400 0.967857
1400 0.972143
1400 0.915714
1400 0.889286
1400 0.985
1400 0.922857
1400 0.877143
1400 0.978571
1400 0.847143
1400 0.994286
1400 0.964286
1400 0.943571
1400 0.945714
1400 0.933571
1400 0.965
1400 0.985
1400 0.942857
1400 0.903571
1400 0.901429
1400 0.938571
1400 0.875
1400 0.991429
1400 0.973571
1400 0.988571
1400 0.957143
1400 0.979286
1400 0.912857
1400 0.932857
1400 0.975
1400 0.954286
1400 0.913571
1400 0.984286
1400 0.930714
1400 0.962143
1400 0.980714
1400 0.972143
1400 0.870714
1400 0.935
1400 0.955714
1400 0.885714
1400 0.952857
1400 0.951429
1400 0.995714
1400 0.965714
1400 0.964286
1400 0.905714
1400 0.928571
1400 0.888571
1400 0.95
1400 0.9
1400 0.912143
1400 0.935
1400 0.95
1400 0.948571
1400 0.917143
1400 0.981429
1400 0.969286
1400 0.905
1400 0.944286
1400 0.95
1400 0.911429
1400 0.912857
1400 0.867143
1400 0.932857
1400 0.955714
1400 0.974286
1400 0.99
1400 0.961429
1450 0.92
1450 0.995862
1450 0.952414
1450 0.954483
1450 0.969655
1450 0.967586
1450 0.949655
1450 0.988276
1450 0.945517
1450 0.933103
1450 0.902759
1450 0.949655
1450 0.986207
1450 0.909655
1450 0.972414
1450 0.941379
1450 0.943448
1450 0.916552
1450 0.990345
1450 0.964138
1450 0.990345
1450 0.937931
1450 0.951034
1450 0.956552
1450 0.873103
1450 0.951724
1450 0.937931
1450 0.965517
1450 0.945517
1450 0.922759
1450 0.966207
1450 0.963448
1450 0.96069
1450 0.93931
1450 0.876552
1450 0.93931
1450 0.987586
1450 0.98
1450 0.873103
1450 0.937241
1450 0.904138
1450 0.94069
1450 0.955172
1450 0.997241
1450 0.957931
1450 0.967586
1450 0.91931
1450 0.906207
1450 0.906207
1450 0.975172
1450 0.947586
1450 0.963448
1450 0.990345
1450 0.98069
1450 0.992414
1450 0.921379
1450 0.975862
1450 0.98
1450 0.977241
1450 0.946897
1450 0.943448
1450 0.958621
1450 0.94
1450 0.962759
1450 0.927586
1450 0.901379
1450 0.996552
1450 0.942069
1450 0.853793
1450 0.970345
1450 0.972414
1450 0.995172
1450 0.875862
1450 0.947586
1450 0.944828
1500 0.934
1500 0.875333
1500 0.965333
1500 0.965333
1500 0.958
1500 0.96
1500 0.936
1500 0.901333
1500 0.868667
1500 0.868
1500 0.744
1500 0.954
1500 0.971333
1500 0.966667
1500 0.959333
1500 0.954
1500 0.888667
1500 0.94
1500 0.887333
1500 0.946
1500 0.991333
1500 0.959333
1500 0.922
1500 0.922667
1500 0.928
1500 0.906667
1500 0.894
1500 0.946
1500 0.969333
1500 0.928667
1500 0.944667
1500 0.963333
1500 0.903333
1500 0.972667
1500 0.964667
1500 0.999333
1500 0.938667
1500 0.884
1500 0.960667
1500 0.963333
1500 0.959333
1500 0.962667
1500 0.923333
1500 0.924
1500 0.994
1500 0.941333
1500 0.971333
1500 0.967333
1500 0.907333
1500 0.942
1500 0.899333
1500 0.956667
1500 0.972667
1500 0.921333
1500 0.972
1500 0.982667
1500 0.96
1500 0.972
1500 0.898
1500 0.974
1500 0.982667
1500 0.892667
1500 0.957333
1500 0.906
1500 0.980667
1500 0.968
1500 0.942667
1500 0.948
1500 0.954
1500 0.94
1500 0.932
1500 0.947333
1500 0.932
1500 0.946
1500 0.947333
1550 0.944516
1550 0.911613
1550 0.945161
1550 0.985806
1550 0.981935
1550 0.954839
1550 0.910323
1550 0.975484
1550 0.95871
1550 0.925806
1550 0.972903
1550 0.937419
1550 0.852258
1550 0.932258
1550 0.96129
1550 0.938065
1550 0.961935
1550 0.992903
1550 0.974839
1550 0.947097
1550 0.905806
1550 0.947742
1550 0.991613
1550 0.936129
1550 0.983226
1550 0.992903
1550 0.950323
1550 0.910968
1550 0.990323
1550 0.93871
1550 0.967742
1550 0.967742
1550 0.949677
1550 0.988387
1550 0.964516
1550 0.992903
1550 0.905161
1550 0.911613
1550 0.935484
1550 0.955484
1550 0.967097
1550 0.925806
1550 0.958065
1550 0.918065
1550 0.955484
1550 0.954839
1550 0.949677
1550 0.954194
1550 0.933548
1550 0.964516
1550 0.863871
1550 0.92
1550 0.972903
1550 0.94129
1550 0.974194
1550 0.888387
1550 0.971613
1550 0.914194
1550 0.939355
1550 0.96129
1550 0.963871
1550 0.956129
1550 0.973548
1550 0.949677
1550 0.970323
1550 0.943871
1550 0.917419
1550 0.943226
1550 0.987742
1550 0.923871
1550 0.97871
1550 0.940645
1550 0.919355
1550 0.960645
1550 0.971613
1600 0.90125
1600 0.91625
1600 0.931875
1600 0.90375
1600 0.96
1600 0.9225
1600 0.943125
1600 0.9475
1600 0.92875
1600 0.9075
1600 0.908125
1600 0.976875
1600 0.93125
1600 0.914375
1600 0.954375
1600 0.97125
1600 0.953125
1600 0.928125
1600 0.955625
1600 0.93875
1600 0.968125
1600 0.90875
1600 0.943125
1600 0.9775
1600 0.924375
1600 0.946875
1600 0.9275
1600 0.9525
1600 0.93125
1600 0.891875
1600 0.973125
1600 0.981875
1600 0.9475
1600 0.92375
1600 0.96
1600 0.95
1600 0.921875
1600 0.961875
1600 0.965
1600 0.964375
1600 0.966875
1600 0.941875
1600 0.96625
1600 0.96125
1600 0.9825
1600 0.916875
1600 0.891875
1600 0.956875
1600 0.9425
1600 0.915
1600 0.91375
1600 0.94375
1600 0.97875
1600 0.95
1600 0.933125
1600 0.9875
1600 0.881875
1600 0.973125
1600 0.995
1600 0.889375
1600 0.970625
1600 0.91875
1600 0.94
1600 0.9825
1600 0.950625
1600 0.93875
1600 0.975
1600 0.91
1600 0.969375
1600 0.955625
1600 0.978125
1600 0.926875
1600 0.954375
1600 0.91375
1600 0.95875
1650 0.981818
1650 0.938788
1650 0.925455
1650 0.999394
1650 0.917576
1650 0.912121
1650 0.962424
1650 0.986061
1650 0.947273
1650 0.973939
1650 0.923636
1650 0.863636
1650 0.989091
1650 0.949697
1650 0.974545
1650 0.910909
1650 0.930303
1650 0.922424
1650 0.98303
1650 0.998788
1650 0.921212
1650 0.918788
1650 0.973333
1650 0.915152
1650 0.921818
1650 0.961212
1650 0.972121
1650 0.990303
1650 0.947879
1650 0.923636
1650 0.992727
1650 0.895152
1650 0.930909
1650 0.965455
1650 0.946667
1650 0.955758
1650 0.939394
1650 0.938182
1650 0.886667
1650 0.935152
1650 0.957576
1650 0.993939
1650 0.933939
1650 0.88303
1650 0.939394
1650 0.952727
1650 0.966061
1650 0.931515
1650 0.940606
1650 0.950909
1650 0.939394
1650 0.915152
1650 0.962424
1650 0.969697
1650 0.944848
1650 0.906667
1650 0.914545
1650 0.966667
1650 0.861212
1650 0.840606
1650 0.946667
1650 0.944848
1650 0.88
1650 0.79697
1650 0.970303
1650 0.972727
1650 0.98303
1650 0.963636
1650 0.950909
1650 0.984242
1650 0.874545
1650 0.885455
1650 0.995758
1650 0.901818
1650 0.950303
1700 0.880588
1700 0.981765
1700 0.907647
1700 0.963529
1700 0.888235
1700 0.964706
1700 0.964118
1700 0.997059
1700 0.892941
1700 0.950588
1700 0.903529
1700 0.945294
1700 0.921176
1700 0.944118
1700 0.902353
1700 0.988235
1700 0.922353
1700 0.965294
1700 0.983529
1700 0.936471
1700 0.951176
1700 0.904706
1700 0.991176
1700 0.915294
1700 0.870588
1700 0.955882
1700 0.948235
1700 0.869412
1700 0.965882
1700 0.906471
1700 0.892941
1700 0.908824
1700 0.977647
1700 0.921765
1700 0.949412
1700 0.945882
1700 0.971765
1700 0.892941
1700 0.934706
1700 0.927647
1700 0.958824
1700 0.892353
1700 0.929412
1700 0.882353
1700 0.952353
1700 0.854706
1700 0.961765
1700 0.900588
1700 0.97
1700 0.982941
1700 0.958824
1700 0.897647
1700 0.892353
1700 0.951765
1700 0.931176
1700 0.948824
1700 0.939412
1700 0.875294
1700 0.958824
1700 0.940588
1700 0.978824
1700 0.887647
1700 0.942941
1700 0.951176
1700 0.937059
1700 0.960588
1700 0.892353
1700 0.916471
1700 0.980588
1700 0.924118
1700 0.967059
1700 0.951765
1700 0.971176
1700 0.982941
1700 0.944706
1750 0.958286
1750 0.937714
1750 0.884
1750 0.905714
1750 0.942857
1750 0.954857
1750 0.913714
1750 0.903429
1750 0.988
1750 0.926857
1750 0.955429
1750 0.938857
1750 0.925714
1750 0.915429
1750 0.902857
1750 0.955429
1750 0.957143
1750 0.976571
1750 0.905714
1750 0.977714
1750 0.954286
1750 0.957714
1750 0.960571
1750 0.906286
1750 0.995429
1750 0.947429
1750 0.936571
1750 0.949143
1750 0.978286
1750 0.943429
1750 0.863429
1750 0.956571
1750 0.929714
1750 0.998286
1750 0.954286
1750 0.957143
1750 0.96
1750 0.950286
1750 0.949714
1750 0.982857
1750 0.938286
1750 0.902286
1750 0.918857
1750 0.946857
1750 0.929143
1750 0.962857
1750 0.96
1750 0.914857
1750 0.9
1750 0.96
1750 0.889143
1750 0.974857
1750 0.933714
1750 0.960571
1750 0.978286
1750 0.972
1750 0.918857
1750 0.966857
1750 0.889714
1750 0.990286
1750 0.982286
1750 0.960571
1750 0.939429
1750 0.959429
1750 0.968571
1750 0.949143
1750 0.921143
1750 0.982857
1750 0.904
1750 0.925714
1750 0.552571
1750 0.996571
1750 0.943429
1750 0.962286
1750 0.953714
1800 0.920556
1800 0.957778
1800 0.948333
1800 0.958889
1800 0.958333
1800 0.932778
1800 0.906667
1800 0.948333
1800 0.944444
1800 0.96
1800 0.927778
1800 0.938889
1800 0.967222
1800 0.871667
1800 0.922222
1800 0.988333
1800 0.975556
1800 0.946111
1800 0.988889
1800 0.940556
1800 0.948333
1800 0.970556
1800 0.924444
1800 0.953333
1800 0.991667
1800 0.887778
1800 0.988333
1800 0.945556
1800 0.973889
1800 0.918333
1800 0.922778
1800 0.961667
1800 0.953889
1800 0.977778
1800 0.971667
1800 0.942222
1800 0.82
1800 0.964444
1800 0.947778
1800 0.876667
1800 0.938333
1800 0.937778
1800 0.883333
1800 0.984444
1800 0.897222
1800 0.972222
1800 0.928889
1800 0.918889
1800 0.951111
1800 0.886111
1800 0.905
1800 0.869444
1800 0.916667
1800 0.912778
1800 0.94
1800 0.952778
1800 0.95
1800 0.935556
1800 0.951667
1800 0.936111
1800 0.941667
1800 0.949444
1800 0.948889
1800 0.953889
1800 0.882778
1800 0.983889
1800 0.959444
1800 0.929444
1800 0.951667
1800 0.962222
1800 0.965556
1800 0.935556
1800 0.953333
1800 0.986667
1800 0.961667
1850 0.915135
1850 0.900541
1850 0.948108
1850 0.964865
1850 0.97027
1850 0.972432
1850 0.954054
1850 0.903784
1850 0.905405
1850 0.951892
1850 0.905405
1850 0.917297
1850 0.937297
1850 0.915135
1850 0.922703
1850 0.938378
1850 0.986486
1850 0.939459
1850 0.972432
1850 0.885405
1850 0.950811
1850 0.898919
1850 0.890811
1850 0.903784
1850 0.931351
1850 0.981622
1850 0.987027
1850 0.917297
1850 0.987027
1850 0.929189
1850 0.964324
1850 0.945405
1850 0.991351
1850 0.962703
1850 0.943784
1850 0.931892
1850 0.942703
1850 0.938919
1850 0.954054
1850 0.925946
1850 0.985946
1850 0.984324
1850 0.954054
1850 0.94973
1850 0.914595
1850 0.958378
1850 0.993514
1850 0.849189
1850 0.956757
1850 0.968108
1850 0.982162
1850 0.968108
1850 0.857838
1850 0.937297
1850 0.927027
1850 0.928108
1850 0.967027
1850 0.962162
1850 0.981081
1850 0.93027
1850 0.881081
1850 0.974595
1850 0.976216
1850 0.952432
1850 0.96973
1850 0.976216
1850 0.980541
1850 0.978378
1850 0.953514
1850 0.953514
1850 0.92
1850 0.887568
1850 0.912432
1850 0.91027
1850 0.956216
1900 0.944211
1900 0.945789
1900 0.962105
1900 0.949474
1900 0.979474
1900 0.936316
1900 0.926316
1900 0.948421
1900 0.935789
1900 0.967895
1900 0.954211
1900 0.913684
1900 0.906842
1900 0.940526
1900 0.953158
1900 0.989474
1900 0.865789
1900 0.975789
1900 0.993684
1900 0.913684
1900 0.934211
1900 0.916316
1900 0.93
1900 0.93
1900 0.897895
1900 0.916316
1900 0.913684
1900 0.981579
1900 0.939474
1900 0.930526
1900 0.953684
1900 0.913158
1900 0.975789
1900 0.945263
1900 0.975789
1900 0.960526
1900 0.906316
1900 0.955263
1900 0.99
1900 0.984211
1900 0.971579
1900 0.934737
1900 0.9
1900 0.963684
1900 0.955789
1900 0.927895
1900 0.942632
1900 0.934737
1900 0.919474
1900 0.968421
1900 0.974737
1900 0.971579
1900 0.972105
1900 0.944737
1900 0.985789
1900 0.916842
1900 0.904737
1900 0.975789
1900 0.885263
1900 0.953158
1900 0.958947
1900 0.929474
1900 0.926316
1900 0.931053
1900 0.960526
1900 0.958947
1900 0.982105
1900 0.909474
1900 0.962105
1900 0.941053
1900 0.984211
1900 0.953158
1900 0.954737
1900 0.960526
1900 0.926842
1950 0.975897
1950 0.977949
1950 0.997949
1950 0.961026
1950 0.950769
1950 0.949744
1950 0.962564
1950 0.868718
1950 0.967179
1950 0.985641
1950 0.962051
1950 0.948718
1950 0.982564
1950 0.759487
1950 0.947692
1950 0.959487
1950 0.985641
1950 0.977949
1950 0.981026
1950 0.949744
1950 0.892308
1950 0.965641
1950 0.931795
1950 0.965641
1950 0.982564
1950 0.985128
1950 0.966667
1950 0.946154
1950 0.864103
1950 0.890256
1950 0.925128
1950 0.933333
1950 0.973333
1950 0.956923
1950 0.953846
1950 0.957436
1950 0.995897
1950 0.944615
1950 0.928718
1950 0.979487
1950 0.954359
1950 0.92
1950 0.968718
1950 0.964103
1950 0.898974
1950 0.90359
1950 0.949231
1950 0.971795
1950 0.977949
1950 0.974872
1950 0.966154
1950 0.993333
1950 0.860513
1950 0.977436
1950 0.974872
1950 0.902564
1950 0.942051
1950 0.913846
1950 0.967692
1950 0.937949
1950 0.979487
1950 0.925128
1950 0.939487
1950 0.949231
1950 0.981538
1950 0.946667
1950 0.983077
1950 0.974359
1950 0.873333
1950 0.910769
1950 0.969744
1950 0.960513
1950 0.971795
1950 0.961538
1950 0.964103
2000 0.994
2000 0.9555
2000 0.9935
2000 0.9095
2000 0.8755
2000 0.9465
2000 0.9705
2000 0.928
2000 0.934
2000 0.8675
2000 0.9445
2000 0.926
2000 0.9175
2000 0.957
2000 0.994
2000 0.9785
2000 0.9215
2000 0.974
2000 0.906
2000 0.8635
2000 0.9935
2000 0.9475
2000 0.9815
2000 0.929
2000 0.9655
2000 0.894
2000 0.9445
2000 0.9735
2000 0.965
2000 0.87
2000 0.96
2000 0.9835
2000 0.956
2000 0.9865
2000 0.8765
2000 0.941
2000 0.972
2000 0.9605
2000 0.947
2000 0.969
2000 0.917
2000 0.984
2000 0.961
2000 0.9805
2000 0.9865
2000 0.9115
2000 0.968
2000 0.9285
2000 0.9855
2000 0.9415
2000 0.925
2000 0.9195
2000 0.957
2000 0.9925
2000 0.9535
2000 0.895
2000 0.9365
2000 0.967
2000 0.9715
2000 0.9515
2000 0.9795
2000 0.971
2000 0.879
2000 0.9115
2000 0.9745
2000 0.9555
2000 0.965
2000 0.908
2000 0.977
2000 0.9875
2000 0.9265
2000 0.945
2000 0.9635
2000 0.997
2000 0.9195
