50 0.24
50 0.5
50 0.02
50 0.14
50 0.28
50 0.18
50 0.32
50 0.54
50 0.1
50 0.48
50 0.12
50 0.22
50 0.22
50 0.32
50 0.16
50 0
50 0.08
50 0.7
50 0.2
50 0.02
50 0
50 0.04
50 0
50 0
50 0
50 0.24
50 0
50 0.72
50 0.34
50 0.2
50 0
50 0.06
50 0.06
50 0.1
50 0.22
50 0
50 0.38
50 0
50 0
50 0
50 0
50 0.3
50 0.14
50 0.18
50 0.5
50 0.44
50 0.26
50 0.26
50 0.24
50 0.16
50 0.5
50 0.08
50 0.02
50 0
50 0.6
50 0.44
50 0.52
50 0.44
50 0.02
50 0
50 0.38
50 0.2
50 0.34
50 0.24
50 0.84
50 0.26
50 0
50 0
50 0.48
50 0.14
50 0
50 0.02
50 0.2
50 0.46
50 0.1
100 0.23
100 0.04
100 0.13
100 0.61
100 0.77
100 0.71
100 0.42
100 0.52
100 0.77
100 0.41
100 0.88
100 0.5
100 0.33
100 0
100 0.9
100 0.24
100 0.57
100 0.42
100 0.5
100 0.67
100 0.6
100 0.77
100 0.47
100 0.68
100 0.5
100 0.7
100 0.21
100 0.48
100 0.2
100 0.54
100 0.49
100 0.45
100 0.53
100 0.74
100 0.79
100 0.44
100 0.7
100 0
100 0.01
100 0.6
100 0.77
100 0.27
100 0.25
100 0.74
100 0.66
100 0.81
100 0.2
100 0.74
100 0
100 0.45
100 0.34
100 0.36
100 0.46
100 0.37
100 0.55
100 0.96
100 0.88
100 0.59
100 0.75
100 0.78
100 0.75
100 0.31
100 0.5
100 0.84
100 0.44
100 0.16
100 0.76
100 0.54
100 0.4
100 0.66
100 0.54
100 0.65
100 0.64
100 0.14
100 0.8
150 0.6
150 0.633333
150 0.666667
150 0.753333
150 0.493333
150 0.673333
150 0.446667
150 0.813333
150 0.793333
150 0.08
150 0.786667
150 0.713333
150 0.346667
150 0.713333
150 0.726667
150 0.68
150 0.773333
150 0.573333
150 0.686667
150 0.786667
150 0.76
150 0.726667
150 0.56
150 0.253333
150 0.833333
150 0.666667
150 0.68
150 0.773333
150 0.686667
150 0.773333
150 0.74
150 0.74
150 0.806667
150 0.76
150 0.72
150 0.573333
150 0.7
150 0.793333
150 0.466667
150 0.32
150 0.913333
150 0.466667
150 0.406667
150 0.34
150 0.286667
150 0.806667
150 0.566667
150 0.486667
150 0.753333
150 0.266667
150 0.64
150 0.526667
150 0.86
150 0.8
150 0.586667
150 0.713333
150 0.766667
150 0.813333
150 0.34
150 0.62
150 0.933333
150 0.68
150 0.673333
150 0.68
150 0.786667
150 0.38
150 0.6
150 0.346667
150 0.82
150 0.5
150 0.753333
150 0.453333
150 0.826667
150 0.74
150 0.513333
200 0.64
200 0.375
200 0.765
200 0.775
200 0.64
200 0.355
200 0.86
200 0.88
200 0.695
200 0.655
200 0.825
200 0.535
200 0.775
200 0.85
200 0.68
200 0.44
200 0.825
200 0.78
200 0.86
200 0.84
200 0.72
200 0.87
200 0.84
200 0.68
200 0.795
200 0.665
200 0.82
200 0.83
200 0.725
200 0.77
200 0.56
200 0.505
200 0.475
200 0.81
200 0.55
200 0.915
200 0.495
200 0.77
200 0.71
200 0.47
200 0.675
200 0.825
200 0.405
200 0.51
200 0.875
200 0.555
200 0.775
200 0.73
200 0.795
200 0.535
200 0.055
200 0.82
200 0.405
200 0.69
200 0.68
200 0.535
200 0.75
200 0.495
200 0.9
200 0.665
200 0.41
200 0.88
200 0.86
200 0.92
200 0.77
200 0.605
200 0.6
200 0.745
200 0.64
200 0.895
200 0.73
200 0.675
200 0.59
200 0.76
200 0.695
250 0.7
250 0.712
250 0.788
250 0.724
250 0.852
250 0.808
250 0.864
250 0.852
250 0.492
250 0.716
250 0.844
250 0.564
250 0.784
250 0.688
250 0.804
250 0.844
250 0.828
250 0.812
250 0.792
250 0.84
250 0.904
250 0.712
250 0.552
250 0.884
250 0.876
250 0.816
250 0.956
250 0.72
250 0.724
250 0.736
250 0.74
250 0.796
250 0.712
250 0.816
250 0.736
250 0.676
250 0.816
250 0.696
250 0.884
250 0.7
250 0.768
250 0.716
250 0.784
250 0.488
250 0.74
250 0.856
250 0.828
250 0.576
250 0.788
250 0.804
250 0.84
250 0.796
250 0.784
250 0.776
250 0.84
250 0.868
250 0.8
250 0.736
250 0.872
250 0.836
250 0.772
250 0.844
250 0.776
250 0.772
250 0.804
250 0.692
250 0.84
250 0.772
250 0.836
250 0.812
250 0.728
250 0.604
250 0.904
250 0.936
250 0.84
300 0.86
300 0.666667
300 0.813333
300 0.806667
300 0.62
300 0.466667
300 0.51
300 0.523333
300 0.703333
300 0.79
300 0.86
300 0.576667
300 0.79
300 0.833333
300 0.683333
300 0.88
300 0.863333
300 0.756667
300 0.793333
300 0.873333
300 0.623333
300 0.503333
300 0.826667
300 0.88
300 0.726667
300 0.833333
300 0.84
300 0.796667
300 0.743333
300 0.856667
300 0.746667
300 0.833333
300 0.586667
300 0.84
300 0.78
300 0.91
300 0.78
300 0.926667
300 0.893333
300 0.75
300 0.843333
300 0.686667
300 0.873333
300 0.753333
300 0.63
300 0.653333
300 0.756667
300 0.69
300 0.646667
300 0.873333
300 0.79
300 0.893333
300 0.693333
300 0.756667
300 0.836667
300 0.69
300 0.76
300 0.86
300 0.87
300 0.766667
300 0.79
300 0.786667
300 0.846667
300 0.763333
300 0.866667
300 0.896667
300 0.816667
300 0.746667
300 0.78
300 0.8
300 0.8
300 0.653333
300 0.85
300 0.806667
300 0.786667
350 0.877143
350 0.805714
350 0.857143
350 0.682857
350 0.74
350 0.56
350 0.725714
350 0.868571
350 0.845714
350 0.845714
350 0.96
350 0.748571
350 0.848571
350 0.828571
350 0.897143
350 0.597143
350 0.874286
350 0.757143
350 0.777143
350 0.731429
350 0.902857
350 0.854286
350 0.788571
350 0.874286
350 0.811429
350 0.817143
350 0.868571
350 0.628571
350 0.608571
350 0.808571
350 0.725714
350 0.845714
350 0.734286
350 0.831429
350 0.825714
350 0.851429
350 0.84
350 0.577143
350 0.817143
350 0.751429
350 0.748571
350 0.651429
350 0.822857
350 0.811429
350 0.885714
350 0.837143
350 0.845714
350 0.8
350 0.8
350 0.805714
350 0.717143
350 0.702857
350 0.825714
350 0.868571
350 0.777143
350 0.871429
350 0.871429
350 0.797143
350 0.834286
350 0.897143
350 0.908571
350 0.745714
350 0.854286
350 0.877143
350 0.677143
350 0.842857
350 0.797143
350 0.871429
350 0.825714
350 0.825714
350 0.762857
350 0.834286
350 0.282857
350 0.834286
350 0.845714
400 0.8375
400 0.735
400 0.905
400 0.705
400 0.7675
400 0.845
400 0.8125
400 0.62
400 0.87
400 0.7275
400 0.8925
400 0.84
400 0.8275
400 0.7775
400 0.8375
400 0.805
400 0.8075
400 0.4925
400 0.92
400 0.79
400 0.775
400 0.7725
400 0.775
400 0.5325
400 0.8775
400 0.78
400 0.855
400 0.4875
400 0.8225
400 0.8975
400 0.745
400 0.775
400 0.885
400 0.8475
400 0.89
400 0.9275
400 0.86
400 0.6325
400 0.87
400 0.74
400 0.8075
400 0.8075
400 0.8925
400 0.8375
400 0.8875
400 0.8875
400 0.835
400 0.575
400 0.92
400 0.85
400 0.8925
400 0.8125
400 0.82
400 0.7225
400 0.8325
400 0.88
400 0.8725
400 0.8125
400 0.845
400 0.7775
400 0.82
400 0.8175
400 0.835
400 0.9025
400 0.7175
400 0.865
400 0.59
400 0.9225
400 0.835
400 0.84
400 0.785
400 0.8325
400 0.8925
400 0.8275
400 0.8275
450 0.751111
450 0.857778
450 0.882222
450 0.931111
450 0.575556
450 0.855556
450 0.784444
450 0.844444
450 0.84
450 0.802222
450 0.806667
450 0.811111
450 0.777778
450 0.851111
450 0.808889
450 0.842222
450 0.908889
450 0.755556
450 0.806667
450 0.873333
450 0.88
450 0.646667
450 0.904444
450 0.857778
450 0.831111
450 0.786667
450 0.868889
450 0.831111
450 0.775556
450 0.602222
450 0.804444
450 0.822222
450 0.817778
450 0.884444
450 0.848889
450 0.871111
450 0.893333
450 0.822222
450 0.731111
450 0.748889
450 0.866667
450 0.835556
450 0.646667
450 0.913333
450 0.722222
450 0.888889
450 0.76
450 0.704444
450 0.813333
450 0.791111
450 0.826667
450 0.786667
450 0.844444
450 0.822222
450 0.864444
450 0.822222
450 0.82
450 0.86
450 0.844444
450 0.88
450 0.733333
450 0.753333
450 0.871111
450 0.822222
450 0.722222
450 0.931111
450 0.806667
450 0.815556
450 0.753333
450 0.884444
450 0.813333
450 0.775556
450 0.862222
450 0.722222
450 0.52
500 0.826
500 0.826
500 0.83
500 0.868
500 0.772
500 0.882
500 0.874
500 0.906
500 0.752
500 0.862
500 0.84
500 0.804
500 0.758
500 0.866
500 0.922
500 0.778
500 0.804
500 0.898
500 0.86
500 0.776
500 0.888
500 0.896
500 0.858
500 0.762
500 0.922
500 0.826
500 0.9
500 0.828
500 0.716
500 0.838
500 0.85
500 0.856
500 0.846
500 0.848
500 0.734
500 0.906
500 0.71
500 0.854
500 0.84
500 0.83
500 0.886
500 0.876
500 0.888
500 0.84
500 0.882
500 0.826
500 0.798
500 0.818
500 0.77
500 0.704
500 0.824
500 0.832
500 0.768
500 0.722
500 0.682
500 0.846
500 0.902
500 0.756
500 0.864
500 0.828
500 0.904
500 0.91
500 0.778
500 0.822
500 0.766
500 0.706
500 0.774
500 0.826
500 0.824
500 0.856
500 0.6
500 0.834
500 0.744
500 0.82
500 0.832
550 0.718182
550 0.858182
550 0.856364
550 0.805455
550 0.832727
550 0.86
550 0.874545
550 0.765455
550 0.858182
550 0.852727
550 0.883636
550 0.861818
550 0.401818
550 0.894545
550 0.845455
550 0.890909
550 0.758182
550 0.827273
550 0.892727
550 0.916364
550 0.845455
550 0.690909
550 0.858182
550 0.901818
550 0.907273
550 0.772727
550 0.858182
550 0.803636
550 0.841818
550 0.858182
550 0.869091
550 0.838182
550 0.934545
550 0
550 0.729091
550 0.732727
550 0.78
550 0.843636
550 0.847273
550 0.861818
550 0.856364
550 0.901818
550 0.863636
550 0.730909
550 0.889091
550 0.807273
550 0.663636
550 0.616364
550 0.861818
550 0.690909
550 0.869091
550 0.88
550 0.874545
550 0.665455
550 0.849091
550 0.650909
550 0.930909
550 0.932727
550 0.796364
550 0.7
550 0.66
550 0.88
550 0.725455
550 0.932727
550 0.921818
550 0.767273
550 0.912727
550 0.921818
550 0.850909
550 0.769091
550 0.796364
550 0.863636
550 0.761818
550 0.894545
550 0.896364
600 0.788333
600 0.931667
600 0.686667
600 0.71
600 0.913333
600 0.93
600 0.791667
600 0.753333
600 0.793333
600 0.906667
600 0.841667
600 0.711667
600 0.608333
600 0.868333
600 0.803333
600 0.826667
600 0.936667
600 0.761667
600 0.866667
600 0.87
600 0.613333
600 0.891667
600 0.805
600 0.918333
600 0.863333
600 0.873333
600 0.821667
600 0.898333
600 0.793333
600 0.831667
600 0.793333
600 0.811667
600 0.835
600 0.843333
600 0.815
600 0.735
600 0.808333
600 0.79
600 0.863333
600 0.845
600 0.521667
600 0.851667
600 0.82
600 0.718333
600 0.886667
600 0.88
600 0.625
600 0.891667
600 0.871667
600 0.861667
600 0.763333
600 0.625
600 0.935
600 0.76
600 0.796667
600 0.886667
600 0.843333
600 0.835
600 0.886667
600 0.946667
600 0.9
600 0.845
600 0.801667
600 0.846667
600 0.675
600 0.855
600 0.713333
600 0.825
600 0.9
600 0.85
600 0.823333
600 0.841667
600 0.723333
600 0.865
600 0.718333
650 0.867692
650 0.907692
650 0.812308
650 0.895385
650 0.836923
650 0.810769
650 0.84
650 0.86
650 0.793846
650 0.855385
650 0.781538
650 0.795385
650 0.78
650 0.772308
650 0.9
650 0.878462
650 0.869231
650 0.68
650 0.886154
650 0.743077
650 0.724615
650 0.801538
650 0.858462
650 0.869231
650 0.88
650 0.793846
650 0.870769
650 0.895385
650 0.889231
650 0.884615
650 0.763077
650 0.878462
650 0.867692
650 0.853846
650 0.906154
650 0.829231
650 0.656923
650 0.858462
650 0.866154
650 0.927692
650 0.944615
650 0.852308
650 0.86
650 0.846154
650 0.812308
650 0.910769
650 0.838462
650 0.844615
650 0.781538
650 0.907692
650 0.807692
650 0.781538
650 0.850769
650 0.856923
650 0.752308
650 0.712308
650 0.847692
650 0.913846
650 0.735385
650 0.655385
650 0.749231
650 0.850769
650 0.847692
650 0.844615
650 0.789231
650 0.804615
650 0.792308
650 0.852308
650 0.830769
650 0.773846
650 0.783077
650 0.893846
650 0.827692
650 0.863077
650 0.895385
700 0.95
700 0.918571
700 0.854286
700 0.858571
700 0.827143
700 0.851429
700 0.752857
700 0.775714
700 0.92
700 0.882857
700 0.804286
700 0.882857
700 0.831429
700 0.878571
700 0.827143
700 0.724286
700 0.827143
700 0.93
700 0.828571
700 0.801429
700 0.851429
700 0.848571
700 0.8
700 0.828571
700 0.882857
700 0.904286
700 0.775714
700 0.848571
700 0.852857
700 0.875714
700 0.832857
700 0.881429
700 0.702857
700 0.861429
700 0.851429
700 0.912857
700 0.928571
700 0.841429
700 0.891429
700 0.908571
700 0.901429
700 0.862857
700 0.825714
700 0.865714
700 0.607143
700 0.867143
700 0.874286
700 0.872857
700 0.872857
700 0.89
700 0.834286
700 0.831429
700 0.85
700 0.851429
700 0.721429
700 0.85
700 0.835714
700 0.868571
700 0.78
700 0.8
700 0.761429
700 0.87
700 0.875714
700 0.877143
700 0.867143
700 0.765714
700 0.781429
700 0.842857
700 0.85
700 0.784286
700 0.864286
700 0.775714
700 0.877143
700 0.805714
700 0.902857
750 0.9
750 0.873333
750 0.805333
750 0.869333
750 0.853333
750 0.810667
750 0.765333
750 0.704
750 0.810667
750 0.857333
750 0.732
750 0.864
750 0.888
750 0.806667
750 0.9
750 0.858667
750 0.774667
750 0.837333
750 0.810667
750 0.868
750 0.884
750 0.854667
750 0.773333
750 0.948
750 0.914667
750 0.857333
750 0.656
750 0.912
750 0.762667
750 0.822667
750 0.84
750 0.808
750 0.866667
750 0.905333
750 0.869333
750 0.862667
750 0.897333
750 0.874667
750 0.785333
750 0.910667
750 0.862667
750 0.670667
750 0.865333
750 0.893333
750 0.829333
750 0.861333
750 0.850667
750 0.850667
750 0.869333
750 0.84
750 0.822667
750 0.808
750 0.786667
750 0.854667
750 0.918667
750 0.861333
750 0.912
750 0.728
750 0.802667
750 0.709333
750 0.876
750 0.889333
750 0.844
750 0.818667
750 0.794667
750 0.8
750 0.882667
750 0.830667
750 0.878667
750 0.902667
750 0.792
750 0.752
750 0.877333
750 0.837333
750 0.866667
800 0.8775
800 0.79
800 0.9
800 0.82375
800 0.83
800 0.9125
800 0.77375
800 0.76125
800 0.87
800 0.84875
800 0.84625
800 0.83125
800 0.79
800 0.92875
800 0.86
800 0.84375
800 0.915
800 0.71375
800 0.9
800 0.81
800 0.87125
800 0.8875
800 0.82125
800 0.89875
800 0.89375
800 0.83625
800 0.78625
800 0.945
800 0.8525
800 0.925
800 0.81375
800 0.8125
800 0.81375
800 0.82625
800 0.895
800 0.815
800 0.77
800 0.865
800 0.7575
800 0.85375
800 0.91125
800 0.89625
800 0.85125
800 0.7325
800 0.8625
800 0.875
800 0.94375
800 0.66625
800 0.795
800 0.73125
800 0.81625
800 0.795
800 0.87625
800 0.79
800 0.815
800 0.83125
800 0.79875
800 0.855
800 0.84375
800 0.7775
800 0.83375
800 0.945
800 0.9025
800 0.83625
800 0.74
800 0.82125
800 0.885
800 0.9175
800 0.835
800 0.83875
800 0.85125
800 0.875
800 0.8575
800 0.90125
800 0.89125
850 0.832941
850 0.787059
850 0.888235
850 0.848235
850 0.737647
850 0.823529
850 0.942353
850 0.889412
850 0.855294
850 0.444706
850 0.78
850 0.864706
850 0.845882
850 0.849412
850 0.878824
850 0.841176
850 0.562353
850 0.872941
850 0.870588
850 0.881176
850 0.927059
850 0.849412
850 0.781176
850 0.822353
850 0.852941
850 0.844706
850 0.867059
850 0.783529
850 0.864706
850 0.836471
850 0.407059
850 0.768235
850 0.863529
850 0.849412
850 0.954118
850 0.804706
850 0.856471
850 0.858824
850 0.834118
850 0.707059
850 0.848235
850 0.843529
850 0.910588
850 0.896471
850 0.850588
850 0.905882
850 0.908235
850 0.862353
850 0.778824
850 0.777647
850 0.864706
850 0.86
850 0.797647
850 0.823529
850 0.851765
850 0.824706
850 0.882353
850 0.816471
850 0.834118
850 0.822353
850 0.757647
850 0.798824
850 0.888235
850 0.881176
850 0.809412
850 0.817647
850 0.872941
850 0.802353
850 0.869412
850 0.797647
850 0.96
850 0.8
850 0.881176
850 0.850588
850 0.851765
900 0.866667
900 0.806667
900 0.864444
900 0.777778
900 0.901111
900 0.85
900 0.841111
900 0.806667
900 0.802222
900 0.89
900 0.884444
900 0.87
900 0.793333
900 0.805556
900 0.86
900 0.852222
900 0.72
900 0.913333
900 0.451111
900 0.86
900 0.91
900 0.841111
900 0.843333
900 0.781111
900 0.841111
900 0.714444
900 0.823333
900 0.836667
900 0.816667
900 0.771111
900 0.864444
900 0.837778
900 0.765556
900 0.91
900 0.424444
900 0.871111
900 0.847778
900 0.86
900 0.84
900 0.834444
900 0.641111
900 0.787778
900 0.878889
900 0.79
900 0.864444
900 0.825556
900 0.858889
900 0.82
900 0.894444
900 0.91
900 0.883333
900 0.844444
900 0.806667
900 0.796667
900 0.818889
900 0.82
900 0.891111
900 0.812222
900 0.88
900 0.818889
900 0.846667
900 0.835556
900 0.813333
900 0.647778
900 0.832222
900 0.9
900 0.825556
900 0.907778
900 0.941111
900 0.871111
900 0.836667
900 0.812222
900 0.844444
900 0.864444
900 0.863333
950 0.808421
950 0.896842
950 0.897895
950 0.882105
950 0.865263
950 0.848421
950 0.826316
950 0.916842
950 0.908421
950 0.835789
950 0.818947
950 0.925263
950 0.932632
950 0.848421
950 0.852632
950 0.826316
950 0.86
950 0.766316
950 0.813684
950 0.904211
950 0.791579
950 0.793684
950 0.810526
950 0.887368
950 0.883158
950 0.884211
950 0.813684
950 0.78
950 0.875789
950 0.824211
950 0.842105
950 0.832632
950 0.872632
950 0.897895
950 0.933684
950 0.841053
950 0.84
950 0.833684
950 0.942105
950 0.82
950 0.896842
950 0.885263
950 0.843158
950 0.862105
950 0.863158
950 0.764211
950 0.914737
950 0.742105
950 0.808421
950 0.890526
950 0.764211
950 0.892632
950 0.854737
950 0.808421
950 0.523158
950 0.865263
950 0.78
950 0.904211
950 0.827368
950 0.829474
950 0.850526
950 0.783158
950 0.810526
950 0.735789
950 0.901053
950 0.841053
950 0.827368
950 0.918947
950 0.862105
950 0.914737
950 0.827368
950 0.816842
950 0.811579
950 0.770526
950 0.858947
1000 0.853
1000 0.728
1000 0.898
1000 0.843
1000 0.888
1000 0.848
1000 0.747
1000 0.87
1000 0.853
1000 0.722
1000 0.787
1000 0.811
1000 0.886
1000 0.856
1000 0.869
1000 0.856
1000 0.91
1000 0.857
1000 0.958
1000 0.869
1000 0.808
1000 0.766
1000 0.851
1000 0.897
1000 0.766
1000 0.889
1000 0.849
1000 0.901
1000 0.874
1000 0.771
1000 0.834
1000 0.88
1000 0.923
1000 0.788
1000 0.855
1000 0.917
1000 0.856
1000 0.742
1000 0.866
1000 0.871
1000 0.895
1000 0.871
1000 0.838
1000 0.898
1000 0.846
1000 0.829
1000 0.644
1000 0.883
1000 0.835
1000 0.891
1000 0.819
1000 0.754
1000 0.857
1000 0.882
1000 0.837
1000 0.915
1000 0.817
1000 0.84
1000 0.897
1000 0.902
1000 0.779
1000 0.806
1000 0.844
1000 0.852
1000 0.89
1000 0.843
1000 0.884
1000 0.774
1000 0.817
1000 0.867
1000 0.814
1000 0.896
1000 0.826
1000 0.85
1000 0.792
1050 0.745714
1050 0.89619
1050 0.779048
1050 0.869524
1050 0.82
1050 0.934286
1050 0.770476
1050 0.822857
1050 0.86381
1050 0.88
1050 0.924762
1050 0.851429
1050 0.87619
1050 0.873333
1050 0.877143
1050 0.839048
1050 0.755238
1050 0.911429
1050 0.773333
1050 0.864762
1050 0.91619
1050 0.886667
1050 0.811429
1050 0.817143
1050 0.901905
1050 0.795238
1050 0.849524
1050 0.853333
1050 0.832381
1050 0.831429
1050 0.90381
1050 0.815238
1050 0.801905
1050 0.840952
1050 0.822857
1050 0.799048
1050 0.967619
1050 0.892381
1050 0.884762
1050 0.804762
1050 0.846667
1050 0.805714
1050 0.859048
1050 0.891429
1050 0.817143
1050 0.772381
1050 0.911429
1050 0.839048
1050 0.860952
1050 0.909524
1050 0.820952
1050 0.926667
1050 0.834286
1050 0.844762
1050 0.84381
1050 0.829524
1050 0.86
1050 0.830476
1050 0.902857
1050 0.83619
1050 0.840952
1050 0.84381
1050 0.88381
1050 0.824762
1050 0.875238
1050 0.806667
1050 0.855238
1050 0.831429
1050 0.90381
1050 0.853333
1050 0.844762
1050 0.862857
1050 0.897143
1050 0.812381
1050 0.807619
1100 0.86
1100 0.801818
1100 0.904545
1100 0.858182
1100 0.838182
1100 0.902727
1100 0.818182
1100 0.837273
1100 0.857273
1100 0.77
1100 0.887273
1100 0.795455
1100 0.860909
1100 0.889091
1100 0.836364
1100 0.953636
1100 0.851818
1100 0.778182
1100 0.863636
1100 0.848182
1100 0.83
1100 0.854545
1100 0.868182
1100 0.845455
1100 0.870909
1100 0.786364
1100 0.846364
1100 0.845455
1100 0.884545
1100 0.775455
1100 0.843636
1100 0.760909
1100 0.926364
1100 0.829091
1100 0.801818
1100 0.799091
1100 0.88
1100 0.890909
1100 0.893636
1100 0.842727
1100 0.884545
1100 0.843636
1100 0.878182
1100 0.899091
1100 0.751818
1100 0.786364
1100 0.876364
1100 0.915455
1100 0.871818
1100 0.845455
1100 0.741818
1100 0.899091
1100 0.786364
1100 0.723636
1100 0.829091
1100 0.914545
1100 0.899091
1100 0.9
1100 0.774545
1100 0.861818
1100 0.819091
1100 0.888182
1100 0.757273
1100 0.801818
1100 0.903636
1100 0.862727
1100 0.863636
1100 0.832727
1100 0.8
1100 0.842727
1100 0.845455
1100 0.808182
1100 0.876364
1100 0.811818
1100 0.7
1150 0.782609
1150 0.795652
1150 0.832174
1150 0.843478
1150 0.852174
1150 0.876522
1150 0.80087
1150 0.881739
1150 0.894783
1150 0.895652
1150 0.906087
1150 0.843478
1150 0.781739
1150 0.786087
1150 0.888696
1150 0.846087
1150 0.846957
1150 0.827826
1150 0.778261
1150 0.876522
1150 0.9
1150 0.870435
1150 0.826087
1150 0.862609
1150 0.866087
1150 0.872174
1150 0.858261
1150 0.828696
1150 0.838261
1150 0.81913
1150 0.897391
1150 0.901739
1150 0.842609
1150 0.794783
1150 0.788696
1150 0.916522
1150 0.909565
1150 0.856522
1150 0.906957
1150 0.842609
1150 0.84087
1150 0.851304
1150 0.882609
1150 0.886087
1150 0.846957
1150 0.72087
1150 0.855652
1150 0.871304
1150 0.809565
1150 0.889565
1150 0.826087
1150 0.90087
1150 0.825217
1150 0.841739
1150 0.838261
1150 0.907826
1150 0.884348
1150 0.837391
1150 0.844348
1150 0.852174
1150 0.834783
1150 0.826957
1150 0.771304
1150 0.693913
1150 0.807826
1150 0.873043
1150 0.854783
1150 0.875652
1150 0.844348
1150 0.910435
1150 0.886087
1150 0.87913
1150 0.870435
1150 0.825217
1150 0.74
1200 0.781667
1200 0.85
1200 0.8025
1200 0.885833
1200 0.914167
1200 0.833333
1200 0.84
1200 0.849167
1200 0.850833
1200 0.665
1200 0.854167
1200 0.870833
1200 0.8475
1200 0.8625
1200 0.881667
1200 0.805833
1200 0.8
1200 0.86
1200 0.8725
1200 0.805833
1200 0.859167
1200 0.824167
1200 0.845833
1200 0.849167
1200 0.895
1200 0.868333
1200 0.809167
1200 0.875
1200 0.814167
1200 0.8625
1200 0.9
1200 0.880833
1200 0.885
1200 0.884167
1200 0.835833
1200 0.836667
1200 0.905
1200 0.863333
1200 0.846667
1200 0.8925
1200 0.855
1200 0.6
1200 0.856667
1200 0.836667
1200 0.848333
1200 0.836667
1200 0.801667
1200 0.856667
1200 0.804167
1200 0.895833
1200 0.901667
1200 0.895
1200 0.835833
1200 0.716667
1200 0.85
1200 0.8525
1200 0.843333
1200 0.88
1200 0.804167
1200 0.840833
1200 0.88
1200 0.828333
1200 0.858333
1200 0.898333
1200 0.85
1200 0.785
1200 0.895833
1200 0.853333
1200 0.9275
1200 0.723333
1200 0.633333
1200 0.836667
1200 0.755833
1200 0.9025
1200 0.788333
1250 0.9248
1250 0.8576
1250 0.8712
1250 0.8472
1250 0.8976
1250 0.8344
1250 0.8344
1250 0.972
1250 0.8368
1250 0.896
1250 0.8792
1250 0.8224
1250 0.8456
1250 0.8008
1250 0.8264
1250 0.88
1250 0.8272
1250 0.8168
1250 0.8568
1250 0.8416
1250 0.8072
1250 0.8432
1250 0.8792
1250 0.7704
1250 0.9152
1250 0.6648
1250 0.7976
1250 0.8008
1250 0.8712
1250 0.832
1250 0.904
1250 0.8712
1250 0.9272
1250 0.8056
1250 0.7016
1250 0.8368
1250 0.8736
1250 0.7528
1250 0.86
1250 0.8224
1250 0.8664
1250 0.8456
1250 0.8656
1250 0.8592
1250 0.864
1250 0.8488
1250 0.7216
1250 0.7168
1250 0.84
1250 0.86
1250 0.8192
1250 0.8584
1250 0.8632
1250 0.8696
1250 0.9088
1250 0.8232
1250 0.8936
1250 0.908
1250 0.8768
1250 0.7728
1250 0.8928
1250 0.8272
1250 0.8632
1250 0.8952
1250 0.8048
1250 0.8488
1250 0.8464
1250 0.8656
1250 0.9088
1250 0.9112
1250 0.8304
1250 0.9032
1250 0.8248
1250 0.8656
1250 0.9064
1300 0.884615
1300 0.891538
1300 0.846154
1300 0.839231
1300 0.78
1300 0.854615
1300 0.878462
1300 0.87
1300 0.803077
1300 0.896923
1300 0.833846
1300 0.776923
1300 0.856154
1300 0.886154
1300 0.852308
1300 0.853077
1300 0.92
1300 0.890769
1300 0.911538
1300 0.709231
1300 0.807692
1300 0.964615
1300 0.737692
1300 0.847692
1300 0.84
1300 0.843077
1300 0.870769
1300 0.863077
1300 0.837692
1300 0.720769
1300 0.843846
1300 0.817692
1300 0.690769
1300 0.721538
1300 0.829231
1300 0.825385
1300 0.883077
1300 0.903846
1300 0.903077
1300 0.846923
1300 0.849231
1300 0.887692
1300 0.836923
1300 0.844615
1300 0.881538
1300 0.863846
1300 0.831538
1300 0.929231
1300 0.838462
1300 0.823846
1300 0.895385
1300 0.820769
1300 0.8
1300 0.9
1300 0.777692
1300 0.863846
1300 0.853846
1300 0.865385
1300 0.871538
1300 0.887692
1300 0.72
1300 0.850769
1300 0.853846
1300 0.767692
1300 0.713077
1300 0.922308
1300 0.806154
1300 0.832308
1300 0.816154
1300 0.854615
1300 0.853846
1300 0.89
1300 0.852308
1300 0.823077
1300 0.827692
1350 0.818519
1350 0.843704
1350 0.89037
1350 0.914815
1350 0.877778
1350 0.871111
1350 0.837778
1350 0.828889
1350 0.894815
1350 0.894074
1350 0.822963
1350 0.868889
1350 0.934815
1350 0.76963
1350 0.893333
1350 0.865185
1350 0.896296
1350 0.883704
1350 0.782222
1350 0.851852
1350 0.825185
1350 0.783704
1350 0.862963
1350 0.817778
1350 0.9
1350 0.918519
1350 0.891852
1350 0.904444
1350 0.812593
1350 0.907407
1350 0.854074
1350 0.855556
1350 0.881481
1350 0.857037
1350 0.833333
1350 0.832593
1350 0.856296
1350 0.865185
1350 0.89037
1350 0.843704
1350 0.896296
1350 0.872593
1350 0.863704
1350 0.823704
1350 0.891111
1350 0.778519
1350 0.826667
1350 0.901481
1350 0.90963
1350 0.73037
1350 0.858519
1350 0.862222
1350 0.828148
1350 0.76963
1350 0.798519
1350 0.922222
1350 0.84963
1350 0.905185
1350 0.886667
1350 0.817778
1350 0.868889
1350 0.844444
1350 0.751111
1350 0.765185
1350 0.782222
1350 0.874074
1350 0.902222
1350 0.802963
1350 0.797037
1350 0.912593
1350 0.860741
1350 0.868148
1350 0.794074
1350 0.908148
1350 0.84963
1400 0.725714
1400 0.807857
1400 0.842857
1400 0.953571
1400 0.893571
1400 0.837857
1400 0.83
1400 0.826429
1400 0.803571
1400 0.704286
1400 0.868571
1400 0.778571
1400 0.869286
1400 0.742143
1400 0.914286
1400 0.605
1400 0.871429
1400 0.897857
1400 0.822857
1400 0.838571
1400 0.902143
1400 0.872857
1400 0.866429
1400 0.86
1400 0.820714
1400 0.878571
1400 0.826429
1400 0.898571
1400 0.869286
1400 0.873571
1400 0.865
1400 0.9
1400 0.859286
1400 0.850714
1400 0.817857
1400 0.849286
1400 0.822857
1400 0.825714
1400 0.906429
1400 0.86
1400 0.942143
1400 0.855
1400 0.780714
1400 0.797857
1400 0.841429
1400 0.924286
1400 0.886429
1400 0.911429
1400 0.826429
1400 0.882857
1400 0.935714
1400 0.873571
1400 0.906429
1400 0.851429
1400 0.746429
1400 0.867143
1400 0.936429
1400 0.827143
1400 0.845714
1400 0.855
1400 0.872143
1400 0.809286
1400 0.875
1400 0.884286
1400 0.716429
1400 0.862143
1400 0.790714
1400 0.865714
1400 0.879286
1400 0.846429
1400 0.83
1400 0.648571
1400 0.927143
1400 0.932857
1400 0.857857
1450 0.905517
1450 0.927586
1450 0.831724
1450 0.828966
1450 0.84069
1450 0.961379
1450 0.868276
1450 0.894483
1450 0.823448
1450 0.877931
1450 0.922759
1450 0.795172
1450 0.892414
1450 0.909655
1450 0.911724
1450 0.817931
1450 0.869655
1450 0.781379
1450 0.863448
1450 0.876552
1450 0.890345
1450 0.86069
1450 0.871034
1450 0.791724
1450 0.844138
1450 0.88069
1450 0.775172
1450 0.833793
1450 0.822759
1450 0.897931
1450 0.826897
1450 0.881379
1450 0.764828
1450 0.809655
1450 0.946207
1450 0.930345
1450 0.734483
1450 0.82
1450 0.813103
1450 0.83931
1450 0.902069
1450 0.786207
1450 0.844828
1450 0.837241
1450 0.742759
1450 0.816552
1450 0.864828
1450 0.841379
1450 0.727586
1450 0.814483
1450 0.82069
1450 0.868276
1450 0.856552
1450 0.768966
1450 0.907586
1450 0.82
1450 0.850345
1450 0.873103
1450 0.831724
1450 0.750345
1450 0.907586
1450 0.868276
1450 0.882069
1450 0.854483
1450 0.926897
1450 0.803448
1450 0.890345
1450 0.864138
1450 0.831034
1450 0.917241
1450 0.884828
1450 0.809655
1450 0.815862
1450 0.871034
1450 0.864828
1500 0.894
1500 0.837333
1500 0.874
1500 0.857333
1500 0.826667
1500 0.859333
1500 0.876667
1500 0.780667
1500 0.780667
1500 0.835333
1500 0.802
1500 0.820667
1500 0.801333
1500 0.895333
1500 0.818
1500 0.950667
1500 0.828
1500 0.834
1500 0.888
1500 0.904
1500 0.873333
1500 0.878
1500 0.888667
1500 0.859333
1500 0.962
1500 0.802
1500 0.802667
1500 0.916
1500 0.891333
1500 0.86
1500 0.882667
1500 0.895333
1500 0.913333
1500 0.838
1500 0.844
1500 0.86
1500 0.861333
1500 0.798
1500 0.829333
1500 0.89
1500 0.884
1500 0.900667
1500 0.835333
1500 0.814667
1500 0.856667
1500 0.826
1500 0.936667
1500 0.917333
1500 0.797333
1500 0.869333
1500 0.849333
1500 0.821333
1500 0.748
1500 0.826667
1500 0.826667
1500 0.839333
1500 0.833333
1500 0.84
1500 0.849333
1500 0.828
1500 0.894
1500 0.788
1500 0.82
1500 0.879333
1500 0.792667
1500 0.85
1500 0.91
1500 0.842
1500 0.812667
1500 0.887333
1500 0.864
1500 0.858667
1500 0.863333
1500 0.866
1500 0.738
1550 0.830323
1550 0.832903
1550 0.81871
1550 0.859355
1550 0.823871
1550 0.872903
1550 0.808387
1550 0.852258
1550 0.907097
1550 0.640645
1550 0.901935
1550 0.784516
1550 0.845806
1550 0.807097
1550 0.809677
1550 0.883226
1550 0.904516
1550 0.831613
1550 0.915484
1550 0.868387
1550 0.882581
1550 0.829677
1550 0.834194
1550 0.832903
1550 0.647742
1550 0.876774
1550 0.865161
1550 0.876774
1550 0.874194
1550 0.916129
1550 0.867742
1550 0.863226
1550 0.907742
1550 0.789032
1550 0.795484
1550 0.859355
1550 0.864516
1550 0.854839
1550 0.860645
1550 0.835484
1550 0.672903
1550 0.903871
1550 0.874839
1550 0.893548
1550 0.789677
1550 0.849677
1550 0.84
1550 0.903226
1550 0.836129
1550 0.847742
1550 0.86
1550 0.846452
1550 0.916774
1550 0.890968
1550 0.869677
1550 0.850323
1550 0.825161
1550 0.872903
1550 0.814839
1550 0.776774
1550 0.840645
1550 0.929032
1550 0.899355
1550 0.814194
1550 0.78129
1550 0.89871
1550 0.774839
1550 0.84129
1550 0.878065
1550 0.879355
1550 0.78
1550 0.796129
1550 0.861935
1550 0.811613
1550 0.878065
1600 0.891875
1600 0.921875
1600 0.859375
1600 0.883125
1600 0.884375
1600 0.849375
1600 0.87875
1600 0.854375
1600 0.87875
1600 0.741875
1600 0.878125
1600 0.909375
1600 0.87125
1600 0.775
1600 0.856875
1600 0.819375
1600 0.82875
1600 0.841875
1600 0.86625
1600 0.883125
1600 0.83125
1600 0.8825
1600 0.94375
1600 0.85
1600 0.904375
1600 0.861875
1600 0.79625
1600 0.880625
1600 0.814375
1600 0.879375
1600 0.81875
1600 0.85
1600 0.8575
1600 0.848125
1600 0.88875
1600 0.889375
1600 0.904375
1600 0.78625
1600 0.95125
1600 0.855
1600 0.90125
1600 0.678125
1600 0.915
1600 0.873125
1600 0.843125
1600 0.853125
1600 0.885625
1600 0.88125
1600 0.813125
1600 0.8225
1600 0.836875
1600 0.898125
1600 0.850625
1600 0.788125
1600 0.893125
1600 0.911875
1600 0.721875
1600 0.8225
1600 0.780625
1600 0.89875
1600 0.774375
1600 0.9075
1600 0.83375
1600 0.859375
1600 0.846875
1600 0.900625
1600 0.925625
1600 0.860625
1600 0.79
1600 0.879375
1600 0.821875
1600 0.844375
1600 0.87
1600 0.91
1600 0.83625
1650 0.711515
1650 0.855152
1650 0.838182
1650 0.893333
1650 0.9
1650 0.838182
1650 0.866667
1650 0.910909
1650 0.873939
1650 0.86303
1650 0.774545
1650 0.838788
1650 0.9
1650 0.854545
1650 0.891515
1650 0.862424
1650 0.878788
1650 0.892121
1650 0.8
1650 0.875758
1650 0.787273
1650 0.820606
1650 0.804848
1650 0.822424
1650 0.814545
1650 0.772727
1650 0.849091
1650 0.796364
1650 0.879394
1650 0.835758
1650 0.896364
1650 0.778788
1650 0.824848
1650 0.898788
1650 0.850909
1650 0.815152
1650 0.91697
1650 0.823636
1650 0.867879
1650 0.817576
1650 0.890303
1650 0.842424
1650 0.81697
1650 0.827273
1650 0.933939
1650 0.853333
1650 0.90303
1650 0.814545
1650 0.826061
1650 0.833939
1650 0.888485
1650 0.89697
1650 0.803636
1650 0.863636
1650 0.867879
1650 0.862424
1650 0.822424
1650 0.885455
1650 0.915152
1650 0.896364
1650 0.87697
1650 0.846061
1650 0.833333
1650 0.82
1650 0.824848
1650 0.766061
1650 0.932121
1650 0.763636
1650 0.88303
1650 0.834545
1650 0.712121
1650 0.905455
1650 0.892121
1650 0.805455
1650 0.789697
1700 0.913529
1700 0.897059
1700 0.836471
1700 0.901176
1700 0.709412
1700 0.824118
1700 0.793529
1700 0.877059
1700 0.884706
1700 0.882353
1700 0.844706
1700 0.834706
1700 0.810588
1700 0.895294
1700 0.844706
1700 0.855882
1700 0.811176
1700 0.756471
1700 0.857647
1700 0.854706
1700 0.841176
1700 0.812941
1700 0.887647
1700 0.762941
1700 0.889412
1700 0.894706
1700 0.792353
1700 0.906471
1700 0.825294
1700 0.813529
1700 0.825294
1700 0.886471
1700 0.904118
1700 0.870588
1700 0.840588
1700 0.815882
1700 0.905882
1700 0.837059
1700 0.835294
1700 0.916471
1700 0.819412
1700 0.775882
1700 0.850588
1700 0.846471
1700 0.862353
1700 0.771176
1700 0.932353
1700 0.795294
1700 0.884118
1700 0.816471
1700 0.857059
1700 0.824118
1700 0.828235
1700 0.894118
1700 0.693529
1700 0.924706
1700 0.872353
1700 0.808235
1700 0.918235
1700 0.877647
1700 0.870588
1700 0.803529
1700 0.92
1700 0.915294
1700 0.808235
1700 0.848235
1700 0.764118
1700 0.875882
1700 0.822353
1700 0.833529
1700 0.794706
1700 0.842353
1700 0.840588
1700 0.927059
1700 0.881176
1750 0.806857
1750 0.840571
1750 0.826286
1750 0.894857
1750 0.828
1750 0.891429
1750 0.876
1750 0.856571
1750 0.842286
1750 0.78
1750 0.854857
1750 0.838286
1750 0.859429
1750 0.837143
1750 0.860571
1750 0.812
1750 0.82
1750 0.831429
1750 0.877143
1750 0.841714
1750 0.748571
1750 0.883429
1750 0.858286
1750 0.682286
1750 0.836
1750 0.831429
1750 0.811429
1750 0.845143
1750 0.877143
1750 0.868571
1750 0.653143
1750 0.897143
1750 0.841143
1750 0.891429
1750 0.917714
1750 0.847429
1750 0.808571
1750 0.928
1750 0.793714
1750 0.945714
1750 0.846286
1750 0.850857
1750 0.876571
1750 0.825714
1750 0.920571
1750 0.855429
1750 0.903429
1750 0.842857
1750 0.877143
1750 0.831429
1750 0.830286
1750 0.904571
1750 0.846857
1750 0.857143
1750 0.870286
1750 0.906286
1750 0.863429
1750 0.813143
1750 0.901714
1750 0.803429
1750 0.807429
1750 0.821714
1750 0.810286
1750 0.868571
1750 0.848
1750 0.935429
1750 0.791429
1750 0.888
1750 0.845714
1750 0.813714
1750 0.461143
1750 0.786857
1750 0.898857
1750 0.835429
1750 0.845143
1800 0.860556
1800 0.836667
1800 0.93
1800 0.911111
1800 0.842778
1800 0.915556
1800 0.809444
1800 0.859444
1800 0.867222
1800 0.921111
1800 0.845
1800 0.859444
1800 0.851111
1800 0.87
1800 0.810556
1800 0.839444
1800 0.912778
1800 0.937778
1800 0.875
1800 0.841111
1800 0.700556
1800 0.797778
1800 0.871111
1800 0.902222
1800 0.872778
1800 0.856111
1800 0.91
1800 0.922778
1800 0.893889
1800 0.895
1800 0.782778
1800 0.831667
1800 0.831111
1800 0.842222
1800 0.796111
1800 0.694444
1800 0.646667
1800 0.86
1800 0.835556
1800 0.816111
1800 0.886111
1800 0.827778
1800 0.887222
1800 0.866111
1800 0.861667
1800 0.865
1800 0.816667
1800 0.827222
1800 0.877222
1800 0.895556
1800 0.83
1800 0.772222
1800 0.845
1800 0.892222
1800 0.897778
1800 0.828889
1800 0.864444
1800 0.893333
1800 0.838889
1800 0.955
1800 0.856111
1800 0.862778
1800 0.834444
1800 0.902222
1800 0.888333
1800 0.838333
1800 0.866667
1800 0.856667
1800 0.843333
1800 0.855556
1800 0.797222
1800 0.811111
1800 0.848333
1800 0.854444
1800 0.916111
1850 0.944324
1850 0.860541
1850 0.832432
1850 0.863784
1850 0.887027
1850 0.875135
1850 0.814054
1850 0.815676
1850 0.837297
1850 0.82973
1850 0.904324
1850 0.891351
1850 0.949189
1850 0.852973
1850 0.85027
1850 0.902703
1850 0.923243
1850 0.799459
1850 0.853514
1850 0.755135
1850 0.94973
1850 0.841622
1850 0.766486
1850 0.736216
1850 0.891351
1850 0.778378
1850 0.775135
1850 0.819459
1850 0.73027
1850 0.917297
1850 0.94
1850 0.875676
1850 0.868649
1850 0.878919
1850 0.802162
1850 0.82
1850 0.882162
1850 0.929189
1850 0.899459
1850 0.872973
1850 0.840541
1850 0.72973
1850 0.902703
1850 0.884865
1850 0.769189
1850 0.863243
1850 0.842703
1850 0.836757
1850 0.819459
1850 0.834595
1850 0.868649
1850 0.889189
1850 0.853514
1850 0.933514
1850 0.795135
1850 0.778919
1850 0.849189
1850 0.723784
1850 0.891892
1850 0.858378
1850 0.836216
1850 0.832973
1850 0.861622
1850 0.828649
1850 0.918919
1850 0.872432
1850 0.877838
1850 0.796757
1850 0.870811
1850 0.754054
1850 0.934054
1850 0.810811
1850 0.844865
1850 0.866486
1850 0.849189
1900 0.894737
1900 0.906316
1900 0.859474
1900 0.937895
1900 0.876316
1900 0.921579
1900 0.865789
1900 0.851053
1900 0.891579
1900 0.873158
1900 0.798947
1900 0.792632
1900 0.852632
1900 0.914211
1900 0.862632
1900 0.967895
1900 0.780526
1900 0.858947
1900 0.895263
1900 0.897895
1900 0.834737
1900 0.731053
1900 0.926842
1900 0.789474
1900 0.824737
1900 0.903158
1900 0.86
1900 0.915789
1900 0.848947
1900 0.861579
1900 0.873684
1900 0.900526
1900 0.851053
1900 0.756316
1900 0.786842
1900 0.864737
1900 0.867895
1900 0.928947
1900 0.848947
1900 0.912632
1900 0.874211
1900 0.876316
1900 0.727368
1900 0.841579
1900 0.908947
1900 0.843158
1900 0.886316
1900 0.881053
1900 0.805789
1900 0.857895
1900 0.834737
1900 0.874737
1900 0.855263
1900 0.768421
1900 0.942632
1900 0.884737
1900 0.893684
1900 0.896316
1900 0.793684
1900 0.823684
1900 0.924737
1900 0.833684
1900 0.765789
1900 0.834737
1900 0.863684
1900 0.832105
1900 0.874211
1900 0.812632
1900 0.817895
1900 0.812105
1900 0.840526
1900 0.851053
1900 0.878947
1900 0.854211
1900 0.864211
1950 0.838462
1950 0.861026
1950 0.894872
1950 0.889231
1950 0.926667
1950 0.9
1950 0.850256
1950 0.811795
1950 0.789231
1950 0.793333
1950 0.817436
1950 0.927692
1950 0.870256
1950 0.92359
1950 0.895897
1950 0.889744
1950 0.905128
1950 0.830256
1950 0.902051
1950 0.894872
1950 0.811795
1950 0.817949
1950 0.928205
1950 0.866667
1950 0.921026
1950 0.926667
1950 0.851282
1950 0.790256
1950 0.816923
1950 0.88
1950 0.827692
1950 0.795897
1950 0.84
1950 0.86
1950 0.834359
1950 0.883077
1950 0.890256
1950 0.909744
1950 0.734359
1950 0.895897
1950 0.804103
1950 0.819487
1950 0.893846
1950 0.659487
1950 0.864615
1950 0.872308
1950 0.886667
1950 0.853846
1950 0.88359
1950 0.885641
1950 0.817436
1950 0.777436
1950 0.786154
1950 0.874872
1950 0.844103
1950 0.724103
1950 0.79641
1950 0.87641
1950 0.867692
1950 0.791282
1950 0.855385
1950 0.82359
1950 0.807692
1950 0.850256
1950 0.932308
1950 0.835385
1950 0.846154
1950 0.835385
1950 0.794359
1950 0.892821
1950 0.884103
1950 0.868718
1950 0.863077
1950 0.799487
1950 0.838974
2000 0.866
2000 0.9015
2000 0.871
2000 0.8425
2000 0.846
2000 0.845
2000 0.88
2000 0.8565
2000 0.8125
2000 0.873
2000 0.816
2000 0.8465
2000 0.857
2000 0.8805
2000 0.841
2000 0.8315
2000 0.862
2000 0.805
2000 0.81
2000 0.9115
2000 0.8355
2000 0.9
2000 0.9445
2000 0.8415
2000 0.9465
2000 0.8325
2000 0.797
2000 0.826
2000 0.9025
2000 0.891
2000 0.845
2000 0.87
2000 0.831
2000 0.723
2000 0.8675
2000 0.892
2000 0.7335
2000 0.7915
2000 0.897
2000 0.9165
2000 0.8115
2000 0.8485
2000 0.807
2000 0.7755
2000 0.884
2000 0.893
2000 0.9115
2000 0.8455
2000 0.7955
2000 0.8845
2000 0.858
2000 0.8165
2000 0.8215
2000 0.886
2000 0.8295
2000 0.8285
2000 0.891
2000 0.7475
2000 0.8105
2000 0.871
2000 0.8635
2000 0.866
2000 0.8075
2000 0.9035
2000 0.79
2000 0.8375
2000 0.8055
2000 0.9155
2000 0.852
2000 0.8435
2000 0.838
2000 0.862
2000 0.9005
2000 0.8745
2000 0.8445
