50 0
50 0.46
50 0.02
50 0
50 0
50 0.18
50 0.32
50 0.76
50 0
50 0.32
50 0.12
50 0.22
50 0
50 0.24
50 0.16
50 0.2
50 0.12
50 0.64
50 0.08
50 0.02
50 0.1
50 0
50 0
50 0
50 0.14
50 0.64
50 0.44
50 0.62
50 0.36
50 0.34
50 0.22
50 0.3
50 0.02
50 0.28
50 0.12
50 0
50 0
50 0.68
50 0.06
50 0.02
50 0
50 0.02
50 0.14
50 0.6
50 0.46
50 0.42
50 0.18
50 0.06
50 0.4
50 0.24
50 0.42
50 0.12
50 0.28
50 0
50 0.62
50 0.46
50 0.5
50 0
50 0.04
50 0
50 0.4
50 0.22
50 0
50 0.24
50 0
50 0.28
50 0.14
50 0.08
50 0.56
50 0.12
50 0.36
50 0.2
50 0.08
50 0.68
50 0.08
100 0.28
100 0.04
100 0.16
100 0.61
100 0.74
100 0.73
100 0.49
100 0.72
100 0.76
100 0.54
100 0.85
100 0.83
100 0.27
100 0.26
100 0.86
100 0.14
100 0.63
100 0.37
100 0.4
100 0.67
100 0.54
100 0.75
100 0.6
100 0.76
100 0.76
100 0.34
100 0.36
100 0.41
100 0.62
100 0.62
100 0.76
100 0.15
100 0.28
100 0.53
100 0.79
100 0.53
100 0.7
100 0.54
100 0.11
100 0.59
100 0.59
100 0.16
100 0.31
100 0.84
100 0.75
100 0.67
100 0.2
100 0.41
100 0.58
100 0.49
100 0.29
100 0.37
100 0.44
100 0.63
100 0.68
100 0.95
100 0.72
100 0.64
100 0.73
100 0.78
100 0.8
100 0.22
100 0.48
100 0.51
100 0.36
100 0.12
100 0.62
100 0.37
100 0.64
100 0.7
100 0.34
100 0.69
100 0.02
100 0.04
100 0.22
150 0.633333
150 0.593333
150 0.646667
150 0.733333
150 0.413333
150 0.66
150 0.76
150 0.766667
150 0.906667
150 0.82
150 0.906667
150 0.826667
150 0.493333
150 0.48
150 0.606667
150 0.726667
150 0.733333
150 0.34
150 0.133333
150 0.813333
150 0.633333
150 0.813333
150 0.546667
150 0.126667
150 0.82
150 0.633333
150 0.453333
150 0.813333
150 0.633333
150 0.793333
150 0.773333
150 0.613333
150 0.713333
150 0.886667
150 0.646667
150 0.533333
150 0.36
150 0.58
150 0.52
150 0.806667
150 0.76
150 0.353333
150 0.286667
150 0.473333
150 0.273333
150 0.48
150 0.786667
150 0.573333
150 0.76
150 0.353333
150 0.753333
150 0.466667
150 0.74
150 0.8
150 0.713333
150 0.846667
150 0.753333
150 0.76
150 0.366667
150 0.7
150 0.813333
150 0.706667
150 0.866667
150 0.24
150 0.913333
150 0.32
150 0.5
150 0.373333
150 0.506667
150 0.506667
150 0.786667
150 0.5
150 0.66
150 0.733333
150 0.7
200 0.82
200 0.325
200 0.805
200 0.735
200 0.595
200 0.645
200 0.435
200 0.82
200 0.745
200 0.72
200 0.695
200 0.635
200 0.67
200 0.8
200 0.585
200 0.81
200 0.665
200 0.85
200 0.73
200 0.76
200 0.73
200 0.7
200 0.415
200 0.87
200 0.89
200 0.565
200 0.81
200 0.755
200 0.545
200 0.74
200 0.59
200 0.54
200 0.68
200 0.725
200 0.345
200 0.86
200 0.465
200 0.705
200 0.69
200 0.49
200 0.7
200 0.66
200 0.605
200 0.49
200 0.83
200 0.785
200 0.87
200 0.85
200 0.835
200 0.81
200 0.285
200 0.815
200 0.81
200 0.665
200 0.66
200 0.74
200 0.775
200 0.68
200 0.815
200 0.675
200 0.33
200 0.825
200 0.71
200 0.75
200 0.745
200 0.825
200 0.625
200 0.775
200 0.54
200 0.885
200 0.5
200 0.51
200 0.78
200 0.8
200 0.535
250 0.704
250 0.832
250 0.524
250 0.784
250 0.824
250 0.848
250 0.792
250 0.796
250 0.664
250 0.76
250 0.788
250 0.712
250 0.78
250 0.548
250 0.74
250 0.86
250 0.692
250 0.564
250 0.784
250 0.844
250 0.884
250 0.684
250 0.68
250 0.52
250 0.908
250 0.864
250 0.844
250 0.832
250 0.536
250 0.812
250 0.716
250 0.808
250 0.616
250 0.764
250 0.688
250 0.636
250 0.816
250 0.716
250 0.588
250 0.66
250 0.508
250 0.468
250 0.688
250 0.496
250 0.604
250 0.876
250 0.82
250 0.756
250 0.84
250 0.58
250 0.848
250 0.54
250 0.416
250 0.808
250 0.808
250 0.872
250 0.732
250 0.552
250 0.684
250 0.496
250 0.732
250 0.772
250 0.58
250 0.832
250 0.688
250 0.664
250 0.86
250 0.796
250 0.76
250 0.816
250 0.74
250 0.696
250 0.908
250 0.724
250 0.764
300 0.413333
300 0.87
300 0.78
300 0.826667
300 0.643333
300 0.616667
300 0.766667
300 0.426667
300 0.596667
300 0.726667
300 0.65
300 0.786667
300 0.8
300 0.603333
300 0.86
300 0.886667
300 0.21
300 0.796667
300 0.693333
300 0.683333
300 0.516667
300 0.78
300 0.823333
300 0.7
300 0.523333
300 0.863333
300 0.773333
300 0.67
300 0.85
300 0.453333
300 0.746667
300 0.73
300 0.463333
300 0.786667
300 0.823333
300 0.9
300 0.76
300 0.863333
300 0.886667
300 0.61
300 0.636667
300 0.646667
300 0.816667
300 0.843333
300 0.796667
300 0.643333
300 0.85
300 0.336667
300 0.513333
300 0.836667
300 0.79
300 0.883333
300 0.523333
300 0.683333
300 0.843333
300 0.69
300 0.863333
300 0.676667
300 0.763333
300 0.78
300 0.706667
300 0.75
300 0.856667
300 0.75
300 0.706667
300 0.68
300 0.863333
300 0.77
300 0.79
300 0.653333
300 0.816667
300 0.64
300 0.813333
300 0.666667
300 0.756667
350 0.86
350 0.802857
350 0.837143
350 0.608571
350 0.817143
350 0.38
350 0.705714
350 0.694286
350 0.874286
350 0.72
350 0.808571
350 0.625714
350 0.625714
350 0.665714
350 0.78
350 0.7
350 0.565714
350 0.857143
350 0.694286
350 0.677143
350 0.834286
350 0.668571
350 0.785714
350 0.802857
350 0.817143
350 0.848571
350 0.791429
350 0.491429
350 0.785714
350 0.757143
350 0.594286
350 0.851429
350 0.605714
350 0.765714
350 0.785714
350 0.78
350 0.597143
350 0.597143
350 0.768571
350 0.668571
350 0.788571
350 0.737143
350 0.86
350 0.917143
350 0.92
350 0.851429
350 0.528571
350 0.811429
350 0.742857
350 0.894286
350 0.654286
350 0.817143
350 0.822857
350 0.597143
350 0.757143
350 0.642857
350 0.822857
350 0.817143
350 0.854286
350 0.865714
350 0.828571
350 0.817143
350 0.897143
350 0.82
350 0.511429
350 0.782857
350 0.817143
350 0.842857
350 0.794286
350 0.637143
350 0.654286
350 0.845714
350 0.231429
350 0.877143
350 0.814286
400 0.82
400 0.79
400 0.82
400 0.6325
400 0.6825
400 0.7875
400 0.7
400 0.5
400 0.8375
400 0.385
400 0.8475
400 0.94
400 0.8225
400 0.8275
400 0.6975
400 0.79
400 0.715
400 0.5525
400 0.8275
400 0.7725
400 0.8925
400 0.79
400 0.71
400 0.7725
400 0.7025
400 0.57
400 0.755
400 0.6325
400 0.885
400 0.8325
400 0.81
400 0.72
400 0.765
400 0.8475
400 0.8775
400 0.8275
400 0.6825
400 0.41
400 0.8125
400 0.6425
400 0.815
400 0.89
400 0.7275
400 0.6775
400 0.91
400 0.76
400 0.6975
400 0.7175
400 0.9325
400 0.825
400 0.8575
400 0.8225
400 0.6025
400 0.7375
400 0.865
400 0.89
400 0.8625
400 0.7825
400 0.6175
400 0.7875
400 0.81
400 0.7375
400 0.71
400 0.81
400 0.7925
400 0.89
400 0.795
400 0.8
400 0.8775
400 0.51
400 0.8375
400 0.8075
400 0.805
400 0.8525
400 0.8825
450 0.904444
450 0.931111
450 0.488889
450 0.691111
450 0.815556
450 0.853333
450 0.653333
450 0.873333
450 0.775556
450 0.737778
450 0.891111
450 0.766667
450 0.528889
450 0.786667
450 0.74
450 0.74
450 0.717778
450 0.815556
450 0.811111
450 0.773333
450 0.777778
450 0.613333
450 0.782222
450 0.762222
450 0.848889
450 0.691111
450 0.813333
450 0.644444
450 0.72
450 0.577778
450 0.826667
450 0.8
450 0.866667
450 0.9
450 0.8
450 0.855556
450 0.882222
450 0.797778
450 0.837778
450 0.737778
450 0.86
450 0.808889
450 0.626667
450 0.866667
450 0.822222
450 0.833333
450 0.817778
450 0.906667
450 0.855556
450 0.66
450 0.708889
450 0.717778
450 0.8
450 0.795556
450 0.806667
450 0.866667
450 0.731111
450 0.795556
450 0.815556
450 0.86
450 0.628889
450 0.793333
450 0.862222
450 0.886667
450 0.706667
450 0.924444
450 0.691111
450 0.708889
450 0.72
450 0.733333
450 0.722222
450 0.768889
450 0.815556
450 0.755556
450 0.533333
500 0.854
500 0.878
500 0.884
500 0.7
500 0.736
500 0.668
500 0.712
500 0.904
500 0.786
500 0.81
500 0.84
500 0.658
500 0.8
500 0.76
500 0.832
500 0.762
500 0.778
500 0.712
500 0.794
500 0.698
500 0.91
500 0.776
500 0.864
500 0.864
500 0.804
500 0.7
500 0.71
500 0.768
500 0.646
500 0.782
500 0.834
500 0.84
500 0.88
500 0.754
500 0.652
500 0.77
500 0.88
500 0.702
500 0.768
500 0.824
500 0.81
500 0.726
500 0.916
500 0.854
500 0.852
500 0.834
500 0.846
500 0.796
500 0.848
500 0.574
500 0.844
500 0.768
500 0.802
500 0.766
500 0.802
500 0.86
500 0.912
500 0.874
500 0.96
500 0.864
500 0.88
500 0.45
500 0.758
500 0.448
500 0.75
500 0.726
500 0.902
500 0.816
500 0.88
500 0.81
500 0.536
500 0.852
500 0.866
500 0.862
500 0.886
550 0.690909
550 0.669091
550 0.936364
550 0.734545
550 0.907273
550 0.856364
550 0.856364
550 0.750909
550 0.785455
550 0.794545
550 0.7
550 0.765455
550 0.769091
550 0.912727
550 0.807273
550 0.823636
550 0.561818
550 0.805455
550 0.921818
550 0.74
550 0.903636
550 0.758182
550 0.870909
550 0.763636
550 0.834545
550 0.872727
550 0.845455
550 0.698182
550 0.792727
550 0.745455
550 0.767273
550 0.86
550 0.905455
550 0
550 0.423636
550 0.783636
550 0.64
550 0.610909
550 0.878182
550 0.9
550 0.865455
550 0.881818
550 0.658182
550 0.630909
550 0.770909
550 0.865455
550 0.378182
550 0.765455
550 0.82
550 0.723636
550 0.84
550 0.821818
550 0.701818
550 0.7
550 0.674545
550 0.654545
550 0.845455
550 0.796364
550 0.843636
550 0.596364
550 0.901818
550 0.82
550 0.821818
550 0.818182
550 0.743636
550 0.785455
550 0.84
550 0.761818
550 0.650909
550 0.765455
550 0.658182
550 0.812727
550 0.798182
550 0.914545
550 0.865455
600 0.785
600 0.761667
600 0.643333
600 0.688333
600 0.903333
600 0.788333
600 0.786667
600 0.81
600 0.761667
600 0.733333
600 0.878333
600 0.876667
600 0.815
600 0.846667
600 0.77
600 0.82
600 0.811667
600 0.818333
600 0.828333
600 0.701667
600 0.628333
600 0.878333
600 0.856667
600 0.796667
600 0.861667
600 0.813333
600 0.733333
600 0.845
600 0.761667
600 0.796667
600 0.846667
600 0.846667
600 0.698333
600 0.84
600 0.856667
600 0.761667
600 0.783333
600 0.633333
600 0.781667
600 0.855
600 0.66
600 0.801667
600 0.833333
600 0.75
600 0.861667
600 0.78
600 0.613333
600 0.831667
600 0.77
600 0.78
600 0.84
600 0.715
600 0.685
600 0.87
600 0.825
600 0.863333
600 0.65
600 0.818333
600 0.601667
600 0.905
600 0.756667
600 0.811667
600 0.813333
600 0.881667
600 0.84
600 0.76
600 0.763333
600 0.808333
600 0.823333
600 0.76
600 0.863333
600 0.78
600 0.713333
600 0.75
600 0.718333
650 0.806154
650 0.810769
650 0.853846
650 0.670769
650 0.693846
650 0.790769
650 0.956923
650 0.629231
650 0.695385
650 0.827692
650 0.846154
650 0.787692
650 0.766154
650 0.869231
650 0.572308
650 0.872308
650 0.841538
650 0.684615
650 0.721538
650 0.704615
650 0.744615
650 0.74
650 0.561538
650 0.846154
650 0.789231
650 0.776923
650 0.892308
650 0.669231
650 0.843077
650 0.847692
650 0.624615
650 0.844615
650 0.896923
650 0.852308
650 0.823077
650 0.809231
650 0.803077
650 0.852308
650 0.723077
650 0.853846
650 0.846154
650 0.730769
650 0.796923
650 0.821538
650 0.833846
650 0.735385
650 0.733846
650 0.784615
650 0.846154
650 0.644615
650 0.878462
650 0.783077
650 0.876923
650 0.803077
650 0.809231
650 0.727692
650 0.830769
650 0.575385
650 0.866154
650 0.867692
650 0.76
650 0.74
650 0.767692
650 0.818462
650 0.753846
650 0.821538
650 0.829231
650 0.9
650 0.821538
650 0.852308
650 0.821538
650 0.804615
650 0.82
650 0.867692
650 0.813846
700 0.868571
700 0.844286
700 0.665714
700 0.712857
700 0.877143
700 0.88
700 0.912857
700 0.885714
700 0.874286
700 0.937143
700 0.821429
700 0.934286
700 0.858571
700 0.818571
700 0.825714
700 0.737143
700 0.775714
700 0.797143
700 0.82
700 0.797143
700 0.768571
700 0.84
700 0.924286
700 0.775714
700 0.822857
700 0.814286
700 0.951429
700 0.931429
700 0.895714
700 0.862857
700 0.804286
700 0.815714
700 0.907143
700 0.868571
700 0.838571
700 0.764286
700 0.861429
700 0.688571
700 0.68
700 0.811429
700 0.83
700 0.627143
700 0.817143
700 0.855714
700 0.687143
700 0.891429
700 0.797143
700 0.788571
700 0.867143
700 0.737143
700 0.784286
700 0.874286
700 0.857143
700 0.845714
700 0.567143
700 0.794286
700 0.861429
700 0.842857
700 0.842857
700 0.774286
700 0.685714
700 0.815714
700 0.82
700 0.531429
700 0.934286
700 0.735714
700 0.79
700 0.814286
700 0.668571
700 0.731429
700 0.88
700 0.66
700 0.837143
700 0.608571
700 0.925714
750 0.858667
750 0.844
750 0.885333
750 0.782667
750 0.761333
750 0.818667
750 0.897333
750 0.706667
750 0.765333
750 0.842667
750 0.74
750 0.812
750 0.888
750 0.824
750 0.9
750 0.742667
750 0.842667
750 0.698667
750 0.737333
750 0.636
750 0.765333
750 0.758667
750 0.674667
750 0.876
750 0.824
750 0.761333
750 0.768
750 0.832
750 0.762667
750 0.886667
750 0.792
750 0.776
750 0.826667
750 0.884
750 0.829333
750 0.82
750 0.8
750 0.864
750 0.797333
750 0.817333
750 0.838667
750 0.56
750 0.857333
750 0.778667
750 0.853333
750 0.845333
750 0.881333
750 0.712
750 0.789333
750 0.790667
750 0.830667
750 0.634667
750 0.862667
750 0.785333
750 0.772
750 0.872
750 0.830667
750 0.776
750 0.734667
750 0.84
750 0.824
750 0.833333
750 0.793333
750 0.708
750 0.826667
750 0.796
750 0.709333
750 0.798667
750 0.716
750 0.790667
750 0.729333
750 0.793333
750 0.857333
750 0.861333
750 0.824
800 0.87375
800 0.755
800 0.80125
800 0.78125
800 0.77375
800 0.82125
800 0.82125
800 0.8675
800 0.90125
800 0.84375
800 0.85
800 0.77
800 0.8
800 0.845
800 0.85125
800 0.81875
800 0.795
800 0.8325
800 0.85
800 0.7625
800 0.76375
800 0.83
800 0.8
800 0.86375
800 0.7625
800 0.80625
800 0.80125
800 0.74375
800 0.845
800 0.87875
800 0.85125
800 0.7925
800 0.70875
800 0.8125
800 0.86
800 0.74875
800 0.805
800 0.89625
800 0.72875
800 0.78875
800 0.84375
800 0.82
800 0.815
800 0.6925
800 0.8375
800 0.86875
800 0.90125
800 0.81375
800 0.73625
800 0.6525
800 0.7175
800 0.86125
800 0.9
800 0.80125
800 0.84
800 0.885
800 0.79875
800 0.86875
800 0.80625
800 0.885
800 0.875
800 0.8675
800 0.7525
800 0.915
800 0.58375
800 0.79
800 0.78
800 0.85875
800 0.83125
800 0.77375
800 0.8425
800 0.81125
800 0.795
800 0.73875
800 0.87
850 0.848235
850 0.881176
850 0.876471
850 0.823529
850 0.732941
850 0.821176
850 0.803529
850 0.835294
850 0.796471
850 0.772941
850 0.729412
850 0.723529
850 0.878824
850 0.831765
850 0.754118
850 0.870588
850 0.870588
850 0.769412
850 0.729412
850 0.747059
850 0.883529
850 0.930588
850 0.783529
850 0.825882
850 0.798824
850 0.829412
850 0.851765
850 0.76
850 0.82
850 0.802353
850 0.410588
850 0.858824
850 0.86
850 0.782353
850 0.709412
850 0.814118
850 0.855294
850 0.8
850 0.828235
850 0.771765
850 0.643529
850 0.778824
850 0.827059
850 0.742353
850 0.854118
850 0.834118
850 0.768235
850 0.765882
850 0.789412
850 0.788235
850 0.791765
850 0.665882
850 0.842353
850 0.7
850 0.815294
850 0.897647
850 0.695294
850 0.864706
850 0.670588
850 0.688235
850 0.728235
850 0.883529
850 0.836471
850 0.910588
850 0.738824
850 0.910588
850 0.870588
850 0.803529
850 0.823529
850 0.776471
850 0.812941
850 0.868235
850 0.789412
850 0.832941
850 0.804706
900 0.867778
900 0.835556
900 0.785556
900 0.701111
900 0.786667
900 0.837778
900 0.707778
900 0.852222
900 0.843333
900 0.803333
900 0.904444
900 0.871111
900 0.931111
900 0.828889
900 0.798889
900 0.892222
900 0.601111
900 0.617778
900 0.718889
900 0.852222
900 0.853333
900 0.841111
900 0.781111
900 0.74
900 0.774444
900 0.648889
900 0.735556
900 0.747778
900 0.788889
900 0.838889
900 0.85
900 0.891111
900 0.633333
900 0.845556
900 0.377778
900 0.877778
900 0.806667
900 0.78
900 0.868889
900 0.892222
900 0.757778
900 0.807778
900 0.868889
900 0.822222
900 0.771111
900 0.807778
900 0.876667
900 0.815556
900 0.875556
900 0.842222
900 0.717778
900 0.876667
900 0.755556
900 0.833333
900 0.827778
900 0.847778
900 0.783333
900 0.87
900 0.806667
900 0.812222
900 0.946667
900 0.817778
900 0.846667
900 0.8
900 0.747778
900 0.847778
900 0.756667
900 0.863333
900 0.875556
900 0.817778
900 0.827778
900 0.661111
900 0.823333
900 0.888889
900 0.814444
950 0.790526
950 0.755789
950 0.783158
950 0.863158
950 0.842105
950 0.877895
950 0.646316
950 0.812632
950 0.827368
950 0.872632
950 0.635789
950 0.862105
950 0.849474
950 0.712632
950 0.926316
950 0.881053
950 0.853684
950 0.84
950 0.821053
950 0.857895
950 0.795789
950 0.771579
950 0.781053
950 0.923158
950 0.845263
950 0.841053
950 0.770526
950 0.838947
950 0.849474
950 0.815789
950 0.788421
950 0.884211
950 0.805263
950 0.828421
950 0.751579
950 0.887368
950 0.828421
950 0.808421
950 0.813684
950 0.753684
950 0.84
950 0.814737
950 0.842105
950 0.82
950 0.906316
950 0.734737
950 0.776842
950 0.905263
950 0.893684
950 0.851579
950 0.835789
950 0.796842
950 0.802105
950 0.801053
950 0.871579
950 0.72
950 0.725263
950 0.887368
950 0.848421
950 0.817895
950 0.855789
950 0.823158
950 0.775789
950 0.944211
950 0.723158
950 0.768421
950 0.928421
950 0.864211
950 0.781053
950 0.849474
950 0.827368
950 0.732632
950 0.850526
950 0.804211
950 0.843158
1000 0.898
1000 0.775
1000 0.628
1000 0.848
1000 0.784
1000 0.7
1000 0.652
1000 0.836
1000 0.793
1000 0.816
1000 0.903
1000 0.834
1000 0.857
1000 0.787
1000 0.793
1000 0.792
1000 0.825
1000 0.823
1000 0.863
1000 0.842
1000 0.699
1000 0.781
1000 0.764
1000 0.865
1000 0.763
1000 0.814
1000 0.765
1000 0.886
1000 0.817
1000 0.754
1000 0.851
1000 0.795
1000 0.782
1000 0.837
1000 0.786
1000 0.961
1000 0.904
1000 0.842
1000 0.794
1000 0.854
1000 0.827
1000 0.752
1000 0.914
1000 0.875
1000 0.804
1000 0.82
1000 0.794
1000 0.885
1000 0.806
1000 0.876
1000 0.73
1000 0.78
1000 0.886
1000 0.878
1000 0.848
1000 0.915
1000 0.774
1000 0.804
1000 0.826
1000 0.725
1000 0.866
1000 0.817
1000 0.843
1000 0.832
1000 0.894
1000 0.864
1000 0.725
1000 0.818
1000 0.798
1000 0.799
1000 0.857
1000 0.756
1000 0.877
1000 0.864
1000 0.876
1050 0.893333
1050 0.846667
1050 0.548571
1050 0.852381
1050 0.658095
1050 0.87619
1050 0.86
1050 0.792381
1050 0.811429
1050 0.774286
1050 0.811429
1050 0.879048
1050 0.734286
1050 0.722857
1050 0.868571
1050 0.760952
1050 0.675238
1050 0.784762
1050 0.778095
1050 0.784762
1050 0.88
1050 0.741905
1050 0.844762
1050 0.87619
1050 0.806667
1050 0.793333
1050 0.777143
1050 0.872381
1050 0.872381
1050 0.902857
1050 0.828571
1050 0.76381
1050 0.805714
1050 0.872381
1050 0.800952
1050 0.68381
1050 0.794286
1050 0.846667
1050 0.687619
1050 0.800952
1050 0.861905
1050 0.802857
1050 0.81619
1050 0.800952
1050 0.754286
1050 0.878095
1050 0.80381
1050 0.799048
1050 0.800952
1050 0.871429
1050 0.726667
1050 0.812381
1050 0.755238
1050 0.855238
1050 0.825714
1050 0.868571
1050 0.86381
1050 0.78
1050 0.841905
1050 0.825714
1050 0.805714
1050 0.853333
1050 0.679048
1050 0.785714
1050 0.808571
1050 0.882857
1050 0.881905
1050 0.824762
1050 0.913333
1050 0.91619
1050 0.772381
1050 0.76381
1050 0.865714
1050 0.904762
1050 0.815238
1100 0.907273
1100 0.878182
1100 0.731818
1100 0.791818
1100 0.903636
1100 0.889091
1100 0.792727
1100 0.778182
1100 0.822727
1100 0.827273
1100 0.766364
1100 0.788182
1100 0.914545
1100 0.840909
1100 0.87
1100 0.773636
1100 0.852727
1100 0.785455
1100 0.780909
1100 0.889091
1100 0.764545
1100 0.903636
1100 0.829091
1100 0.806364
1100 0.756364
1100 0.739091
1100 0.853636
1100 0.904545
1100 0.824545
1100 0.888182
1100 0.864545
1100 0.788182
1100 0.768182
1100 0.780909
1100 0.677273
1100 0.768182
1100 0.878182
1100 0.83
1100 0.909091
1100 0.722727
1100 0.87
1100 0.86
1100 0.87
1100 0.84
1100 0.774545
1100 0.79
1100 0.703636
1100 0.861818
1100 0.907273
1100 0.884545
1100 0.720909
1100 0.904545
1100 0.8
1100 0.742727
1100 0.850909
1100 0.794545
1100 0.824545
1100 0.835455
1100 0.704545
1100 0.861818
1100 0.837273
1100 0.873636
1100 0.862727
1100 0.821818
1100 0.899091
1100 0.742727
1100 0.907273
1100 0.887273
1100 0.812727
1100 0.731818
1100 0.865455
1100 0.799091
1100 0.889091
1100 0.821818
1100 0.647273
1150 0.8
1150 0.797391
1150 0.784348
1150 0.817391
1150 0.835652
1150 0.791304
1150 0.811304
1150 0.82087
1150 0.86087
1150 0.873043
1150 0.812174
1150 0.795652
1150 0.792174
1150 0.854783
1150 0.853043
1150 0.691304
1150 0.786087
1150 0.853043
1150 0.807826
1150 0.873043
1150 0.881739
1150 0.841739
1150 0.855652
1150 0.813043
1150 0.915652
1150 0.866087
1150 0.810435
1150 0.770435
1150 0.805217
1150 0.86087
1150 0.806087
1150 0.778261
1150 0.702609
1150 0.793913
1150 0.76087
1150 0.922609
1150 0.823478
1150 0.862609
1150 0.884348
1150 0.803478
1150 0.652174
1150 0.731304
1150 0.88
1150 0.795652
1150 0.926957
1150 0.790435
1150 0.813913
1150 0.78
1150 0.79913
1150 0.895652
1150 0.791304
1150 0.867826
1150 0.884348
1150 0.812174
1150 0.831304
1150 0.826087
1150 0.918261
1150 0.791304
1150 0.805217
1150 0.80087
1150 0.84
1150 0.798261
1150 0.791304
1150 0.668696
1150 0.764348
1150 0.82087
1150 0.808696
1150 0.877391
1150 0.90087
1150 0.843478
1150 0.84
1150 0.813913
1150 0.838261
1150 0.834783
1150 0.877391
1200 0.826667
1200 0.865833
1200 0.850833
1200 0.716667
1200 0.845
1200 0.8375
1200 0.746667
1200 0.746667
1200 0.900833
1200 0.646667
1200 0.830833
1200 0.8425
1200 0.8525
1200 0.825833
1200 0.828333
1200 0.783333
1200 0.795833
1200 0.899167
1200 0.853333
1200 0.85
1200 0.9225
1200 0.849167
1200 0.741667
1200 0.815833
1200 0.854167
1200 0.79
1200 0.813333
1200 0.876667
1200 0.870833
1200 0.903333
1200 0.879167
1200 0.818333
1200 0.8875
1200 0.805833
1200 0.821667
1200 0.809167
1200 0.89
1200 0.809167
1200 0.876667
1200 0.85
1200 0.829167
1200 0.708333
1200 0.794167
1200 0.864167
1200 0.865
1200 0.755833
1200 0.8175
1200 0.9025
1200 0.85
1200 0.904167
1200 0.858333
1200 0.8925
1200 0.893333
1200 0.745
1200 0.871667
1200 0.961667
1200 0.803333
1200 0.825833
1200 0.8175
1200 0.886667
1200 0.851667
1200 0.8225
1200 0.906667
1200 0.8675
1200 0.894167
1200 0.793333
1200 0.8075
1200 0.864167
1200 0.846667
1200 0.840833
1200 0.879167
1200 0.804167
1200 0.9125
1200 0.863333
1200 0.846667
1250 0.7816
1250 0.8104
1250 0.8408
1250 0.7744
1250 0.928
1250 0.776
1250 0.7752
1250 0.8792
1250 0.7936
1250 0.8192
1250 0.8416
1250 0.8728
1250 0.8744
1250 0.8136
1250 0.7984
1250 0.7504
1250 0.6208
1250 0.8328
1250 0.8776
1250 0.8192
1250 0.8016
1250 0.7288
1250 0.8488
1250 0.828
1250 0.86
1250 0.8352
1250 0.8032
1250 0.8016
1250 0.7448
1250 0.8776
1250 0.8824
1250 0.7768
1250 0.908
1250 0.8256
1250 0.8744
1250 0.8208
1250 0.8232
1250 0.8448
1250 0.8408
1250 0.8208
1250 0.7984
1250 0.7488
1250 0.8296
1250 0.5824
1250 0.852
1250 0.7368
1250 0.4704
1250 0.7504
1250 0.8016
1250 0.8368
1250 0.8168
1250 0.7512
1250 0.872
1250 0.8992
1250 0.8256
1250 0.7784
1250 0.82
1250 0.8904
1250 0.9064
1250 0.8328
1250 0.8504
1250 0.888
1250 0.7808
1250 0.8232
1250 0.7592
1250 0.7968
1250 0.7856
1250 0.9152
1250 0.8784
1250 0.816
1250 0.8752
1250 0.8784
1250 0.7944
1250 0.6696
1250 0.804
1300 0.741538
1300 0.786154
1300 0.843077
1300 0.766154
1300 0.801538
1300 0.887692
1300 0.791538
1300 0.803077
1300 0.84
1300 0.884615
1300 0.806154
1300 0.920769
1300 0.912308
1300 0.881538
1300 0.796154
1300 0.803846
1300 0.892308
1300 0.835385
1300 0.881538
1300 0.9
1300 0.816923
1300 0.912308
1300 0.793846
1300 0.858462
1300 0.786923
1300 0.810769
1300 0.846154
1300 0.748462
1300 0.840769
1300 0.695385
1300 0.527692
1300 0.809231
1300 0.725385
1300 0.714615
1300 0.824615
1300 0.873077
1300 0.756923
1300 0.871538
1300 0.756154
1300 0.771538
1300 0.777692
1300 0.819231
1300 0.889231
1300 0.775385
1300 0.806923
1300 0.859231
1300 0.846923
1300 0.832308
1300 0.730769
1300 0.761538
1300 0.874615
1300 0.836154
1300 0.836923
1300 0.870769
1300 0.815385
1300 0.862308
1300 0.830769
1300 0.836923
1300 0.77
1300 0.853846
1300 0.817692
1300 0.860769
1300 0.804615
1300 0.826923
1300 0.634615
1300 0.909231
1300 0.828462
1300 0.799231
1300 0.800769
1300 0.746923
1300 0.846154
1300 0.816923
1300 0.813846
1300 0.739231
1300 0.942308
1350 0.788148
1350 0.818519
1350 0.83037
1350 0.874815
1350 0.860741
1350 0.676296
1350 0.893333
1350 0.877778
1350 0.843704
1350 0.785926
1350 0.859259
1350 0.905926
1350 0.76963
1350 0.726667
1350 0.768889
1350 0.84
1350 0.86963
1350 0.845185
1350 0.767407
1350 0.898519
1350 0.737037
1350 0.914815
1350 0.806667
1350 0.782222
1350 0.857778
1350 0.813333
1350 0.807407
1350 0.832593
1350 0.831111
1350 0.853333
1350 0.842222
1350 0.851852
1350 0.808889
1350 0.859259
1350 0.796296
1350 0.854074
1350 0.765926
1350 0.837037
1350 0.902963
1350 0.826667
1350 0.791852
1350 0.821481
1350 0.825185
1350 0.868148
1350 0.811852
1350 0.81037
1350 0.825926
1350 0.868889
1350 0.868148
1350 0.891111
1350 0.893333
1350 0.834815
1350 0.605926
1350 0.880741
1350 0.792593
1350 0.825185
1350 0.82963
1350 0.852593
1350 0.874074
1350 0.734074
1350 0.905185
1350 0.894074
1350 0.94963
1350 0.663704
1350 0.882222
1350 0.853333
1350 0.898519
1350 0.883704
1350 0.865185
1350 0.841481
1350 0.799259
1350 0.906667
1350 0.83037
1350 0.852593
1350 0.76
1400 0.755714
1400 0.880714
1400 0.816429
1400 0.851429
1400 0.787857
1400 0.798571
1400 0.821429
1400 0.830714
1400 0.837857
1400 0.702143
1400 0.818571
1400 0.733571
1400 0.79
1400 0.753571
1400 0.835714
1400 0.599286
1400 0.835714
1400 0.917143
1400 0.827857
1400 0.870714
1400 0.881429
1400 0.895714
1400 0.820714
1400 0.856429
1400 0.831429
1400 0.829286
1400 0.856429
1400 0.777857
1400 0.847143
1400 0.86
1400 0.895714
1400 0.865714
1400 0.844286
1400 0.826429
1400 0.767143
1400 0.91
1400 0.830714
1400 0.891429
1400 0.843571
1400 0.812143
1400 0.910714
1400 0.856429
1400 0.943571
1400 0.849286
1400 0.870714
1400 0.795714
1400 0.805714
1400 0.894286
1400 0.907857
1400 0.852143
1400 0.86
1400 0.846429
1400 0.840714
1400 0.817143
1400 0.800714
1400 0.767857
1400 0.844286
1400 0.820714
1400 0.82
1400 0.822143
1400 0.845
1400 0.783571
1400 0.872857
1400 0.861429
1400 0.872143
1400 0.805
1400 0.917857
1400 0.829286
1400 0.648571
1400 0.842143
1400 0.845
1400 0.879286
1400 0.777857
1400 0.897143
1400 0.850714
1450 0.831034
1450 0.750345
1450 0.925517
1450 0.905517
1450 0.927586
1450 0.66
1450 0.813793
1450 0.768276
1450 0.791034
1450 0.843448
1450 0.741379
1450 0.826207
1450 0.831034
1450 0.873793
1450 0.835862
1450 0.727586
1450 0.881379
1450 0.808966
1450 0.847586
1450 0.815862
1450 0.906207
1450 0.795172
1450 0.848276
1450 0.757241
1450 0.837241
1450 0.852414
1450 0.782069
1450 0.922069
1450 0.902069
1450 0.809655
1450 0.809655
1450 0.804828
1450 0.86069
1450 0.827586
1450 0.912414
1450 0.853103
1450 0.788276
1450 0.852414
1450 0.773793
1450 0.910345
1450 0.826207
1450 0.817241
1450 0.9
1450 0.875172
1450 0.753793
1450 0.784138
1450 0.824138
1450 0.793103
1450 0.837241
1450 0.843448
1450 0.853103
1450 0.906897
1450 0.804138
1450 0.777931
1450 0.862069
1450 0.795862
1450 0.84
1450 0.887586
1450 0.868276
1450 0.791034
1450 0.835862
1450 0.795862
1450 0.862069
1450 0.833793
1450 0.647586
1450 0.762069
1450 0.803448
1450 0.851034
1450 0.815172
1450 0.817241
1450 0.853103
1450 0.771034
1450 0.902759
1450 0.924138
1450 0.84069
1500 0.863333
1500 0.841333
1500 0.82
1500 0.893333
1500 0.870667
1500 0.837333
1500 0.728
1500 0.840667
1500 0.786
1500 0.854667
1500 0.704
1500 0.848667
1500 0.704667
1500 0.860667
1500 0.763333
1500 0.859333
1500 0.833333
1500 0.855333
1500 0.87
1500 0.86
1500 0.828667
1500 0.778
1500 0.694
1500 0.626
1500 0.810667
1500 0.754
1500 0.84
1500 0.820667
1500 0.875333
1500 0.762667
1500 0.832
1500 0.83
1500 0.801333
1500 0.842667
1500 0.816667
1500 0.888
1500 0.799333
1500 0.822
1500 0.836667
1500 0.749333
1500 0.849333
1500 0.849333
1500 0.81
1500 0.775333
1500 0.848
1500 0.858
1500 0.839333
1500 0.812667
1500 0.812667
1500 0.849333
1500 0.865333
1500 0.776667
1500 0.824667
1500 0.822667
1500 0.885333
1500 0.922
1500 0.801333
1500 0.847333
1500 0.811333
1500 0.862667
1500 0.726667
1500 0.856
1500 0.892667
1500 0.860667
1500 0.938
1500 0.716
1500 0.822667
1500 0.675333
1500 0.83
1500 0.884
1500 0.706
1500 0.784667
1500 0.748
1500 0.852
1500 0.892
1550 0.857419
1550 0.846452
1550 0.773548
1550 0.892258
1550 0.802581
1550 0.794194
1550 0.876774
1550 0.730968
1550 0.807097
1550 0.674839
1550 0.941935
1550 0.825806
1550 0.816129
1550 0.772903
1550 0.881935
1550 0.796774
1550 0.796129
1550 0.830968
1550 0.77871
1550 0.857419
1550 0.867742
1550 0.676129
1550 0.776774
1550 0.851613
1550 0.794839
1550 0.637419
1550 0.856774
1550 0.889032
1550 0.758065
1550 0.812258
1550 0.784516
1550 0.84129
1550 0.882581
1550 0.895484
1550 0.829677
1550 0.837419
1550 0.816774
1550 0.763226
1550 0.847742
1550 0.812258
1550 0.719355
1550 0.872258
1550 0.826452
1550 0.714839
1550 0.625161
1550 0.782581
1550 0.812903
1550 0.856774
1550 0.776129
1550 0.853548
1550 0.778065
1550 0.874839
1550 0.928387
1550 0.862581
1550 0.831613
1550 0.847097
1550 0.825806
1550 0.882581
1550 0.826452
1550 0.815484
1550 0.736129
1550 0.868387
1550 0.822581
1550 0.822581
1550 0.909032
1550 0.900645
1550 0.876129
1550 0.830968
1550 0.892903
1550 0.882581
1550 0.830323
1550 0.9
1550 0.617419
1550 0.835484
1550 0.870968
1600 0.86
1600 0.801875
1600 0.73375
1600 0.82
1600 0.808125
1600 0.863125
1600 0.88375
1600 0.8175
1600 0.730625
1600 0.87875
1600 0.803125
1600 0.8075
1600 0.88
1600 0.804375
1600 0.8825
1600 0.83375
1600 0.783125
1600 0.795625
1600 0.879375
1600 0.859375
1600 0.78875
1600 0.845
1600 0.864375
1600 0.82125
1600 0.858125
1600 0.86
1600 0.91625
1600 0.8275
1600 0.77875
1600 0.853125
1600 0.84625
1600 0.745625
1600 0.795
1600 0.8425
1600 0.7725
1600 0.766875
1600 0.85625
1600 0.8275
1600 0.848125
1600 0.92625
1600 0.923125
1600 0.765625
1600 0.914375
1600 0.735
1600 0.785
1600 0.87
1600 0.93375
1600 0.880625
1600 0.929375
1600 0.721875
1600 0.879375
1600 0.8325
1600 0.965
1600 0.713125
1600 0.883125
1600 0.8625
1600 0.785
1600 0.89
1600 0.89625
1600 0.76875
1600 0.865625
1600 0.868125
1600 0.80625
1600 0.855625
1600 0.846875
1600 0.61625
1600 0.865
1600 0.8475
1600 0.90625
1600 0.84875
1600 0.826875
1600 0.815
1600 0.71875
1600 0.869375
1600 0.734375
1650 0.814545
1650 0.867879
1650 0.827273
1650 0.828485
1650 0.838788
1650 0.929697
1650 0.827879
1650 0.805455
1650 0.793939
1650 0.829091
1650 0.630909
1650 0.853333
1650 0.761212
1650 0.915758
1650 0.852121
1650 0.807879
1650 0.905455
1650 0.803636
1650 0.817576
1650 0.849697
1650 0.861818
1650 0.796364
1650 0.798788
1650 0.810303
1650 0.793333
1650 0.670909
1650 0.85697
1650 0.815758
1650 0.820606
1650 0.892727
1650 0.654545
1650 0.873939
1650 0.866061
1650 0.744242
1650 0.862424
1650 0.829697
1650 0.864242
1650 0.841212
1650 0.844242
1650 0.695152
1650 0.850909
1650 0.838182
1650 0.836364
1650 0.829091
1650 0.894545
1650 0.859394
1650 0.84303
1650 0.907879
1650 0.871515
1650 0.833939
1650 0.886667
1650 0.816364
1650 0.870303
1650 0.835152
1650 0.876364
1650 0.839394
1650 0.810303
1650 0.875152
1650 0.71697
1650 0.807273
1650 0.760606
1650 0.798788
1650 0.9
1650 0.819394
1650 0.846667
1650 0.784848
1650 0.759394
1650 0.906667
1650 0.821212
1650 0.812727
1650 0.757576
1650 0.799394
1650 0.812121
1650 0.686061
1650 0.887273
1700 0.801765
1700 0.778824
1700 0.85
1700 0.807647
1700 0.745294
1700 0.841765
1700 0.804118
1700 0.834118
1700 0.831765
1700 0.768824
1700 0.857059
1700 0.857059
1700 0.857647
1700 0.812353
1700 0.85
1700 0.826471
1700 0.858235
1700 0.914706
1700 0.901176
1700 0.832941
1700 0.872941
1700 0.836471
1700 0.776471
1700 0.836471
1700 0.890588
1700 0.843529
1700 0.893529
1700 0.865882
1700 0.745882
1700 0.876471
1700 0.808235
1700 0.805294
1700 0.836471
1700 0.896471
1700 0.930588
1700 0.838824
1700 0.856471
1700 0.802941
1700 0.861176
1700 0.833529
1700 0.813529
1700 0.804118
1700 0.734706
1700 0.792353
1700 0.923529
1700 0.642941
1700 0.922353
1700 0.798824
1700 0.870588
1700 0.820588
1700 0.792941
1700 0.798824
1700 0.858824
1700 0.864118
1700 0.840588
1700 0.799412
1700 0.904706
1700 0.845294
1700 0.8
1700 0.786471
1700 0.814118
1700 0.778824
1700 0.754706
1700 0.799412
1700 0.875882
1700 0.672941
1700 0.737059
1700 0.865294
1700 0.837059
1700 0.836471
1700 0.75
1700 0.846471
1700 0.677647
1700 0.896471
1700 0.819412
1750 0.870857
1750 0.842857
1750 0.82
1750 0.847429
1750 0.675429
1750 0.846857
1750 0.826286
1750 0.674286
1750 0.812
1750 0.868
1750 0.892
1750 0.840571
1750 0.909143
1750 0.853714
1750 0.876571
1750 0.842286
1750 0.808
1750 0.867429
1750 0.797143
1750 0.856
1750 0.629143
1750 0.885143
1750 0.809143
1750 0.809714
1750 0.893714
1750 0.837143
1750 0.670857
1750 0.788
1750 0.826286
1750 0.828571
1750 0.853143
1750 0.714857
1750 0.808
1750 0.788571
1750 0.851429
1750 0.875429
1750 0.781714
1750 0.832571
1750 0.824
1750 0.885143
1750 0.892571
1750 0.798857
1750 0.873714
1750 0.790857
1750 0.88
1750 0.856
1750 0.874857
1750 0.848
1750 0.795429
1750 0.837714
1750 0.76
1750 0.857714
1750 0.656
1750 0.843429
1750 0.852
1750 0.778857
1750 0.814286
1750 0.851429
1750 0.868
1750 0.842286
1750 0.822286
1750 0.853714
1750 0.940571
1750 0.851429
1750 0.819429
1750 0.839429
1750 0.830857
1750 0.838286
1750 0.854286
1750 0.839429
1750 0.417714
1750 0.782857
1750 0.661714
1750 0.801143
1750 0.867429
1800 0.858889
1800 0.847222
1800 0.899444
1800 0.905556
1800 0.886667
1800 0.863889
1800 0.857222
1800 0.783889
1800 0.856111
1800 0.88
1800 0.923333
1800 0.895
1800 0.817222
1800 0.886111
1800 0.805
1800 0.845556
1800 0.605556
1800 0.861111
1800 0.792222
1800 0.832222
1800 0.855
1800 0.809444
1800 0.871667
1800 0.916111
1800 0.835
1800 0.902778
1800 0.841111
1800 0.828889
1800 0.9
1800 0.824444
1800 0.884444
1800 0.88
1800 0.793333
1800 0.89
1800 0.887222
1800 0.792778
1800 0.672778
1800 0.74
1800 0.822778
1800 0.838889
1800 0.876667
1800 0.876667
1800 0.800556
1800 0.89
1800 0.885
1800 0.852778
1800 0.717222
1800 0.773333
1800 0.797222
1800 0.903333
1800 0.696667
1800 0.778889
1800 0.822222
1800 0.791667
1800 0.707222
1800 0.773333
1800 0.786111
1800 0.824444
1800 0.735
1800 0.875
1800 0.871111
1800 0.751111
1800 0.839444
1800 0.875556
1800 0.857222
1800 0.868333
1800 0.890556
1800 0.863333
1800 0.767778
1800 0.816667
1800 0.812222
1800 0.794444
1800 0.808889
1800 0.756111
1800 0.833333
1850 0.847027
1850 0.884865
1850 0.747568
1850 0.892973
1850 0.874054
1850 0.844324
1850 0.846486
1850 0.834595
1850 0.915135
1850 0.857838
1850 0.792973
1850 0.857838
1850 0.879459
1850 0.861622
1850 0.738378
1850 0.851351
1850 0.940541
1850 0.843243
1850 0.747027
1850 0.814595
1850 0.816216
1850 0.863784
1850 0.831892
1850 0.828649
1850 0.756757
1850 0.789189
1850 0.859459
1850 0.779459
1850 0.892432
1850 0.822162
1850 0.872973
1850 0.881081
1850 0.748649
1850 0.837838
1850 0.747027
1850 0.838919
1850 0.835676
1850 0.816216
1850 0.892432
1850 0.916216
1850 0.784865
1850 0.845946
1850 0.824865
1850 0.811351
1850 0.845405
1850 0.885405
1850 0.632973
1850 0.623243
1850 0.868649
1850 0.914054
1850 0.812973
1850 0.880541
1850 0.865946
1850 0.832973
1850 0.771892
1850 0.823784
1850 0.867568
1850 0.821622
1850 0.796757
1850 0.812973
1850 0.892973
1850 0.763243
1850 0.827027
1850 0.797297
1850 0.903243
1850 0.82
1850 0.886486
1850 0.787027
1850 0.846486
1850 0.812432
1850 0.874595
1850 0.745405
1850 0.799459
1850 0.816216
1850 0.758919
1900 0.882632
1900 0.862105
1900 0.899474
1900 0.850526
1900 0.880526
1900 0.946316
1900 0.720526
1900 0.816316
1900 0.898947
1900 0.844211
1900 0.844737
1900 0.67
1900 0.911053
1900 0.814211
1900 0.88
1900 0.860526
1900 0.857368
1900 0.844737
1900 0.846842
1900 0.907895
1900 0.842105
1900 0.787895
1900 0.911053
1900 0.815263
1900 0.795263
1900 0.878947
1900 0.708947
1900 0.930526
1900 0.83
1900 0.814737
1900 0.855789
1900 0.885263
1900 0.88
1900 0.852105
1900 0.828421
1900 0.778421
1900 0.862105
1900 0.835789
1900 0.905263
1900 0.877895
1900 0.872632
1900 0.79
1900 0.762632
1900 0.844737
1900 0.831579
1900 0.840526
1900 0.830526
1900 0.76
1900 0.728421
1900 0.85
1900 0.817895
1900 0.877368
1900 0.78
1900 0.736316
1900 0.883158
1900 0.887368
1900 0.846316
1900 0.848421
1900 0.817895
1900 0.797368
1900 0.699474
1900 0.792632
1900 0.814737
1900 0.890526
1900 0.883158
1900 0.815789
1900 0.757895
1900 0.808947
1900 0.824211
1900 0.801579
1900 0.851053
1900 0.852632
1900 0.856316
1900 0.824211
1900 0.756842
1950 0.851282
1950 0.835385
1950 0.831795
1950 0.789744
1950 0.811795
1950 0.80359
1950 0.835385
1950 0.84359
1950 0.841026
1950 0.853846
1950 0.813333
1950 0.884103
1950 0.880513
1950 0.715897
1950 0.898462
1950 0.853333
1950 0.892308
1950 0.827179
1950 0.822564
1950 0.817949
1950 0.798462
1950 0.908718
1950 0.842564
1950 0.741026
1950 0.814359
1950 0.810256
1950 0.751795
1950 0.886154
1950 0.846154
1950 0.864615
1950 0.774872
1950 0.813846
1950 0.833333
1950 0.806154
1950 0.782051
1950 0.825128
1950 0.823077
1950 0.761538
1950 0.727692
1950 0.90359
1950 0.851282
1950 0.928718
1950 0.876923
1950 0.731795
1950 0.810769
1950 0.682564
1950 0.78
1950 0.86359
1950 0.838974
1950 0.790256
1950 0.821026
1950 0.843077
1950 0.797436
1950 0.882051
1950 0.846667
1950 0.747692
1950 0.747692
1950 0.867692
1950 0.846154
1950 0.766154
1950 0.794359
1950 0.892308
1950 0.923077
1950 0.753333
1950 0.851282
1950 0.811795
1950 0.856923
1950 0.8
1950 0.855897
1950 0.827692
1950 0.889231
1950 0.801538
1950 0.797436
1950 0.8
1950 0.865128
2000 0.852
2000 0.89
2000 0.83
2000 0.8395
2000 0.836
2000 0.7975
2000 0.8775
2000 0.839
2000 0.7645
2000 0.6665
2000 0.887
2000 0.806
2000 0.9375
2000 0.762
2000 0.8565
2000 0.868
2000 0.796
2000 0.915
2000 0.86
2000 0.7955
2000 0.9015
2000 0.8535
2000 0.8565
2000 0.8145
2000 0.925
2000 0.8515
2000 0.7535
2000 0.824
2000 0.8655
2000 0.922
2000 0.818
2000 0.8945
2000 0.879
2000 0.88
2000 0.8225
2000 0.924
2000 0.797
2000 0.839
2000 0.864
2000 0.848
2000 0.874
2000 0.7985
2000 0.8595
2000 0.8695
2000 0.8455
2000 0.799
2000 0.9005
2000 0.9105
2000 0.7985
2000 0.8945
2000 0.8175
2000 0.847
2000 0.8155
2000 0.841
2000 0.805
2000 0.866
2000 0.8635
2000 0.871
2000 0.8695
2000 0.799
2000 0.8545
2000 0.873
2000 0.8435
2000 0.7805
2000 0.936
2000 0.8775
2000 0.9265
2000 0.7505
2000 0.896
2000 0.8575
2000 0.785
2000 0.869
2000 0.9205
2000 0.8055
2000 0.831
