50 0
50 0.46
50 0.1
50 0.14
50 0.16
50 0.18
50 0.32
50 0.76
50 0.02
50 0.18
50 0.22
50 0.24
50 0
50 0.14
50 0.16
50 0.28
50 0.44
50 0.64
50 0.16
50 0.2
50 0
50 0
50 0.02
50 0
50 0.02
50 0.54
50 0.38
50 0.48
50 0.34
50 0.3
50 0.12
50 0
50 0.06
50 0.1
50 0.1
50 0
50 0.38
50 0.6
50 0.02
50 0.04
50 0
50 0.2
50 0
50 0.78
50 0.24
50 0.52
50 0.18
50 0.48
50 0.32
50 0.36
50 0.2
50 0.08
50 0.4
50 0.32
50 0.66
50 0.16
50 0.44
50 0.12
50 0.12
50 0
50 0.34
50 0.2
50 0.2
50 0.1
50 0.76
50 0.2
50 0.1
50 0.22
50 0.56
50 0.12
50 0.22
50 0
50 0.2
50 0.7
50 0.2
100 0.23
100 0
100 0.4
100 0.33
100 0.72
100 0.76
100 0.63
100 0.29
100 0.79
100 0.58
100 0.84
100 0.11
100 0.29
100 0.04
100 0.85
100 0.14
100 0.64
100 0.76
100 0.54
100 0.7
100 0.64
100 0.28
100 0.55
100 0.55
100 0.31
100 0.66
100 0.4
100 0.52
100 0.8
100 0.6
100 0.41
100 0.46
100 0.16
100 0.83
100 0.76
100 0.4
100 0.71
100 0.59
100 0.12
100 0.55
100 0.6
100 0.72
100 0.32
100 0.83
100 0.78
100 0.69
100 0.39
100 0.51
100 0.68
100 0.46
100 0.39
100 0.55
100 0.29
100 0.58
100 0.51
100 0.93
100 0.75
100 0.03
100 0.83
100 0.85
100 0.73
100 0.15
100 0.48
100 0.65
100 0
100 0.11
100 0.49
100 0.54
100 0.35
100 0.69
100 0.14
100 0.68
100 0.35
100 0.13
100 0.73
150 0.613333
150 0.6
150 0.62
150 0.733333
150 0.526667
150 0.82
150 0.72
150 0.846667
150 0.813333
150 0.633333
150 0.746667
150 0.693333
150 0.333333
150 0.56
150 0.793333
150 0.68
150 0.813333
150 0.48
150 0.693333
150 0.746667
150 0.74
150 0.74
150 0.506667
150 0.2
150 0.74
150 0.746667
150 0.346667
150 0.886667
150 0.68
150 0.773333
150 0.686667
150 0.546667
150 0.74
150 0.833333
150 0.613333
150 0.533333
150 0.54
150 0.733333
150 0.48
150 0.613333
150 0.766667
150 0.38
150 0.34
150 0.36
150 0.36
150 0.573333
150 0.466667
150 0.74
150 0.746667
150 0.26
150 0.6
150 0.453333
150 0.68
150 0.66
150 0.613333
150 0.7
150 0.713333
150 0.74
150 0.393333
150 0.646667
150 0.786667
150 0.74
150 0.646667
150 0.533333
150 0.766667
150 0.406667
150 0.546667
150 0.613333
150 0.673333
150 0.473333
150 0.573333
150 0.433333
150 0.653333
150 0.693333
150 0.74
200 0.915
200 0.38
200 0.905
200 0.71
200 0.36
200 0.77
200 0.53
200 0.89
200 0.71
200 0.565
200 0.79
200 0.535
200 0.8
200 0.895
200 0.785
200 0.47
200 0.64
200 0.715
200 0.79
200 0.81
200 0.69
200 0.715
200 0.725
200 0.805
200 0.615
200 0.7
200 0.81
200 0.78
200 0.575
200 0.71
200 0.525
200 0.465
200 0.6
200 0.83
200 0.3
200 0.87
200 0.365
200 0.725
200 0.705
200 0.47
200 0.665
200 0.795
200 0.585
200 0.84
200 0.815
200 0.58
200 0.82
200 0.71
200 0.835
200 0.585
200 0.245
200 0.515
200 0.355
200 0.66
200 0.625
200 0.8
200 0.47
200 0.625
200 0.87
200 0.715
200 0.305
200 0.805
200 0.85
200 0.765
200 0.59
200 0.82
200 0.63
200 0.915
200 0.555
200 0.88
200 0.67
200 0.595
200 0.81
200 0.765
200 0.64
250 0.756
250 0.744
250 0.844
250 0.684
250 0.736
250 0.828
250 0.84
250 0.488
250 0.74
250 0.756
250 0.828
250 0.8
250 0.796
250 0.732
250 0.912
250 0.86
250 0.892
250 0.472
250 0.816
250 0.8
250 0.84
250 0.728
250 0.664
250 0.66
250 0.748
250 0.744
250 0.836
250 0.716
250 0.64
250 0.808
250 0.74
250 0.852
250 0.464
250 0.656
250 0.776
250 0.596
250 0.816
250 0.848
250 0.724
250 0.836
250 0.776
250 0.644
250 0.772
250 0.34
250 0.86
250 0.848
250 0.872
250 0.712
250 0.808
250 0.664
250 0.848
250 0.612
250 0.376
250 0.744
250 0.736
250 0.912
250 0.72
250 0.804
250 0.644
250 0.62
250 0.916
250 0.696
250 0.824
250 0.82
250 0.76
250 0.676
250 0.844
250 0.692
250 0.82
250 0.792
250 0.664
250 0.528
250 0.828
250 0.844
250 0.784
300 0.433333
300 0.646667
300 0.78
300 0.826667
300 0.453333
300 0.723333
300 0.426667
300 0.583333
300 0.59
300 0.746667
300 0.846667
300 0.756667
300 0.783333
300 0.8
300 0.683333
300 0.9
300 0.82
300 0.793333
300 0.856667
300 0.713333
300 0.416667
300 0.71
300 0.773333
300 0.933333
300 0.616667
300 0.743333
300 0.833333
300 0.846667
300 0.65
300 0.846667
300 0.736667
300 0.596667
300 0.47
300 0.81
300 0.78
300 0.853333
300 0.793333
300 0.83
300 0.67
300 0.59
300 0.82
300 0.8
300 0.82
300 0.613333
300 0.54
300 0.6
300 0.766667
300 0.606667
300 0.48
300 0.856667
300 0.613333
300 0.8
300 0.753333
300 0.74
300 0.876667
300 0.51
300 0.866667
300 0.73
300 0.796667
300 0.776667
300 0.743333
300 0.823333
300 0.733333
300 0.793333
300 0.756667
300 0.773333
300 0.846667
300 0.853333
300 0.816667
300 0.863333
300 0.813333
300 0.55
300 0.85
300 0.796667
300 0.716667
350 0.714286
350 0.831429
350 0.614286
350 0.434286
350 0.78
350 0.628571
350 0.702857
350 0.731429
350 0.851429
350 0.76
350 0.805714
350 0.745714
350 0.774286
350 0.605714
350 0.834286
350 0.728571
350 0.854286
350 0.771429
350 0.868571
350 0.742857
350 0.914286
350 0.877143
350 0.571429
350 0.797143
350 0.845714
350 0.902857
350 0.882857
350 0.617143
350 0.694286
350 0.74
350 0.84
350 0.874286
350 0.74
350 0.845714
350 0.782857
350 0.817143
350 0.622857
350 0.545714
350 0.797143
350 0.771429
350 0.797143
350 0.828571
350 0.828571
350 0.717143
350 0.911429
350 0.631429
350 0.805714
350 0.748571
350 0.46
350 0.8
350 0.822857
350 0.8
350 0.742857
350 0.785714
350 0.782857
350 0.78
350 0.797143
350 0.694286
350 0.831429
350 0.697143
350 0.608571
350 0.66
350 0.834286
350 0.8
350 0.557143
350 0.797143
350 0.745714
350 0.785714
350 0.788571
350 0.797143
350 0.834286
350 0.788571
350 0.268571
350 0.777143
350 0.728571
400 0.8025
400 0.8275
400 0.81
400 0.655
400 0.7875
400 0.84
400 0.8175
400 0.4075
400 0.7975
400 0.58
400 0.85
400 0.8125
400 0.715
400 0.5975
400 0.6225
400 0.7825
400 0.755
400 0.595
400 0.9025
400 0.805
400 0.74
400 0.73
400 0.75
400 0.6025
400 0.8
400 0.82
400 0.415
400 0.6575
400 0.8125
400 0.8475
400 0.7025
400 0.915
400 0.755
400 0.8275
400 0.855
400 0.8675
400 0.8125
400 0.6225
400 0.8125
400 0.8
400 0.825
400 0.8125
400 0.8575
400 0.82
400 0.85
400 0.85
400 0.7975
400 0.69
400 0.895
400 0.8725
400 0.8525
400 0.68
400 0.825
400 0.76
400 0.8275
400 0.7775
400 0.7725
400 0.875
400 0.8575
400 0.8675
400 0.805
400 0.865
400 0.7975
400 0.8075
400 0.825
400 0.8325
400 0.7575
400 0.905
400 0.76
400 0.8425
400 0.7925
400 0.8025
400 0.8375
400 0.7875
400 0.7575
450 0.735556
450 0.791111
450 0.775556
450 0.74
450 0.728889
450 0.848889
450 0.74
450 0.902222
450 0.833333
450 0.751111
450 0.828889
450 0.762222
450 0.88
450 0.768889
450 0.713333
450 0.817778
450 0.604444
450 0.811111
450 0.724444
450 0.826667
450 0.822222
450 0.782222
450 0.617778
450 0.906667
450 0.857778
450 0.6
450 0.86
450 0.682222
450 0.664444
450 0.677778
450 0.866667
450 0.828889
450 0.806667
450 0.862222
450 0.871111
450 0.882222
450 0.884444
450 0.875556
450 0.882222
450 0.771111
450 0.768889
450 0.742222
450 0.691111
450 0.831111
450 0.877778
450 0.748889
450 0.755556
450 0.855556
450 0.824444
450 0.731111
450 0.802222
450 0.782222
450 0.793333
450 0.848889
450 0.766667
450 0.726667
450 0.813333
450 0.893333
450 0.808889
450 0.833333
450 0.662222
450 0.835556
450 0.766667
450 0.726667
450 0.784444
450 0.662222
450 0.708889
450 0.733333
450 0.708889
450 0.842222
450 0.882222
450 0.755556
450 0.844444
450 0.706667
450 0.662222
500 0.826
500 0.806
500 0.788
500 0.826
500 0.704
500 0.598
500 0.852
500 0.874
500 0.788
500 0.868
500 0.854
500 0.82
500 0.914
500 0.808
500 0.874
500 0.736
500 0.664
500 0.898
500 0.546
500 0.838
500 0.88
500 0.698
500 0.802
500 0.834
500 0.87
500 0.834
500 0.86
500 0.856
500 0.746
500 0.62
500 0.832
500 0.834
500 0.768
500 0.646
500 0.83
500 0.836
500 0.832
500 0.806
500 0.884
500 0.742
500 0.844
500 0.8
500 0.846
500 0.87
500 0.896
500 0.728
500 0.722
500 0.806
500 0.688
500 0.692
500 0.756
500 0.92
500 0.808
500 0.864
500 0.762
500 0.822
500 0.822
500 0.848
500 0.868
500 0.87
500 0.864
500 0.8
500 0.762
500 0.876
500 0.612
500 0.652
500 0.838
500 0.784
500 0.848
500 0.826
500 0.474
500 0.844
500 0.84
500 0.712
500 0.838
550 0.621818
550 0.807273
550 0.867273
550 0.821818
550 0.827273
550 0.698182
550 0.889091
550 0.643636
550 0.767273
550 0.810909
550 0.723636
550 0.5
550 0.623636
550 0.847273
550 0.852727
550 0.794545
550 0.741818
550 0.838182
550 0.794545
550 0.821818
550 0.723636
550 0.638182
550 0.827273
550 0.732727
550 0.816364
550 0.898182
550 0.858182
550 0.816364
550 0.805455
550 0.758182
550 0.836364
550 0.801818
550 0.736364
550 0
550 0.774545
550 0.801818
550 0.776364
550 0.589091
550 0.683636
550 0.854545
550 0.669091
550 0.841818
550 0.563636
550 0.814545
550 0.781818
550 0.781818
550 0.585455
550 0.649091
550 0.823636
550 0.670909
550 0.803636
550 0.881818
550 0.863636
550 0.774545
550 0.88
550 0.654545
550 0.86
550 0.747273
550 0.776364
550 0.749091
550 0.652727
550 0.754545
550 0.761818
550 0.825455
550 0.698182
550 0.86
550 0.547273
550 0.838182
550 0.841818
550 0.74
550 0.785455
550 0.812727
550 0.845455
550 0.881818
550 0.896364
600 0.826667
600 0.846667
600 0.783333
600 0.656667
600 0.871667
600 0.82
600 0.71
600 0.788333
600 0.783333
600 0.766667
600 0.776667
600 0.786667
600 0.793333
600 0.846667
600 0.783333
600 0.79
600 0.843333
600 0.58
600 0.74
600 0.588333
600 0.77
600 0.908333
600 0.868333
600 0.858333
600 0.701667
600 0.845
600 0.778333
600 0.786667
600 0.826667
600 0.875
600 0.803333
600 0.868333
600 0.786667
600 0.825
600 0.831667
600 0.843333
600 0.918333
600 0.74
600 0.753333
600 0.798333
600 0.666667
600 0.831667
600 0.808333
600 0.9
600 0.835
600 0.755
600 0.726667
600 0.843333
600 0.696667
600 0.845
600 0.406667
600 0.526667
600 0.838333
600 0.761667
600 0.816667
600 0.855
600 0.851667
600 0.791667
600 0.808333
600 0.646667
600 0.943333
600 0.89
600 0.795
600 0.786667
600 0.876667
600 0.746667
600 0.806667
600 0.77
600 0.806667
600 0.841667
600 0.78
600 0.848333
600 0.851667
600 0.876667
600 0.84
650 0.921538
650 0.613846
650 0.736923
650 0.786154
650 0.696923
650 0.721538
650 0.793846
650 0.76
650 0.78
650 0.816923
650 0.778462
650 0.833846
650 0.695385
650 0.830769
650 0.636923
650 0.755385
650 0.869231
650 0.769231
650 0.795385
650 0.876923
650 0.698462
650 0.738462
650 0.889231
650 0.827692
650 0.790769
650 0.821538
650 0.853846
650 0.855385
650 0.835385
650 0.821538
650 0.707692
650 0.858462
650 0.810769
650 0.772308
650 0.864615
650 0.763077
650 0.655385
650 0.82
650 0.729231
650 0.830769
650 0.801538
650 0.912308
650 0.833846
650 0.916923
650 0.846154
650 0.852308
650 0.844615
650 0.786154
650 0.624615
650 0.803077
650 0.801538
650 0.783077
650 0.916923
650 0.809231
650 0.676923
650 0.88
650 0.86
650 0.849231
650 0.866154
650 0.706154
650 0.838462
650 0.775385
650 0.716923
650 0.838462
650 0.733846
650 0.733846
650 0.852308
650 0.816923
650 0.858462
650 0.790769
650 0.746154
650 0.815385
650 0.909231
650 0.883077
650 0.704615
700 0.771429
700 0.892857
700 0.714286
700 0.815714
700 0.892857
700 0.75
700 0.885714
700 0.784286
700 0.727143
700 0.767143
700 0.837143
700 0.882857
700 0.76
700 0.821429
700 0.827143
700 0.784286
700 0.758571
700 0.784286
700 0.801429
700 0.804286
700 0.76
700 0.785714
700 0.834286
700 0.824286
700 0.865714
700 0.817143
700 0.814286
700 0.807143
700 0.924286
700 0.828571
700 0.747143
700 0.847143
700 0.821429
700 0.87
700 0.878571
700 0.77
700 0.821429
700 0.585714
700 0.862857
700 0.81
700 0.804286
700 0.605714
700 0.775714
700 0.807143
700 0.661429
700 0.925714
700 0.802857
700 0.667143
700 0.821429
700 0.857143
700 0.86
700 0.88
700 0.651429
700 0.902857
700 0.822857
700 0.887143
700 0.742857
700 0.814286
700 0.825714
700 0.845714
700 0.958571
700 0.794286
700 0.781429
700 0.822857
700 0.924286
700 0.817143
700 0.802857
700 0.854286
700 0.757143
700 0.8
700 0.857143
700 0.827143
700 0.761429
700 0.807143
700 0.834286
750 0.909333
750 0.848
750 0.510667
750 0.817333
750 0.906667
750 0.814667
750 0.797333
750 0.808
750 0.768
750 0.852
750 0.708
750 0.838667
750 0.786667
750 0.868
750 0.832
750 0.845333
750 0.764
750 0.806667
750 0.878667
750 0.857333
750 0.814667
750 0.756
750 0.796
750 0.806667
750 0.929333
750 0.889333
750 0.724
750 0.804
750 0.818667
750 0.882667
750 0.801333
750 0.908
750 0.817333
750 0.84
750 0.806667
750 0.794667
750 0.872
750 0.877333
750 0.761333
750 0.873333
750 0.845333
750 0.677333
750 0.788
750 0.858667
750 0.732
750 0.854667
750 0.790667
750 0.64
750 0.710667
750 0.766667
750 0.78
750 0.732
750 0.821333
750 0.776
750 0.726667
750 0.845333
750 0.844
750 0.818667
750 0.84
750 0.694667
750 0.88
750 0.837333
750 0.777333
750 0.76
750 0.857333
750 0.833333
750 0.818667
750 0.746667
750 0.630667
750 0.830667
750 0.812
750 0.805333
750 0.8
750 0.853333
750 0.841333
800 0.85375
800 0.82125
800 0.82
800 0.83625
800 0.7475
800 0.8625
800 0.715
800 0.68625
800 0.9125
800 0.67375
800 0.695
800 0.87875
800 0.8775
800 0.77375
800 0.78375
800 0.70875
800 0.69875
800 0.76875
800 0.82
800 0.76
800 0.73125
800 0.8425
800 0.7675
800 0.875
800 0.89375
800 0.89875
800 0.6325
800 0.8925
800 0.755
800 0.86375
800 0.8275
800 0.78
800 0.8075
800 0.88
800 0.8375
800 0.76625
800 0.86
800 0.75375
800 0.70375
800 0.7475
800 0.805
800 0.84125
800 0.8375
800 0.7825
800 0.7575
800 0.85125
800 0.77125
800 0.575
800 0.72625
800 0.70875
800 0.72125
800 0.7625
800 0.87625
800 0.83625
800 0.7925
800 0.79125
800 0.82
800 0.83625
800 0.77625
800 0.8825
800 0.8675
800 0.88375
800 0.7725
800 0.88875
800 0.76
800 0.8225
800 0.6325
800 0.895
800 0.85375
800 0.875
800 0.75125
800 0.82875
800 0.74875
800 0.7425
800 0.79625
850 0.754118
850 0.761176
850 0.929412
850 0.792941
850 0.751765
850 0.815294
850 0.790588
850 0.823529
850 0.828235
850 0.790588
850 0.728235
850 0.863529
850 0.818824
850 0.868235
850 0.835294
850 0.878824
850 0.84
850 0.758824
850 0.82
850 0.731765
850 0.86
850 0.848235
850 0.775294
850 0.772941
850 0.829412
850 0.850588
850 0.851765
850 0.758824
850 0.901176
850 0.805882
850 0.72
850 0.855294
850 0.810588
850 0.765882
850 0.776471
850 0.878824
850 0.829412
850 0.815294
850 0.858824
850 0.796471
850 0.743529
850 0.94
850 0.771765
850 0.810588
850 0.837647
850 0.891765
850 0.803529
850 0.801176
850 0.756471
850 0.750588
850 0.862353
850 0.781176
850 0.794118
850 0.754118
850 0.882353
850 0.788235
850 0.874118
850 0.718824
850 0.867059
850 0.774118
850 0.801176
850 0.852941
850 0.848235
850 0.757647
850 0.865882
850 0.807059
850 0.845882
850 0.86
850 0.802353
850 0.731765
850 0.896471
850 0.825882
850 0.890588
850 0.911765
850 0.603529
900 0.891111
900 0.878889
900 0.905556
900 0.862222
900 0.864444
900 0.886667
900 0.817778
900 0.788889
900 0.912222
900 0.872222
900 0.834444
900 0.875556
900 0.798889
900 0.893333
900 0.912222
900 0.79
900 0.731111
900 0.781111
900 0.726667
900 0.82
900 0.866667
900 0.785556
900 0.804444
900 0.857778
900 0.812222
900 0.78
900 0.822222
900 0.814444
900 0.826667
900 0.814444
900 0.798889
900 0.83
900 0.668889
900 0.832222
900 0.544444
900 0.834444
900 0.888889
900 0.766667
900 0.782222
900 0.947778
900 0.663333
900 0.75
900 0.893333
900 0.806667
900 0.79
900 0.792222
900 0.826667
900 0.814444
900 0.832222
900 0.824444
900 0.732222
900 0.737778
900 0.784444
900 0.812222
900 0.873333
900 0.937778
900 0.833333
900 0.857778
900 0.836667
900 0.686667
900 0.883333
900 0.785556
900 0.843333
900 0.782222
900 0.706667
900 0.787778
900 0.852222
900 0.798889
900 0.843333
900 0.846667
900 0.858889
900 0.807778
900 0.84
900 0.855556
900 0.794444
950 0.832632
950 0.82
950 0.896842
950 0.846316
950 0.808421
950 0.733684
950 0.771579
950 0.832632
950 0.827368
950 0.828421
950 0.811579
950 0.882105
950 0.727368
950 0.86
950 0.803158
950 0.918947
950 0.729474
950 0.861053
950 0.813684
950 0.862105
950 0.861053
950 0.603158
950 0.797895
950 0.888421
950 0.782105
950 0.867368
950 0.821053
950 0.825263
950 0.881053
950 0.798947
950 0.805263
950 0.794737
950 0.833684
950 0.886316
950 0.884211
950 0.794737
950 0.834737
950 0.812632
950 0.934737
950 0.778947
950 0.843158
950 0.843158
950 0.843158
950 0.805263
950 0.896842
950 0.725263
950 0.910526
950 0.821053
950 0.878947
950 0.866316
950 0.552632
950 0.596842
950 0.785263
950 0.910526
950 0.693684
950 0.826316
950 0.830526
950 0.837895
950 0.68
950 0.834737
950 0.725263
950 0.854737
950 0.785263
950 0.850526
950 0.828421
950 0.848421
950 0.644211
950 0.792632
950 0.767368
950 0.677895
950 0.905263
950 0.761053
950 0.802105
950 0.9
950 0.847368
1000 0.886
1000 0.769
1000 0.794
1000 0.842
1000 0.881
1000 0.796
1000 0.808
1000 0.83
1000 0.606
1000 0.703
1000 0.79
1000 0.871
1000 0.78
1000 0.735
1000 0.839
1000 0.77
1000 0.86
1000 0.801
1000 0.783
1000 0.807
1000 0.9
1000 0.793
1000 0.808
1000 0.77
1000 0.86
1000 0.786
1000 0.812
1000 0.803
1000 0.776
1000 0.887
1000 0.842
1000 0.806
1000 0.905
1000 0.847
1000 0.672
1000 0.828
1000 0.778
1000 0.88
1000 0.778
1000 0.898
1000 0.796
1000 0.858
1000 0.88
1000 0.813
1000 0.958
1000 0.803
1000 0.707
1000 0.892
1000 0.796
1000 0.867
1000 0.809
1000 0.705
1000 0.855
1000 0.806
1000 0.801
1000 0.933
1000 0.785
1000 0.889
1000 0.879
1000 0.89
1000 0.876
1000 0.826
1000 0.86
1000 0.92
1000 0.872
1000 0.881
1000 0.755
1000 0.768
1000 0.838
1000 0.888
1000 0.899
1000 0.881
1000 0.819
1000 0.775
1000 0.723
1050 0.812381
1050 0.853333
1050 0.830476
1050 0.852381
1050 0.3
1050 0.842857
1050 0.840952
1050 0.677143
1050 0.813333
1050 0.848571
1050 0.766667
1050 0.770476
1050 0.770476
1050 0.791429
1050 0.928571
1050 0.800952
1050 0.83619
1050 0.87619
1050 0.780952
1050 0.847619
1050 0.869524
1050 0.807619
1050 0.882857
1050 0.837143
1050 0.773333
1050 0.88
1050 0.861905
1050 0.706667
1050 0.86381
1050 0.752381
1050 0.887619
1050 0.894286
1050 0.799048
1050 0.818095
1050 0.828571
1050 0.773333
1050 0.794286
1050 0.691429
1050 0.807619
1050 0.87619
1050 0.82
1050 0.860952
1050 0.681905
1050 0.704762
1050 0.674286
1050 0.878095
1050 0.655238
1050 0.840952
1050 0.892381
1050 0.542857
1050 0.828571
1050 0.847619
1050 0.908571
1050 0.867619
1050 0.782857
1050 0.9
1050 0.893333
1050 0.811429
1050 0.855238
1050 0.795238
1050 0.854286
1050 0.889524
1050 0.760952
1050 0.88381
1050 0.829524
1050 0.851429
1050 0.812381
1050 0.84381
1050 0.878095
1050 0.77619
1050 0.805714
1050 0.788571
1050 0.939048
1050 0.793333
1050 0.890476
1100 0.864545
1100 0.756364
1100 0.8
1100 0.921818
1100 0.772727
1100 0.872727
1100 0.79
1100 0.870909
1100 0.851818
1100 0.761818
1100 0.823636
1100 0.805455
1100 0.835455
1100 0.898182
1100 0.790909
1100 0.938182
1100 0.855455
1100 0.859091
1100 0.68
1100 0.840909
1100 0.797273
1100 0.950909
1100 0.813636
1100 0.72
1100 0.8
1100 0.794545
1100 0.836364
1100 0.850909
1100 0.906364
1100 0.791818
1100 0.845455
1100 0.815455
1100 0.738182
1100 0.845455
1100 0.713636
1100 0.801818
1100 0.8
1100 0.872727
1100 0.853636
1100 0.914545
1100 0.894545
1100 0.57
1100 0.731818
1100 0.766364
1100 0.831818
1100 0.793636
1100 0.788182
1100 0.819091
1100 0.794545
1100 0.812727
1100 0.817273
1100 0.807273
1100 0.820909
1100 0.742727
1100 0.788182
1100 0.810909
1100 0.864545
1100 0.735455
1100 0.690909
1100 0.867273
1100 0.710909
1100 0.830909
1100 0.858182
1100 0.912727
1100 0.856364
1100 0.784545
1100 0.854545
1100 0.877273
1100 0.754545
1100 0.806364
1100 0.863636
1100 0.837273
1100 0.813636
1100 0.820909
1100 0.695455
1150 0.766957
1150 0.801739
1150 0.798261
1150 0.966087
1150 0.83913
1150 0.883478
1150 0.88
1150 0.82
1150 0.906087
1150 0.804348
1150 0.854783
1150 0.731304
1150 0.845217
1150 0.853913
1150 0.958261
1150 0.847826
1150 0.821739
1150 0.72
1150 0.886087
1150 0.842609
1150 0.814783
1150 0.893043
1150 0.870435
1150 0.798261
1150 0.786087
1150 0.890435
1150 0.869565
1150 0.813043
1150 0.868696
1150 0.889565
1150 0.857391
1150 0.92
1150 0.835652
1150 0.791304
1150 0.807826
1150 0.914783
1150 0.823478
1150 0.826087
1150 0.852174
1150 0.873043
1150 0.80087
1150 0.905217
1150 0.867826
1150 0.88087
1150 0.846957
1150 0.714783
1150 0.87913
1150 0.837391
1150 0.83913
1150 0.791304
1150 0.856522
1150 0.675652
1150 0.786087
1150 0.618261
1150 0.891304
1150 0.665217
1150 0.894783
1150 0.816522
1150 0.817391
1150 0.856522
1150 0.87913
1150 0.827826
1150 0.833913
1150 0.710435
1150 0.806957
1150 0.784348
1150 0.867826
1150 0.905217
1150 0.852174
1150 0.766087
1150 0.78
1150 0.78087
1150 0.885217
1150 0.909565
1150 0.857391
1200 0.779167
1200 0.801667
1200 0.855
1200 0.809167
1200 0.830833
1200 0.89
1200 0.853333
1200 0.781667
1200 0.790833
1200 0.8075
1200 0.720833
1200 0.933333
1200 0.843333
1200 0.8425
1200 0.829167
1200 0.815833
1200 0.773333
1200 0.836667
1200 0.896667
1200 0.893333
1200 0.764167
1200 0.8325
1200 0.901667
1200 0.635833
1200 0.704167
1200 0.853333
1200 0.72
1200 0.846667
1200 0.823333
1200 0.861667
1200 0.889167
1200 0.840833
1200 0.863333
1200 0.865
1200 0.803333
1200 0.831667
1200 0.900833
1200 0.821667
1200 0.820833
1200 0.776667
1200 0.8
1200 0.6925
1200 0.769167
1200 0.819167
1200 0.811667
1200 0.7775
1200 0.950833
1200 0.8875
1200 0.710833
1200 0.888333
1200 0.829167
1200 0.823333
1200 0.8325
1200 0.845833
1200 0.855
1200 0.890833
1200 0.849167
1200 0.83
1200 0.8225
1200 0.879167
1200 0.918333
1200 0.846667
1200 0.835
1200 0.884167
1200 0.8375
1200 0.815
1200 0.776667
1200 0.745833
1200 0.898333
1200 0.813333
1200 0.884167
1200 0.834167
1200 0.819167
1200 0.894167
1200 0.79
1250 0.7544
1250 0.7928
1250 0.9016
1250 0.8088
1250 0.828
1250 0.8992
1250 0.804
1250 0.8768
1250 0.8224
1250 0.8168
1250 0.8328
1250 0.768
1250 0.7256
1250 0.8432
1250 0.9232
1250 0.8784
1250 0.8176
1250 0.7744
1250 0.8696
1250 0.8584
1250 0.6968
1250 0.8656
1250 0.8544
1250 0.8544
1250 0.8376
1250 0.8672
1250 0.7584
1250 0.7464
1250 0.8496
1250 0.8792
1250 0.6464
1250 0.8672
1250 0.8256
1250 0.904
1250 0.8008
1250 0.8504
1250 0.8744
1250 0.78
1250 0.8568
1250 0.7528
1250 0.8296
1250 0.868
1250 0.8176
1250 0.876
1250 0.8736
1250 0.868
1250 0.7184
1250 0.6184
1250 0.8528
1250 0.628
1250 0.7712
1250 0.744
1250 0.8112
1250 0.8704
1250 0.7816
1250 0.8152
1250 0.888
1250 0.8856
1250 0.8736
1250 0.8144
1250 0.8304
1250 0.7424
1250 0.8248
1250 0.8816
1250 0.748
1250 0.7208
1250 0.8456
1250 0.8392
1250 0.8576
1250 0.7912
1250 0.724
1250 0.8888
1250 0.8984
1250 0.864
1250 0.8288
1300 0.837692
1300 0.834615
1300 0.884615
1300 0.771538
1300 0.833077
1300 0.829231
1300 0.813846
1300 0.917692
1300 0.792308
1300 0.860769
1300 0.882308
1300 0.862308
1300 0.783846
1300 0.917692
1300 0.811538
1300 0.778462
1300 0.826154
1300 0.891538
1300 0.876923
1300 0.819231
1300 0.904615
1300 0.715385
1300 0.694615
1300 0.861538
1300 0.832308
1300 0.75
1300 0.653846
1300 0.856154
1300 0.917692
1300 0.72
1300 0.826154
1300 0.886923
1300 0.671538
1300 0.846154
1300 0.876923
1300 0.888462
1300 0.745385
1300 0.802308
1300 0.703077
1300 0.696154
1300 0.878462
1300 0.810769
1300 0.834615
1300 0.926923
1300 0.797692
1300 0.870769
1300 0.761538
1300 0.896154
1300 0.860769
1300 0.886923
1300 0.888462
1300 0.8
1300 0.773846
1300 0.857692
1300 0.860769
1300 0.934615
1300 0.863846
1300 0.815385
1300 0.798462
1300 0.853077
1300 0.796154
1300 0.902308
1300 0.895385
1300 0.86
1300 0.879231
1300 0.873077
1300 0.841538
1300 0.82
1300 0.692308
1300 0.843077
1300 0.855385
1300 0.709231
1300 0.882308
1300 0.897692
1300 0.827692
1350 0.835556
1350 0.89037
1350 0.915556
1350 0.87037
1350 0.855556
1350 0.682222
1350 0.905185
1350 0.811852
1350 0.865185
1350 0.903704
1350 0.792593
1350 0.863704
1350 0.794815
1350 0.768148
1350 0.759259
1350 0.837037
1350 0.721481
1350 0.817778
1350 0.75037
1350 0.894074
1350 0.864444
1350 0.864444
1350 0.83037
1350 0.88963
1350 0.871852
1350 0.87037
1350 0.778519
1350 0.855556
1350 0.806667
1350 0.871852
1350 0.79037
1350 0.828148
1350 0.81037
1350 0.877037
1350 0.888148
1350 0.862963
1350 0.806667
1350 0.854815
1350 0.874074
1350 0.806667
1350 0.820741
1350 0.887407
1350 0.857037
1350 0.84963
1350 0.808148
1350 0.696296
1350 0.764444
1350 0.891111
1350 0.865926
1350 0.772593
1350 0.906667
1350 0.824444
1350 0.897778
1350 0.737778
1350 0.837778
1350 0.808889
1350 0.835556
1350 0.740741
1350 0.801481
1350 0.774815
1350 0.877037
1350 0.808148
1350 0.6
1350 0.704444
1350 0.842963
1350 0.844444
1350 0.905926
1350 0.840741
1350 0.764444
1350 0.851111
1350 0.873333
1350 0.641481
1350 0.86963
1350 0.778519
1350 0.894074
1400 0.823571
1400 0.795
1400 0.783571
1400 0.841429
1400 0.822857
1400 0.8
1400 0.865
1400 0.873571
1400 0.803571
1400 0.733571
1400 0.535
1400 0.786429
1400 0.8
1400 0.751429
1400 0.885
1400 0.609286
1400 0.817143
1400 0.842857
1400 0.832143
1400 0.799286
1400 0.84
1400 0.819286
1400 0.824286
1400 0.851429
1400 0.872143
1400 0.848571
1400 0.807857
1400 0.862857
1400 0.827143
1400 0.762857
1400 0.831429
1400 0.782857
1400 0.92
1400 0.883571
1400 0.75
1400 0.813571
1400 0.743571
1400 0.898571
1400 0.890714
1400 0.756429
1400 0.935
1400 0.896429
1400 0.885
1400 0.834286
1400 0.842143
1400 0.810714
1400 0.872857
1400 0.742143
1400 0.826429
1400 0.84
1400 0.902143
1400 0.8
1400 0.761429
1400 0.802143
1400 0.758571
1400 0.86
1400 0.765
1400 0.791429
1400 0.830714
1400 0.932143
1400 0.847857
1400 0.812143
1400 0.844286
1400 0.88
1400 0.857143
1400 0.925
1400 0.884286
1400 0.674286
1400 0.837857
1400 0.878571
1400 0.880714
1400 0.727857
1400 0.783571
1400 0.773571
1400 0.783571
1450 0.892414
1450 0.84069
1450 0.84
1450 0.867586
1450 0.933103
1450 0.822069
1450 0.856552
1450 0.734483
1450 0.811724
1450 0.877241
1450 0.677241
1450 0.772414
1450 0.86
1450 0.89931
1450 0.841379
1450 0.769655
1450 0.885517
1450 0.886207
1450 0.904138
1450 0.813793
1450 0.806897
1450 0.844138
1450 0.810345
1450 0.803448
1450 0.87931
1450 0.852414
1450 0.886897
1450 0.892414
1450 0.718621
1450 0.870345
1450 0.881379
1450 0.854483
1450 0.821379
1450 0.841379
1450 0.856552
1450 0.897241
1450 0.871724
1450 0.842069
1450 0.787586
1450 0.912414
1450 0.886897
1450 0.802069
1450 0.872414
1450 0.838621
1450 0.812414
1450 0.84
1450 0.804138
1450 0.874483
1450 0.817241
1450 0.918621
1450 0.729655
1450 0.831034
1450 0.856552
1450 0.791034
1450 0.82069
1450 0.833793
1450 0.853793
1450 0.876552
1450 0.833793
1450 0.796552
1450 0.84069
1450 0.737241
1450 0.82
1450 0.866897
1450 0.807586
1450 0.873103
1450 0.87931
1450 0.952414
1450 0.722759
1450 0.835172
1450 0.846897
1450 0.785517
1450 0.873103
1450 0.845517
1450 0.861379
1500 0.819333
1500 0.806
1500 0.78
1500 0.803333
1500 0.789333
1500 0.762
1500 0.811333
1500 0.832
1500 0.829333
1500 0.786
1500 0.742
1500 0.656667
1500 0.894
1500 0.811333
1500 0.862
1500 0.845333
1500 0.861333
1500 0.768667
1500 0.848667
1500 0.872
1500 0.824667
1500 0.843333
1500 0.914
1500 0.785333
1500 0.839333
1500 0.917333
1500 0.804667
1500 0.855333
1500 0.865333
1500 0.772
1500 0.84
1500 0.89
1500 0.840667
1500 0.788
1500 0.8
1500 0.739333
1500 0.75
1500 0.805333
1500 0.782667
1500 0.833333
1500 0.823333
1500 0.878
1500 0.904
1500 0.698
1500 0.737333
1500 0.888667
1500 0.941333
1500 0.777333
1500 0.792
1500 0.817333
1500 0.826
1500 0.888667
1500 0.652667
1500 0.848
1500 0.884
1500 0.861333
1500 0.826667
1500 0.952
1500 0.822667
1500 0.872
1500 0.865333
1500 0.61
1500 0.842667
1500 0.863333
1500 0.877333
1500 0.839333
1500 0.946667
1500 0.741333
1500 0.83
1500 0.898
1500 0.892667
1500 0.782
1500 0.789333
1500 0.76
1500 0.803333
1550 0.862581
1550 0.834194
1550 0.763871
1550 0.887097
1550 0.903871
1550 0.800645
1550 0.730323
1550 0.836129
1550 0.787097
1550 0.803871
1550 0.820645
1550 0.849032
1550 0.768387
1550 0.605806
1550 0.805161
1550 0.830968
1550 0.898065
1550 0.916774
1550 0.913548
1550 0.867742
1550 0.861935
1550 0.850323
1550 0.76129
1550 0.899355
1550 0.877419
1550 0.89871
1550 0.886452
1550 0.916774
1550 0.774839
1550 0.805806
1550 0.888387
1550 0.935484
1550 0.85871
1550 0.841935
1550 0.836774
1550 0.81871
1550 0.812903
1550 0.869677
1550 0.850968
1550 0.767097
1550 0.789032
1550 0.838065
1550 0.880645
1550 0.80129
1550 0.709032
1550 0.831613
1550 0.801935
1550 0.892258
1550 0.787742
1550 0.858065
1550 0.802581
1550 0.917419
1550 0.845806
1550 0.763871
1550 0.935484
1550 0.892903
1550 0.887097
1550 0.844516
1550 0.815484
1550 0.828387
1550 0.779355
1550 0.832258
1550 0.865806
1550 0.853548
1550 0.788387
1550 0.914839
1550 0.774839
1550 0.84129
1550 0.894194
1550 0.788387
1550 0.674194
1550 0.695484
1550 0.763871
1550 0.750968
1550 0.803226
1600 0.736875
1600 0.804375
1600 0.85875
1600 0.805625
1600 0.84625
1600 0.819375
1600 0.87
1600 0.88625
1600 0.780625
1600 0.92375
1600 0.734375
1600 0.74625
1600 0.8625
1600 0.771875
1600 0.88
1600 0.88875
1600 0.883125
1600 0.77875
1600 0.865625
1600 0.775625
1600 0.768125
1600 0.805625
1600 0.8525
1600 0.81875
1600 0.874375
1600 0.779375
1600 0.80875
1600 0.905
1600 0.86
1600 0.863125
1600 0.83
1600 0.8875
1600 0.81125
1600 0.819375
1600 0.900625
1600 0.80125
1600 0.820625
1600 0.83625
1600 0.845
1600 0.94375
1600 0.806875
1600 0.844375
1600 0.83375
1600 0.785625
1600 0.786875
1600 0.894375
1600 0.875
1600 0.884375
1600 0.813125
1600 0.8475
1600 0.848125
1600 0.84625
1600 0.799375
1600 0.840625
1600 0.919375
1600 0.7475
1600 0.806875
1600 0.839375
1600 0.8675
1600 0.916875
1600 0.819375
1600 0.785
1600 0.835625
1600 0.703125
1600 0.814375
1600 0.775
1600 0.805
1600 0.864375
1600 0.835625
1600 0.74375
1600 0.78375
1600 0.865625
1600 0.760625
1600 0.871875
1600 0.72
1650 0.826667
1650 0.88303
1650 0.838788
1650 0.933333
1650 0.86303
1650 0.791515
1650 0.828485
1650 0.827879
1650 0.797576
1650 0.850909
1650 0.686667
1650 0.859394
1650 0.809091
1650 0.855152
1650 0.811515
1650 0.861212
1650 0.854545
1650 0.690909
1650 0.850909
1650 0.795758
1650 0.68303
1650 0.778182
1650 0.843636
1650 0.805455
1650 0.804848
1650 0.770303
1650 0.871515
1650 0.835152
1650 0.8
1650 0.771515
1650 0.86
1650 0.817576
1650 0.87697
1650 0.912727
1650 0.773939
1650 0.832727
1650 0.872121
1650 0.759394
1650 0.835152
1650 0.809091
1650 0.934545
1650 0.798182
1650 0.797576
1650 0.829697
1650 0.865455
1650 0.835758
1650 0.847879
1650 0.756364
1650 0.87697
1650 0.750303
1650 0.800606
1650 0.778788
1650 0.790909
1650 0.910909
1650 0.830909
1650 0.886061
1650 0.779394
1650 0.835758
1650 0.703636
1650 0.72303
1650 0.930303
1650 0.818788
1650 0.851515
1650 0.767273
1650 0.804242
1650 0.790909
1650 0.846061
1650 0.865455
1650 0.882424
1650 0.910909
1650 0.696364
1650 0.872727
1650 0.704242
1650 0.705455
1650 0.873333
1700 0.854118
1700 0.855882
1700 0.815294
1700 0.898824
1700 0.774118
1700 0.802353
1700 0.829412
1700 0.798235
1700 0.851765
1700 0.860588
1700 0.731765
1700 0.877059
1700 0.818824
1700 0.885882
1700 0.859412
1700 0.867059
1700 0.806471
1700 0.756471
1700 0.782941
1700 0.89
1700 0.877647
1700 0.771176
1700 0.815882
1700 0.830588
1700 0.837647
1700 0.859412
1700 0.856471
1700 0.854118
1700 0.902941
1700 0.838235
1700 0.851765
1700 0.888824
1700 0.807647
1700 0.722353
1700 0.910588
1700 0.878235
1700 0.873529
1700 0.697647
1700 0.840588
1700 0.818824
1700 0.904118
1700 0.801765
1700 0.824706
1700 0.943529
1700 0.782353
1700 0.763529
1700 0.822353
1700 0.725882
1700 0.825882
1700 0.755294
1700 0.803529
1700 0.895882
1700 0.853529
1700 0.885294
1700 0.837647
1700 0.888824
1700 0.848235
1700 0.775882
1700 0.842353
1700 0.853529
1700 0.872941
1700 0.831176
1700 0.737059
1700 0.815882
1700 0.745294
1700 0.845294
1700 0.782353
1700 0.881765
1700 0.867059
1700 0.806471
1700 0.751176
1700 0.934706
1700 0.836471
1700 0.911765
1700 0.833529
1750 0.821714
1750 0.733714
1750 0.771429
1750 0.849714
1750 0.833143
1750 0.814286
1750 0.776
1750 0.756571
1750 0.792571
1750 0.832
1750 0.905714
1750 0.748571
1750 0.845714
1750 0.802857
1750 0.825143
1750 0.76
1750 0.904
1750 0.840571
1750 0.866857
1750 0.533143
1750 0.634857
1750 0.888
1750 0.782857
1750 0.853714
1750 0.829143
1750 0.842857
1750 0.865714
1750 0.773143
1750 0.763429
1750 0.764571
1750 0.884
1750 0.757714
1750 0.840571
1750 0.894857
1750 0.860571
1750 0.836
1750 0.819429
1750 0.772
1750 0.846857
1750 0.890286
1750 0.853714
1750 0.798857
1750 0.872571
1750 0.792
1750 0.777143
1750 0.803429
1750 0.861714
1750 0.809143
1750 0.796
1750 0.827429
1750 0.836
1750 0.890857
1750 0.715429
1750 0.810857
1750 0.790857
1750 0.889714
1750 0.838286
1750 0.947429
1750 0.834286
1750 0.881143
1750 0.868571
1750 0.878286
1750 0.865714
1750 0.864571
1750 0.828
1750 0.86
1750 0.790857
1750 0.828571
1750 0.845714
1750 0.821143
1750 0.458857
1750 0.765714
1750 0.862286
1750 0.773143
1750 0.786857
1800 0.845556
1800 0.816667
1800 0.793333
1800 0.861111
1800 0.77
1800 0.772778
1800 0.867778
1800 0.868889
1800 0.887222
1800 0.805556
1800 0.872222
1800 0.9
1800 0.856111
1800 0.812222
1800 0.817778
1800 0.859444
1800 0.774444
1800 0.867222
1800 0.879444
1800 0.822778
1800 0.850556
1800 0.78
1800 0.822778
1800 0.835556
1800 0.83
1800 0.665
1800 0.844444
1800 0.793333
1800 0.879444
1800 0.792222
1800 0.773333
1800 0.748889
1800 0.830556
1800 0.803333
1800 0.816667
1800 0.891111
1800 0.812778
1800 0.826111
1800 0.86
1800 0.872222
1800 0.765556
1800 0.841111
1800 0.882222
1800 0.932222
1800 0.889444
1800 0.847222
1800 0.832222
1800 0.835556
1800 0.9
1800 0.699444
1800 0.859444
1800 0.785556
1800 0.870556
1800 0.860556
1800 0.815
1800 0.869444
1800 0.876667
1800 0.516667
1800 0.772778
1800 0.881667
1800 0.765556
1800 0.763889
1800 0.815556
1800 0.861111
1800 0.826111
1800 0.762222
1800 0.884444
1800 0.866111
1800 0.875
1800 0.841111
1800 0.743889
1800 0.844444
1800 0.814444
1800 0.831667
1800 0.878333
1850 0.874595
1850 0.83027
1850 0.852973
1850 0.849189
1850 0.834054
1850 0.871892
1850 0.887027
1850 0.828108
1850 0.88
1850 0.873514
1850 0.804324
1850 0.882162
1850 0.804865
1850 0.92973
1850 0.85027
1850 0.802162
1850 0.842162
1850 0.781081
1850 0.871892
1850 0.727027
1850 0.845946
1850 0.803784
1850 0.786486
1850 0.808108
1850 0.800541
1850 0.654054
1850 0.873514
1850 0.803784
1850 0.922703
1850 0.757838
1850 0.859459
1850 0.827027
1850 0.817297
1850 0.873514
1850 0.87027
1850 0.816757
1850 0.882162
1850 0.871892
1850 0.80973
1850 0.830811
1850 0.896757
1850 0.794595
1850 0.871892
1850 0.872973
1850 0.835135
1850 0.839459
1850 0.764865
1850 0.907568
1850 0.832973
1850 0.818919
1850 0.861622
1850 0.865946
1850 0.824865
1850 0.862703
1850 0.838919
1850 0.852432
1850 0.828108
1850 0.843243
1850 0.960541
1850 0.80973
1850 0.838919
1850 0.868649
1850 0.905405
1850 0.862703
1850 0.857838
1850 0.849189
1850 0.721081
1850 0.775135
1850 0.863784
1850 0.793514
1850 0.845946
1850 0.883243
1850 0.901622
1850 0.839459
1850 0.81027
1900 0.901053
1900 0.846842
1900 0.848421
1900 0.921579
1900 0.852105
1900 0.905789
1900 0.835789
1900 0.876842
1900 0.826316
1900 0.721053
1900 0.902632
1900 0.705789
1900 0.868421
1900 0.845789
1900 0.848947
1900 0.903158
1900 0.811053
1900 0.761579
1900 0.743158
1900 0.876316
1900 0.844211
1900 0.815789
1900 0.758421
1900 0.881579
1900 0.732105
1900 0.830526
1900 0.826316
1900 0.902105
1900 0.832632
1900 0.746316
1900 0.919474
1900 0.902632
1900 0.878421
1900 0.893684
1900 0.77
1900 0.841053
1900 0.864737
1900 0.854211
1900 0.565789
1900 0.74
1900 0.770526
1900 0.837895
1900 0.764211
1900 0.763158
1900 0.819474
1900 0.881053
1900 0.847368
1900 0.886316
1900 0.805263
1900 0.866316
1900 0.82
1900 0.911579
1900 0.862105
1900 0.817895
1900 0.888421
1900 0.892105
1900 0.864737
1900 0.873684
1900 0.856316
1900 0.832105
1900 0.841053
1900 0.882105
1900 0.874211
1900 0.858947
1900 0.776842
1900 0.864737
1900 0.854737
1900 0.885789
1900 0.845263
1900 0.815789
1900 0.848421
1900 0.756842
1900 0.872105
1900 0.882105
1900 0.814737
1950 0.893333
1950 0.856923
1950 0.806154
1950 0.877949
1950 0.812821
1950 0.826667
1950 0.889744
1950 0.822051
1950 0.691795
1950 0.864615
1950 0.838462
1950 0.784615
1950 0.832821
1950 0.816923
1950 0.896923
1950 0.816923
1950 0.874872
1950 0.790256
1950 0.746667
1950 0.652821
1950 0.853333
1950 0.814872
1950 0.846667
1950 0.812821
1950 0.850256
1950 0.895385
1950 0.858462
1950 0.869231
1950 0.852821
1950 0.817949
1950 0.821538
1950 0.816923
1950 0.887692
1950 0.842564
1950 0.807692
1950 0.770769
1950 0.911795
1950 0.865128
1950 0.810769
1950 0.832821
1950 0.809744
1950 0.792821
1950 0.759487
1950 0.874359
1950 0.837949
1950 0.760513
1950 0.655385
1950 0.87641
1950 0.825641
1950 0.873846
1950 0.791282
1950 0.813333
1950 0.829231
1950 0.743077
1950 0.866154
1950 0.828718
1950 0.855897
1950 0.910769
1950 0.861026
1950 0.813846
1950 0.782564
1950 0.831282
1950 0.894359
1950 0.634872
1950 0.647179
1950 0.6
1950 0.866667
1950 0.806667
1950 0.809231
1950 0.880513
1950 0.864103
1950 0.785641
1950 0.820513
1950 0.823077
1950 0.624615
2000 0.8825
2000 0.936
2000 0.8825
2000 0.813
2000 0.8275
2000 0.875
2000 0.864
2000 0.843
2000 0.823
2000 0.695
2000 0.8025
2000 0.875
2000 0.8145
2000 0.868
2000 0.87
2000 0.623
2000 0.8925
2000 0.9235
2000 0.89
2000 0.814
2000 0.8445
2000 0.8555
2000 0.64
2000 0.897
2000 0.8685
2000 0.846
2000 0.8325
2000 0.779
2000 0.795
2000 0.881
2000 0.814
2000 0.882
2000 0.939
2000 0.8835
2000 0.8195
2000 0.8815
2000 0.9245
2000 0.801
2000 0.822
2000 0.7405
2000 0.822
2000 0.6555
2000 0.823
2000 0.7065
2000 0.838
2000 0.887
2000 0.845
2000 0.847
2000 0.8315
2000 0.8695
2000 0.8845
2000 0.798
2000 0.837
2000 0.8215
2000 0.8785
2000 0.8755
2000 0.8975
2000 0.857
2000 0.808
2000 0.821
2000 0.917
2000 0.8615
2000 0.8595
2000 0.8185
2000 0.839
2000 0.8055
2000 0.825
2000 0.8015
2000 0.599
2000 0.816
2000 0.8055
2000 0.8825
2000 0.7925
2000 0.8565
2000 0.8945
