50 0.06
50 0.5
50 0.1
50 0.18
50 0.26
50 0
50 0.4
50 0.58
50 0.14
50 0.16
50 0.12
50 0.14
50 0.04
50 0
50 0
50 0.04
50 0
50 0.58
50 0.14
50 0
50 0.16
50 0
50 0
50 0
50 0
50 0.66
50 0.3
50 0.32
50 0.38
50 0.14
50 0.12
50 0.16
50 0.06
50 0.32
50 0.2
50 0
50 0.38
50 0.2
50 0
50 0
50 0.02
50 0.2
50 0.06
50 0.78
50 0.42
50 0.18
50 0.18
50 0.66
50 0.24
50 0.22
50 0.46
50 0.3
50 0.48
50 0.08
50 0.6
50 0.1
50 0.44
50 0
50 0.46
50 0
50 0.34
50 0.32
50 0
50 0
50 0.16
50 0.26
50 0.1
50 0.24
50 0.5
50 0.1
50 0.02
50 0.58
50 0.08
50 0
50 0.12
100 0.22
100 0.26
100 0.54
100 0.69
100 0.71
100 0.74
100 0.42
100 0.88
100 0.79
100 0.44
100 0.86
100 0.52
100 0.14
100 0.38
100 0.69
100 0.18
100 0.6
100 0.49
100 0.51
100 0.72
100 0.65
100 0.33
100 0.57
100 0.56
100 0.5
100 0.33
100 0.06
100 0.57
100 0.84
100 0.6
100 0.61
100 0.46
100 0.29
100 0.8
100 0.65
100 0.49
100 0.7
100 0.59
100 0.16
100 0.5
100 0.77
100 0.14
100 0.22
100 0.83
100 0.87
100 0.71
100 0.45
100 0.86
100 0.69
100 0.6
100 0.68
100 0.65
100 0.41
100 0.62
100 0.55
100 0.97
100 0.84
100 0.77
100 0.78
100 0.84
100 0.77
100 0.52
100 0.58
100 0.49
100 0.57
100 0.12
100 0.87
100 0.66
100 0.72
100 0.68
100 0.05
100 0.66
100 0.55
100 0.06
100 0.33
150 0.58
150 0.7
150 0.813333
150 0.826667
150 0.566667
150 0.7
150 0.84
150 0.853333
150 0.853333
150 0.886667
150 0.886667
150 0.673333
150 0.573333
150 0.78
150 0.66
150 0.68
150 0.9
150 0.653333
150 0.74
150 0.773333
150 0.84
150 0.886667
150 0.573333
150 0.573333
150 0.786667
150 0.866667
150 0.68
150 0.893333
150 0.713333
150 0.786667
150 0.74
150 0.753333
150 0.82
150 0.946667
150 0.693333
150 0.56
150 0.76
150 0.533333
150 0.6
150 0.646667
150 0.913333
150 0.466667
150 0.453333
150 0.406667
150 0.293333
150 0.893333
150 0.793333
150 0.786667
150 0.706667
150 0.333333
150 0.64
150 0.513333
150 0.726667
150 0.833333
150 0.78
150 0.686667
150 0.753333
150 0.8
150 0.406667
150 0.706667
150 0.813333
150 0.74
150 0.906667
150 0.733333
150 0.82
150 0.72
150 0.533333
150 0.42
150 0.88
150 0.533333
150 0.7
150 0.426667
150 0.753333
150 0.733333
150 0.746667
200 0.675
200 0.385
200 0.905
200 0.785
200 0.34
200 0.375
200 0.595
200 0.89
200 0.75
200 0.84
200 0.905
200 0.54
200 0.925
200 0.87
200 0.705
200 0.755
200 0.81
200 0.85
200 0.725
200 0.825
200 0.76
200 0.8
200 0.195
200 0.79
200 0.805
200 0.655
200 0.905
200 0.46
200 0.905
200 0.78
200 0.75
200 0.845
200 0.71
200 0.875
200 0.065
200 0.955
200 0.49
200 0.635
200 0.715
200 0.48
200 0.675
200 0.84
200 0.77
200 0.595
200 0.9
200 0.93
200 0.82
200 0.715
200 0.815
200 0.725
200 0.155
200 0.78
200 0.85
200 0.71
200 0.825
200 0.86
200 0.8
200 0.7
200 0.925
200 0.555
200 0.355
200 0.515
200 0.88
200 0.82
200 0.735
200 0.665
200 0.615
200 0.87
200 0.63
200 0.94
200 0.705
200 0.425
200 0.83
200 0.825
200 0.835
250 0.856
250 0.9
250 0.876
250 0.768
250 0.824
250 0.896
250 0.884
250 0.952
250 0.5
250 0.792
250 0.856
250 0.884
250 0.852
250 0.808
250 0.748
250 0.94
250 0.824
250 0.884
250 0.824
250 0.864
250 0.928
250 0.708
250 0.744
250 0.824
250 0.928
250 0.896
250 0.852
250 0.972
250 0.632
250 0.86
250 0.716
250 0.888
250 0.92
250 0.724
250 0.848
250 0.8
250 0.9
250 0.76
250 0.796
250 0.656
250 0.676
250 0.884
250 0.904
250 0.488
250 0.832
250 0.852
250 0.928
250 0.576
250 0.896
250 0.9
250 0.916
250 0.572
250 0.82
250 0.776
250 0.884
250 0.876
250 0.816
250 0.58
250 0.84
250 0.56
250 0.924
250 0.84
250 0.94
250 0.892
250 0.768
250 0.856
250 0.852
250 0.848
250 0.888
250 0.952
250 0.7
250 0.768
250 0.9
250 0.952
250 0.82
300 0.9
300 0.86
300 0.81
300 0.866667
300 0.67
300 0.5
300 0.786667
300 0.626667
300 0.776667
300 0.853333
300 0.89
300 0.893333
300 0.806667
300 0.846667
300 0.863333
300 0.716667
300 0.896667
300 0.886667
300 0.806667
300 0.856667
300 0.896667
300 0.85
300 0.933333
300 0.906667
300 0.763333
300 0.886667
300 0.93
300 0.85
300 0.87
300 0.92
300 0.883333
300 0.83
300 0.826667
300 0.8
300 0.813333
300 0.933333
300 0.906667
300 0.883333
300 0.866667
300 0.956667
300 0.843333
300 0.906667
300 0.883333
300 0.936667
300 0.836667
300 0.716667
300 0.816667
300 0.75
300 0.496667
300 0.796667
300 0.906667
300 0.883333
300 0.76
300 0.713333
300 0.863333
300 0.776667
300 0.963333
300 0.83
300 0.83
300 0.846667
300 0.873333
300 0.793333
300 0.84
300 0.833333
300 0.813333
300 0.876667
300 0.86
300 0.856667
300 0.923333
300 0.886667
300 0.873333
300 0.86
300 0.906667
300 0.87
300 0.813333
350 0.825714
350 0.854286
350 0.871429
350 0.674286
350 0.902857
350 0.611429
350 0.797143
350 0.917143
350 0.874286
350 0.931429
350 0.782857
350 0.885714
350 0.931429
350 0.905714
350 0.902857
350 0.637143
350 0.925714
350 0.82
350 0.8
350 0.705714
350 0.885714
350 0.751429
350 0.9
350 0.914286
350 0.888571
350 0.882857
350 0.888571
350 0.914286
350 0.737143
350 0.825714
350 0.702857
350 0.854286
350 0.854286
350 0.911429
350 0.842857
350 0.845714
350 0.94
350 0.577143
350 0.862857
350 0.857143
350 0.762857
350 0.782857
350 0.92
350 0.814286
350 0.937143
350 0.905714
350 0.908571
350 0.871429
350 0.802857
350 0.928571
350 0.874286
350 0.842857
350 0.94
350 0.86
350 0.86
350 0.937143
350 0.897143
350 0.777143
350 0.871429
350 0.694286
350 0.84
350 0.831429
350 0.922857
350 0.925714
350 0.702857
350 0.828571
350 0.857143
350 0.928571
350 0.911429
350 0.882857
350 0.977143
350 0.894286
350 0.468571
350 0.837143
350 0.922857
400 0.9875
400 0.8
400 0.9125
400 0.735
400 0.7025
400 0.885
400 0.875
400 0.6775
400 0.9725
400 0.735
400 0.82
400 0.95
400 0.905
400 0.83
400 0.8825
400 0.8375
400 0.9025
400 0.405
400 0.89
400 0.7375
400 0.7425
400 0.85
400 0.865
400 0.6775
400 0.9275
400 0.8125
400 0.78
400 0.6225
400 0.8425
400 0.9075
400 0.935
400 0.86
400 0.8875
400 0.9025
400 0.9775
400 0.95
400 0.905
400 0.6875
400 0.855
400 0.8325
400 0.89
400 0.9425
400 0.905
400 0.885
400 0.895
400 0.92
400 0.8575
400 0.6725
400 0.82
400 0.93
400 0.8275
400 0.85
400 0.905
400 0.8625
400 0.8675
400 0.9275
400 0.9125
400 0.9425
400 0.865
400 0.95
400 0.835
400 0.895
400 0.8475
400 0.9375
400 0.8525
400 0.9275
400 0.8525
400 0.9
400 0.815
400 0.8825
400 0.8425
400 0.85
400 0.8375
400 0.8825
400 0.8875
450 0.868889
450 0.82
450 0.864444
450 0.946667
450 0.853333
450 0.915556
450 0.931111
450 0.951111
450 0.944444
450 0.84
450 0.948889
450 0.875556
450 0.835556
450 0.915556
450 0.72
450 0.857778
450 0.88
450 0.862222
450 0.802222
450 0.942222
450 0.886667
450 0.94
450 0.846667
450 0.837778
450 0.9
450 0.697778
450 0.902222
450 0.651111
450 0.924444
450 0.688889
450 0.846667
450 0.844444
450 0.902222
450 0.893333
450 0.802222
450 0.833333
450 0.782222
450 0.895556
450 0.906667
450 0.764444
450 0.837778
450 0.9
450 0.76
450 0.862222
450 0.913333
450 0.844444
450 0.908889
450 0.928889
450 0.873333
450 0.911111
450 0.893333
450 0.937778
450 0.837778
450 0.902222
450 0.873333
450 0.893333
450 0.906667
450 0.835556
450 0.855556
450 0.864444
450 0.784444
450 0.804444
450 0.897778
450 0.882222
450 0.813333
450 0.908889
450 0.82
450 0.755556
450 0.742222
450 0.893333
450 0.862222
450 0.751111
450 0.893333
450 0.893333
450 0.477778
500 0.854
500 0.92
500 0.858
500 0.948
500 0.728
500 0.93
500 0.844
500 0.858
500 0.824
500 0.904
500 0.868
500 0.862
500 0.838
500 0.848
500 0.924
500 0.84
500 0.922
500 0.922
500 0.892
500 0.844
500 0.908
500 0.89
500 0.888
500 0.81
500 0.882
500 0.802
500 0.862
500 0.938
500 0.918
500 0.824
500 0.918
500 0.872
500 0.886
500 0.872
500 0.95
500 0.846
500 0.882
500 0.934
500 0.94
500 0.896
500 0.924
500 0.956
500 0.918
500 0.772
500 0.896
500 0.912
500 0.918
500 0.822
500 0.886
500 0.94
500 0.872
500 0.85
500 0.89
500 0.848
500 0.876
500 0.898
500 0.856
500 0.948
500 0.894
500 0.892
500 0.9
500 0.85
500 0.852
500 0.928
500 0.76
500 0.886
500 0.89
500 0.806
500 0.926
500 0.888
500 0.534
500 0.912
500 0.904
500 0.906
500 0.948
550 0.692727
550 0.885455
550 0.776364
550 0.938182
550 0.872727
550 0.865455
550 0.878182
550 0.870909
550 0.863636
550 0.934545
550 0.869091
550 0.870909
550 0.585455
550 0.870909
550 0.861818
550 0.918182
550 0.867273
550 0.903636
550 0.881818
550 0.798182
550 0.909091
550 0.78
550 0.956364
550 0.850909
550 0.956364
550 0.936364
550 0.867273
550 0.805455
550 0.881818
550 0.850909
550 0.983636
550 0.86
550 0.907273
550 0
550 0.709091
550 0.847273
550 0.86
550 0.909091
550 0.914545
550 0.881818
550 0.921818
550 0.834545
550 0.918182
550 0.82
550 0.849091
550 0.881818
550 0.869091
550 0.9
550 0.845455
550 0.901818
550 0.850909
550 0.954545
550 0.8
550 0.889091
550 0.78
550 0.767273
550 0.963636
550 0.865455
550 0.86
550 0.850909
550 0.96
550 0.918182
550 0.810909
550 0.925455
550 0.912727
550 0.849091
550 0.889091
550 0.950909
550 0.983636
550 0.807273
550 0.889091
550 0.850909
550 0.925455
550 0.865455
550 0.883636
600 0.941667
600 0.898333
600 0.858333
600 0.631667
600 0.946667
600 0.881667
600 0.77
600 0.973333
600 0.886667
600 0.891667
600 0.89
600 0.9
600 0.761667
600 0.928333
600 0.888333
600 0.91
600 0.878333
600 0.838333
600 0.881667
600 0.923333
600 0.853333
600 0.94
600 0.858333
600 0.958333
600 0.91
600 0.915
600 0.915
600 0.888333
600 0.936667
600 0.891667
600 0.761667
600 0.901667
600 0.89
600 0.898333
600 0.788333
600 0.88
600 0.891667
600 0.795
600 0.903333
600 0.953333
600 0.828333
600 0.895
600 0.89
600 0.82
600 0.978333
600 0.896667
600 0.885
600 0.8
600 0.826667
600 0.875
600 0.803333
600 0.873333
600 0.906667
600 0.935
600 0.911667
600 0.883333
600 0.86
600 0.876667
600 0.943333
600 0.938333
600 0.808333
600 0.901667
600 0.871667
600 0.881667
600 0.806667
600 0.938333
600 0.855
600 0.863333
600 0.9
600 0.895
600 0.946667
600 0.85
600 0.94
600 0.876667
600 0.806667
650 0.853846
650 0.843077
650 0.855385
650 0.909231
650 0.910769
650 0.783077
650 0.895385
650 0.946154
650 0.829231
650 0.827692
650 0.949231
650 0.96
650 0.9
650 0.870769
650 0.893846
650 0.9
650 0.886154
650 0.689231
650 0.830769
650 0.852308
650 0.783077
650 0.813846
650 0.906154
650 0.923077
650 0.886154
650 0.898462
650 0.935385
650 0.884615
650 0.88
650 0.918462
650 0.823077
650 0.903077
650 0.92
650 0.898462
650 0.92
650 0.855385
650 0.84
650 0.913846
650 0.869231
650 0.932308
650 0.943077
650 0.893846
650 0.935385
650 0.86
650 0.812308
650 0.884615
650 0.850769
650 0.869231
650 0.835385
650 0.875385
650 0.903077
650 0.858462
650 0.927692
650 0.84
650 0.856923
650 0.855385
650 0.869231
650 0.870769
650 0.913846
650 0.929231
650 0.890769
650 0.849231
650 0.929231
650 0.910769
650 0.801538
650 0.947692
650 0.932308
650 0.947692
650 0.901538
650 0.912308
650 0.913846
650 0.890769
650 0.875385
650 0.907692
650 0.909231
700 0.95
700 0.898571
700 0.877143
700 0.908571
700 0.88
700 0.927143
700 0.805714
700 0.924286
700 0.974286
700 0.862857
700 0.952857
700 0.877143
700 0.887143
700 0.942857
700 0.837143
700 0.825714
700 0.808571
700 0.865714
700 0.85
700 0.917143
700 0.888571
700 0.897143
700 0.922857
700 0.952857
700 0.84
700 0.992857
700 0.888571
700 0.8
700 0.938571
700 0.938571
700 0.831429
700 0.937143
700 0.897143
700 0.888571
700 0.85
700 0.904286
700 0.938571
700 0.831429
700 0.954286
700 0.961429
700 0.89
700 0.915714
700 0.938571
700 0.954286
700 0.717143
700 0.881429
700 0.864286
700 0.885714
700 0.912857
700 0.931429
700 0.765714
700 0.932857
700 0.927143
700 0.962857
700 0.767143
700 0.878571
700 0.928571
700 0.908571
700 0.832857
700 0.865714
700 0.892857
700 0.847143
700 0.852857
700 0.768571
700 0.902857
700 0.85
700 0.885714
700 0.861429
700 0.902857
700 0.851429
700 0.878571
700 0.964286
700 0.927143
700 0.831429
700 0.935714
750 0.962667
750 0.837333
750 0.874667
750 0.861333
750 0.894667
750 0.893333
750 0.956
750 0.854667
750 0.928
750 0.842667
750 0.813333
750 0.854667
750 0.841333
750 0.834667
750 0.897333
750 0.838667
750 0.885333
750 0.913333
750 0.96
750 0.894667
750 0.916
750 0.852
750 0.784
750 0.964
750 0.926667
750 0.865333
750 0.868
750 0.932
750 0.92
750 0.936
750 0.889333
750 0.921333
750 0.88
750 0.945333
750 0.908
750 0.776
750 0.918667
750 0.870667
750 0.804
750 0.941333
750 0.9
750 0.734667
750 0.982667
750 0.881333
750 0.862667
750 0.821333
750 0.901333
750 0.812
750 0.837333
750 0.826667
750 0.894667
750 0.888
750 0.950667
750 0.925333
750 0.881333
750 0.897333
750 0.901333
750 0.864
750 0.916
750 0.864
750 0.88
750 0.916
750 0.858667
750 0.832
750 0.929333
750 0.874667
750 0.728
750 0.877333
750 0.934667
750 0.964
750 0.852
750 0.96
750 0.912
750 0.954667
750 0.904
800 0.88375
800 0.81
800 0.8675
800 0.9325
800 0.87125
800 0.855
800 0.81625
800 0.9725
800 0.93125
800 0.895
800 0.8925
800 0.88375
800 0.9025
800 0.86125
800 0.905
800 0.9025
800 0.8475
800 0.905
800 0.8725
800 0.83125
800 0.97375
800 0.92625
800 0.925
800 0.87875
800 0.88
800 0.92
800 0.9525
800 0.8725
800 0.93875
800 0.86125
800 0.83875
800 0.87375
800 0.89125
800 0.91875
800 0.8575
800 0.83375
800 0.84375
800 0.94
800 0.8875
800 0.885
800 0.88375
800 0.94
800 0.95125
800 0.79
800 0.89875
800 0.935
800 0.8675
800 0.88625
800 0.87625
800 0.885
800 0.805
800 0.87
800 0.92625
800 0.89375
800 0.86625
800 0.78875
800 0.85625
800 0.89375
800 0.92125
800 0.87375
800 0.87625
800 0.935
800 0.855
800 0.90375
800 0.9525
800 0.90875
800 0.86125
800 0.94375
800 0.83625
800 0.93125
800 0.89
800 0.9575
800 0.88125
800 0.93375
800 0.93625
850 0.92
850 0.924706
850 0.901176
850 0.942353
850 0.827059
850 0.882353
850 0.909412
850 0.828235
850 0.827059
850 0.916471
850 0.871765
850 0.902353
850 0.865882
850 0.903529
850 0.932941
850 0.871765
850 0.944706
850 0.911765
850 0.878824
850 0.817647
850 0.916471
850 0.948235
850 0.862353
850 0.814118
850 0.916471
850 0.794118
850 0.884706
850 0.934118
850 0.871765
850 0.9
850 0.844706
850 0.921176
850 0.909412
850 0.976471
850 0.850588
850 0.864706
850 0.937647
850 0.843529
850 0.937647
850 0.837647
850 0.908235
850 0.934118
850 0.864706
850 0.929412
850 0.875294
850 0.874118
850 0.863529
850 0.843529
850 0.972941
850 0.821176
850 0.864706
850 0.892941
850 0.929412
850 0.925882
850 0.978824
850 0.947059
850 0.950588
850 0.878824
850 0.952941
850 0.882353
850 0.776471
850 0.918824
850 0.934118
850 0.907059
850 0.867059
850 0.948235
850 0.896471
850 0.883529
850 0.934118
850 0.901176
850 0.903529
850 0.911765
850 0.915294
850 0.855294
850 0.885882
900 0.944444
900 0.961111
900 0.922222
900 0.87
900 0.914444
900 0.945556
900 0.897778
900 0.874444
900 0.88
900 0.914444
900 0.9
900 0.904444
900 0.886667
900 0.951111
900 0.894444
900 0.966667
900 0.957778
900 0.935556
900 0.858889
900 0.967778
900 0.932222
900 0.828889
900 0.858889
900 0.882222
900 0.958889
900 0.812222
900 0.93
900 0.886667
900 0.876667
900 0.828889
900 0.89
900 0.892222
900 0.706667
900 0.916667
900 0.84
900 0.886667
900 0.895556
900 0.907778
900 0.914444
900 0.937778
900 0.911111
900 0.806667
900 0.92
900 0.823333
900 0.933333
900 0.914444
900 0.914444
900 0.904444
900 0.888889
900 0.957778
900 0.88
900 0.877778
900 0.842222
900 0.912222
900 0.888889
900 0.866667
900 0.764444
900 0.867778
900 0.958889
900 0.944444
900 0.892222
900 0.934444
900 0.882222
900 0.906667
900 0.875556
900 0.922222
900 0.931111
900 0.924444
900 0.966667
900 0.908889
900 0.898889
900 0.893333
900 0.931111
900 0.977778
900 0.863333
950 0.916842
950 0.878947
950 0.950526
950 0.828421
950 0.908421
950 0.949474
950 0.9
950 0.845263
950 0.911579
950 0.864211
950 0.793684
950 0.905263
950 0.876842
950 0.84
950 0.923158
950 0.876842
950 0.92
950 0.853684
950 0.891579
950 0.901053
950 0.874737
950 0.811579
950 0.876842
950 0.866316
950 0.904211
950 0.925263
950 0.825263
950 0.910526
950 0.9
950 0.927368
950 0.945263
950 0.929474
950 0.982105
950 0.973684
950 0.932632
950 0.871579
950 0.963158
950 0.907368
950 0.954737
950 0.914737
950 0.845263
950 0.909474
950 0.92
950 0.872632
950 0.891579
950 0.788421
950 0.887368
950 0.991579
950 0.966316
950 0.901053
950 0.856842
950 0.886316
950 0.896842
950 0.870526
950 0.808421
950 0.918947
950 0.92
950 0.907368
950 0.892632
950 0.96
950 0.873684
950 0.898947
950 0.921053
950 0.925263
950 0.949474
950 0.795789
950 0.945263
950 0.904211
950 0.846316
950 0.918947
950 0.902105
950 0.873684
950 0.890526
950 0.947368
950 0.852632
1000 0.881
1000 0.95
1000 0.887
1000 0.867
1000 0.854
1000 0.84
1000 0.839
1000 0.882
1000 0.978
1000 0.924
1000 0.921
1000 0.912
1000 0.919
1000 0.919
1000 0.901
1000 0.849
1000 0.85
1000 0.903
1000 0.9
1000 0.903
1000 0.889
1000 0.8
1000 0.948
1000 0.904
1000 0.916
1000 0.893
1000 0.867
1000 0.93
1000 0.884
1000 0.891
1000 0.945
1000 0.942
1000 0.968
1000 0.893
1000 0.842
1000 0.91
1000 0.958
1000 0.956
1000 0.918
1000 0.865
1000 0.908
1000 0.934
1000 0.907
1000 0.841
1000 0.849
1000 0.883
1000 0.726
1000 0.912
1000 0.938
1000 0.976
1000 0.918
1000 0.945
1000 0.881
1000 0.928
1000 0.942
1000 0.911
1000 0.952
1000 0.895
1000 0.957
1000 0.877
1000 0.833
1000 0.923
1000 0.86
1000 0.963
1000 0.787
1000 0.88
1000 0.848
1000 0.953
1000 0.838
1000 0.883
1000 0.92
1000 0.932
1000 0.948
1000 0.909
1000 0.881
1050 0.833333
1050 0.922857
1050 0.945714
1050 0.939048
1050 0.744762
1050 0.952381
1050 0.919048
1050 0.77619
1050 0.861905
1050 0.914286
1050 0.892381
1050 0.899048
1050 0.892381
1050 0.930476
1050 0.904762
1050 0.893333
1050 0.904762
1050 0.940952
1050 0.832381
1050 0.858095
1050 0.904762
1050 0.774286
1050 0.931429
1050 0.838095
1050 0.929524
1050 0.989524
1050 0.874286
1050 0.812381
1050 0.879048
1050 0.952381
1050 0.929524
1050 0.93619
1050 0.889524
1050 0.934286
1050 0.895238
1050 0.789524
1050 0.91619
1050 0.959048
1050 0.920952
1050 0.873333
1050 0.912381
1050 0.9
1050 0.870476
1050 0.802857
1050 0.889524
1050 0.874286
1050 0.91619
1050 0.854286
1050 0.94
1050 0.953333
1050 0.871429
1050 0.899048
1050 0.92381
1050 0.899048
1050 0.931429
1050 0.871429
1050 0.887619
1050 0.892381
1050 0.953333
1050 0.913333
1050 0.864762
1050 0.869524
1050 0.897143
1050 0.877143
1050 0.933333
1050 0.84381
1050 0.878095
1050 0.919048
1050 0.938095
1050 0.982857
1050 0.954286
1050 0.935238
1050 0.905714
1050 0.83619
1050 0.930476
1100 0.85
1100 0.903636
1100 0.927273
1100 0.947273
1100 0.917273
1100 0.93
1100 0.912727
1100 0.921818
1100 0.943636
1100 0.866364
1100 0.925455
1100 0.940909
1100 0.98
1100 0.908182
1100 0.853636
1100 0.932727
1100 0.937273
1100 0.895455
1100 0.869091
1100 0.951818
1100 0.839091
1100 0.876364
1100 0.975455
1100 0.927273
1100 0.902727
1100 0.900909
1100 0.916364
1100 0.967273
1100 0.922727
1100 0.897273
1100 0.926364
1100 0.91
1100 0.890909
1100 0.918182
1100 0.876364
1100 0.850909
1100 0.880909
1100 0.931818
1100 0.950909
1100 0.902727
1100 0.939091
1100 0.906364
1100 0.947273
1100 0.882727
1100 0.913636
1100 0.868182
1100 0.954545
1100 0.88
1100 0.903636
1100 0.946364
1100 0.84
1100 0.861818
1100 0.896364
1100 0.958182
1100 0.828182
1100 0.919091
1100 0.854545
1100 0.923636
1100 0.857273
1100 0.838182
1100 0.929091
1100 0.885455
1100 0.886364
1100 0.974545
1100 0.876364
1100 0.919091
1100 0.946364
1100 0.930909
1100 0.88
1100 0.973636
1100 0.898182
1100 0.904545
1100 0.97
1100 0.940909
1100 0.800909
1150 0.886957
1150 0.951304
1150 0.91913
1150 0.896522
1150 0.95913
1150 0.924348
1150 0.96
1150 0.866087
1150 0.941739
1150 0.911304
1150 0.877391
1150 0.862609
1150 0.849565
1150 0.906957
1150 0.932174
1150 0.834783
1150 0.91913
1150 0.793913
1150 0.906087
1150 0.873913
1150 0.937391
1150 0.926957
1150 0.827826
1150 0.843478
1150 0.886087
1150 0.937391
1150 0.930435
1150 0.833913
1150 0.832174
1150 0.918261
1150 0.94
1150 0.916522
1150 0.915652
1150 0.816522
1150 0.861739
1150 0.927826
1150 0.831304
1150 0.862609
1150 0.914783
1150 0.886957
1150 0.930435
1150 0.887826
1150 0.863478
1150 0.926957
1150 0.961739
1150 0.854783
1150 0.898261
1150 0.866087
1150 0.937391
1150 0.89913
1150 0.893043
1150 0.942609
1150 0.893043
1150 0.60087
1150 0.921739
1150 0.810435
1150 0.896522
1150 0.930435
1150 0.86087
1150 0.967826
1150 0.890435
1150 0.949565
1150 0.94087
1150 0.910435
1150 0.858261
1150 0.838261
1150 0.913043
1150 0.90087
1150 0.884348
1150 0.881739
1150 0.824348
1150 0.933043
1150 0.894783
1150 0.944348
1150 0.909565
1200 0.94
1200 0.929167
1200 0.909167
1200 0.908333
1200 0.95
1200 0.894167
1200 0.8475
1200 0.930833
1200 0.921667
1200 0.89
1200 0.7725
1200 0.7975
1200 0.915
1200 0.935
1200 0.915833
1200 0.861667
1200 0.881667
1200 0.916667
1200 0.881667
1200 0.878333
1200 0.911667
1200 0.880833
1200 0.949167
1200 0.886667
1200 0.945
1200 0.895833
1200 0.8225
1200 0.821667
1200 0.914167
1200 0.861667
1200 0.943333
1200 0.929167
1200 0.949167
1200 0.868333
1200 0.958333
1200 0.8575
1200 0.8925
1200 0.885
1200 0.87
1200 0.874167
1200 0.889167
1200 0.758333
1200 0.903333
1200 0.9725
1200 0.863333
1200 0.934167
1200 0.910833
1200 0.958333
1200 0.9525
1200 0.954167
1200 0.939167
1200 0.886667
1200 0.930833
1200 0.9
1200 0.930833
1200 0.881667
1200 0.934167
1200 0.930833
1200 0.983333
1200 0.9625
1200 0.9025
1200 0.896667
1200 0.8775
1200 0.926667
1200 0.918333
1200 0.890833
1200 0.895833
1200 0.905
1200 0.933333
1200 0.810833
1200 0.865833
1200 0.8575
1200 0.9
1200 0.9625
1200 0.945
1250 0.8632
1250 0.9168
1250 0.92
1250 0.9296
1250 0.9544
1250 0.912
1250 0.8488
1250 0.9392
1250 0.8672
1250 0.9136
1250 0.8312
1250 0.9392
1250 0.8896
1250 0.8552
1250 0.8696
1250 0.8648
1250 0.8008
1250 0.9272
1250 0.9368
1250 0.8968
1250 0.8856
1250 0.8096
1250 0.88
1250 0.8936
1250 0.9328
1250 0.9792
1250 0.8992
1250 0.9248
1250 0.884
1250 0.9152
1250 0.8992
1250 0.9256
1250 0.94
1250 0.92
1250 0.9288
1250 0.9568
1250 0.8792
1250 0.8688
1250 0.9664
1250 0.8936
1250 0.8936
1250 0.884
1250 0.9008
1250 0.9184
1250 0.9032
1250 0.9256
1250 0.7224
1250 0.9128
1250 0.8904
1250 0.8832
1250 0.8984
1250 0.9648
1250 0.9056
1250 0.9704
1250 0.888
1250 0.9128
1250 0.9168
1250 0.9128
1250 0.9024
1250 0.9304
1250 0.9496
1250 0.8464
1250 0.9424
1250 0.9216
1250 0.8944
1250 0.9152
1250 0.9512
1250 0.8408
1250 0.888
1250 0.9264
1250 0.8768
1250 0.9576
1250 0.9192
1250 0.968
1250 0.9472
1300 0.807692
1300 0.941538
1300 0.851538
1300 0.919231
1300 0.910769
1300 0.914615
1300 0.886923
1300 0.934615
1300 0.977692
1300 0.935385
1300 0.922308
1300 0.915385
1300 0.893846
1300 0.909231
1300 0.903077
1300 0.934615
1300 0.89
1300 0.92
1300 0.872308
1300 0.952308
1300 0.941538
1300 0.856923
1300 0.72
1300 0.927692
1300 0.914615
1300 0.820769
1300 0.904615
1300 0.896154
1300 0.923846
1300 0.844615
1300 0.960769
1300 0.933077
1300 0.826154
1300 0.920769
1300 0.833077
1300 0.923846
1300 0.889231
1300 0.932308
1300 0.895385
1300 0.880769
1300 0.95
1300 0.863077
1300 0.938462
1300 0.987692
1300 0.871538
1300 0.923846
1300 0.94
1300 0.903077
1300 0.923077
1300 0.896923
1300 0.969231
1300 0.958462
1300 0.936923
1300 0.953846
1300 0.917692
1300 0.883846
1300 0.914615
1300 0.873077
1300 0.913846
1300 0.894615
1300 0.918462
1300 0.917692
1300 0.815385
1300 0.869231
1300 0.900769
1300 0.896154
1300 0.905385
1300 0.833846
1300 0.917692
1300 0.954615
1300 0.956923
1300 0.856154
1300 0.961538
1300 0.900769
1300 0.937692
1350 0.897037
1350 0.962222
1350 0.926667
1350 0.958519
1350 0.971111
1350 0.937037
1350 0.920741
1350 0.908148
1350 0.914074
1350 0.907407
1350 0.895556
1350 0.879259
1350 0.867407
1350 0.952593
1350 0.904444
1350 0.908148
1350 0.936296
1350 0.904444
1350 0.808148
1350 0.882222
1350 0.955556
1350 0.932593
1350 0.857778
1350 0.854074
1350 0.934074
1350 0.854074
1350 0.924444
1350 0.93037
1350 0.908148
1350 0.884444
1350 0.898519
1350 0.916296
1350 0.905926
1350 0.973333
1350 0.912593
1350 0.88963
1350 0.916296
1350 0.815556
1350 0.937778
1350 0.937037
1350 0.82
1350 0.915556
1350 0.872593
1350 0.881481
1350 0.880741
1350 0.662963
1350 0.867407
1350 0.943704
1350 0.884444
1350 0.980741
1350 0.867407
1350 0.877037
1350 0.828148
1350 0.918519
1350 0.842222
1350 0.908889
1350 0.914074
1350 0.93037
1350 0.893333
1350 0.9
1350 0.939259
1350 0.954815
1350 0.921481
1350 0.814815
1350 0.865185
1350 0.88963
1350 0.891852
1350 0.879259
1350 0.885926
1350 0.883704
1350 0.900741
1350 0.948889
1350 0.893333
1350 0.908889
1350 0.882222
1400 0.914286
1400 0.952143
1400 0.900714
1400 0.930714
1400 0.891429
1400 0.835714
1400 0.903571
1400 0.930714
1400 0.895
1400 0.89
1400 0.879286
1400 0.870714
1400 0.932143
1400 0.895714
1400 0.866429
1400 0.866429
1400 0.902857
1400 0.905714
1400 0.985
1400 0.917143
1400 0.915714
1400 0.907857
1400 0.932143
1400 0.924286
1400 0.865714
1400 0.782143
1400 0.895
1400 0.880714
1400 0.924286
1400 0.883571
1400 0.917857
1400 0.922857
1400 0.93
1400 0.912143
1400 0.914286
1400 0.907857
1400 0.893571
1400 0.941429
1400 0.978571
1400 0.937857
1400 0.949286
1400 0.920714
1400 0.931429
1400 0.922857
1400 0.943571
1400 0.92
1400 0.887143
1400 0.943571
1400 0.921429
1400 0.937857
1400 0.922857
1400 0.945714
1400 0.935714
1400 0.949286
1400 0.883571
1400 0.883571
1400 0.943571
1400 0.867857
1400 0.908571
1400 0.852143
1400 0.915
1400 0.926429
1400 0.892143
1400 0.935714
1400 0.784286
1400 0.912857
1400 0.885
1400 0.932143
1400 0.861429
1400 0.922857
1400 0.863571
1400 0.923571
1400 0.917143
1400 0.947143
1400 0.901429
1450 0.917241
1450 0.847586
1450 0.935172
1450 0.92
1450 0.933103
1450 0.875172
1450 0.884828
1450 0.882069
1450 0.866897
1450 0.924138
1450 0.875172
1450 0.922759
1450 0.895172
1450 0.965517
1450 0.930345
1450 0.869655
1450 0.888966
1450 0.885517
1450 0.915862
1450 0.837931
1450 0.913103
1450 0.877931
1450 0.955172
1450 0.88
1450 0.898621
1450 0.871724
1450 0.913103
1450 0.965517
1450 0.913103
1450 0.903448
1450 0.974483
1450 0.905517
1450 0.942759
1450 0.864138
1450 0.89931
1450 0.872414
1450 0.918621
1450 0.916552
1450 0.869655
1450 0.926207
1450 0.888276
1450 0.886897
1450 0.903448
1450 0.922759
1450 0.946207
1450 0.966207
1450 0.848966
1450 0.911034
1450 0.871034
1450 0.94
1450 0.932414
1450 0.918621
1450 0.921379
1450 0.882759
1450 0.921379
1450 0.93931
1450 0.946897
1450 0.961379
1450 0.922069
1450 0.927586
1450 0.873103
1450 0.884828
1450 0.897931
1450 0.951724
1450 0.891724
1450 0.934483
1450 0.928966
1450 0.872414
1450 0.854483
1450 0.907586
1450 0.892414
1450 0.992414
1450 0.93931
1450 0.917931
1450 0.888276
1500 0.934
1500 0.972667
1500 0.918
1500 0.904
1500 0.903333
1500 0.872
1500 0.912
1500 0.836
1500 0.864
1500 0.904
1500 0.696667
1500 0.873333
1500 0.922
1500 0.931333
1500 0.900667
1500 0.972
1500 0.850667
1500 0.904667
1500 0.885333
1500 0.916
1500 0.877333
1500 0.946
1500 0.972
1500 0.854667
1500 0.953333
1500 0.86
1500 0.947333
1500 0.973333
1500 0.919333
1500 0.917333
1500 0.895333
1500 0.960667
1500 0.918667
1500 0.922
1500 0.891333
1500 0.926
1500 0.922
1500 0.843333
1500 0.940667
1500 0.932667
1500 0.864667
1500 0.850667
1500 0.896
1500 0.822
1500 0.856
1500 0.912667
1500 0.966667
1500 0.879333
1500 0.854
1500 0.857333
1500 0.924667
1500 0.924
1500 0.932667
1500 0.816
1500 0.896667
1500 0.861333
1500 0.960667
1500 0.894667
1500 0.956667
1500 0.902667
1500 0.926
1500 0.744667
1500 0.920667
1500 0.929333
1500 0.846667
1500 0.916
1500 0.931333
1500 0.89
1500 0.900667
1500 0.946
1500 0.93
1500 0.951333
1500 0.861333
1500 0.870667
1500 0.844667
1550 0.958065
1550 0.935484
1550 0.94
1550 0.92129
1550 0.935484
1550 0.92129
1550 0.925161
1550 0.803871
1550 0.899355
1550 0.686452
1550 0.92129
1550 0.872258
1550 0.868387
1550 0.973548
1550 0.92129
1550 0.947097
1550 0.882581
1550 0.964516
1550 0.740645
1550 0.91871
1550 0.898065
1550 0.896774
1550 0.96
1550 0.864516
1550 0.952903
1550 0.95871
1550 0.912903
1550 0.92
1550 0.966452
1550 0.909677
1550 0.924516
1550 0.962581
1550 0.921935
1550 0.869032
1550 0.914194
1550 0.89871
1550 0.921935
1550 0.92129
1550 0.936774
1550 0.932258
1550 0.792258
1550 0.927742
1550 0.900645
1550 0.85871
1550 0.901935
1550 0.845161
1550 0.948387
1550 0.9
1550 0.907097
1550 0.96
1550 0.952903
1550 0.954194
1550 0.86
1550 0.963871
1550 0.914839
1550 0.935484
1550 0.93871
1550 0.937419
1550 0.877419
1550 0.925161
1550 0.882581
1550 0.965161
1550 0.94129
1550 0.967097
1550 0.912258
1550 0.899355
1550 0.763226
1550 0.866452
1550 0.902581
1550 0.91871
1550 0.827742
1550 0.953548
1550 0.875484
1550 0.846452
1550 0.858065
1600 0.891875
1600 0.953125
1600 0.91875
1600 0.971875
1600 0.93875
1600 0.888125
1600 0.895
1600 0.835
1600 0.906875
1600 0.9325
1600 0.91125
1600 0.893125
1600 0.915
1600 0.935
1600 0.923125
1600 0.921875
1600 0.945
1600 0.915625
1600 0.84375
1600 0.92125
1600 0.8875
1600 0.96125
1600 0.871875
1600 0.943125
1600 0.935
1600 0.858125
1600 0.939375
1600 0.90375
1600 0.876875
1600 0.89125
1600 0.909375
1600 0.908125
1600 0.90625
1600 0.888125
1600 0.95375
1600 0.943125
1600 0.913125
1600 0.94625
1600 0.931875
1600 0.8725
1600 0.93
1600 0.95875
1600 0.914375
1600 0.936875
1600 0.964375
1600 0.893125
1600 0.95125
1600 0.926875
1600 0.893125
1600 0.901875
1600 0.903125
1600 0.84
1600 0.94125
1600 0.983125
1600 0.944375
1600 0.95375
1600 0.859375
1600 0.944375
1600 0.921875
1600 0.876875
1600 0.885
1600 0.90625
1600 0.909375
1600 0.960625
1600 0.83625
1600 0.921875
1600 0.969375
1600 0.883125
1600 0.90625
1600 0.95
1600 0.931875
1600 0.95375
1600 0.836875
1600 0.95125
1600 0.885
1650 0.911515
1650 0.906667
1650 0.976364
1650 0.915152
1650 0.904242
1650 0.906667
1650 0.904242
1650 0.89697
1650 0.969091
1650 0.888485
1650 0.978788
1650 0.881212
1650 0.902424
1650 0.913939
1650 0.946061
1650 0.912727
1650 0.913333
1650 0.878182
1650 0.902424
1650 0.94303
1650 0.88303
1650 0.910303
1650 0.894545
1650 0.941212
1650 0.85697
1650 0.891515
1650 0.954545
1650 0.885455
1650 0.886667
1650 0.886667
1650 0.96
1650 0.94303
1650 0.931515
1650 0.959394
1650 0.871515
1650 0.878788
1650 0.909091
1650 0.850909
1650 0.895152
1650 0.791515
1650 0.938182
1650 0.928485
1650 0.892727
1650 0.893333
1650 0.86
1650 0.91697
1650 0.93697
1650 0.903636
1650 0.887879
1650 0.874545
1650 0.890909
1650 0.935758
1650 0.875152
1650 0.93697
1650 0.946061
1650 0.92
1650 0.895152
1650 0.94303
1650 0.937576
1650 0.838788
1650 0.92303
1650 0.982424
1650 0.884848
1650 0.890909
1650 0.87697
1650 0.964848
1650 0.901212
1650 0.898788
1650 0.889091
1650 0.939394
1650 0.843636
1650 0.894545
1650 0.970303
1650 0.857576
1650 0.833333
1700 0.912353
1700 0.959412
1700 0.883529
1700 0.943529
1700 0.904118
1700 0.934706
1700 0.907647
1700 0.917059
1700 0.943529
1700 0.941176
1700 0.909412
1700 0.905294
1700 0.905882
1700 0.884706
1700 0.867059
1700 0.972353
1700 0.925294
1700 0.882941
1700 0.898824
1700 0.948235
1700 0.930588
1700 0.958235
1700 0.920588
1700 0.883529
1700 0.946471
1700 0.874706
1700 0.896471
1700 0.944706
1700 0.897059
1700 0.935294
1700 0.852353
1700 0.897647
1700 0.962941
1700 0.900588
1700 0.92
1700 0.850588
1700 0.915882
1700 0.876471
1700 0.891176
1700 0.952941
1700 0.901176
1700 0.828824
1700 0.927647
1700 0.927059
1700 0.898824
1700 0.88
1700 0.961765
1700 0.948235
1700 0.969412
1700 0.881765
1700 0.941765
1700 0.862353
1700 0.882941
1700 0.94
1700 0.898824
1700 0.883529
1700 0.918824
1700 0.861765
1700 0.891176
1700 0.864706
1700 0.861765
1700 0.937647
1700 0.82
1700 0.911176
1700 0.927059
1700 0.915294
1700 0.924118
1700 0.953529
1700 0.913529
1700 0.87
1700 0.924706
1700 0.909412
1700 0.965294
1700 0.948235
1700 0.911176
1750 0.910857
1750 0.938857
1750 0.933714
1750 0.782286
1750 0.917714
1750 0.884
1750 0.929714
1750 0.918286
1750 0.966286
1750 0.871429
1750 0.930857
1750 0.92
1750 0.853143
1750 0.941714
1750 0.804
1750 0.906286
1750 0.894857
1750 0.957714
1750 0.890857
1750 0.913143
1750 0.884571
1750 0.929143
1750 0.902857
1750 0.863429
1750 0.901143
1750 0.917714
1750 0.905143
1750 0.953714
1750 0.897143
1750 0.957714
1750 0.984
1750 0.870857
1750 0.951429
1750 0.969714
1750 0.969143
1750 0.945143
1750 0.834286
1750 0.872571
1750 0.913714
1750 0.901714
1750 0.957143
1750 0.853143
1750 0.913143
1750 0.876
1750 0.916
1750 0.933714
1750 0.891429
1750 0.921143
1750 0.914857
1750 0.928
1750 0.842286
1750 0.921714
1750 0.882857
1750 0.860571
1750 0.968
1750 0.894857
1750 0.912
1750 0.866857
1750 0.937143
1750 0.948
1750 0.944571
1750 0.880571
1750 0.868571
1750 0.942286
1750 0.942286
1750 0.961714
1750 0.956
1750 0.918857
1750 0.959429
1750 0.866286
1750 0.509714
1750 0.953714
1750 0.919429
1750 0.910286
1750 0.9
1800 0.961667
1800 0.945
1800 0.915556
1800 0.936111
1800 0.927778
1800 0.925556
1800 0.860556
1800 0.893889
1800 0.945556
1800 0.905
1800 0.933889
1800 0.942778
1800 0.907778
1800 0.945
1800 0.899444
1800 0.961667
1800 0.907222
1800 0.918889
1800 0.872778
1800 0.878333
1800 0.928333
1800 0.995
1800 0.930556
1800 0.942778
1800 0.942222
1800 0.939444
1800 0.942778
1800 0.931111
1800 0.906111
1800 0.861667
1800 0.941667
1800 0.872778
1800 0.907222
1800 0.925556
1800 0.892778
1800 0.915556
1800 0.862778
1800 0.938333
1800 0.957778
1800 0.921667
1800 0.916667
1800 0.943333
1800 0.876111
1800 0.970556
1800 0.887778
1800 0.898889
1800 0.907222
1800 0.928333
1800 0.941111
1800 0.933333
1800 0.903333
1800 0.893889
1800 0.898889
1800 0.92
1800 0.923333
1800 0.788889
1800 0.898333
1800 0.85
1800 0.853889
1800 0.917222
1800 0.961667
1800 0.92
1800 0.975
1800 0.923889
1800 0.891667
1800 0.894444
1800 0.909444
1800 0.975
1800 0.854444
1800 0.901111
1800 0.861667
1800 0.837778
1800 0.861111
1800 0.953333
1800 0.901111
1850 0.868108
1850 0.878378
1850 0.948108
1850 0.973514
1850 0.907568
1850 0.96
1850 0.914054
1850 0.86
1850 0.903784
1850 0.908108
1850 0.903243
1850 0.899459
1850 0.907027
1850 0.879459
1850 0.848108
1850 0.901081
1850 0.980541
1850 0.911351
1850 0.968108
1850 0.886486
1850 0.937297
1850 0.895135
1850 0.944324
1850 0.955135
1850 0.882162
1850 0.883784
1850 0.857838
1850 0.941622
1850 0.856216
1850 0.898378
1850 0.945405
1850 0.947027
1850 0.845405
1850 0.954054
1850 0.86
1850 0.864324
1850 0.917297
1850 0.976757
1850 0.883243
1850 0.938919
1850 0.936757
1850 0.915135
1850 0.897297
1850 0.885946
1850 0.896216
1850 0.945405
1850 0.945946
1850 0.86
1850 0.918919
1850 0.938919
1850 0.862162
1850 0.837838
1850 0.916216
1850 0.900541
1850 0.951892
1850 0.862162
1850 0.980541
1850 0.877297
1850 0.899459
1850 0.891892
1850 0.912973
1850 0.941081
1850 0.896757
1850 0.905405
1850 0.906486
1850 0.935676
1850 0.853514
1850 0.898378
1850 0.915135
1850 0.834054
1850 0.916757
1850 0.896757
1850 0.848108
1850 0.9
1850 0.947568
1900 0.905789
1900 0.948947
1900 0.942632
1900 0.885263
1900 0.922632
1900 0.966316
1900 0.908421
1900 0.883684
1900 0.91
1900 0.930526
1900 0.918947
1900 0.86
1900 0.903158
1900 0.823158
1900 0.914737
1900 0.934737
1900 0.858421
1900 0.926316
1900 0.87
1900 0.967368
1900 0.924211
1900 0.935263
1900 0.915263
1900 0.870526
1900 0.852105
1900 0.963684
1900 0.934211
1900 0.875789
1900 0.877368
1900 0.91
1900 0.932105
1900 0.969474
1900 0.894211
1900 0.953684
1900 0.96
1900 0.928421
1900 0.875263
1900 0.926842
1900 0.921579
1900 0.850526
1900 0.939474
1900 0.932632
1900 0.872105
1900 0.913684
1900 0.861053
1900 0.844211
1900 0.891053
1900 0.902105
1900 0.908947
1900 0.931579
1900 0.954211
1900 0.872105
1900 0.943684
1900 0.908947
1900 0.965263
1900 0.958947
1900 0.861579
1900 0.94
1900 0.857895
1900 0.910526
1900 0.908421
1900 0.957368
1900 0.882632
1900 0.898947
1900 0.923684
1900 0.854211
1900 0.850526
1900 0.917368
1900 0.907895
1900 0.954211
1900 0.895263
1900 0.843158
1900 0.855263
1900 0.887895
1900 0.908947
1950 0.862051
1950 0.873333
1950 0.892308
1950 0.900513
1950 0.893846
1950 0.920513
1950 0.873333
1950 0.881538
1950 0.877949
1950 0.9
1950 0.909231
1950 0.991282
1950 0.947179
1950 0.681026
1950 0.912308
1950 0.872821
1950 0.937949
1950 0.911795
1950 0.909231
1950 0.882051
1950 0.88359
1950 0.964103
1950 0.945128
1950 0.914872
1950 0.859487
1950 0.898974
1950 0.9
1950 0.940513
1950 0.902564
1950 0.951795
1950 0.873333
1950 0.937436
1950 0.898462
1950 0.89641
1950 0.921026
1950 0.970256
1950 0.934872
1950 0.923077
1950 0.914872
1950 0.973333
1950 0.925641
1950 0.967692
1950 0.96359
1950 0.953846
1950 0.942564
1950 0.901026
1950 0.902051
1950 0.935385
1950 0.968205
1950 0.995385
1950 0.895897
1950 0.910769
1950 0.884103
1950 0.920513
1950 0.891282
1950 0.886667
1950 0.889231
1950 0.957949
1950 0.950256
1950 0.94
1950 0.953333
1950 0.934872
1950 0.858462
1950 0.906667
1950 0.902051
1950 0.901026
1950 0.902051
1950 0.802051
1950 0.862564
1950 0.92359
1950 0.972308
1950 0.872308
1950 0.909231
1950 0.900513
1950 0.909231
2000 0.8745
2000 0.939
2000 0.8635
2000 0.916
2000 0.9335
2000 0.9185
2000 0.948
2000 0.8455
2000 0.9855
2000 0.8885
2000 0.943
2000 0.902
2000 0.895
2000 0.9185
2000 0.9505
2000 0.9675
2000 0.8615
2000 0.973
2000 0.8765
2000 0.8945
2000 0.921
2000 0.844
2000 0.989
2000 0.9935
2000 0.95
2000 0.8885
2000 0.88
2000 0.8965
2000 0.913
2000 0.92
2000 0.953
2000 0.8895
2000 0.9155
2000 0.873
2000 0.9115
2000 0.929
2000 0.969
2000 0.9485
2000 0.9145
2000 0.929
2000 0.808
2000 0.923
2000 0.8535
2000 0.8485
2000 0.9725
2000 0.9015
2000 0.8485
2000 0.9535
2000 0.919
2000 0.982
2000 0.9335
2000 0.8915
2000 0.8185
2000 0.92
2000 0.875
2000 0.878
2000 0.8915
2000 0.929
2000 0.974
2000 0.941
2000 0.875
2000 0.9485
2000 0.8665
2000 0.923
2000 0.871
2000 0.9445
2000 0.887
2000 0.875
2000 0.919
2000 0.911
2000 0.8895
2000 0.942
2000 0.977
2000 0.731
2000 0.8995
