50 0.12
50 0.04
50 0.02
50 0.56
50 0.16
50 0.6
50 0.04
50 0.54
50 0.02
50 0.3
50 0.04
50 0.14
50 0.34
50 0.28
50 0.16
50 0.28
50 0.08
50 0.1
50 0.16
50 0.02
50 0.06
50 0.06
50 0
50 0
50 0.2
50 0.64
50 0.06
50 0.38
50 0.18
50 0.26
50 0.16
50 0.06
50 0.62
50 0.34
50 0.1
50 0.3
50 0.38
50 0
50 0.78
50 0.12
50 0
50 0.2
50 0.14
50 0
50 0.24
50 0.4
50 0.22
50 0.64
50 0.38
50 0.2
50 0.38
50 0.04
50 0.16
50 0.42
50 0.6
50 0.5
50 0.44
50 0.18
50 0
50 0.1
50 0.4
50 0.34
50 0.2
50 0.24
50 0
50 0.32
50 0.16
50 0.38
50 0.4
50 0
50 0.26
50 0.22
50 0.2
50 0.76
50 0.1
100 0.26
100 0
100 0.38
100 0.63
100 0.84
100 0.78
100 0.54
100 0.87
100 0.85
100 0.6
100 0.86
100 0.54
100 0.28
100 0.22
100 0.92
100 0.14
100 0.6
100 0.42
100 0.2
100 0.72
100 0.65
100 0.74
100 0.58
100 0.59
100 0.51
100 0.33
100 0.12
100 0.43
100 0.22
100 0.6
100 0.78
100 0.35
100 0.25
100 0.79
100 0.78
100 0.46
100 0.71
100 0
100 0.01
100 0.55
100 0.73
100 0.17
100 0.3
100 0.83
100 0.77
100 0.72
100 0.18
100 0.88
100 0.77
100 0.52
100 0.43
100 0.65
100 0.18
100 0.54
100 0.59
100 0.97
100 0.84
100 0.85
100 0.79
100 0.8
100 0.78
100 0.19
100 0.55
100 0.67
100 0.39
100 0.15
100 0.79
100 0.23
100 0.68
100 0.72
100 0.4
100 0.63
100 0.52
100 0.08
100 0.83
150 0.693333
150 0.613333
150 0.86
150 0.78
150 0.56
150 0.86
150 0.74
150 0.946667
150 0.846667
150 0.893333
150 0.873333
150 0.693333
150 0.38
150 0.713333
150 0.66
150 0.713333
150 0.893333
150 0.62
150 0.473333
150 0.766667
150 0.826667
150 0.813333
150 0.646667
150 0.286667
150 0.86
150 0.76
150 0.386667
150 0.853333
150 0.873333
150 0.78
150 0.7
150 0.733333
150 0.833333
150 0.913333
150 0.693333
150 0.553333
150 0.426667
150 0.646667
150 0.453333
150 0.88
150 0.88
150 0.633333
150 0.273333
150 0.426667
150 0.273333
150 0.86
150 0.84
150 0.826667
150 0.72
150 0.366667
150 0.66
150 0.48
150 0.74
150 0.846667
150 0.726667
150 0.76
150 0.766667
150 0.8
150 0.426667
150 0.76
150 0.826667
150 0.646667
150 0.906667
150 0.553333
150 0.866667
150 0.8
150 0.593333
150 0.433333
150 0.9
150 0.506667
150 0.753333
150 0.44
150 0.726667
150 0.746667
150 0.0866667
200 0.68
200 0.33
200 0.905
200 0.705
200 0.38
200 0.82
200 0.585
200 0.88
200 0.76
200 0.715
200 0.905
200 0.57
200 0.815
200 0.92
200 0.68
200 0.8
200 0.83
200 0.8
200 0.9
200 0.85
200 0.76
200 0.805
200 0.59
200 0.865
200 0.795
200 0.65
200 0.88
200 0.44
200 0.695
200 0.805
200 0.785
200 0.865
200 0.815
200 0.48
200 0.755
200 0.84
200 0.57
200 0.765
200 0.825
200 0.495
200 0.705
200 0.875
200 0.815
200 0.615
200 0.905
200 0.765
200 0.835
200 0.795
200 0.83
200 0.725
200 0.115
200 0.845
200 0.865
200 0.77
200 0.92
200 0.875
200 0.79
200 0.805
200 0.875
200 0.745
200 0.475
200 0.685
200 0.895
200 0.82
200 0.695
200 0.675
200 0.65
200 0.855
200 0.78
200 0.95
200 0.68
200 0.665
200 0.825
200 0.915
200 0.785
250 0.744
250 0.868
250 0.844
250 0.792
250 0.868
250 0.96
250 0.836
250 0.956
250 0.764
250 0.86
250 0.848
250 0.832
250 0.932
250 0.804
250 0.824
250 0.912
250 0.892
250 0.812
250 0.876
250 0.904
250 0.912
250 0.82
250 0.708
250 0.764
250 0.936
250 0.936
250 0.94
250 0.908
250 0.704
250 0.816
250 0.756
250 0.884
250 0.94
250 0.824
250 0.776
250 0.696
250 0.896
250 0.764
250 0.888
250 0.928
250 0.564
250 0.92
250 0.916
250 0.472
250 0.832
250 0.908
250 0.936
250 0.576
250 0.876
250 0.808
250 0.912
250 0.86
250 0.852
250 0.756
250 0.868
250 0.964
250 0.808
250 0.832
250 0.856
250 0.932
250 0.812
250 0.84
250 0.916
250 0.868
250 0.644
250 0.828
250 0.876
250 0.864
250 0.848
250 0.94
250 0.856
250 0.924
250 0.94
250 0.968
250 0.852
300 0.906667
300 0.893333
300 0.753333
300 0.85
300 0.713333
300 0.526667
300 0.86
300 0.673333
300 0.91
300 0.843333
300 0.873333
300 0.81
300 0.636667
300 0.903333
300 0.913333
300 0.756667
300 0.883333
300 0.88
300 0.853333
300 0.883333
300 0.9
300 0.836667
300 0.816667
300 0.923333
300 0.683333
300 0.896667
300 0.966667
300 0.89
300 0.733333
300 1
300 0.816667
300 0.863333
300 0.806667
300 0.846667
300 0.893333
300 0.9
300 0.986667
300 0.953333
300 0.833333
300 0.833333
300 0.83
300 0.893333
300 0.97
300 0.83
300 0.723333
300 0.706667
300 0.86
300 0.953333
300 0.36
300 0.863333
300 0.803333
300 0.906667
300 0.706667
300 0.77
300 0.873333
300 0.936667
300 0.89
300 0.9
300 0.886667
300 0.846667
300 0.873333
300 0.87
300 0.806667
300 0.776667
300 0.81
300 0.956667
300 0.936667
300 0.866667
300 0.926667
300 0.943333
300 0.876667
300 0.89
300 0.876667
300 0.9
300 0.846667
350 0.908571
350 0.94
350 0.9
350 0.642857
350 0.925714
350 0.594286
350 0.791429
350 0.808571
350 0.897143
350 0.934286
350 0.817143
350 0.782857
350 0.868571
350 0.897143
350 0.865714
350 0.614286
350 0.845714
350 0.897143
350 0.805714
350 0.782857
350 0.905714
350 0.76
350 0.897143
350 0.96
350 0.931429
350 0.888571
350 0.86
350 0.8
350 0.885714
350 0.837143
350 0.831429
350 0.957143
350 0.808571
350 0.905714
350 0.902857
350 0.894286
350 0.86
350 0.597143
350 0.874286
350 0.765714
350 0.842857
350 0.937143
350 0.928571
350 0.914286
350 0.957143
350 0.945714
350 0.954286
350 0.817143
350 0.854286
350 0.965714
350 0.905714
350 0.857143
350 0.914286
350 0.902857
350 0.885714
350 0.937143
350 0.928571
350 0.865714
350 0.885714
350 0.9
350 0.874286
350 0.805714
350 0.954286
350 0.868571
350 0.928571
350 0.951429
350 0.922857
350 0.825714
350 0.951429
350 0.874286
350 0.942857
350 0.968571
350 0.402857
350 0.845714
350 0.86
400 0.9
400 0.835
400 0.915
400 0.7675
400 0.82
400 0.8375
400 0.89
400 0.5575
400 0.965
400 0.9775
400 0.905
400 0.92
400 0.885
400 0.8125
400 0.9075
400 0.825
400 0.845
400 0.5775
400 0.945
400 0.835
400 0.91
400 0.8725
400 0.8925
400 0.83
400 0.9175
400 0.855
400 0.9225
400 0.63
400 0.9075
400 0.9275
400 0.905
400 0.7925
400 0.895
400 0.8475
400 0.9525
400 0.965
400 0.885
400 0.6475
400 0.9175
400 0.8875
400 0.8875
400 0.9175
400 0.9625
400 0.8775
400 0.88
400 0.9525
400 0.945
400 0.8325
400 0.9575
400 0.9475
400 0.8625
400 0.8175
400 0.9525
400 0.81
400 0.8675
400 0.905
400 0.9425
400 0.8475
400 0.8975
400 0.905
400 0.825
400 0.8375
400 0.9
400 0.8525
400 0.855
400 0.9525
400 0.8325
400 0.89
400 0.8875
400 0.85
400 0.855
400 0.8775
400 0.88
400 0.96
400 0.8825
450 0.917778
450 0.935556
450 0.862222
450 0.957778
450 0.811111
450 0.902222
450 0.928889
450 0.926667
450 0.884444
450 0.88
450 0.904444
450 0.853333
450 0.902222
450 0.868889
450 0.693333
450 0.908889
450 0.797778
450 0.875556
450 0.888889
450 0.984444
450 0.926667
450 0.946667
450 0.955556
450 0.873333
450 0.9
450 0.76
450 0.911111
450 0.664444
450 0.951111
450 0.606667
450 0.913333
450 0.882222
450 0.891111
450 0.822222
450 0.92
450 0.815556
450 0.917778
450 0.886667
450 0.862222
450 0.9
450 0.897778
450 0.917778
450 0.682222
450 0.957778
450 0.924444
450 0.922222
450 0.904444
450 0.94
450 0.951111
450 0.891111
450 0.935556
450 0.826667
450 0.942222
450 0.884444
450 0.982222
450 0.944444
450 0.857778
450 0.92
450 0.975556
450 0.966667
450 0.788889
450 0.928889
450 0.888889
450 0.893333
450 0.962222
450 0.904444
450 0.9
450 0.975556
450 0.74
450 0.948889
450 0.86
450 0.815556
450 0.868889
450 0.768889
450 0.913333
500 0.952
500 0.898
500 0.96
500 0.962
500 0.796
500 0.892
500 0.934
500 0.892
500 0.846
500 0.89
500 0.904
500 0.946
500 0.846
500 0.926
500 0.97
500 0.796
500 0.894
500 0.91
500 0.932
500 0.804
500 0.864
500 0.878
500 0.88
500 0.832
500 0.814
500 0.88
500 0.904
500 0.94
500 0.714
500 0.908
500 0.888
500 0.878
500 0.9
500 0.99
500 0.892
500 0.976
500 0.806
500 0.918
500 0.928
500 0.85
500 0.958
500 0.938
500 0.918
500 0.868
500 0.88
500 0.89
500 0.9
500 0.95
500 0.928
500 0.972
500 0.832
500 0.866
500 0.974
500 0.92
500 0.878
500 0.916
500 0.882
500 0.912
500 0.952
500 0.928
500 0.878
500 0.896
500 0.938
500 0.772
500 0.758
500 0.898
500 0.852
500 0.87
500 0.95
500 0.96
500 0.966
500 0.944
500 0.9
500 0.916
500 0.904
550 0.749091
550 0.938182
550 0.874545
550 0.909091
550 0.947273
550 0.910909
550 0.909091
550 0.950909
550 0.874545
550 0.956364
550 0.850909
550 0.9
550 0.774545
550 0.938182
550 0.934545
550 0.9
550 0.814545
550 0.945455
550 0.930909
550 0.943636
550 0.910909
550 0.792727
550 0.929091
550 0.905455
550 0.987273
550 0.930909
550 0.834545
550 0.929091
550 0.909091
550 0.854545
550 0.9
550 0.9
550 0.912727
550 0.0363636
550 0.8
550 0.841818
550 0.896364
550 0.867273
550 0.961818
550 0.912727
550 0.896364
550 0.850909
550 0.92
550 0.867273
550 0.956364
550 0.927273
550 0.794545
550 0.754545
550 0.961818
550 0.910909
550 0.865455
550 0.992727
550 0.801818
550 0.852727
550 0.850909
550 0.710909
550 0.963636
550 0.852727
550 0.952727
550 0.830909
550 0.849091
550 0.892727
550 0.961818
550 0.801818
550 0.945455
550 0.956364
550 0.878182
550 0.950909
550 0.858182
550 0.887273
550 0.941818
550 0.883636
550 0.810909
550 0.916364
550 0.896364
600 0.976667
600 0.948333
600 0.868333
600 0.818333
600 0.908333
600 0.901667
600 0.955
600 0.963333
600 0.945
600 0.901667
600 0.811667
600 0.886667
600 0.928333
600 0.901667
600 0.796667
600 0.873333
600 0.958333
600 0.848333
600 0.945
600 0.86
600 0.87
600 0.955
600 0.861667
600 0.941667
600 0.893333
600 0.905
600 0.951667
600 0.965
600 0.888333
600 0.933333
600 0.908333
600 0.938333
600 0.911667
600 0.931667
600 0.898333
600 0.89
600 0.915
600 0.833333
600 0.916667
600 0.936667
600 0.938333
600 0.961667
600 0.901667
600 0.925
600 0.961667
600 0.91
600 0.88
600 0.86
600 0.828333
600 0.895
600 0.89
600 0.956667
600 0.946667
600 0.911667
600 0.94
600 0.883333
600 0.9
600 0.965
600 0.896667
600 0.931667
600 0.871667
600 0.956667
600 0.915
600 0.903333
600 0.945
600 0.826667
600 0.935
600 0.94
600 0.908333
600 0.891667
600 0.903333
600 0.871667
600 0.89
600 0.958333
600 0.856667
650 0.978462
650 0.856923
650 0.912308
650 0.955385
650 0.921538
650 0.866154
650 0.932308
650 0.893846
650 0.853846
650 0.86
650 0.853846
650 0.94
650 0.806154
650 0.953846
650 0.930769
650 0.895385
650 0.921538
650 0.764615
650 0.858462
650 0.861538
650 0.878462
650 0.818462
650 0.956923
650 0.893846
650 0.9
650 0.909231
650 0.953846
650 0.938462
650 0.929231
650 0.907692
650 0.930769
650 0.947692
650 0.929231
650 0.952308
650 0.918462
650 0.876923
650 0.784615
650 0.963077
650 0.912308
650 0.981538
650 0.933846
650 0.949231
650 0.909231
650 0.976923
650 0.846154
650 0.926154
650 0.904615
650 0.850769
650 0.826154
650 0.92
650 0.904615
650 0.906154
650 0.946154
650 0.889231
650 0.913846
650 0.893846
650 0.830769
650 0.926154
650 0.764615
650 0.946154
650 0.878462
650 0.943077
650 0.983077
650 0.892308
650 0.94
650 0.944615
650 0.923077
650 0.932308
650 0.924615
650 0.852308
650 0.866154
650 0.938462
650 0.964615
650 0.926154
650 0.944615
700 0.917143
700 0.905714
700 0.884286
700 0.902857
700 0.928571
700 0.912857
700 0.84
700 0.998571
700 0.961429
700 0.935714
700 0.958571
700 0.981429
700 0.901429
700 0.957143
700 0.88
700 0.882857
700 0.874286
700 0.882857
700 0.9
700 0.831429
700 0.925714
700 0.93
700 0.904286
700 0.935714
700 0.952857
700 0.922857
700 0.872857
700 0.918571
700 0.908571
700 0.945714
700 0.831429
700 0.895714
700 0.927143
700 0.94
700 0.87
700 0.932857
700 0.965714
700 0.95
700 0.955714
700 0.897143
700 0.888571
700 0.675714
700 0.935714
700 0.927143
700 0.744286
700 0.897143
700 0.808571
700 0.945714
700 0.931429
700 0.908571
700 0.817143
700 0.902857
700 0.912857
700 0.887143
700 0.905714
700 0.914286
700 0.932857
700 0.915714
700 0.887143
700 0.898571
700 0.831429
700 0.854286
700 0.935714
700 0.708571
700 0.978571
700 0.927143
700 0.917143
700 0.92
700 0.822857
700 0.862857
700 0.897143
700 0.941429
700 0.905714
700 0.871429
700 0.914286
750 0.905333
750 0.894667
750 0.881333
750 0.938667
750 0.933333
750 0.928
750 0.982667
750 0.796
750 0.984
750 0.872
750 0.826667
750 0.936
750 0.864
750 0.958667
750 0.928
750 0.898667
750 0.941333
750 0.914667
750 0.964
750 0.856
750 0.953333
750 0.933333
750 0.932
750 0.954667
750 0.853333
750 0.873333
750 0.893333
750 0.954667
750 0.893333
750 0.948
750 0.818667
750 0.94
750 0.857333
750 0.885333
750 0.884
750 0.853333
750 0.873333
750 0.856
750 0.942667
750 0.98
750 0.946667
750 0.794667
750 0.965333
750 0.886667
750 0.917333
750 0.932
750 0.937333
750 0.924
750 0.904
750 0.864
750 0.962667
750 0.868
750 0.856
750 0.921333
750 0.909333
750 0.913333
750 0.946667
750 0.858667
750 0.972
750 0.929333
750 0.932
750 0.938667
750 0.904
750 0.789333
750 0.9
750 0.901333
750 0.918667
750 0.844
750 0.941333
750 0.922667
750 0.853333
750 0.924
750 0.909333
750 0.929333
750 0.906667
800 0.9375
800 0.8125
800 0.94625
800 0.86375
800 0.8525
800 0.8575
800 0.83625
800 0.8825
800 0.96375
800 0.9625
800 0.9625
800 0.95125
800 0.90875
800 0.95375
800 0.94
800 0.8625
800 0.9525
800 0.91875
800 0.9425
800 0.93625
800 0.97125
800 0.94
800 0.8675
800 0.925
800 0.89625
800 0.88875
800 0.93625
800 0.89875
800 0.89375
800 0.9425
800 0.8825
800 0.875
800 0.88625
800 0.905
800 0.95375
800 0.885
800 0.88375
800 0.965
800 0.96625
800 0.96875
800 0.93875
800 0.9325
800 0.87
800 0.77875
800 0.8825
800 0.91875
800 0.9225
800 0.88875
800 0.905
800 0.93125
800 0.82
800 0.86875
800 0.935
800 0.9
800 0.915
800 0.905
800 0.8675
800 0.94375
800 0.9025
800 0.915
800 0.96125
800 0.93625
800 0.85375
800 0.94
800 0.9475
800 0.93
800 0.89375
800 0.9325
800 0.86
800 0.935
800 0.905
800 0.9325
800 0.88
800 0.8825
800 0.9325
850 0.863529
850 0.890588
850 0.956471
850 0.968235
850 0.910588
850 0.891765
850 0.938824
850 0.894118
850 0.843529
850 0.856471
850 0.957647
850 0.936471
850 0.988235
850 0.891765
850 0.847059
850 0.903529
850 0.911765
850 0.901176
850 0.898824
850 0.834118
850 0.885882
850 0.892941
850 0.943529
850 0.944706
850 0.998824
850 0.789412
850 0.904706
850 0.975294
850 0.963529
850 0.951765
850 0.810588
850 0.978824
850 0.970588
850 0.902353
850 0.911765
850 0.909412
850 0.924706
850 0.837647
850 0.863529
850 0.9
850 0.905882
850 0.961176
850 0.922353
850 0.930588
850 0.936471
850 0.965882
850 0.990588
850 0.890588
850 0.795294
850 0.849412
850 0.907059
850 0.884706
850 0.907059
850 0.945882
850 0.932941
850 0.890588
850 0.947059
850 0.9
850 0.918824
850 0.935294
850 0.892941
850 0.911765
850 0.914118
850 0.977647
850 0.943529
850 0.927059
850 0.905882
850 0.877647
850 0.962353
850 0.955294
850 0.952941
850 0.924706
850 0.903529
850 0.828235
850 0.862353
900 0.947778
900 0.968889
900 0.91
900 0.928889
900 0.943333
900 0.885556
900 0.903333
900 0.882222
900 0.937778
900 0.922222
900 0.957778
900 0.983333
900 0.921111
900 0.988889
900 0.941111
900 0.88
900 0.845556
900 0.934444
900 0.786667
900 0.9
900 0.957778
900 0.962222
900 0.941111
900 0.881111
900 0.958889
900 0.895556
900 0.894444
900 0.895556
900 0.96
900 0.888889
900 0.964444
900 0.863333
900 0.877778
900 0.947778
900 0.881111
900 0.923333
900 0.9
900 0.917778
900 0.916667
900 0.938889
900 0.734444
900 0.855556
900 0.961111
900 0.856667
900 0.952222
900 0.946667
900 0.891111
900 0.97
900 0.916667
900 0.926667
900 0.943333
900 0.914444
900 0.888889
900 0.898889
900 0.898889
900 0.948889
900 0.906667
900 0.968889
900 0.974444
900 0.965556
900 0.925556
900 0.966667
900 0.927778
900 0.945556
900 0.814444
900 0.925556
900 0.914444
900 0.924444
900 0.952222
900 0.936667
900 0.951111
900 0.944444
900 0.953333
900 0.965556
900 0.894444
950 0.923158
950 0.928421
950 0.956842
950 0.92
950 0.917895
950 0.922105
950 0.836842
950 0.971579
950 0.910526
950 0.902105
950 0.785263
950 0.944211
950 0.892632
950 0.975789
950 0.976842
950 0.948421
950 0.950526
950 0.892632
950 0.968421
950 0.888421
950 0.891579
950 0.923158
950 0.966316
950 0.882105
950 0.951579
950 0.943158
950 0.884211
950 0.932632
950 0.957895
950 0.934737
950 0.843158
950 0.986316
950 0.927368
950 0.950526
950 0.883158
950 0.877895
950 0.873684
950 0.8
950 0.894737
950 0.887368
950 0.927368
950 0.957895
950 0.942105
950 0.889474
950 0.922105
950 0.821053
950 0.884211
950 0.948421
950 0.906316
950 0.892632
950 0.914737
950 0.890526
950 0.951579
950 0.929474
950 0.835789
950 0.928421
950 0.941053
950 0.906316
950 0.838947
950 0.843158
950 0.882105
950 0.934737
950 0.849474
950 0.952632
950 0.963158
950 0.909474
950 0.990526
950 0.977895
950 0.928421
950 0.881053
950 0.856842
950 0.84
950 0.926316
950 0.96
950 0.908421
1000 0.938
1000 0.854
1000 0.856
1000 0.939
1000 0.935
1000 0.852
1000 0.823
1000 0.937
1000 0.957
1000 0.829
1000 0.966
1000 0.913
1000 0.966
1000 0.939
1000 0.956
1000 0.873
1000 0.971
1000 0.894
1000 0.935
1000 0.889
1000 0.806
1000 0.94
1000 0.951
1000 0.923
1000 0.972
1000 0.888
1000 0.926
1000 0.94
1000 0.918
1000 0.827
1000 0.908
1000 0.914
1000 0.969
1000 0.842
1000 0.915
1000 0.973
1000 0.953
1000 0.981
1000 0.933
1000 0.906
1000 0.968
1000 0.938
1000 0.908
1000 0.924
1000 0.968
1000 0.898
1000 0.895
1000 0.967
1000 0.835
1000 0.985
1000 0.98
1000 0.882
1000 0.926
1000 0.86
1000 0.942
1000 0.886
1000 0.937
1000 0.912
1000 0.94
1000 0.93
1000 0.894
1000 0.897
1000 0.881
1000 0.957
1000 0.922
1000 0.917
1000 0.976
1000 0.9
1000 0.873
1000 0.902
1000 0.929
1000 0.939
1000 0.933
1000 0.937
1000 0.884
1050 0.91619
1050 0.944762
1050 0.950476
1050 0.920952
1050 0.793333
1050 0.95619
1050 0.905714
1050 0.829524
1050 0.852381
1050 0.910476
1050 0.905714
1050 0.918095
1050 0.890476
1050 0.880952
1050 0.930476
1050 0.949524
1050 0.975238
1050 0.908571
1050 0.819048
1050 0.981905
1050 0.87619
1050 0.949524
1050 0.914286
1050 0.854286
1050 0.910476
1050 0.900952
1050 0.906667
1050 0.939048
1050 0.914286
1050 0.934286
1050 0.958095
1050 0.912381
1050 0.973333
1050 0.96
1050 0.872381
1050 0.878095
1050 0.915238
1050 0.917143
1050 0.874286
1050 0.955238
1050 0.921905
1050 0.906667
1050 0.9
1050 0.92
1050 0.933333
1050 0.88381
1050 0.954286
1050 0.92381
1050 0.920952
1050 0.938095
1050 0.926667
1050 0.879048
1050 0.980952
1050 0.854286
1050 0.973333
1050 0.875238
1050 0.952381
1050 0.955238
1050 0.950476
1050 0.901905
1050 0.924762
1050 0.938095
1050 0.946667
1050 0.881905
1050 0.971429
1050 0.904762
1050 0.904762
1050 0.937143
1050 0.960952
1050 0.968571
1050 0.95619
1050 0.98381
1050 0.908571
1050 0.866667
1050 0.942857
1100 0.932727
1100 0.917273
1100 0.955455
1100 0.928182
1100 0.883636
1100 0.952727
1100 0.895455
1100 0.94
1100 0.950909
1100 0.921818
1100 0.929091
1100 0.965455
1100 0.949091
1100 0.957273
1100 0.939091
1100 0.963636
1100 0.928182
1100 0.961818
1100 0.914545
1100 0.919091
1100 0.915455
1100 0.877273
1100 0.933636
1100 0.969091
1100 0.955455
1100 0.909091
1100 0.923636
1100 0.934545
1100 0.922727
1100 0.899091
1100 0.907273
1100 0.904545
1100 0.886364
1100 0.939091
1100 0.93
1100 0.901818
1100 0.914545
1100 0.947273
1100 0.922727
1100 0.97
1100 0.914545
1100 0.844545
1100 0.908182
1100 0.919091
1100 0.932727
1100 0.933636
1100 0.928182
1100 0.976364
1100 0.911818
1100 0.926364
1100 0.932727
1100 0.944545
1100 0.946364
1100 0.807273
1100 0.940909
1100 0.96
1100 0.928182
1100 0.958182
1100 0.922727
1100 0.884545
1100 0.885455
1100 0.929091
1100 0.921818
1100 0.96
1100 0.967273
1100 0.938182
1100 0.911818
1100 0.96
1100 0.898182
1100 0.892727
1100 0.869091
1100 0.910909
1100 0.950909
1100 0.903636
1100 0.698182
1150 0.90087
1150 0.911304
1150 0.911304
1150 0.906087
1150 0.906957
1150 0.92
1150 0.913913
1150 0.931304
1150 0.915652
1150 0.933913
1150 0.92087
1150 0.946957
1150 0.901739
1150 0.906957
1150 0.932174
1150 0.947826
1150 0.954783
1150 0.88087
1150 0.892174
1150 0.974783
1150 0.958261
1150 0.929565
1150 0.89913
1150 0.923478
1150 0.916522
1150 0.927826
1150 0.914783
1150 0.909565
1150 0.922609
1150 0.974783
1150 0.936522
1150 0.973913
1150 0.917391
1150 0.974783
1150 0.905217
1150 0.93913
1150 0.892174
1150 0.906087
1150 0.947826
1150 0.88
1150 0.897391
1150 0.973913
1150 0.952174
1150 0.988696
1150 0.963478
1150 0.824348
1150 0.902609
1150 0.931304
1150 0.927826
1150 0.918261
1150 0.967826
1150 0.911304
1150 0.928696
1150 0.897391
1150 0.923478
1150 0.903478
1150 0.988696
1150 0.841739
1150 0.892174
1150 0.929565
1150 0.907826
1150 0.853043
1150 0.918261
1150 0.816522
1150 0.926087
1150 0.882609
1150 0.91913
1150 0.946957
1150 0.998261
1150 0.9
1150 0.9
1150 0.916522
1150 0.91913
1150 0.927826
1150 0.917391
1200 0.974167
1200 0.92
1200 0.950833
1200 0.919167
1200 0.9475
1200 0.919167
1200 0.8925
1200 0.886667
1200 0.925833
1200 0.9275
1200 0.886667
1200 0.941667
1200 0.940833
1200 0.931667
1200 0.9825
1200 0.8825
1200 0.97
1200 0.941667
1200 0.92
1200 0.969167
1200 0.943333
1200 0.948333
1200 0.924167
1200 0.875
1200 0.92
1200 0.908333
1200 0.966667
1200 0.895
1200 0.970833
1200 0.9775
1200 0.941667
1200 0.9775
1200 0.949167
1200 0.883333
1200 0.944167
1200 0.9025
1200 0.956667
1200 0.921667
1200 0.875
1200 0.873333
1200 0.886667
1200 0.775833
1200 0.904167
1200 0.881667
1200 0.9925
1200 0.929167
1200 0.890833
1200 0.949167
1200 0.955
1200 0.948333
1200 0.950833
1200 0.968333
1200 0.904167
1200 0.973333
1200 0.951667
1200 0.9275
1200 0.9175
1200 0.948333
1200 0.900833
1200 0.959167
1200 0.929167
1200 0.9475
1200 0.9225
1200 0.963333
1200 0.946667
1200 0.8875
1200 0.933333
1200 0.9325
1200 0.9725
1200 0.898333
1200 0.828333
1200 0.84
1200 0.925833
1200 0.960833
1200 0.954167
1250 0.9136
1250 0.8976
1250 0.9312
1250 0.936
1250 0.8976
1250 0.968
1250 0.9128
1250 0.924
1250 0.8808
1250 0.8904
1250 0.8712
1250 0.9176
1250 0.8888
1250 0.8824
1250 0.844
1250 0.88
1250 0.8936
1250 0.8976
1250 0.9328
1250 0.8792
1250 0.9536
1250 0.8984
1250 0.9456
1250 0.9248
1250 0.8744
1250 0.9304
1250 0.9456
1250 0.8928
1250 0.9136
1250 0.9344
1250 0.9384
1250 0.848
1250 0.9072
1250 0.9672
1250 0.9232
1250 0.928
1250 0.8728
1250 0.8584
1250 0.976
1250 0.9872
1250 0.9432
1250 0.956
1250 0.8096
1250 0.8536
1250 0.88
1250 0.8912
1250 0.9384
1250 0.9672
1250 0.8872
1250 0.9528
1250 0.908
1250 0.8976
1250 0.94
1250 0.9512
1250 0.948
1250 0.8864
1250 0.9616
1250 0.9144
1250 0.9072
1250 0.9256
1250 0.924
1250 0.9144
1250 0.9152
1250 0.9568
1250 0.9056
1250 0.9376
1250 0.9312
1250 0.8792
1250 0.9288
1250 0.9384
1250 0.9904
1250 0.96
1250 0.9904
1250 0.9168
1250 0.992
1300 0.912308
1300 0.89
1300 0.959231
1300 0.9
1300 0.909231
1300 0.971538
1300 0.932308
1300 0.942308
1300 0.937692
1300 0.940769
1300 0.946154
1300 0.955385
1300 0.855385
1300 0.944615
1300 0.941538
1300 0.975385
1300 0.974615
1300 0.920769
1300 0.943077
1300 0.962308
1300 0.933846
1300 0.883846
1300 0.855385
1300 0.874615
1300 0.973846
1300 0.872308
1300 0.822308
1300 0.903846
1300 0.925385
1300 0.956923
1300 0.939231
1300 0.930769
1300 0.84
1300 0.933077
1300 0.961538
1300 0.968462
1300 0.903846
1300 0.982308
1300 0.913077
1300 0.893846
1300 0.955385
1300 0.948462
1300 0.977692
1300 0.939231
1300 0.926154
1300 0.900769
1300 0.949231
1300 0.918462
1300 0.853077
1300 0.925385
1300 0.95
1300 0.876923
1300 0.926154
1300 0.9
1300 0.926923
1300 0.944615
1300 0.898462
1300 0.93
1300 0.895385
1300 0.891538
1300 0.975385
1300 0.907692
1300 0.889231
1300 0.869231
1300 0.97
1300 0.902308
1300 0.953846
1300 0.916923
1300 0.900769
1300 0.913077
1300 0.9
1300 0.816923
1300 0.93
1300 0.88
1300 0.932308
1350 0.960741
1350 0.891852
1350 0.871852
1350 0.992593
1350 0.95037
1350 0.908148
1350 0.962963
1350 0.928889
1350 0.96
1350 0.934815
1350 0.947407
1350 0.968889
1350 0.917778
1350 0.94
1350 0.898519
1350 0.97037
1350 0.93037
1350 0.808148
1350 0.942963
1350 0.89037
1350 0.913333
1350 0.934074
1350 0.898519
1350 0.887407
1350 0.953333
1350 0.896296
1350 0.865185
1350 0.966667
1350 0.915556
1350 0.894815
1350 0.943704
1350 0.871852
1350 0.935556
1350 0.928889
1350 0.921481
1350 0.945185
1350 0.966667
1350 0.851111
1350 0.877037
1350 0.936296
1350 0.974815
1350 0.965926
1350 0.939259
1350 0.927407
1350 0.942963
1350 0.957037
1350 0.88963
1350 0.933333
1350 0.89037
1350 0.926667
1350 0.947407
1350 0.931852
1350 0.93037
1350 0.939259
1350 0.862963
1350 0.905926
1350 0.94
1350 0.943704
1350 0.914815
1350 0.902222
1350 0.922222
1350 0.972593
1350 0.977778
1350 0.843704
1350 0.934074
1350 0.936296
1350 0.887407
1350 0.918519
1350 0.84963
1350 0.966667
1350 0.96
1350 0.907407
1350 0.959259
1350 0.952593
1350 0.875556
1400 0.921429
1400 0.955
1400 0.927857
1400 0.933571
1400 0.935714
1400 0.847857
1400 0.931429
1400 0.922143
1400 0.835
1400 0.95
1400 0.911429
1400 0.975714
1400 0.924286
1400 0.917857
1400 0.914286
1400 0.908571
1400 0.915714
1400 0.917143
1400 0.930714
1400 0.948571
1400 0.912857
1400 0.918571
1400 0.952857
1400 0.941429
1400 0.881429
1400 0.895714
1400 0.888571
1400 0.912857
1400 0.929286
1400 0.943571
1400 0.922143
1400 0.894286
1400 0.902857
1400 0.925
1400 0.858571
1400 0.952857
1400 0.970714
1400 0.924286
1400 0.965714
1400 0.885714
1400 0.915714
1400 0.913571
1400 0.931429
1400 0.93
1400 0.928571
1400 0.897857
1400 0.880714
1400 0.953571
1400 0.915714
1400 0.93
1400 0.922143
1400 0.955714
1400 0.870714
1400 0.914286
1400 0.895
1400 0.952857
1400 0.935714
1400 0.872143
1400 0.940714
1400 0.95
1400 0.94
1400 0.891429
1400 0.990714
1400 0.947143
1400 0.838571
1400 0.886429
1400 0.93
1400 0.906429
1400 0.916429
1400 0.836429
1400 0.991429
1400 0.919286
1400 0.934286
1400 0.987143
1400 0.906429
1450 0.906897
1450 0.886207
1450 0.946897
1450 0.945517
1450 0.902759
1450 0.905517
1450 0.908966
1450 0.942069
1450 0.931034
1450 0.922759
1450 0.921379
1450 0.942759
1450 0.90069
1450 0.922759
1450 0.912414
1450 0.917931
1450 0.865517
1450 0.867586
1450 0.92069
1450 0.933793
1450 0.918621
1450 0.891034
1450 0.975172
1450 0.926207
1450 0.946207
1450 0.90069
1450 0.926207
1450 0.942069
1450 0.942069
1450 0.92069
1450 0.955172
1450 0.949655
1450 0.941379
1450 0.949655
1450 0.906207
1450 0.908966
1450 0.971034
1450 0.884138
1450 0.854483
1450 0.96069
1450 0.966897
1450 0.932414
1450 0.929655
1450 0.911034
1450 0.769655
1450 0.898621
1450 0.910345
1450 0.915862
1450 0.98069
1450 0.929655
1450 0.886897
1450 0.966897
1450 0.975172
1450 0.892414
1450 0.951724
1450 0.905517
1450 0.942759
1450 0.970345
1450 0.911034
1450 0.888276
1450 0.915172
1450 0.975862
1450 0.94069
1450 0.932414
1450 0.888966
1450 0.884138
1450 0.934483
1450 0.94069
1450 0.816552
1450 0.953793
1450 0.931724
1450 0.935862
1450 0.951034
1450 0.925517
1450 0.935862
1500 0.92
1500 0.943333
1500 0.966667
1500 0.892667
1500 0.92
1500 0.98
1500 0.880667
1500 0.908
1500 0.866
1500 0.892
1500 0.728
1500 0.967333
1500 0.994
1500 0.960667
1500 0.889333
1500 0.932
1500 0.886
1500 0.949333
1500 0.942
1500 0.937333
1500 0.956
1500 0.886667
1500 0.888
1500 0.949333
1500 0.922
1500 0.862
1500 0.858
1500 0.929333
1500 0.914
1500 0.948
1500 0.945333
1500 0.927333
1500 0.963333
1500 0.982
1500 0.92
1500 0.904
1500 0.909333
1500 0.860667
1500 0.945333
1500 0.976667
1500 0.978667
1500 0.889333
1500 0.859333
1500 0.926
1500 0.98
1500 0.985333
1500 0.972
1500 0.886
1500 0.930667
1500 0.947333
1500 0.945333
1500 0.932
1500 0.929333
1500 0.892667
1500 0.948667
1500 0.947333
1500 0.941333
1500 0.96
1500 0.940667
1500 0.967333
1500 0.901333
1500 0.868667
1500 0.914667
1500 0.934
1500 0.929333
1500 0.964667
1500 0.922667
1500 0.914667
1500 0.944667
1500 0.924
1500 0.927333
1500 0.986667
1500 0.864
1500 0.912667
1500 0.930667
1550 0.943871
1550 0.887742
1550 0.946452
1550 0.953548
1550 0.930968
1550 0.940645
1550 0.970968
1550 0.893548
1550 0.97871
1550 0.656129
1550 0.921935
1550 0.803871
1550 0.882581
1550 0.928387
1550 0.975484
1550 0.927097
1550 0.856774
1550 0.932903
1550 0.849677
1550 0.96129
1550 0.915484
1550 0.949032
1550 0.904516
1550 0.878065
1550 0.933548
1550 0.94129
1550 0.912258
1550 0.903226
1550 0.967097
1550 0.977419
1550 0.929677
1550 0.909677
1550 0.940645
1550 0.905806
1550 0.93871
1550 0.956774
1550 0.896129
1550 0.945161
1550 0.970323
1550 0.955484
1550 0.89871
1550 0.919355
1550 0.975484
1550 0.917419
1550 0.96
1550 0.94129
1550 0.944516
1550 0.943226
1550 0.875484
1550 0.899355
1550 0.956774
1550 0.932258
1550 0.97871
1550 0.968387
1550 0.956129
1550 0.910323
1550 0.958065
1550 0.937419
1550 0.967742
1550 0.902581
1550 0.968387
1550 0.900645
1550 0.946452
1550 0.982581
1550 0.946452
1550 0.970968
1550 0.829677
1550 0.899355
1550 0.827742
1550 0.873548
1550 0.910968
1550 0.96
1550 0.950323
1550 0.868387
1550 0.944516
1600 0.921875
1600 0.93625
1600 0.9475
1600 0.919375
1600 0.950625
1600 0.87625
1600 0.940625
1600 0.95875
1600 0.903125
1600 0.958125
1600 0.921875
1600 0.91125
1600 0.931875
1600 0.91375
1600 0.94625
1600 0.916875
1600 0.92875
1600 0.90625
1600 0.93125
1600 0.928125
1600 0.891875
1600 0.9075
1600 0.92
1600 0.909375
1600 0.939375
1600 0.925625
1600 0.94
1600 0.90125
1600 0.930625
1600 0.85625
1600 0.9125
1600 0.98
1600 0.93625
1600 0.905625
1600 0.90375
1600 0.919375
1600 0.95625
1600 0.88375
1600 0.970625
1600 0.935625
1600 0.876875
1600 0.93125
1600 0.91875
1600 0.90125
1600 0.955
1600 0.965
1600 0.8975
1600 0.945625
1600 0.945
1600 0.89875
1600 0.906875
1600 0.94375
1600 0.870625
1600 0.965
1600 0.93875
1600 0.965625
1600 0.915
1600 0.970625
1600 0.90125
1600 0.94125
1600 0.938125
1600 0.92
1600 0.930625
1600 0.946875
1600 0.906875
1600 0.91875
1600 0.945
1600 0.965
1600 0.945
1600 0.9575
1600 0.91375
1600 0.85375
1600 0.935
1600 0.93125
1600 0.86375
1650 0.976364
1650 0.923636
1650 0.846667
1650 0.938788
1650 0.899394
1650 0.878788
1650 0.918788
1650 0.947273
1650 0.952727
1650 0.938182
1650 0.908485
1650 0.893939
1650 0.977576
1650 0.973333
1650 0.981818
1650 0.887879
1650 0.90303
1650 0.945455
1650 0.961818
1650 0.932121
1650 0.95697
1650 0.952121
1650 0.924848
1650 0.904242
1650 0.881818
1650 0.913939
1650 0.930909
1650 0.958182
1650 0.994545
1650 0.90303
1650 0.950909
1650 0.900606
1650 0.913939
1650 0.931515
1650 0.915758
1650 0.916364
1650 0.949697
1650 0.880606
1650 0.890303
1650 0.869091
1650 0.926667
1650 0.956364
1650 0.919394
1650 0.933939
1650 0.943636
1650 0.980606
1650 0.914545
1650 0.912727
1650 0.881212
1650 0.933939
1650 0.952727
1650 0.970303
1650 0.879394
1650 0.934545
1650 0.970909
1650 0.941212
1650 0.908485
1650 0.947879
1650 0.935152
1650 0.848485
1650 0.901818
1650 0.92303
1650 0.906061
1650 0.864848
1650 0.947879
1650 0.885455
1650 0.986061
1650 0.974545
1650 0.963636
1650 0.950303
1650 0.799394
1650 0.890909
1650 0.935152
1650 0.893333
1650 0.947273
1700 0.925294
1700 0.905294
1700 0.876471
1700 0.963529
1700 0.851176
1700 0.941176
1700 0.908235
1700 0.889412
1700 0.888235
1700 0.91
1700 0.894118
1700 0.935882
1700 0.938235
1700 0.889412
1700 0.951765
1700 0.95
1700 0.930588
1700 0.936471
1700 0.945882
1700 0.964706
1700 0.95
1700 0.864706
1700 0.952941
1700 0.890588
1700 0.900588
1700 0.936471
1700 0.944706
1700 0.967647
1700 0.931765
1700 0.871765
1700 0.955882
1700 0.911765
1700 0.958235
1700 0.922941
1700 0.921176
1700 0.927059
1700 0.981765
1700 0.961765
1700 0.931765
1700 0.942941
1700 0.932941
1700 0.947059
1700 0.966471
1700 0.882941
1700 0.939412
1700 0.892941
1700 0.927059
1700 0.951765
1700 0.900588
1700 0.928824
1700 0.98
1700 0.920588
1700 0.948235
1700 0.954706
1700 0.95
1700 0.937647
1700 0.914706
1700 0.897647
1700 0.925882
1700 0.853529
1700 0.920588
1700 0.938824
1700 0.845882
1700 0.905294
1700 0.983529
1700 0.944118
1700 0.894706
1700 0.991765
1700 0.892941
1700 0.91
1700 0.920588
1700 0.951765
1700 0.932353
1700 0.967647
1700 0.893529
1750 0.913143
1750 0.880571
1750 0.967429
1750 0.885143
1750 0.925143
1750 0.927429
1750 0.902286
1750 0.949143
1750 0.917143
1750 0.931429
1750 0.949714
1750 0.868571
1750 0.899429
1750 0.857714
1750 0.896571
1750 0.933143
1750 0.957143
1750 0.948571
1750 0.932571
1750 0.912571
1750 0.940571
1750 0.912
1750 0.883429
1750 0.881714
1750 0.952571
1750 0.918857
1750 0.891429
1750 0.903429
1750 0.946286
1750 0.917714
1750 0.949714
1750 0.884571
1750 0.963429
1750 0.934857
1750 0.958857
1750 0.893714
1750 0.898857
1750 0.904
1750 0.896
1750 0.938857
1750 0.946857
1750 0.931429
1750 0.92
1750 0.941714
1750 0.941714
1750 0.931429
1750 0.942286
1750 0.971429
1750 0.895429
1750 0.899429
1750 0.952
1750 0.939429
1750 0.922857
1750 0.909143
1750 0.943429
1750 0.853143
1750 0.930857
1750 0.909714
1750 0.922286
1750 0.944
1750 0.952571
1750 0.849714
1750 0.925714
1750 0.934857
1750 0.9
1750 0.92
1750 0.921714
1750 0.942857
1750 0.872
1750 0.942857
1750 0.846857
1750 0.924571
1750 0.949714
1750 0.952
1750 0.843429
1800 0.995556
1800 0.922778
1800 0.907222
1800 0.913333
1800 0.885556
1800 0.881667
1800 0.915
1800 0.945
1800 0.919444
1800 0.961667
1800 0.962222
1800 0.928889
1800 0.937222
1800 0.917222
1800 0.938889
1800 0.926667
1800 0.983333
1800 0.937222
1800 0.931111
1800 0.906111
1800 0.928333
1800 0.963889
1800 0.901111
1800 0.924444
1800 0.943333
1800 0.909444
1800 0.949444
1800 0.938333
1800 0.905
1800 0.901111
1800 0.945556
1800 0.927222
1800 0.884444
1800 0.936667
1800 0.965
1800 0.968333
1800 0.718333
1800 0.923889
1800 0.887778
1800 0.933333
1800 0.937222
1800 0.898333
1800 0.915556
1800 0.946111
1800 0.926111
1800 0.937222
1800 0.949444
1800 0.925556
1800 0.931667
1800 0.878889
1800 0.965
1800 0.861667
1800 0.906667
1800 0.849444
1800 0.897778
1800 0.829444
1800 0.931667
1800 0.882778
1800 0.928333
1800 0.961667
1800 0.969444
1800 0.913333
1800 0.902778
1800 0.947778
1800 0.937222
1800 0.948333
1800 0.932778
1800 0.971111
1800 0.92
1800 0.946667
1800 0.977222
1800 0.937222
1800 0.967222
1800 0.964444
1800 0.940556
1850 0.920541
1850 0.928649
1850 0.951892
1850 0.887568
1850 0.952432
1850 0.915135
1850 0.934054
1850 0.950811
1850 0.948108
1850 0.919459
1850 0.915135
1850 0.893514
1850 0.956216
1850 0.921081
1850 0.938919
1850 0.916757
1850 0.959459
1850 0.932973
1850 0.929189
1850 0.941081
1850 0.933514
1850 0.903784
1850 0.968108
1850 0.962162
1850 0.889189
1850 0.951892
1850 0.949189
1850 0.857297
1850 0.930811
1850 0.921622
1850 0.991351
1850 0.965405
1850 0.944324
1850 0.873514
1850 0.894595
1850 0.891351
1850 0.914054
1850 0.924324
1850 0.971351
1850 0.940541
1850 0.951351
1850 0.916216
1850 0.938378
1850 0.959459
1850 0.876757
1850 0.88
1850 0.851892
1850 0.873514
1850 0.944324
1850 0.835135
1850 0.928108
1850 0.916757
1850 0.92
1850 0.927027
1850 0.901081
1850 0.961622
1850 0.952432
1850 0.897297
1850 0.95027
1850 0.962703
1850 0.914595
1850 0.988108
1850 0.944324
1850 0.920541
1850 0.945946
1850 0.934054
1850 0.896757
1850 0.912973
1850 0.892973
1850 0.954054
1850 0.928649
1850 0.940541
1850 0.935135
1850 0.889189
1850 0.942162
1900 0.992632
1900 0.934211
1900 0.95
1900 0.891053
1900 0.952632
1900 0.958421
1900 0.947895
1900 0.93
1900 0.952632
1900 0.925263
1900 0.934737
1900 0.802632
1900 0.904737
1900 0.855789
1900 0.978947
1900 0.956316
1900 0.906316
1900 0.926316
1900 0.901053
1900 0.936842
1900 0.913158
1900 0.802632
1900 0.922632
1900 0.892632
1900 0.8
1900 0.913158
1900 0.943158
1900 0.962632
1900 0.830526
1900 0.922105
1900 0.913684
1900 0.967368
1900 0.938947
1900 0.952632
1900 0.947895
1900 0.89
1900 0.897895
1900 0.951053
1900 0.948421
1900 0.921053
1900 0.978421
1900 0.935789
1900 0.877368
1900 0.895263
1900 0.95
1900 0.915263
1900 0.946842
1900 0.890526
1900 0.895263
1900 0.928421
1900 0.992632
1900 0.965789
1900 0.965263
1900 0.941579
1900 0.932105
1900 0.902105
1900 0.919474
1900 0.943684
1900 0.957368
1900 0.958947
1900 0.966316
1900 0.883158
1900 0.910526
1900 0.91
1900 0.959474
1900 0.925789
1900 0.886316
1900 0.932632
1900 0.915263
1900 0.971053
1900 0.955263
1900 0.944211
1900 0.884737
1900 0.937895
1900 0.902632
1950 0.935897
1950 0.912308
1950 0.94359
1950 0.901538
1950 0.972821
1950 0.942564
1950 0.918974
1950 0.932308
1950 0.922564
1950 0.952308
1950 0.94359
1950 0.93641
1950 0.933333
1950 0.934359
1950 0.943077
1950 0.941026
1950 0.91641
1950 0.945641
1950 0.917436
1950 0.911795
1950 0.906667
1950 0.944615
1950 0.968718
1950 0.935897
1950 0.893333
1950 0.937436
1950 0.908718
1950 0.973846
1950 0.881026
1950 0.916923
1950 0.941538
1950 0.96
1950 0.961538
1950 0.94
1950 0.987179
1950 0.928718
1950 0.9
1950 0.937949
1950 0.872308
1950 0.892821
1950 0.891795
1950 0.941026
1950 0.921026
1950 0.933846
1950 0.908718
1950 0.898974
1950 0.935897
1950 0.908718
1950 0.954872
1950 0.925641
1950 0.956923
1950 0.801538
1950 0.870256
1950 0.95641
1950 0.966154
1950 0.884103
1950 0.932308
1950 0.929744
1950 0.927692
1950 0.88
1950 0.908718
1950 0.925128
1950 0.863077
1950 0.930769
1950 0.904615
1950 0.949231
1950 0.953333
1950 0.813333
1950 0.88359
1950 0.916923
1950 0.930769
1950 0.938974
1950 0.949744
1950 0.981026
1950 0.917949
2000 0.9375
2000 0.913
2000 0.9035
2000 0.9355
2000 0.8695
2000 0.9275
2000 0.921
2000 0.819
2000 0.8925
2000 0.9405
2000 0.94
2000 0.905
2000 0.9095
2000 0.8805
2000 0.939
2000 0.957
2000 0.908
2000 0.9525
2000 0.8985
2000 0.897
2000 0.942
2000 0.9565
2000 0.971
2000 0.926
2000 0.9575
2000 0.866
2000 0.9395
2000 0.951
2000 0.9715
2000 0.893
2000 0.932
2000 0.9205
2000 0.949
2000 0.95
2000 0.9255
2000 0.9585
2000 0.9355
2000 0.9375
2000 0.9195
2000 0.909
2000 0.886
2000 0.982
2000 0.947
2000 0.9115
2000 0.9355
2000 0.939
2000 0.8925
2000 0.8645
2000 0.936
2000 0.915
2000 0.973
2000 0.965
2000 0.914
2000 0.9135
2000 0.8965
2000 0.8905
2000 0.9415
2000 0.909
2000 0.9525
2000 0.9415
2000 0.924
2000 0.9245
2000 0.9045
2000 0.9325
2000 0.978
2000 0.901
2000 0.9295
2000 0.9705
2000 0.961
2000 0.946
2000 0.907
2000 0.9505
2000 0.9665
2000 0.763
2000 0.9125
