50 0.16
50 0.5
50 0.12
50 0.18
50 0.26
50 0.18
50 0.04
50 0.54
50 0
50 0.36
50 0.12
50 0.34
50 0.04
50 0.44
50 0
50 0
50 0.26
50 0.7
50 0.16
50 0.02
50 0.16
50 0.14
50 0.38
50 0
50 0.06
50 0.22
50 0.06
50 0.38
50 0.18
50 0.1
50 0.04
50 0.06
50 0.02
50 0.1
50 0.02
50 0
50 0
50 0.02
50 0.82
50 0
50 0
50 0.2
50 0.34
50 0.78
50 0.16
50 0.44
50 0.18
50 0.64
50 0.4
50 0.28
50 0.46
50 0.1
50 0.06
50 0
50 0.6
50 0.56
50 0.24
50 0
50 0
50 0
50 0.38
50 0.22
50 0.34
50 0
50 0.44
50 0.26
50 0.14
50 0.02
50 0.44
50 0.12
50 0.22
50 0.26
50 0.52
50 0.76
50 0.36
100 0.25
100 0
100 0.56
100 0.65
100 0.74
100 0.74
100 0.55
100 0.83
100 0.19
100 0.45
100 0.86
100 0.54
100 0.32
100 0.43
100 0.85
100 0.18
100 0
100 0.42
100 0.23
100 0.7
100 0.69
100 0.68
100 0.57
100 0.59
100 0.55
100 0.34
100 0.36
100 0.57
100 0.2
100 0.63
100 0.75
100 0.5
100 0.27
100 0.83
100 0.81
100 0.63
100 0.7
100 0.59
100 0.17
100 0.59
100 0.71
100 0.88
100 0.34
100 0.83
100 0.7
100 0.72
100 0.18
100 0.73
100 0.07
100 0.64
100 0.42
100 0.36
100 0.47
100 0.6
100 0.55
100 0.97
100 0.84
100 0.82
100 0.79
100 0.8
100 0.77
100 0.58
100 0.46
100 0.53
100 0.41
100 0.16
100 0.64
100 0.64
100 0.72
100 0.72
100 0.03
100 0.66
100 0.52
100 0.08
100 0.88
150 0.713333
150 0.586667
150 0.853333
150 0.786667
150 0.593333
150 0.873333
150 0.753333
150 0.88
150 0.806667
150 0.88
150 0.8
150 0.846667
150 0.493333
150 0.593333
150 0.673333
150 0.726667
150 0.846667
150 0.62
150 0.473333
150 0.94
150 0.82
150 0.94
150 0.546667
150 0.266667
150 0.766667
150 0.0466667
150 0.346667
150 0.813333
150 0.86
150 0.766667
150 0.793333
150 0.753333
150 0.786667
150 0.966667
150 0.693333
150 0.58
150 0.426667
150 0.533333
150 0.513333
150 0.706667
150 0.846667
150 0.38
150 0.586667
150 0.406667
150 0.273333
150 0.833333
150 0.773333
150 0.753333
150 0.78
150 0.333333
150 0.793333
150 0.546667
150 0.733333
150 0.833333
150 0.68
150 0.733333
150 0.846667
150 0.78
150 0.446667
150 0.706667
150 0.853333
150 0.633333
150 0.953333
150 0.26
150 0.873333
150 0.726667
150 0.62
150 0.713333
150 0.926667
150 0.546667
150 0.82
150 0.44
150 0.76
150 0.733333
150 0.8
200 0.85
200 0.415
200 0.965
200 0.74
200 0.705
200 0.87
200 0.465
200 0.895
200 0.765
200 0.725
200 0.83
200 0.555
200 0.83
200 0.91
200 0.68
200 0.705
200 0.87
200 0.875
200 0.85
200 0.825
200 0.805
200 0.81
200 0.195
200 0.795
200 0.8
200 0.805
200 0.87
200 0.46
200 0.915
200 0.8
200 0.81
200 0.915
200 0.67
200 0.51
200 0.615
200 0.955
200 0.385
200 0.735
200 0.74
200 0.505
200 0.765
200 0.835
200 0.7
200 0.5
200 0.89
200 0.765
200 0.905
200 0.755
200 0.85
200 0.935
200 0.115
200 0.81
200 0.825
200 0.71
200 0.88
200 0.895
200 0.94
200 0.83
200 0.835
200 0.605
200 0.28
200 0.73
200 0.84
200 0.81
200 0.765
200 0.69
200 0.655
200 0.85
200 0.88
200 0.955
200 0.675
200 0.625
200 0.805
200 0.865
200 0.785
250 0.768
250 0.896
250 0.84
250 0.832
250 0.824
250 0.884
250 0.924
250 0.912
250 0.716
250 0.844
250 0.872
250 0.816
250 0.8
250 0.828
250 0.792
250 0.904
250 0.856
250 0.652
250 0.964
250 0.848
250 0.864
250 0.7
250 0.756
250 0.74
250 0.96
250 0.864
250 0.908
250 0.88
250 0.764
250 0.96
250 0.756
250 0.892
250 0.936
250 0.74
250 0.964
250 0.676
250 0.904
250 0.9
250 0.896
250 0.776
250 0.956
250 0.88
250 0.876
250 0.48
250 0.836
250 0.928
250 0.9
250 0.616
250 0.908
250 0.904
250 0.936
250 0.66
250 0.808
250 0.824
250 0.824
250 0.88
250 0.852
250 0.816
250 0.876
250 0.888
250 0.92
250 0.824
250 0.852
250 0.868
250 0.836
250 0.816
250 0.836
250 0.86
250 0.836
250 0.92
250 0.664
250 0.86
250 0.908
250 0.904
250 0.856
300 0.85
300 0.853333
300 0.93
300 0.896667
300 0.776667
300 0.52
300 0.746667
300 0.623333
300 0.883333
300 0.84
300 0.926667
300 0.813333
300 0.753333
300 0.876667
300 0.913333
300 0.723333
300 0.863333
300 0.873333
300 0.866667
300 0.813333
300 0.743333
300 0.89
300 0.803333
300 0.926667
300 0.906667
300 0.9
300 0.936667
300 0.846667
300 0.876667
300 0.95
300 0.736667
300 0.813333
300 0.82
300 0.806667
300 0.843333
300 0.933333
300 0.913333
300 0.92
300 0.886667
300 0.823333
300 0.856667
300 0.916667
300 0.936667
300 0.83
300 0.77
300 0.8
300 0.82
300 0.366667
300 0.496667
300 0.88
300 0.76
300 0.896667
300 0.72
300 0.763333
300 0.81
300 0.7
300 0.893333
300 0.916667
300 0.816667
300 0.923333
300 0.84
300 0.816667
300 0.8
300 0.79
300 0.88
300 0.88
300 0.946667
300 0.85
300 0.883333
300 0.94
300 0.876667
300 0.94
300 0.863333
300 0.81
300 0.89
350 0.777143
350 0.951429
350 0.865714
350 0.805714
350 0.934286
350 0.594286
350 0.785714
350 0.882857
350 0.908571
350 0.911429
350 0.762857
350 0.805714
350 0.891429
350 0.92
350 0.877143
350 0.842857
350 0.877143
350 0.86
350 0.908571
350 0.874286
350 0.9
350 0.7
350 0.88
350 0.917143
350 0.877143
350 0.874286
350 0.9
350 0.865714
350 0.902857
350 0.894286
350 0.748571
350 0.885714
350 0.908571
350 0.882857
350 0.894286
350 0.922857
350 0.908571
350 0.674286
350 0.982857
350 0.794286
350 0.842857
350 0.925714
350 0.917143
350 0.837143
350 0.917143
350 0.88
350 0.711429
350 0.777143
350 0.848571
350 0.917143
350 0.888571
350 0.925714
350 0.948571
350 0.794286
350 0.834286
350 0.945714
350 0.96
350 0.797143
350 0.902857
350 0.977143
350 0.942857
350 0.805714
350 0.902857
350 0.914286
350 0.694286
350 0.862857
350 0.891429
350 0.811429
350 0.957143
350 0.848571
350 0.894286
350 0.957143
350 0.608571
350 0.888571
350 0.891429
400 0.9075
400 0.835
400 0.9025
400 0.6725
400 0.7275
400 0.89
400 0.9
400 0.595
400 0.935
400 0.955
400 0.8725
400 0.88
400 0.8225
400 0.8675
400 0.84
400 0.905
400 0.86
400 0.6125
400 0.92
400 0.8775
400 0.8475
400 0.93
400 0.925
400 0.7975
400 0.92
400 0.9
400 0.855
400 0.7575
400 0.89
400 0.8825
400 0.92
400 0.7925
400 0.8425
400 0.865
400 0.905
400 0.935
400 0.84
400 0.6425
400 0.915
400 0.94
400 0.9475
400 0.895
400 0.8275
400 0.84
400 0.92
400 0.9075
400 0.8875
400 0.8125
400 0.9475
400 0.9725
400 0.86
400 0.9375
400 0.9425
400 0.9325
400 0.8725
400 0.885
400 0.975
400 0.935
400 0.765
400 0.9325
400 0.8775
400 0.81
400 0.825
400 0.9325
400 0.82
400 0.9875
400 0.815
400 0.9175
400 0.9
400 0.9225
400 0.8275
400 0.915
400 0.9075
400 0.9625
400 0.8775
450 0.877778
450 0.935556
450 0.875556
450 0.966667
450 0.984444
450 0.917778
450 0.964444
450 0.908889
450 0.917778
450 0.866667
450 0.931111
450 0.813333
450 0.762222
450 0.931111
450 0.72
450 0.897778
450 0.94
450 0.84
450 0.837778
450 0.953333
450 0.84
450 0.948889
450 0.851111
450 0.984444
450 0.915556
450 0.737778
450 0.96
450 0.66
450 0.837778
450 0.593333
450 0.957778
450 0.851111
450 0.875556
450 0.917778
450 0.868889
450 0.82
450 0.868889
450 0.906667
450 0.897778
450 0.751111
450 0.911111
450 0.853333
450 0.764444
450 0.928889
450 0.868889
450 0.928889
450 0.902222
450 0.908889
450 0.924444
450 0.971111
450 0.888889
450 0.815556
450 0.855556
450 0.862222
450 0.868889
450 0.933333
450 0.833333
450 0.88
450 0.946667
450 0.975556
450 0.793333
450 0.864444
450 0.911111
450 0.875556
450 0.884444
450 0.891111
450 0.928889
450 0.742222
450 0.826667
450 0.893333
450 0.888889
450 0.826667
450 0.895556
450 0.775556
450 0.651111
500 0.912
500 0.896
500 0.976
500 0.926
500 0.766
500 0.958
500 0.962
500 0.902
500 0.818
500 0.964
500 0.944
500 0.914
500 0.852
500 0.874
500 0.906
500 0.954
500 0.952
500 0.916
500 0.952
500 0.838
500 0.95
500 0.87
500 0.858
500 0.878
500 0.834
500 0.822
500 0.924
500 0.816
500 0.932
500 0.946
500 0.884
500 0.868
500 0.888
500 0.85
500 0.886
500 0.856
500 0.836
500 0.98
500 0.924
500 0.782
500 0.94
500 0.876
500 0.92
500 0.926
500 0.87
500 0.922
500 0.906
500 0.946
500 0.96
500 0.904
500 0.81
500 0.918
500 0.848
500 0.778
500 0.83
500 0.904
500 0.892
500 0.884
500 0.962
500 0.916
500 0.848
500 0.902
500 0.948
500 0.706
500 0.89
500 0.786
500 0.892
500 0.88
500 0.948
500 0.858
500 0.856
500 0.894
500 0.864
500 0.886
500 0.912
550 0.732727
550 0.894545
550 0.892727
550 0.829091
550 0.863636
550 0.967273
550 0.872727
550 0.972727
550 0.901818
550 0.972727
550 0.858182
550 0.930909
550 0.64
550 0.958182
550 0.916364
550 0.952727
550 0.838182
550 0.896364
550 0.916364
550 0.865455
550 0.927273
550 0.841818
550 0.86
550 0.867273
550 0.934545
550 0.9
550 0.856364
550 0.890909
550 0.854545
550 0.838182
550 0.910909
550 0.905455
550 0.943636
550 0.241818
550 0.818182
550 0.856364
550 0.88
550 0.898182
550 0.945455
550 0.972727
550 0.88
550 0.901818
550 0.918182
550 0.96
550 0.854545
550 0.969091
550 0.883636
550 0.887273
550 0.96
550 0.887273
550 0.945455
550 0.92
550 0.923636
550 0.68
550 0.776364
550 0.910909
550 0.963636
550 0.854545
550 0.92
550 0.736364
550 0.963636
550 0.907273
550 0.947273
550 0.883636
550 0.807273
550 0.905455
550 0.88
550 0.936364
550 0.921818
550 0.814545
550 0.88
550 0.94
550 0.92
550 0.894545
550 0.927273
600 0.896667
600 0.975
600 0.835
600 0.796667
600 0.878333
600 0.928333
600 0.92
600 0.993333
600 0.916667
600 0.865
600 0.871667
600 0.901667
600 0.866667
600 0.933333
600 0.906667
600 0.835
600 0.938333
600 0.905
600 0.965
600 0.88
600 0.855
600 0.891667
600 0.838333
600 0.96
600 0.911667
600 0.935
600 0.988333
600 0.883333
600 0.93
600 0.886667
600 0.841667
600 0.91
600 0.843333
600 0.92
600 0.853333
600 0.873333
600 0.913333
600 0.795
600 0.915
600 0.911667
600 0.655
600 0.961667
600 0.92
600 0.866667
600 0.93
600 0.94
600 0.841667
600 0.74
600 0.826667
600 0.843333
600 0.896667
600 0.94
600 0.938333
600 0.901667
600 0.938333
600 0.925
600 0.933333
600 0.878333
600 0.9
600 0.913333
600 0.868333
600 0.955
600 0.868333
600 0.905
600 0.913333
600 0.938333
600 0.968333
600 0.896667
600 0.905
600 0.898333
600 0.96
600 0.868333
600 0.863333
600 0.931667
600 0.81
650 0.843077
650 0.843077
650 0.844615
650 0.898462
650 0.903077
650 0.958462
650 0.896923
650 0.904615
650 0.870769
650 0.915385
650 0.963077
650 0.970769
650 0.818462
650 0.941538
650 0.92
650 0.890769
650 0.944615
650 0.781538
650 0.9
650 0.876923
650 0.770769
650 0.856923
650 0.876923
650 0.935385
650 0.913846
650 0.912308
650 0.929231
650 0.946154
650 0.898462
650 0.893846
650 0.789231
650 0.910769
650 0.921538
650 0.896923
650 0.92
650 0.935385
650 0.743077
650 0.893846
650 0.924615
650 0.94
650 0.909231
650 0.893846
650 0.866154
650 0.870769
650 0.858462
650 0.904615
650 0.884615
650 0.970769
650 0.927692
650 0.910769
650 0.896923
650 0.876923
650 0.952308
650 0.867692
650 0.898462
650 0.856923
650 0.924615
650 0.916923
650 0.936923
650 0.878462
650 0.923077
650 0.913846
650 0.876923
650 0.963077
650 0.884615
650 0.895385
650 0.910769
650 0.893846
650 0.941538
650 0.907692
650 0.887692
650 0.915385
650 0.88
650 0.949231
650 0.890769
700 0.95
700 0.924286
700 0.92
700 0.947143
700 0.938571
700 0.912857
700 0.891429
700 0.941429
700 0.984286
700 0.927143
700 0.987143
700 0.912857
700 0.925714
700 0.935714
700 0.865714
700 0.884286
700 0.848571
700 0.854286
700 0.862857
700 0.884286
700 0.878571
700 0.914286
700 0.928571
700 0.881429
700 0.921429
700 0.927143
700 0.927143
700 0.937143
700 0.964286
700 0.884286
700 0.931429
700 0.898571
700 0.997143
700 0.974286
700 0.977143
700 0.962857
700 0.931429
700 0.88
700 0.991429
700 0.902857
700 0.927143
700 0.771429
700 0.911429
700 0.918571
700 0.778571
700 0.915714
700 0.862857
700 0.88
700 0.894286
700 0.941429
700 0.884286
700 0.855714
700 0.911429
700 0.878571
700 0.782857
700 0.894286
700 0.971429
700 0.91
700 0.807143
700 0.911429
700 0.828571
700 0.965714
700 0.868571
700 0.814286
700 0.952857
700 0.907143
700 0.94
700 0.938571
700 0.92
700 0.824286
700 0.885714
700 0.975714
700 0.892857
700 0.832857
700 0.927143
750 0.938667
750 0.9
750 0.902667
750 0.969333
750 0.954667
750 0.882667
750 0.944
750 0.917333
750 0.933333
750 0.866667
750 0.944
750 0.982667
750 0.970667
750 0.84
750 0.976
750 0.916
750 0.865333
750 0.866667
750 0.948
750 0.881333
750 0.972
750 0.845333
750 0.872
750 0.956
750 0.902667
750 0.956
750 0.9
750 0.893333
750 0.849333
750 0.949333
750 0.917333
750 0.808
750 0.890667
750 0.885333
750 0.858667
750 0.837333
750 0.813333
750 0.908
750 0.869333
750 0.925333
750 0.926667
750 0.829333
750 0.930667
750 0.92
750 0.936
750 0.874667
750 0.926667
750 0.926667
750 0.928
750 0.974667
750 0.904
750 0.929333
750 0.889333
750 0.953333
750 0.945333
750 0.910667
750 0.96
750 0.916
750 0.849333
750 0.926667
750 0.916
750 0.914667
750 0.945333
750 0.837333
750 0.865333
750 0.825333
750 0.9
750 0.916
750 0.92
750 0.973333
750 0.853333
750 0.937333
750 0.964
750 0.886667
750 0.877333
800 0.905
800 0.77375
800 0.925
800 0.96
800 0.95
800 0.8925
800 0.83125
800 0.96
800 0.96875
800 0.8825
800 0.98375
800 0.91
800 0.935
800 0.91875
800 0.91625
800 0.8575
800 0.89625
800 0.89
800 0.92125
800 0.875
800 0.89
800 0.98375
800 0.93375
800 0.94625
800 0.91875
800 0.84875
800 0.85875
800 0.89
800 0.9475
800 0.92375
800 0.925
800 0.93125
800 0.84625
800 0.90375
800 0.95625
800 0.935
800 0.95875
800 0.97125
800 0.84125
800 0.91
800 0.95625
800 0.93
800 0.92375
800 0.825
800 0.89875
800 0.91375
800 0.8875
800 0.8975
800 0.9425
800 0.78625
800 0.84125
800 0.88625
800 0.965
800 0.90375
800 0.84
800 0.91875
800 0.86375
800 0.90375
800 0.91625
800 0.915
800 0.9525
800 0.9425
800 0.8375
800 0.95375
800 0.9425
800 0.925
800 0.90875
800 0.94125
800 0.91
800 0.93125
800 0.9075
800 0.9325
800 0.9325
800 0.9325
800 0.91875
850 0.901176
850 0.862353
850 0.923529
850 0.968235
850 0.891765
850 0.871765
850 0.917647
850 0.901176
850 0.948235
850 0.837647
850 0.905882
850 0.930588
850 0.897647
850 0.905882
850 0.938824
850 0.914118
850 0.88
850 0.931765
850 0.881176
850 0.908235
850 0.895294
850 0.931765
850 0.949412
850 0.858824
850 0.921176
850 0.943529
850 0.930588
850 0.935294
850 0.965882
850 0.928235
850 0.841176
850 0.909412
850 0.987059
850 0.912941
850 0.909412
850 0.825882
850 0.954118
850 0.855294
850 0.864706
850 0.907059
850 0.895294
850 0.918824
850 0.902353
850 0.928235
850 0.969412
850 0.981176
850 0.895294
850 0.921176
850 0.851765
850 0.932941
850 0.869412
850 0.988235
850 0.875294
850 0.923529
850 0.877647
850 0.902353
850 0.948235
850 0.923529
850 0.889412
850 0.850588
850 0.884706
850 0.883529
850 0.890588
850 0.861176
850 0.923529
850 0.914118
850 0.984706
850 0.916471
850 0.842353
850 0.890588
850 0.903529
850 0.878824
850 0.938824
850 0.925882
850 0.858824
900 0.923333
900 0.951111
900 0.958889
900 0.896667
900 0.926667
900 0.974444
900 0.853333
900 0.801111
900 0.926667
900 0.95
900 0.902222
900 0.951111
900 0.842222
900 0.977778
900 0.952222
900 0.965556
900 0.926667
900 0.907778
900 0.935556
900 0.898889
900 0.954444
900 0.874444
900 0.922222
900 0.94
900 0.943333
900 0.708889
900 0.898889
900 0.93
900 0.867778
900 0.805556
900 0.878889
900 0.895556
900 0.874444
900 0.911111
900 0.865556
900 0.888889
900 0.898889
900 0.957778
900 0.905556
900 0.94
900 0.707778
900 0.865556
900 0.911111
900 0.874444
900 0.914444
900 0.918889
900 0.902222
900 0.914444
900 0.921111
900 0.932222
900 0.961111
900 0.93
900 0.83
900 0.836667
900 0.984444
900 0.914444
900 0.902222
900 0.967778
900 0.972222
900 0.92
900 0.927778
900 0.915556
900 0.923333
900 0.943333
900 0.814444
900 0.915556
900 0.9
900 0.917778
900 0.945556
900 0.993333
900 0.957778
900 0.905556
900 0.94
900 0.91
900 0.904444
950 0.950526
950 0.944211
950 0.882105
950 0.910526
950 0.917895
950 0.966316
950 0.847368
950 0.933684
950 0.907368
950 0.887368
950 0.890526
950 0.947368
950 0.902105
950 0.961053
950 0.945263
950 0.887368
950 0.92
950 0.908421
950 0.957895
950 0.956842
950 0.869474
950 0.867368
950 0.932632
950 0.916842
950 0.947368
950 0.907368
950 0.94
950 0.948421
950 0.954737
950 0.941053
950 0.936842
950 0.930526
950 0.986316
950 0.926316
950 0.941053
950 0.875789
950 0.952632
950 0.809474
950 0.966316
950 0.895789
950 0.936842
950 0.954737
950 0.887368
950 0.949474
950 0.953684
950 0.906316
950 0.922105
950 0.961053
950 0.931579
950 0.988421
950 0.894737
950 0.893684
950 0.924211
950 0.946316
950 0.770526
950 0.908421
950 0.924211
950 0.941053
950 0.96
950 0.94
950 0.878947
950 0.922105
950 0.894737
950 0.968421
950 0.98
950 0.925263
950 0.964211
950 0.92
950 0.906316
950 0.906316
950 0.878947
950 0.882105
950 0.952632
950 0.96
950 0.955789
1000 0.974
1000 0.816
1000 0.927
1000 0.893
1000 0.959
1000 0.897
1000 0.691
1000 0.894
1000 0.926
1000 0.804
1000 0.99
1000 0.921
1000 0.939
1000 0.918
1000 0.936
1000 0.925
1000 0.95
1000 0.944
1000 0.908
1000 0.948
1000 0.928
1000 0.896
1000 0.934
1000 0.919
1000 0.983
1000 0.891
1000 0.873
1000 0.932
1000 0.916
1000 0.871
1000 0.936
1000 0.877
1000 0.977
1000 0.94
1000 0.939
1000 0.899
1000 0.853
1000 0.902
1000 0.913
1000 0.959
1000 0.933
1000 0.937
1000 0.957
1000 0.86
1000 0.946
1000 0.944
1000 0.861
1000 0.939
1000 0.965
1000 0.967
1000 0.929
1000 0.935
1000 0.934
1000 0.896
1000 0.965
1000 0.957
1000 0.903
1000 0.95
1000 0.915
1000 0.935
1000 0.922
1000 0.925
1000 0.883
1000 0.95
1000 0.921
1000 0.877
1000 0.96
1000 0.899
1000 0.866
1000 0.946
1000 0.919
1000 0.93
1000 0.949
1000 0.945
1000 0.912
1050 0.955238
1050 0.96
1050 0.949524
1050 0.929524
1050 0.734286
1050 0.977143
1050 0.866667
1050 0.952381
1050 0.882857
1050 0.879048
1050 0.949524
1050 0.911429
1050 0.945714
1050 0.871429
1050 0.917143
1050 0.865714
1050 0.935238
1050 0.915238
1050 0.812381
1050 0.913333
1050 0.910476
1050 0.857143
1050 0.829524
1050 0.901905
1050 0.906667
1050 0.829524
1050 0.893333
1050 0.941905
1050 0.938095
1050 0.913333
1050 0.91619
1050 0.94381
1050 0.877143
1050 0.901905
1050 0.942857
1050 0.87619
1050 0.991429
1050 0.906667
1050 0.900952
1050 0.919048
1050 0.868571
1050 0.885714
1050 0.765714
1050 0.882857
1050 0.911429
1050 0.917143
1050 0.953333
1050 0.915238
1050 0.891429
1050 0.932381
1050 0.886667
1050 0.966667
1050 0.934286
1050 0.879048
1050 0.933333
1050 0.970476
1050 0.964762
1050 0.958095
1050 0.978095
1050 0.897143
1050 0.855238
1050 0.909524
1050 0.966667
1050 0.857143
1050 0.899048
1050 0.844762
1050 0.94
1050 0.912381
1050 0.87619
1050 0.926667
1050 0.920952
1050 0.908571
1050 0.954286
1050 0.874286
1050 0.930476
1100 0.920909
1100 0.977273
1100 0.952727
1100 0.905455
1100 0.948182
1100 0.911818
1100 0.906364
1100 0.971818
1100 0.946364
1100 0.944545
1100 0.958182
1100 0.929091
1100 0.934545
1100 0.894545
1100 0.986364
1100 0.948182
1100 0.943636
1100 0.976364
1100 0.967273
1100 0.974545
1100 0.932727
1100 0.862727
1100 0.979091
1100 0.915455
1100 0.822727
1100 0.821818
1100 0.896364
1100 0.975455
1100 0.965455
1100 0.864545
1100 0.904545
1100 0.872727
1100 0.850909
1100 0.925455
1100 0.939091
1100 0.900909
1100 0.92
1100 0.958182
1100 0.919091
1100 0.908182
1100 0.917273
1100 0.9
1100 0.952727
1100 0.930909
1100 0.933636
1100 0.962727
1100 0.94
1100 0.95
1100 0.947273
1100 0.958182
1100 0.873636
1100 0.971818
1100 0.948182
1100 0.750909
1100 0.865455
1100 0.969091
1100 0.827273
1100 0.885455
1100 0.92
1100 0.944545
1100 0.927273
1100 0.959091
1100 0.889091
1100 0.885455
1100 0.966364
1100 0.904545
1100 0.945455
1100 0.952727
1100 0.905455
1100 0.904545
1100 0.899091
1100 0.966364
1100 0.915455
1100 0.92
1100 0.810909
1150 0.89913
1150 0.834783
1150 0.906957
1150 0.933043
1150 0.931304
1150 0.886957
1150 0.94087
1150 0.90087
1150 0.944348
1150 0.856522
1150 0.956522
1150 0.910435
1150 0.904348
1150 0.973043
1150 0.928696
1150 0.950435
1150 0.925217
1150 0.895652
1150 0.955652
1150 0.952174
1150 0.951304
1150 0.924348
1150 0.956522
1150 0.976522
1150 0.898261
1150 0.928696
1150 0.950435
1150 0.908696
1150 0.904348
1150 0.925217
1150 0.903478
1150 0.941739
1150 0.954783
1150 0.926087
1150 0.928696
1150 0.965217
1150 0.896522
1150 0.873043
1150 0.947826
1150 0.944348
1150 0.898261
1150 0.913913
1150 0.930435
1150 0.944348
1150 0.964348
1150 0.803478
1150 0.94
1150 0.913043
1150 0.864348
1150 0.881739
1150 0.955652
1150 0.890435
1150 0.958261
1150 0.886957
1150 0.930435
1150 0.911304
1150 0.914783
1150 0.887826
1150 0.910435
1150 0.934783
1150 0.936522
1150 0.906087
1150 0.95913
1150 0.922609
1150 0.928696
1150 0.907826
1150 0.934783
1150 0.910435
1150 0.955652
1150 0.913913
1150 0.916522
1150 0.94
1150 0.896522
1150 0.872174
1150 0.889565
1200 0.940833
1200 0.860833
1200 0.944167
1200 0.973333
1200 0.903333
1200 0.888333
1200 0.939167
1200 0.849167
1200 0.905833
1200 0.9575
1200 0.928333
1200 0.963333
1200 0.961667
1200 0.893333
1200 0.970833
1200 0.911667
1200 0.936667
1200 0.855833
1200 0.961667
1200 0.89
1200 0.935
1200 0.904167
1200 0.9675
1200 0.930833
1200 0.91
1200 0.795833
1200 0.900833
1200 0.879167
1200 0.855
1200 0.943333
1200 0.890833
1200 0.919167
1200 0.944167
1200 0.898333
1200 0.92
1200 0.885
1200 0.950833
1200 0.895
1200 0.941667
1200 0.8825
1200 0.955833
1200 0.726667
1200 0.9275
1200 0.939167
1200 0.9325
1200 0.96
1200 0.925833
1200 0.945
1200 0.9775
1200 0.954167
1200 0.966667
1200 0.875833
1200 0.99
1200 0.950833
1200 0.981667
1200 0.929167
1200 0.865833
1200 0.963333
1200 0.91
1200 0.879167
1200 0.953333
1200 0.883333
1200 0.970833
1200 0.916667
1200 0.909167
1200 0.928333
1200 0.9675
1200 0.916667
1200 0.980833
1200 0.913333
1200 0.943333
1200 0.9575
1200 0.926667
1200 0.954167
1200 0.924167
1250 0.9128
1250 0.9424
1250 0.948
1250 0.8744
1250 0.9304
1250 0.8896
1250 0.832
1250 0.9424
1250 0.916
1250 0.8736
1250 0.8712
1250 0.968
1250 0.932
1250 0.8856
1250 0.9
1250 0.9256
1250 0.928
1250 0.916
1250 0.956
1250 0.9216
1250 0.9304
1250 0.9064
1250 0.9328
1250 0.8904
1250 0.9552
1250 0.908
1250 0.9224
1250 0.8384
1250 0.9256
1250 0.9016
1250 0.9952
1250 0.912
1250 0.9272
1250 0.9104
1250 0.9472
1250 0.9696
1250 0.8816
1250 0.8736
1250 0.94
1250 0.8776
1250 0.8816
1250 0.8912
1250 0.9144
1250 0.9496
1250 0.9256
1250 0.9184
1250 0.9424
1250 0.9672
1250 0.9168
1250 0.9024
1250 0.884
1250 0.936
1250 0.8896
1250 0.9472
1250 0.9056
1250 0.9688
1250 0.904
1250 0.9352
1250 0.9264
1250 0.9536
1250 0.96
1250 0.908
1250 0.9208
1250 0.9736
1250 0.8888
1250 0.8888
1250 0.928
1250 0.9248
1250 0.9088
1250 0.9576
1250 0.9192
1250 0.9632
1250 0.8992
1250 0.9352
1250 0.9784
1300 0.803846
1300 0.966154
1300 0.956154
1300 0.894615
1300 0.933846
1300 0.937692
1300 0.949231
1300 0.916154
1300 0.897692
1300 0.858462
1300 0.924615
1300 0.976923
1300 0.909231
1300 0.920769
1300 0.898462
1300 0.9
1300 0.889231
1300 0.909231
1300 0.92
1300 0.943077
1300 0.957692
1300 0.908462
1300 0.758462
1300 0.930769
1300 0.94
1300 0.956154
1300 0.933077
1300 0.937692
1300 0.936154
1300 0.855385
1300 0.956923
1300 0.946154
1300 0.904615
1300 0.957692
1300 0.974615
1300 0.929231
1300 0.942308
1300 0.897692
1300 0.868462
1300 0.950769
1300 0.916154
1300 0.963077
1300 0.913077
1300 0.930769
1300 0.859231
1300 0.978462
1300 0.937692
1300 0.926154
1300 0.879231
1300 0.871538
1300 0.940769
1300 0.936154
1300 0.918462
1300 0.987692
1300 0.901538
1300 0.926154
1300 0.931538
1300 0.927692
1300 0.862308
1300 0.944615
1300 0.897692
1300 0.946923
1300 0.903077
1300 0.901538
1300 0.923846
1300 0.891538
1300 0.872308
1300 0.903077
1300 0.89
1300 0.911538
1300 0.949231
1300 0.815385
1300 0.946154
1300 0.897692
1300 0.963077
1350 0.892593
1350 0.960741
1350 0.965926
1350 0.936296
1350 0.899259
1350 0.885926
1350 0.951111
1350 0.925185
1350 0.891111
1350 0.897778
1350 0.934815
1350 0.977778
1350 0.945185
1350 0.92
1350 0.957037
1350 0.952593
1350 0.9
1350 0.873333
1350 0.883704
1350 0.954815
1350 0.813333
1350 0.92963
1350 0.923704
1350 0.945926
1350 0.948889
1350 0.928889
1350 0.874074
1350 0.982222
1350 0.907407
1350 0.877037
1350 0.891852
1350 0.94
1350 0.934074
1350 0.973333
1350 0.932593
1350 0.972593
1350 0.925185
1350 0.926667
1350 0.897037
1350 0.943704
1350 0.878519
1350 0.882963
1350 0.917778
1350 0.922963
1350 0.954815
1350 0.966667
1350 0.88
1350 0.903704
1350 0.947407
1350 0.82
1350 0.948889
1350 0.937778
1350 0.931111
1350 0.935556
1350 0.91037
1350 0.948889
1350 0.975556
1350 0.939259
1350 0.914074
1350 0.921481
1350 0.905926
1350 0.906667
1350 0.914074
1350 0.839259
1350 0.971111
1350 0.924444
1350 0.877778
1350 0.945185
1350 0.91037
1350 0.883704
1350 0.97037
1350 0.925926
1350 0.923704
1350 0.988148
1350 0.956296
1400 0.959286
1400 0.933571
1400 0.905714
1400 0.941429
1400 0.934286
1400 0.933571
1400 0.945
1400 0.923571
1400 0.895
1400 0.918571
1400 0.867857
1400 0.947857
1400 0.934286
1400 0.863571
1400 0.917143
1400 0.827143
1400 0.925
1400 0.926429
1400 0.888571
1400 0.955714
1400 0.935
1400 0.865714
1400 0.894286
1400 0.930714
1400 0.938571
1400 0.887857
1400 0.938571
1400 0.891429
1400 0.947857
1400 0.956429
1400 0.915
1400 0.932143
1400 0.942143
1400 0.88
1400 0.885714
1400 0.967143
1400 0.960714
1400 0.957857
1400 0.96
1400 0.932143
1400 0.955
1400 0.94
1400 0.919286
1400 0.928571
1400 0.965
1400 0.903571
1400 0.919286
1400 0.935
1400 0.84
1400 0.908571
1400 0.960714
1400 0.885714
1400 0.855
1400 0.926429
1400 0.918571
1400 0.955714
1400 0.952143
1400 0.942857
1400 0.916429
1400 0.946429
1400 0.974286
1400 0.885714
1400 0.890714
1400 0.905714
1400 0.860714
1400 0.932857
1400 0.934286
1400 0.96
1400 0.962143
1400 0.93
1400 0.913571
1400 0.916429
1400 0.871429
1400 0.905714
1400 0.91
1450 0.961379
1450 0.947586
1450 0.923448
1450 0.946897
1450 0.930345
1450 0.964138
1450 0.906207
1450 0.827586
1450 0.955172
1450 0.955862
1450 0.928966
1450 0.877241
1450 0.893103
1450 0.893793
1450 0.944138
1450 0.950345
1450 0.918621
1450 0.882069
1450 0.942069
1450 0.894483
1450 0.964138
1450 0.808276
1450 0.828966
1450 0.928966
1450 0.942759
1450 0.935172
1450 0.94
1450 0.909655
1450 0.913793
1450 0.937241
1450 0.937241
1450 0.963448
1450 0.949655
1450 0.927586
1450 0.953103
1450 0.929655
1450 0.865517
1450 0.958621
1450 0.837241
1450 0.886207
1450 0.934483
1450 0.946207
1450 0.912414
1450 0.92
1450 0.924138
1450 0.956552
1450 0.903448
1450 0.956552
1450 0.913103
1450 0.949655
1450 0.891034
1450 0.942759
1450 0.924138
1450 0.911034
1450 0.948966
1450 0.915862
1450 0.929655
1450 0.874483
1450 0.951724
1450 0.884138
1450 0.918621
1450 0.921379
1450 0.966207
1450 0.929655
1450 0.916552
1450 0.942069
1450 0.953793
1450 0.954483
1450 0.882759
1450 0.964138
1450 0.964828
1450 0.948966
1450 0.931724
1450 0.937931
1450 0.957241
1500 0.936667
1500 0.953333
1500 0.936667
1500 0.9
1500 0.928667
1500 0.928667
1500 0.953333
1500 0.875333
1500 0.863333
1500 0.89
1500 0.727333
1500 0.987333
1500 0.902
1500 0.904667
1500 0.896667
1500 0.976667
1500 0.916
1500 0.913333
1500 0.94
1500 0.920667
1500 0.951333
1500 0.94
1500 0.902667
1500 0.93
1500 0.874
1500 0.933333
1500 0.81
1500 0.927333
1500 0.908
1500 0.85
1500 0.92
1500 0.960667
1500 0.937333
1500 0.936
1500 0.917333
1500 0.964667
1500 0.905333
1500 0.86
1500 0.915333
1500 0.915333
1500 0.968667
1500 0.879333
1500 0.891333
1500 0.857333
1500 0.938
1500 0.965333
1500 0.958
1500 0.948
1500 0.866
1500 0.955333
1500 0.928667
1500 0.904
1500 0.909333
1500 0.898667
1500 0.946667
1500 0.984667
1500 0.97
1500 0.936667
1500 0.964
1500 0.911333
1500 0.895333
1500 0.779333
1500 0.971333
1500 0.906
1500 0.892667
1500 0.949333
1500 0.892
1500 0.978
1500 0.91
1500 0.949333
1500 0.924
1500 0.948
1500 0.944
1500 0.870667
1500 0.864
1550 0.974194
1550 0.910968
1550 0.989032
1550 0.900645
1550 0.885161
1550 0.918065
1550 0.910323
1550 0.892258
1550 0.928387
1550 0.674194
1550 0.994194
1550 0.880645
1550 0.952903
1550 0.90129
1550 0.963871
1550 0.905161
1550 0.909677
1550 0.944516
1550 0.932903
1550 0.943871
1550 0.895484
1550 0.912903
1550 0.894194
1550 0.934839
1550 0.876774
1550 0.952903
1550 0.926452
1550 0.890323
1550 0.962581
1550 0.939355
1550 0.92129
1550 0.954194
1550 0.92129
1550 0.936129
1550 0.958065
1550 0.930323
1550 0.9
1550 0.91871
1550 0.92
1550 0.874194
1550 0.840645
1550 0.873548
1550 0.881935
1550 0.884516
1550 0.938065
1550 0.953548
1550 0.961935
1550 0.958065
1550 0.872258
1550 0.951613
1550 0.887097
1550 0.930968
1550 0.944516
1550 0.968387
1550 0.965806
1550 0.960645
1550 0.946452
1550 0.924516
1550 0.951613
1550 0.845806
1550 0.952258
1550 0.927097
1550 0.930968
1550 0.982581
1550 0.924516
1550 0.952258
1550 0.976774
1550 0.90129
1550 0.878065
1550 0.903226
1550 0.916129
1550 0.956774
1550 0.89871
1550 0.929032
1550 0.972903
1600 0.895625
1600 0.98375
1600 0.885
1600 0.93125
1600 0.9725
1600 0.88375
1600 0.95625
1600 0.928125
1600 0.95125
1600 0.986875
1600 0.92
1600 0.96
1600 0.895
1600 0.9375
1600 0.95625
1600 0.95875
1600 0.924375
1600 0.91625
1600 0.9125
1600 0.951875
1600 0.930625
1600 0.94875
1600 0.950625
1600 0.971875
1600 0.90625
1600 0.924375
1600 0.89375
1600 0.919375
1600 0.945
1600 0.918125
1600 0.97375
1600 0.92125
1600 0.910625
1600 0.894375
1600 0.9325
1600 0.926875
1600 0.949375
1600 0.95625
1600 0.914375
1600 0.96375
1600 0.9125
1600 0.92875
1600 0.940625
1600 0.96875
1600 0.955
1600 0.918125
1600 0.84875
1600 0.9825
1600 0.93375
1600 0.85
1600 0.95125
1600 0.975625
1600 0.915
1600 0.8425
1600 0.920625
1600 0.948125
1600 0.9625
1600 0.920625
1600 0.88375
1600 0.911875
1600 0.936875
1600 0.895625
1600 0.885625
1600 0.959375
1600 0.88125
1600 0.91125
1600 0.916875
1600 0.935
1600 0.88625
1600 0.934375
1600 0.956875
1600 0.851875
1600 0.83375
1600 0.930625
1600 0.85375
1650 0.973333
1650 0.937576
1650 0.932727
1650 0.929091
1650 0.93697
1650 0.878788
1650 0.920606
1650 0.96
1650 0.948485
1650 0.958788
1650 0.911515
1650 0.886667
1650 0.949697
1650 0.92303
1650 0.967273
1650 0.909091
1650 0.966061
1650 0.9
1650 0.934545
1650 0.910303
1650 0.812121
1650 0.930909
1650 0.882424
1650 0.954545
1650 0.96
1650 0.837576
1650 0.895758
1650 0.942424
1650 0.958182
1650 0.9
1650 0.94303
1650 0.963636
1650 0.872727
1650 0.949091
1650 0.847273
1650 0.975152
1650 0.991515
1650 0.875152
1650 0.86303
1650 0.958788
1650 0.92303
1650 0.913939
1650 0.949091
1650 0.94303
1650 0.931515
1650 0.94303
1650 0.959394
1650 0.88
1650 0.882424
1650 0.892727
1650 0.921212
1650 0.909697
1650 0.951515
1650 0.927879
1650 0.986667
1650 0.864242
1650 0.889091
1650 0.970909
1650 0.916364
1650 0.970909
1650 0.931515
1650 0.930303
1650 0.863636
1650 0.924848
1650 0.951515
1650 0.813333
1650 0.945455
1650 0.926667
1650 0.951515
1650 0.93697
1650 0.81697
1650 0.91697
1650 0.982424
1650 0.834545
1650 0.927879
1700 0.922353
1700 0.901176
1700 0.937059
1700 0.944118
1700 0.944118
1700 0.986471
1700 0.902941
1700 0.92
1700 0.888235
1700 0.912941
1700 0.934706
1700 0.897059
1700 0.908824
1700 0.982941
1700 0.956471
1700 0.970588
1700 0.888824
1700 0.902941
1700 0.906471
1700 0.907647
1700 0.971765
1700 0.986471
1700 0.955882
1700 0.906471
1700 0.887059
1700 0.927647
1700 0.960588
1700 0.907647
1700 0.865882
1700 0.924118
1700 0.970588
1700 0.925294
1700 0.937059
1700 0.894118
1700 0.961765
1700 0.927059
1700 0.870588
1700 0.923529
1700 0.850588
1700 0.955294
1700 0.923529
1700 0.905882
1700 0.963529
1700 0.875294
1700 0.873529
1700 0.839412
1700 0.901176
1700 0.903529
1700 0.947059
1700 0.939412
1700 0.939412
1700 0.923529
1700 0.944706
1700 0.920588
1700 0.952353
1700 0.924706
1700 0.957059
1700 0.92
1700 0.921176
1700 0.871765
1700 0.878824
1700 0.867059
1700 0.895294
1700 0.931765
1700 0.947059
1700 0.915882
1700 0.835294
1700 0.955294
1700 0.962941
1700 0.900588
1700 0.904118
1700 0.984118
1700 0.942353
1700 0.968235
1700 0.901765
1750 0.914857
1750 0.926857
1750 0.844571
1750 0.898857
1750 0.910286
1750 0.894857
1750 0.902857
1750 0.96
1750 0.914286
1750 0.985143
1750 0.892571
1750 0.901714
1750 0.898857
1750 0.936571
1750 0.873714
1750 0.935429
1750 0.948
1750 0.929143
1750 0.874857
1750 0.884
1750 0.814286
1750 0.940571
1750 0.917714
1750 0.886286
1750 0.828
1750 0.926857
1750 0.950286
1750 0.969143
1750 0.855429
1750 0.909143
1750 0.907429
1750 0.908
1750 0.897714
1750 0.897714
1750 0.919429
1750 0.946286
1750 0.945714
1750 0.908
1750 0.843429
1750 0.957143
1750 0.977714
1750 0.882286
1750 0.918286
1750 0.857714
1750 0.920571
1750 0.929714
1750 0.909714
1750 0.899429
1750 0.887429
1750 0.930286
1750 0.917714
1750 0.986286
1750 0.890857
1750 0.949714
1750 0.977714
1750 0.933714
1750 0.933714
1750 0.911429
1750 0.935429
1750 0.968
1750 0.946286
1750 0.96
1750 0.947429
1750 0.956571
1750 0.912
1750 0.972571
1750 0.939429
1750 0.933714
1750 0.923429
1750 0.978857
1750 0.541143
1750 0.936571
1750 0.918286
1750 0.928
1750 0.924571
1800 0.940556
1800 0.896667
1800 0.927222
1800 0.954444
1800 0.927222
1800 0.932222
1800 0.87
1800 0.976111
1800 0.921111
1800 0.847222
1800 0.951667
1800 0.941667
1800 0.926111
1800 0.907222
1800 0.936111
1800 0.933889
1800 0.932778
1800 0.930556
1800 0.963333
1800 0.952222
1800 0.883889
1800 0.924444
1800 0.923333
1800 0.936667
1800 0.922222
1800 0.920556
1800 0.916111
1800 0.916667
1800 0.944444
1800 0.911111
1800 0.978889
1800 0.888889
1800 0.910556
1800 0.901667
1800 0.956667
1800 0.944444
1800 0.924444
1800 0.863889
1800 0.973889
1800 0.935
1800 0.974444
1800 0.949444
1800 0.867778
1800 0.992222
1800 0.923889
1800 0.93
1800 0.953889
1800 0.952222
1800 0.974444
1800 0.934444
1800 0.928889
1800 0.878889
1800 0.836667
1800 0.94
1800 0.910556
1800 0.953889
1800 0.923333
1800 0.891667
1800 0.972778
1800 0.971111
1800 0.982778
1800 0.927778
1800 0.898889
1800 0.943889
1800 0.920556
1800 0.932222
1800 0.951111
1800 0.938333
1800 0.918333
1800 0.956667
1800 0.943889
1800 0.89
1800 0.913889
1800 0.899444
1800 0.949444
1850 0.869189
1850 0.959459
1850 0.965946
1850 0.947568
1850 0.961622
1850 0.967027
1850 0.963784
1850 0.910811
1850 0.976216
1850 0.904324
1850 0.922703
1850 0.933514
1850 0.965405
1850 0.917838
1850 0.942162
1850 0.95027
1850 0.967027
1850 0.875676
1850 0.948649
1850 0.837297
1850 0.956757
1850 0.916216
1850 0.938378
1850 0.880541
1850 0.92
1850 0.94973
1850 0.962703
1850 0.921622
1850 0.9
1850 0.964324
1850 0.953514
1850 0.886486
1850 0.854054
1850 0.951351
1850 0.867568
1850 0.855135
1850 0.938919
1850 0.903243
1850 0.95027
1850 0.954595
1850 0.895135
1850 0.915676
1850 0.878919
1850 0.963784
1850 0.88973
1850 0.985946
1850 0.958919
1850 0.878919
1850 0.941081
1850 0.927027
1850 0.877297
1850 0.896216
1850 0.927568
1850 0.963243
1850 0.874054
1850 0.96973
1850 0.905405
1850 0.954595
1850 0.961622
1850 0.977838
1850 0.962162
1850 0.935135
1850 0.895676
1850 0.954595
1850 0.927027
1850 0.925946
1850 0.932973
1850 0.954054
1850 0.896757
1850 0.944865
1850 0.940541
1850 0.941081
1850 0.974595
1850 0.901622
1850 0.932432
1900 0.936842
1900 0.904211
1900 0.953684
1900 0.947368
1900 0.961579
1900 0.896316
1900 0.903158
1900 0.868947
1900 0.940526
1900 0.923158
1900 0.936842
1900 0.858947
1900 0.927368
1900 0.887895
1900 0.885263
1900 0.958947
1900 0.836842
1900 0.915263
1900 0.890526
1900 0.907368
1900 0.922632
1900 0.868947
1900 0.967368
1900 0.883158
1900 0.981053
1900 0.946842
1900 0.940526
1900 0.963158
1900 0.91
1900 0.918947
1900 0.931579
1900 0.93
1900 0.904211
1900 0.944737
1900 0.913684
1900 0.962105
1900 0.97
1900 0.957368
1900 0.961579
1900 0.945789
1900 0.956316
1900 0.994211
1900 0.9
1900 0.909474
1900 0.977895
1900 0.965789
1900 0.902105
1900 0.892105
1900 0.870526
1900 0.952105
1900 0.966316
1900 0.981053
1900 0.936842
1900 0.844737
1900 0.893158
1900 0.874737
1900 0.916842
1900 0.955789
1900 0.919474
1900 0.975789
1900 0.948947
1900 0.937895
1900 0.897895
1900 0.898421
1900 0.873684
1900 0.910526
1900 0.967895
1900 0.894737
1900 0.927368
1900 0.853158
1900 0.922632
1900 0.944211
1900 0.96
1900 0.992105
1900 0.942632
1950 0.935897
1950 0.883077
1950 0.915385
1950 0.920513
1950 0.924103
1950 0.925128
1950 0.933333
1950 0.895385
1950 0.924103
1950 0.985128
1950 0.958974
1950 0.951795
1950 0.916923
1950 0.931795
1950 0.943077
1950 0.952308
1950 0.951282
1950 0.944615
1950 0.958462
1950 0.925641
1950 0.911795
1950 0.875897
1950 0.864103
1950 0.933333
1950 0.904615
1950 0.955385
1950 0.9
1950 0.907692
1950 0.882051
1950 0.906154
1950 0.935897
1950 0.922051
1950 0.954359
1950 0.951282
1950 0.933846
1950 0.915385
1950 0.920513
1950 0.92359
1950 0.826667
1950 0.868718
1950 0.898462
1950 0.952821
1950 0.981026
1950 0.935897
1950 0.907179
1950 0.889744
1950 0.901538
1950 0.872308
1950 0.894359
1950 0.966667
1950 0.901026
1950 0.970769
1950 0.865641
1950 0.894872
1950 0.96359
1950 0.962051
1950 0.951795
1950 0.981026
1950 0.90359
1950 0.911282
1950 0.910256
1950 0.909744
1950 0.96359
1950 0.911795
1950 0.900513
1950 0.91641
1950 0.933333
1950 0.884615
1950 0.944615
1950 0.941026
1950 0.932308
1950 0.924615
1950 0.96359
1950 0.915897
1950 0.935897
2000 0.876
2000 0.943
2000 0.912
2000 0.8895
2000 0.954
2000 0.87
2000 0.946
2000 0.909
2000 0.953
2000 0.899
2000 0.92
2000 0.867
2000 0.94
2000 0.861
2000 0.9725
2000 0.961
2000 0.9075
2000 0.9555
2000 0.878
2000 0.9375
2000 0.9405
2000 0.886
2000 0.96
2000 0.8965
2000 0.9045
2000 0.95
2000 0.8835
2000 0.886
2000 0.94
2000 0.9035
2000 0.9265
2000 0.9175
2000 0.909
2000 0.9105
2000 0.9535
2000 0.9485
2000 0.956
2000 0.954
2000 0.9395
2000 0.9005
2000 0.885
2000 0.9815
2000 0.923
2000 0.9585
2000 0.9205
2000 0.956
2000 0.8785
2000 0.93
2000 0.958
2000 0.906
2000 0.9765
2000 0.919
2000 0.9955
2000 0.9285
2000 0.975
2000 0.963
2000 0.981
2000 0.9655
2000 0.9285
2000 0.888
2000 0.904
2000 0.968
2000 0.921
2000 0.951
2000 0.8555
2000 0.9
2000 0.9355
2000 0.925
2000 0.973
2000 0.9265
2000 0.901
2000 0.9685
2000 0.972
2000 0.8985
2000 0.8925
