50 0.02
50 0.38
50 0.2
50 0.14
50 0.46
50 0.16
50 0.44
50 0.54
50 0
50 0.32
50 0.08
50 0.32
50 0
50 0.08
50 0.16
50 0.06
50 0.06
50 0.54
50 0.16
50 0.16
50 0.1
50 0.04
50 0.58
50 0
50 0
50 0.42
50 0
50 0.46
50 0.2
50 0.12
50 0
50 0
50 0
50 0.16
50 0.12
50 0
50 0.48
50 0.62
50 0.12
50 0
50 0
50 0.24
50 0
50 0
50 0.14
50 0.44
50 0.2
50 0.42
50 0.24
50 0.36
50 0.52
50 0.08
50 0.18
50 0.02
50 0.62
50 0.24
50 0.42
50 0.12
50 0
50 0.1
50 0.36
50 0.2
50 0
50 0
50 0.4
50 0.3
50 0.16
50 0.02
50 0.5
50 0.14
50 0.08
50 0.26
50 0.24
50 0.6
50 0.14
100 0.22
100 0.07
100 0.16
100 0.22
100 0.6
100 0.61
100 0.42
100 0.31
100 0.66
100 0.36
100 0.32
100 0.1
100 0.41
100 0.07
100 0.55
100 0.4
100 0.39
100 0.38
100 0.38
100 0.7
100 0
100 0.33
100 0.5
100 0.54
100 0.4
100 0.24
100 0.1
100 0.35
100 0.53
100 0.25
100 0.55
100 0.45
100 0.24
100 0.64
100 0.81
100 0.43
100 0.53
100 0.36
100 0.04
100 0.48
100 0.58
100 0.09
100 0.3
100 0.57
100 0.75
100 0.51
100 0.35
100 0
100 0.65
100 0.42
100 0.12
100 0.41
100 0.38
100 0.37
100 0.51
100 0.23
100 0.82
100 0.13
100 0.61
100 0.71
100 0.59
100 0.52
100 0.47
100 0.4
100 0.52
100 0.11
100 0.53
100 0.59
100 0.2
100 0.58
100 0.31
100 0.47
100 0.43
100 0.02
100 0.07
150 0.54
150 0.52
150 0.653333
150 0.606667
150 0.76
150 0.426667
150 0.54
150 0.56
150 0.74
150 0.0266667
150 0.746667
150 0.493333
150 0.38
150 0.56
150 0.52
150 0.666667
150 0.566667
150 0.353333
150 0.633333
150 0.426667
150 0.193333
150 0.22
150 0.426667
150 0.12
150 0.72
150 0.473333
150 0.306667
150 0.333333
150 0.273333
150 0.686667
150 0.72
150 0.46
150 0.633333
150 0.566667
150 0.466667
150 0.486667
150 0.453333
150 0.526667
150 0.686667
150 0.34
150 0.433333
150 0.0666667
150 0.326667
150 0.493333
150 0.273333
150 0.573333
150 0.693333
150 0.2
150 0.7
150 0.253333
150 0.56
150 0.413333
150 0.726667
150 0.613333
150 0.553333
150 0.653333
150 0.506667
150 0.56
150 0.233333
150 0.533333
150 0.78
150 0.56
150 0.58
150 0.4
150 0.426667
150 0.52
150 0.0666667
150 0.36
150 0.693333
150 0.406667
150 0.753333
150 0.36
150 0.58
150 0.346667
150 0.0333333
200 0.615
200 0.435
200 0.58
200 0.575
200 0.16
200 0.71
200 0.685
200 0.6
200 0.42
200 0.66
200 0.65
200 0.39
200 0.735
200 0.78
200 0.37
200 0.48
200 0.395
200 0.65
200 0.67
200 0.325
200 0.665
200 0.53
200 0.245
200 0.515
200 0.665
200 0.61
200 0.64
200 0.515
200 0.595
200 0.505
200 0.53
200 0.64
200 0.685
200 0.455
200 0.445
200 0.775
200 0.22
200 0.72
200 0.535
200 0.465
200 0.73
200 0.595
200 0.24
200 0.535
200 0.525
200 0.615
200 0.545
200 0.41
200 0.8
200 0.33
200 0.205
200 0.67
200 0.395
200 0.71
200 0.505
200 0.405
200 0.475
200 0.47
200 0.735
200 0.55
200 0.115
200 0.675
200 0.63
200 0.74
200 0.64
200 0.61
200 0.55
200 0.6
200 0.545
200 0.845
200 0.675
200 0.62
200 0.6
200 0.53
200 0.59
250 0.548
250 0.592
250 0.508
250 0.536
250 0.792
250 0.544
250 0.576
250 0.656
250 0.444
250 0.58
250 0.8
250 0.192
250 0.724
250 0.5
250 0.484
250 0.664
250 0.636
250 0.48
250 0.568
250 0.604
250 0.816
250 0.452
250 0.4
250 0.32
250 0.812
250 0.728
250 0.596
250 0.664
250 0.436
250 0.536
250 0.58
250 0.748
250 0.46
250 0.652
250 0.5
250 0.604
250 0.42
250 0.66
250 0.308
250 0.628
250 0.488
250 0.604
250 0.4
250 0.68
250 0.408
250 0.736
250 0.836
250 0.536
250 0.768
250 0.568
250 0.688
250 0.268
250 0.364
250 0.424
250 0.468
250 0.844
250 0.82
250 0.376
250 0.796
250 0.54
250 0.54
250 0.792
250 0.576
250 0.792
250 0.584
250 0.424
250 0.64
250 0.812
250 0.8
250 0.824
250 0.568
250 0.428
250 0.692
250 0.044
250 0.58
300 0.653333
300 0.446667
300 0.643333
300 0.683333
300 0.35
300 0.37
300 0.546667
300 0.33
300 0.67
300 0.82
300 0.563333
300 0.186667
300 0.636667
300 0.753333
300 0.61
300 0.396667
300 0.766667
300 0.656667
300 0.463333
300 0.446667
300 0.513333
300 0.313333
300 0.67
300 0.726667
300 0.596667
300 0.48
300 0.553333
300 0.613333
300 0.606667
300 0.5
300 0.676667
300 0.603333
300 0.533333
300 0.56
300 0.68
300 0.823333
300 0.506667
300 0.703333
300 0.233333
300 0.836667
300 0.56
300 0.586667
300 0.766667
300 0.656667
300 0.393333
300 0.446667
300 0.676667
300 0.643333
300 0.306667
300 0.696667
300 0.633333
300 0.44
300 0.44
300 0.466667
300 0.456667
300 0.513333
300 0.616667
300 0.64
300 0.666667
300 0.716667
300 0.68
300 0.733333
300 0.47
300 0.7
300 0.563333
300 0.486667
300 0.44
300 0.576667
300 0.6
300 0.613333
300 0.603333
300 0.583333
300 0.503333
300 0.76
300 0.816667
350 0.74
350 0.714286
350 0.685714
350 0.631429
350 0.72
350 0.442857
350 0.651429
350 0.454286
350 0.757143
350 0.617143
350 0.728571
350 0.665714
350 0.708571
350 0.477143
350 0.814286
350 0.591429
350 0.662857
350 0.711429
350 0.414286
350 0.517143
350 0.745714
350 0.76
350 0.565714
350 0.754286
350 0.757143
350 0.771429
350 0.825714
350 0.471429
350 0.662857
350 0.585714
350 0.405714
350 0.791429
350 0.305714
350 0.625714
350 0.68
350 0.494286
350 0.42
350 0.265714
350 0.808571
350 0.751429
350 0.602857
350 0.685714
350 0.674286
350 0.734286
350 0.502857
350 0.58
350 0.622857
350 0.522857
350 0.542857
350 0.78
350 0.74
350 0.351429
350 0.708571
350 0.634286
350 0.545714
350 0.38
350 0.622857
350 0.608571
350 0.734286
350 0.645714
350 0.7
350 0.625714
350 0.765714
350 0.634286
350 0.431429
350 0.594286
350 0.614286
350 0.785714
350 0.728571
350 0.58
350 0.551429
350 0.788571
350 0.534286
350 0.694286
350 0.842857
400 0.64
400 0.6225
400 0.735
400 0.6625
400 0.6475
400 0.67
400 0.6125
400 0.4325
400 0.7725
400 0.2725
400 0.7425
400 0.74
400 0.68
400 0.32
400 0.655
400 0.6325
400 0.75
400 0.265
400 0.7325
400 0.64
400 0.7175
400 0.7575
400 0.7975
400 0.615
400 0.715
400 0.6175
400 0.635
400 0.56
400 0.6875
400 0.8325
400 0.735
400 0.6625
400 0.75
400 0.725
400 0.7225
400 0.6325
400 0.6375
400 0.5975
400 0.775
400 0.765
400 0.725
400 0.4425
400 0.6125
400 0.69
400 0.4725
400 0.5625
400 0.375
400 0.1925
400 0.785
400 0.7725
400 0.66
400 0.71
400 0.76
400 0.51
400 0.835
400 0.505
400 0.5775
400 0.6275
400 0.49
400 0.7625
400 0.74
400 0.74
400 0.675
400 0.8075
400 0.5175
400 0.6325
400 0.66
400 0.54
400 0.6625
400 0.6325
400 0.775
400 0.7925
400 0.775
400 0.735
400 0.6025
450 0.768889
450 0.553333
450 0.5
450 0.575556
450 0.377778
450 0.38
450 0.826667
450 0.386667
450 0.886667
450 0.693333
450 0.711111
450 0.673333
450 0.748889
450 0.684444
450 0.7
450 0.566667
450 0.644444
450 0.664444
450 0.677778
450 0.726667
450 0.693333
450 0.437778
450 0.526667
450 0.642222
450 0.635556
450 0.482222
450 0.762222
450 0.624444
450 0.66
450 0.184444
450 0.788889
450 0.58
450 0.38
450 0.46
450 0.735556
450 0.551111
450 0.837778
450 0.686667
450 0.637778
450 0.715556
450 0.766667
450 0.653333
450 0.602222
450 0.68
450 0.784444
450 0.582222
450 0.784444
450 0.777778
450 0.82
450 0.751111
450 0.671111
450 0.617778
450 0.751111
450 0.522222
450 0.533333
450 0.642222
450 0.484444
450 0.553333
450 0.764444
450 0.851111
450 0.613333
450 0.5
450 0.797778
450 0.768889
450 0.515556
450 0.511111
450 0.575556
450 0.622222
450 0.475556
450 0.726667
450 0.851111
450 0.473333
450 0.477778
450 0.775556
450 0.542222
500 0.574
500 0.902
500 0.448
500 0.556
500 0.73
500 0.812
500 0.704
500 0.718
500 0.58
500 0.718
500 0.39
500 0.558
500 0.658
500 0.828
500 0.742
500 0.588
500 0.686
500 0.69
500 0.764
500 0.692
500 0.632
500 0.63
500 0.724
500 0.748
500 0.364
500 0.49
500 0.77
500 0.36
500 0.788
500 0.736
500 0.64
500 0.76
500 0.646
500 0.83
500 0.72
500 0.488
500 0.538
500 0.782
500 0.44
500 0.718
500 0.506
500 0.678
500 0.684
500 0.75
500 0.756
500 0.402
500 0.56
500 0.48
500 0.804
500 0.608
500 0.512
500 0.632
500 0.792
500 0.57
500 0.596
500 0.748
500 0.756
500 0.546
500 0.76
500 0.726
500 0.436
500 0.472
500 0.696
500 0.458
500 0.722
500 0.362
500 0.704
500 0.656
500 0.648
500 0.55
500 0.408
500 0.626
500 0.632
500 0.686
500 0.766
550 0.667273
550 0.221818
550 0.747273
550 0.692727
550 0.654545
550 0.892727
550 0.830909
550 0.710909
550 0.472727
550 0.512727
550 0.636364
550 0.574545
550 0.581818
550 0.58
550 0.725455
550 0.623636
550 0.441818
550 0.62
550 0.487273
550 0.427273
550 0.656364
550 0.245455
550 0.472727
550 0.625455
550 0.672727
550 0.66
550 0.832727
550 0.718182
550 0.552727
550 0.676364
550 0.536364
550 0.434545
550 0.741818
550 0.112727
550 0.514545
550 0.616364
550 0.687273
550 0.48
550 0.643636
550 0.625455
550 0.563636
550 0.743636
550 0.561818
550 0.734545
550 0.485455
550 0.452727
550 0.369091
550 0.541818
550 0.74
550 0.449091
550 0.761818
550 0.672727
550 0.290909
550 0.530909
550 0.523636
550 0.727273
550 0.845455
550 0.498182
550 0.683636
550 0.649091
550 0.756364
550 0.661818
550 0.538182
550 0.427273
550 0.658182
550 0.669091
550 0.690909
550 0.658182
550 0.618182
550 0.509091
550 0.743636
550 0.714545
550 0.56
550 0.889091
550 0.741818
600 0.313333
600 0.778333
600 0.593333
600 0.526667
600 0.755
600 0.82
600 0.76
600 0.651667
600 0.723333
600 0.673333
600 0.64
600 0.646667
600 0.643333
600 0.606667
600 0.601667
600 0.596667
600 0.555
600 0.468333
600 0.703333
600 0.546667
600 0.401667
600 0.783333
600 0.425
600 0.698333
600 0.671667
600 0.785
600 0.555
600 0.796667
600 0.805
600 0.821667
600 0.678333
600 0.61
600 0.593333
600 0.781667
600 0.8
600 0.725
600 0.701667
600 0.471667
600 0.755
600 0.661667
600 0.631667
600 0.705
600 0.683333
600 0.831667
600 0.675
600 0.713333
600 0.423333
600 0.406667
600 0.741667
600 0.806667
600 0.371667
600 0.768333
600 0.68
600 0.563333
600 0.748333
600 0.761667
600 0.426667
600 0.676667
600 0.371667
600 0.681667
600 0.793333
600 0.85
600 0.53
600 0.56
600 0.71
600 0.743333
600 0.758333
600 0.66
600 0.603333
600 0.801667
600 0.855
600 0.7
600 0.61
600 0.825
600 0.656667
650 0.835385
650 0.615385
650 0.432308
650 0.609231
650 0.556923
650 0.726154
650 0.68
650 0.803077
650 0.72
650 0.683077
650 0.387692
650 0.587692
650 0.481538
650 0.618462
650 0.681538
650 0.687692
650 0.787692
650 0.601538
650 0.755385
650 0.74
650 0.664615
650 0.5
650 0.410769
650 0.716923
650 0.824615
650 0.761538
650 0.532308
650 0.712308
650 0.615385
650 0.838462
650 0.735385
650 0.598462
650 0.823077
650 0.818462
650 0.263077
650 0.583077
650 0.364615
650 0.736923
650 0.707692
650 0.738462
650 0.770769
650 0.653846
650 0.778462
650 0.741538
650 0.798462
650 0.596923
650 0.733846
650 0.641538
650 0.778462
650 0.578462
650 0.786154
650 0.658462
650 0.727692
650 0.329231
650 0.764615
650 0.918462
650 0.603077
650 0.553846
650 0.852308
650 0.544615
650 0.776923
650 0.653846
650 0.433846
650 0.775385
650 0.693846
650 0.767692
650 0.736923
650 0.650769
650 0.561538
650 0.575385
650 0.672308
650 0.798462
650 0.778462
650 0.549231
650 0.727692
700 0.78
700 0.688571
700 0.642857
700 0.477143
700 0.797143
700 0.685714
700 0.694286
700 0.644286
700 0.624286
700 0.815714
700 0.775714
700 0.722857
700 0.72
700 0.718571
700 0.67
700 0.627143
700 0.697143
700 0.718571
700 0.432857
700 0.685714
700 0.694286
700 0.831429
700 0.667143
700 0.741429
700 0.568571
700 0.772857
700 0.234286
700 0.734286
700 0.852857
700 0.758571
700 0.75
700 0.78
700 0.644286
700 0.492857
700 0.498571
700 0.705714
700 0.792857
700 0.218571
700 0.501429
700 0.514286
700 0.812857
700 0.52
700 0.71
700 0.724286
700 0.645714
700 0.675714
700 0.482857
700 0.57
700 0.78
700 0.77
700 0.522857
700 0.788571
700 0.597143
700 0.777143
700 0.6
700 0.74
700 0.787143
700 0.764286
700 0.614286
700 0.698571
700 0.58
700 0.705714
700 0.671429
700 0.684286
700 0.398571
700 0.614286
700 0.784286
700 0.715714
700 0.762857
700 0.218571
700 0.504286
700 0.628571
700 0.642857
700 0.681429
700 0.721429
750 0.538667
750 0.814667
750 0.776
750 0.654667
750 0.5
750 0.796
750 0.710667
750 0.641333
750 0.581333
750 0.672
750 0.621333
750 0.688
750 0.390667
750 0.562667
750 0.706667
750 0.612
750 0.58
750 0.722667
750 0.529333
750 0.386667
750 0.581333
750 0.714667
750 0.745333
750 0.481333
750 0.822667
750 0.82
750 0.569333
750 0.396
750 0.756
750 0.602667
750 0.638667
750 0.796
750 0.652
750 0.525333
750 0.62
750 0.598667
750 0.714667
750 0.444
750 0.642667
750 0.626667
750 0.644
750 0.570667
750 0.768
750 0.704
750 0.72
750 0.521333
750 0.734667
750 0.668
750 0.385333
750 0.697333
750 0.574667
750 0.753333
750 0.732
750 0.750667
750 0.752
750 0.630667
750 0.630667
750 0.701333
750 0.650667
750 0.673333
750 0.538667
750 0.742667
750 0.548
750 0.717333
750 0.64
750 0.476
750 0.376
750 0.742667
750 0.729333
750 0.749333
750 0.628
750 0.857333
750 0.782667
750 0.8
750 0.685333
800 0.575
800 0.74375
800 0.57125
800 0.7
800 0.635
800 0.7125
800 0.67375
800 0.655
800 0.825
800 0.465
800 0.61625
800 0.735
800 0.69
800 0.68125
800 0.7875
800 0.62
800 0.78375
800 0.72875
800 0.73875
800 0.56875
800 0.5925
800 0.6125
800 0.4175
800 0.555
800 0.82875
800 0.72375
800 0.54375
800 0.71
800 0.77125
800 0.5875
800 0.7775
800 0.67625
800 0.60875
800 0.6225
800 0.855
800 0.28625
800 0.48125
800 0.72125
800 0.60375
800 0.56
800 0.76375
800 0.66625
800 0.685
800 0.57875
800 0.74875
800 0.80125
800 0.7125
800 0.67875
800 0.61375
800 0.7025
800 0.8225
800 0.72875
800 0.61
800 0.6975
800 0.69375
800 0.5675
800 0.7975
800 0.57125
800 0.655
800 0.57375
800 0.4025
800 0.7975
800 0.6575
800 0.69375
800 0.5175
800 0.7825
800 0.6325
800 0.71375
800 0.71875
800 0.81
800 0.41
800 0.69625
800 0.66125
800 0.64
800 0.7625
850 0.775294
850 0.375294
850 0.785882
850 0.687059
850 0.756471
850 0.74
850 0.723529
850 0.616471
850 0.555294
850 0.503529
850 0.701176
850 0.656471
850 0.623529
850 0.654118
850 0.658824
850 0.808235
850 0.595294
850 0.682353
850 0.531765
850 0.687059
850 0.781176
850 0.635294
850 0.718824
850 0.791765
850 0.241176
850 0.743529
850 0.523529
850 0.463529
850 0.810588
850 0.672941
850 0.557647
850 0.396471
850 0.481176
850 0.727059
850 0.758824
850 0.8
850 0.522353
850 0.807059
850 0.797647
850 0.502353
850 0.795294
850 0.664706
850 0.882353
850 0.724706
850 0.651765
850 0.690588
850 0.807059
850 0.687059
850 0.777647
850 0.705882
850 0.752941
850 0.641176
850 0.768235
850 0.741176
850 0.503529
850 0.750588
850 0.716471
850 0.658824
850 0.628235
850 0.444706
850 0.715294
850 0.701176
850 0.72
850 0.821176
850 0.690588
850 0.703529
850 0.34
850 0.731765
850 0.752941
850 0.624706
850 0.623529
850 0.527059
850 0.331765
850 0.783529
850 0.395294
900 0.721111
900 0.761111
900 0.755556
900 0.637778
900 0.726667
900 0.723333
900 0.697778
900 0.576667
900 0.442222
900 0.416667
900 0.475556
900 0.803333
900 0.684444
900 0.601111
900 0.768889
900 0.74
900 0.412222
900 0.621111
900 0.626667
900 0.812222
900 0.773333
900 0.59
900 0.562222
900 0.561111
900 0.724444
900 0.38
900 0.691111
900 0.424444
900 0.537778
900 0.62
900 0.727778
900 0.726667
900 0.615556
900 0.628889
900 0.437778
900 0.653333
900 0.741111
900 0.637778
900 0.791111
900 0.813333
900 0.278889
900 0.681111
900 0.815556
900 0.382222
900 0.695556
900 0.79
900 0.561111
900 0.595556
900 0.831111
900 0.842222
900 0.682222
900 0.643333
900 0.653333
900 0.667778
900 0.673333
900 0.614444
900 0.783333
900 0.675556
900 0.825556
900 0.708889
900 0.626667
900 0.42
900 0.662222
900 0.735556
900 0.597778
900 0.601111
900 0.535556
900 0.612222
900 0.674444
900 0.577778
900 0.782222
900 0.703333
900 0.513333
900 0.452222
900 0.77
950 0.826316
950 0.716842
950 0.529474
950 0.613684
950 0.596842
950 0.747368
950 0.673684
950 0.771579
950 0.683158
950 0.703158
950 0.533684
950 0.843158
950 0.807368
950 0.698947
950 0.78
950 0.749474
950 0.629474
950 0.754737
950 0.876842
950 0.785263
950 0.684211
950 0.531579
950 0.795789
950 0.516842
950 0.815789
950 0.754737
950 0.7
950 0.627368
950 0.776842
950 0.611579
950 0.708421
950 0.763158
950 0.842105
950 0.828421
950 0.694737
950 0.662105
950 0.776842
950 0.76
950 0.678947
950 0.456842
950 0.657895
950 0.802105
950 0.777895
950 0.845263
950 0.727368
950 0.743158
950 0.731579
950 0.746316
950 0.825263
950 0.369474
950 0.573684
950 0.621053
950 0.574737
950 0.794737
950 0.558947
950 0.755789
950 0.446316
950 0.817895
950 0.822105
950 0.497895
950 0.510526
950 0.431579
950 0.708421
950 0.694737
950 0.717895
950 0.744211
950 0.654737
950 0.805263
950 0.755789
950 0.834737
950 0.645263
950 0.768421
950 0.543158
950 0.754737
950 0.745263
1000 0.59
1000 0.657
1000 0.679
1000 0.788
1000 0.77
1000 0.716
1000 0.598
1000 0.57
1000 0.8
1000 0.68
1000 0.724
1000 0.674
1000 0.727
1000 0.594
1000 0.605
1000 0.729
1000 0.812
1000 0.79
1000 0.711
1000 0.602
1000 0.657
1000 0.618
1000 0.585
1000 0.676
1000 0.828
1000 0.696
1000 0.802
1000 0.75
1000 0.664
1000 0.76
1000 0.693
1000 0.875
1000 0.781
1000 0.7
1000 0.618
1000 0.69
1000 0.74
1000 0.758
1000 0.61
1000 0.734
1000 0.604
1000 0.748
1000 0.795
1000 0.769
1000 0.831
1000 0.77
1000 0.429
1000 0.662
1000 0.729
1000 0.783
1000 0.76
1000 0.783
1000 0.506
1000 0.766
1000 0.574
1000 0.689
1000 0.808
1000 0.79
1000 0.763
1000 0.525
1000 0.754
1000 0.743
1000 0.705
1000 0.739
1000 0.622
1000 0.513
1000 0.233
1000 0.791
1000 0.73
1000 0.689
1000 0.637
1000 0.544
1000 0.388
1000 0.536
1000 0.622
1050 0.746667
1050 0.78381
1050 0.42
1050 0.710476
1050 0.601905
1050 0.785714
1050 0.805714
1050 0.66381
1050 0.45619
1050 0.59619
1050 0.664762
1050 0.731429
1050 0.555238
1050 0.628571
1050 0.785714
1050 0.599048
1050 0.439048
1050 0.819048
1050 0.719048
1050 0.479048
1050 0.687619
1050 0.650476
1050 0.740952
1050 0.739048
1050 0.645714
1050 0.766667
1050 0.684762
1050 0.675238
1050 0.515238
1050 0.737143
1050 0.798095
1050 0.807619
1050 0.670476
1050 0.729524
1050 0.680952
1050 0.588571
1050 0.740952
1050 0.770476
1050 0.592381
1050 0.712381
1050 0.404762
1050 0.787619
1050 0.66
1050 0.665714
1050 0.791429
1050 0.773333
1050 0.388571
1050 0.759048
1050 0.655238
1050 0.74
1050 0.822857
1050 0.78
1050 0.417143
1050 0.674286
1050 0.537143
1050 0.821905
1050 0.831429
1050 0.77619
1050 0.740952
1050 0.669524
1050 0.770476
1050 0.798095
1050 0.795238
1050 0.666667
1050 0.575238
1050 0.605714
1050 0.706667
1050 0.63619
1050 0.735238
1050 0.58381
1050 0.76
1050 0.699048
1050 0.758095
1050 0.659048
1050 0.733333
1100 0.766364
1100 0.633636
1100 0.744545
1100 0.68
1100 0.806364
1100 0.636364
1100 0.695455
1100 0.65
1100 0.772727
1100 0.713636
1100 0.700909
1100 0.894545
1100 0.714545
1100 0.744545
1100 0.722727
1100 0.813636
1100 0.698182
1100 0.748182
1100 0.463636
1100 0.758182
1100 0.750909
1100 0.714545
1100 0.818182
1100 0.596364
1100 0.640909
1100 0.796364
1100 0.781818
1100 0.790909
1100 0.765455
1100 0.792727
1100 0.676364
1100 0.720909
1100 0.620909
1100 0.694545
1100 0.458182
1100 0.814545
1100 0.645455
1100 0.497273
1100 0.558182
1100 0.713636
1100 0.462727
1100 0.727273
1100 0.815455
1100 0.795455
1100 0.715455
1100 0.647273
1100 0.547273
1100 0.584545
1100 0.613636
1100 0.713636
1100 0.762727
1100 0.753636
1100 0.78
1100 0.506364
1100 0.632727
1100 0.726364
1100 0.718182
1100 0.65
1100 0.578182
1100 0.661818
1100 0.657273
1100 0.644545
1100 0.710909
1100 0.695455
1100 0.680909
1100 0.707273
1100 0.708182
1100 0.600909
1100 0.564545
1100 0.707273
1100 0.758182
1100 0.809091
1100 0.655455
1100 0.545455
1100 0.688182
1150 0.661739
1150 0.769565
1150 0.709565
1150 0.566957
1150 0.761739
1150 0.7
1150 0.545217
1150 0.697391
1150 0.684348
1150 0.727826
1150 0.592174
1150 0.748696
1150 0.592174
1150 0.593913
1150 0.75913
1150 0.844348
1150 0.732174
1150 0.763478
1150 0.532174
1150 0.515652
1150 0.76087
1150 0.834783
1150 0.662609
1150 0.644348
1150 0.702609
1150 0.774783
1150 0.571304
1150 0.613913
1150 0.518261
1150 0.9
1150 0.689565
1150 0.670435
1150 0.443478
1150 0.728696
1150 0.657391
1150 0.806957
1150 0.738261
1150 0.778261
1150 0.533043
1150 0.771304
1150 0.377391
1150 0.568696
1150 0.742609
1150 0.583478
1150 0.833043
1150 0.611304
1150 0.76087
1150 0.809565
1150 0.712174
1150 0.721739
1150 0.787826
1150 0.594783
1150 0.805217
1150 0.636522
1150 0.563478
1150 0.587826
1150 0.72
1150 0.602609
1150 0.752174
1150 0.441739
1150 0.756522
1150 0.872174
1150 0.77913
1150 0.515652
1150 0.806087
1150 0.642609
1150 0.54
1150 0.592174
1150 0.583478
1150 0.786957
1150 0.41913
1150 0.582609
1150 0.675652
1150 0.671304
1150 0.8
1200 0.766667
1200 0.608333
1200 0.640833
1200 0.459167
1200 0.841667
1200 0.42
1200 0.714167
1200 0.699167
1200 0.614167
1200 0.480833
1200 0.66
1200 0.843333
1200 0.743333
1200 0.746667
1200 0.621667
1200 0.566667
1200 0.661667
1200 0.659167
1200 0.816667
1200 0.671667
1200 0.780833
1200 0.571667
1200 0.610833
1200 0.545833
1200 0.835833
1200 0.751667
1200 0.689167
1200 0.565833
1200 0.63
1200 0.761667
1200 0.748333
1200 0.655833
1200 0.791667
1200 0.58
1200 0.735
1200 0.759167
1200 0.500833
1200 0.841667
1200 0.786667
1200 0.601667
1200 0.698333
1200 0.7225
1200 0.74
1200 0.780833
1200 0.645
1200 0.610833
1200 0.476667
1200 0.7125
1200 0.750833
1200 0.598333
1200 0.723333
1200 0.773333
1200 0.728333
1200 0.205833
1200 0.761667
1200 0.718333
1200 0.46
1200 0.744167
1200 0.7775
1200 0.5275
1200 0.710833
1200 0.74
1200 0.57
1200 0.8325
1200 0.7025
1200 0.749167
1200 0.795
1200 0.75
1200 0.51
1200 0.630833
1200 0.594167
1200 0.761667
1200 0.735833
1200 0.7925
1200 0.586667
1250 0.712
1250 0.7696
1250 0.836
1250 0.5808
1250 0.4912
1250 0.7512
1250 0.768
1250 0.5304
1250 0.7496
1250 0.7936
1250 0.832
1250 0.4592
1250 0.4672
1250 0.6656
1250 0.7112
1250 0.7368
1250 0.5312
1250 0.7424
1250 0.8152
1250 0.7472
1250 0.7136
1250 0.7864
1250 0.62
1250 0.744
1250 0.7144
1250 0.7552
1250 0.7776
1250 0.7296
1250 0.5728
1250 0.6824
1250 0.4432
1250 0.6944
1250 0.4544
1250 0.6304
1250 0.7392
1250 0.7048
1250 0.5424
1250 0.4648
1250 0.8392
1250 0.7248
1250 0.7944
1250 0.8344
1250 0.7072
1250 0.7104
1250 0.424
1250 0.4384
1250 0.6832
1250 0.3928
1250 0.7488
1250 0.8184
1250 0.6296
1250 0.6464
1250 0.748
1250 0.6352
1250 0.7384
1250 0.7816
1250 0.728
1250 0.7
1250 0.76
1250 0.6584
1250 0.6768
1250 0.7088
1250 0.7128
1250 0.6688
1250 0.7592
1250 0.564
1250 0.7704
1250 0.7104
1250 0.628
1250 0.7176
1250 0.6416
1250 0.7664
1250 0.6208
1250 0.7664
1250 0.8232
1300 0.753077
1300 0.823846
1300 0.682308
1300 0.699231
1300 0.673846
1300 0.438462
1300 0.840769
1300 0.782308
1300 0.586923
1300 0.725385
1300 0.844615
1300 0.515385
1300 0.436154
1300 0.893846
1300 0.583846
1300 0.754615
1300 0.730769
1300 0.682308
1300 0.622308
1300 0.670769
1300 0.621538
1300 0.773077
1300 0.596154
1300 0.669231
1300 0.741538
1300 0.669231
1300 0.299231
1300 0.63
1300 0.82
1300 0.582308
1300 0.78
1300 0.663846
1300 0.46
1300 0.784615
1300 0.753077
1300 0.533077
1300 0.723077
1300 0.692308
1300 0.744615
1300 0.425385
1300 0.613077
1300 0.623846
1300 0.69
1300 0.77
1300 0.693077
1300 0.652308
1300 0.636923
1300 0.669231
1300 0.49
1300 0.646923
1300 0.785385
1300 0.673846
1300 0.707692
1300 0.613846
1300 0.863846
1300 0.683846
1300 0.67
1300 0.736923
1300 0.653077
1300 0.756154
1300 0.444615
1300 0.802308
1300 0.707692
1300 0.816923
1300 0.437692
1300 0.737692
1300 0.8
1300 0.716923
1300 0.62
1300 0.816923
1300 0.660769
1300 0.746154
1300 0.727692
1300 0.472308
1300 0.795385
1350 0.662963
1350 0.625926
1350 0.833333
1350 0.832593
1350 0.666667
1350 0.643704
1350 0.806667
1350 0.745185
1350 0.734815
1350 0.682963
1350 0.697037
1350 0.600741
1350 0.861481
1350 0.606667
1350 0.72
1350 0.733333
1350 0.527407
1350 0.737778
1350 0.526667
1350 0.495556
1350 0.788148
1350 0.61037
1350 0.554815
1350 0.602222
1350 0.611852
1350 0.737778
1350 0.657037
1350 0.636296
1350 0.719259
1350 0.739259
1350 0.653333
1350 0.668148
1350 0.774815
1350 0.725185
1350 0.693333
1350 0.788148
1350 0.537037
1350 0.52
1350 0.637037
1350 0.763704
1350 0.614815
1350 0.514074
1350 0.761481
1350 0.823704
1350 0.437778
1350 0.705185
1350 0.808148
1350 0.665926
1350 0.731111
1350 0.604444
1350 0.657037
1350 0.68963
1350 0.673333
1350 0.717778
1350 0.531852
1350 0.732593
1350 0.686667
1350 0.468889
1350 0.573333
1350 0.557778
1350 0.711111
1350 0.822963
1350 0.772593
1350 0.08
1350 0.751111
1350 0.755556
1350 0.568889
1350 0.818519
1350 0.613333
1350 0.682222
1350 0.722963
1350 0.72
1350 0.68
1350 0.859259
1350 0.685185
1400 0.887857
1400 0.500714
1400 0.767857
1400 0.646429
1400 0.765
1400 0.732143
1400 0.825714
1400 0.56
1400 0.771429
1400 0.4
1400 0.602857
1400 0.652143
1400 0.782857
1400 0.692857
1400 0.796429
1400 0.574286
1400 0.796429
1400 0.760714
1400 0.702143
1400 0.520714
1400 0.677857
1400 0.835714
1400 0.752857
1400 0.674286
1400 0.832857
1400 0.689286
1400 0.712143
1400 0.802857
1400 0.575714
1400 0.841429
1400 0.722143
1400 0.846429
1400 0.761429
1400 0.647857
1400 0.607143
1400 0.806429
1400 0.798571
1400 0.706429
1400 0.697143
1400 0.734286
1400 0.742857
1400 0.69
1400 0.602857
1400 0.688571
1400 0.7
1400 0.717857
1400 0.749286
1400 0.820714
1400 0.644286
1400 0.654286
1400 0.731429
1400 0.82
1400 0.704286
1400 0.820714
1400 0.500714
1400 0.616429
1400 0.543571
1400 0.713571
1400 0.741429
1400 0.767857
1400 0.536429
1400 0.775714
1400 0.55
1400 0.632857
1400 0.756429
1400 0.555
1400 0.799286
1400 0.738571
1400 0.795
1400 0.666429
1400 0.765
1400 0.6
1400 0.824286
1400 0.726429
1400 0.777857
1450 0.833793
1450 0.762759
1450 0.686207
1450 0.742069
1450 0.730345
1450 0.510345
1450 0.734483
1450 0.768966
1450 0.742759
1450 0.748966
1450 0.804828
1450 0.70069
1450 0.690345
1450 0.624138
1450 0.674483
1450 0.488966
1450 0.693103
1450 0.755862
1450 0.751034
1450 0.749655
1450 0.858621
1450 0.717241
1450 0.54069
1450 0.522069
1450 0.751034
1450 0.585517
1450 0.782759
1450 0.644138
1450 0.628966
1450 0.78069
1450 0.716552
1450 0.631034
1450 0.582069
1450 0.747586
1450 0.723448
1450 0.773793
1450 0.734483
1450 0.786207
1450 0.753103
1450 0.724828
1450 0.807586
1450 0.67931
1450 0.70069
1450 0.742759
1450 0.677241
1450 0.75931
1450 0.788966
1450 0.772414
1450 0.481379
1450 0.788276
1450 0.65931
1450 0.695862
1450 0.705517
1450 0.597931
1450 0.603448
1450 0.724828
1450 0.817241
1450 0.737931
1450 0.755862
1450 0.486897
1450 0.66
1450 0.697931
1450 0.74069
1450 0.764828
1450 0.851034
1450 0.755862
1450 0.672414
1450 0.481379
1450 0.755172
1450 0.764138
1450 0.635862
1450 0.764138
1450 0.646897
1450 0.524138
1450 0.747586
1500 0.750667
1500 0.648
1500 0.671333
1500 0.724667
1500 0.738667
1500 0.7
1500 0.6
1500 0.806
1500 0.516667
1500 0.636667
1500 0.67
1500 0.690667
1500 0.705333
1500 0.760667
1500 0.776
1500 0.751333
1500 0.79
1500 0.73
1500 0.342
1500 0.798667
1500 0.756
1500 0.8
1500 0.859333
1500 0.778
1500 0.688667
1500 0.808
1500 0.76
1500 0.712667
1500 0.787333
1500 0.736
1500 0.768667
1500 0.66
1500 0.753333
1500 0.604
1500 0.681333
1500 0.802
1500 0.704
1500 0.696
1500 0.722
1500 0.745333
1500 0.82
1500 0.73
1500 0.612667
1500 0.754667
1500 0.644667
1500 0.648
1500 0.764
1500 0.839333
1500 0.695333
1500 0.700667
1500 0.79
1500 0.709333
1500 0.670667
1500 0.807333
1500 0.766667
1500 0.608667
1500 0.448667
1500 0.802
1500 0.756667
1500 0.692667
1500 0.657333
1500 0.514
1500 0.670667
1500 0.661333
1500 0.656
1500 0.567333
1500 0.769333
1500 0.824667
1500 0.601333
1500 0.574
1500 0.749333
1500 0.696667
1500 0.831333
1500 0.68
1500 0.71
1550 0.57871
1550 0.667742
1550 0.586452
1550 0.628387
1550 0.660645
1550 0.804516
1550 0.806452
1550 0.594194
1550 0.704516
1550 0.354839
1550 0.745161
1550 0.640645
1550 0.86129
1550 0.754194
1550 0.78
1550 0.612258
1550 0.834839
1550 0.62
1550 0.658065
1550 0.768387
1550 0.673548
1550 0.756774
1550 0.580645
1550 0.488387
1550 0.81871
1550 0.827742
1550 0.739355
1550 0.723226
1550 0.829032
1550 0.672903
1550 0.770968
1550 0.774839
1550 0.794839
1550 0.605161
1550 0.688387
1550 0.480645
1550 0.703226
1550 0.770968
1550 0.755484
1550 0.681935
1550 0.658065
1550 0.697419
1550 0.787742
1550 0.687097
1550 0.523871
1550 0.812903
1550 0.439355
1550 0.88
1550 0.744516
1550 0.524516
1550 0.57871
1550 0.594839
1550 0.810968
1550 0.583226
1550 0.700645
1550 0.705161
1550 0.717419
1550 0.849677
1550 0.783871
1550 0.740645
1550 0.607097
1550 0.705161
1550 0.843226
1550 0.811613
1550 0.70129
1550 0.750968
1550 0.741935
1550 0.775484
1550 0.652258
1550 0.625161
1550 0.774194
1550 0.549677
1550 0.641935
1550 0.689677
1550 0.756129
1600 0.751875
1600 0.641875
1600 0.481875
1600 0.546875
1600 0.7275
1600 0.760625
1600 0.591875
1600 0.671875
1600 0.536875
1600 0.734375
1600 0.780625
1600 0.780625
1600 0.49875
1600 0.68
1600 0.789375
1600 0.641875
1600 0.63125
1600 0.915625
1600 0.779375
1600 0.72125
1600 0.825
1600 0.764375
1600 0.76375
1600 0.86
1600 0.694375
1600 0.649375
1600 0.75375
1600 0.748125
1600 0.73875
1600 0.789375
1600 0.711875
1600 0.725
1600 0.82125
1600 0.65
1600 0.58875
1600 0.789375
1600 0.635625
1600 0.789375
1600 0.805
1600 0.624375
1600 0.744375
1600 0.858125
1600 0.809375
1600 0.71
1600 0.571875
1600 0.809375
1600 0.4175
1600 0.7375
1600 0.4575
1600 0.77
1600 0.41125
1600 0.738125
1600 0.698125
1600 0.58625
1600 0.730625
1600 0.761875
1600 0.58875
1600 0.75
1600 0.556875
1600 0.688125
1600 0.68625
1600 0.723125
1600 0.66
1600 0.743125
1600 0.735
1600 0.7625
1600 0.760625
1600 0.781875
1600 0.64875
1600 0.821875
1600 0.726875
1600 0.75625
1600 0.71625
1600 0.595
1600 0.675625
1650 0.74303
1650 0.77697
1650 0.857576
1650 0.764242
1650 0.82
1650 0.686667
1650 0.767879
1650 0.515152
1650 0.641818
1650 0.825455
1650 0.595152
1650 0.694545
1650 0.663636
1650 0.633333
1650 0.727879
1650 0.50303
1650 0.608485
1650 0.767273
1650 0.666667
1650 0.589697
1650 0.649697
1650 0.655152
1650 0.799394
1650 0.738182
1650 0.561818
1650 0.544848
1650 0.566061
1650 0.60303
1650 0.886667
1650 0.413333
1650 0.703636
1650 0.72
1650 0.581212
1650 0.700606
1650 0.679394
1650 0.789091
1650 0.798788
1650 0.701212
1650 0.825455
1650 0.673939
1650 0.397576
1650 0.578788
1650 0.732121
1650 0.709091
1650 0.592727
1650 0.738182
1650 0.7
1650 0.775152
1650 0.695152
1650 0.852121
1650 0.889091
1650 0.747879
1650 0.792727
1650 0.675152
1650 0.631515
1650 0.784848
1650 0.720606
1650 0.829091
1650 0.67697
1650 0.675152
1650 0.725455
1650 0.729697
1650 0.704242
1650 0.612727
1650 0.548485
1650 0.723636
1650 0.715758
1650 0.706061
1650 0.706061
1650 0.81697
1650 0.673333
1650 0.555152
1650 0.790303
1650 0.524242
1650 0.632121
1700 0.686471
1700 0.700588
1700 0.788235
1700 0.657647
1700 0.777647
1700 0.719412
1700 0.723529
1700 0.757059
1700 0.759412
1700 0.777647
1700 0.614118
1700 0.687059
1700 0.608235
1700 0.762941
1700 0.699412
1700 0.726471
1700 0.722941
1700 0.69
1700 0.74
1700 0.611176
1700 0.686471
1700 0.716471
1700 0.453529
1700 0.621176
1700 0.471765
1700 0.349412
1700 0.56
1700 0.77
1700 0.774118
1700 0.745882
1700 0.518235
1700 0.696471
1700 0.796471
1700 0.67
1700 0.753529
1700 0.816471
1700 0.844118
1700 0.7
1700 0.535882
1700 0.682941
1700 0.797647
1700 0.703529
1700 0.572941
1700 0.598235
1700 0.714118
1700 0.687647
1700 0.461176
1700 0.815882
1700 0.331765
1700 0.546471
1700 0.799412
1700 0.634706
1700 0.668235
1700 0.569412
1700 0.707647
1700 0.681765
1700 0.865294
1700 0.763529
1700 0.484118
1700 0.634706
1700 0.669412
1700 0.658824
1700 0.774118
1700 0.709412
1700 0.802353
1700 0.73
1700 0.744706
1700 0.759412
1700 0.714118
1700 0.801765
1700 0.624118
1700 0.818824
1700 0.71
1700 0.724706
1700 0.795882
1750 0.710857
1750 0.546286
1750 0.717714
1750 0.554857
1750 0.674286
1750 0.742857
1750 0.794857
1750 0.673143
1750 0.677143
1750 0.485143
1750 0.807429
1750 0.777143
1750 0.710857
1750 0.734286
1750 0.757714
1750 0.492
1750 0.657714
1750 0.817143
1750 0.554857
1750 0.574286
1750 0.379429
1750 0.736
1750 0.770286
1750 0.836571
1750 0.673714
1750 0.784571
1750 0.736
1750 0.581714
1750 0.672
1750 0.709143
1750 0.724
1750 0.742857
1750 0.594857
1750 0.737143
1750 0.757143
1750 0.781143
1750 0.714286
1750 0.776571
1750 0.579429
1750 0.753714
1750 0.798286
1750 0.716571
1750 0.814857
1750 0.808
1750 0.658286
1750 0.752571
1750 0.438857
1750 0.690857
1750 0.772571
1750 0.818857
1750 0.8
1750 0.670857
1750 0.710857
1750 0.609143
1750 0.708571
1750 0.555429
1750 0.708571
1750 0.703429
1750 0.787429
1750 0.816571
1750 0.768
1750 0.637714
1750 0.544571
1750 0.704
1750 0.622286
1750 0.765714
1750 0.414286
1750 0.681143
1750 0.671429
1750 0.848571
1750 0.547429
1750 0.769143
1750 0.743429
1750 0.782286
1750 0.740571
1800 0.788333
1800 0.853889
1800 0.713889
1800 0.843889
1800 0.679444
1800 0.781667
1800 0.802222
1800 0.801111
1800 0.791111
1800 0.626111
1800 0.626667
1800 0.742778
1800 0.735556
1800 0.786667
1800 0.786111
1800 0.803889
1800 0.719444
1800 0.713333
1800 0.686111
1800 0.712222
1800 0.534444
1800 0.746667
1800 0.633333
1800 0.698333
1800 0.636667
1800 0.756111
1800 0.543889
1800 0.741111
1800 0.708889
1800 0.750556
1800 0.33
1800 0.616111
1800 0.752222
1800 0.823333
1800 0.791111
1800 0.640556
1800 0.551111
1800 0.712778
1800 0.788333
1800 0.715
1800 0.730556
1800 0.747778
1800 0.531111
1800 0.792778
1800 0.613889
1800 0.788889
1800 0.787778
1800 0.745
1800 0.773889
1800 0.77
1800 0.71
1800 0.642778
1800 0.641667
1800 0.422222
1800 0.590556
1800 0.601667
1800 0.590556
1800 0.556667
1800 0.681667
1800 0.887222
1800 0.707778
1800 0.712778
1800 0.78
1800 0.737778
1800 0.883333
1800 0.785
1800 0.745556
1800 0.828889
1800 0.705
1800 0.717778
1800 0.682222
1800 0.761667
1800 0.572778
1800 0.563333
1800 0.778333
1850 0.721622
1850 0.704865
1850 0.398919
1850 0.705946
1850 0.809189
1850 0.73027
1850 0.781081
1850 0.544865
1850 0.805946
1850 0.523784
1850 0.594054
1850 0.800541
1850 0.812432
1850 0.490811
1850 0.686486
1850 0.56973
1850 0.723243
1850 0.67027
1850 0.54973
1850 0.723243
1850 0.727027
1850 0.582162
1850 0.747027
1850 0.707568
1850 0.66973
1850 0.732432
1850 0.736216
1850 0.647027
1850 0.393514
1850 0.405405
1850 0.805405
1850 0.692973
1850 0.831351
1850 0.828649
1850 0.618919
1850 0.722162
1850 0.702162
1850 0.748108
1850 0.742703
1850 0.577838
1850 0.650811
1850 0.475676
1850 0.711351
1850 0.756216
1850 0.708108
1850 0.693514
1850 0.461081
1850 0.703784
1850 0.732432
1850 0.753514
1850 0.722162
1850 0.712432
1850 0.661081
1850 0.827568
1850 0.778919
1850 0.788649
1850 0.789189
1850 0.709189
1850 0.68973
1850 0.769189
1850 0.612432
1850 0.568108
1850 0.667027
1850 0.657297
1850 0.823243
1850 0.661622
1850 0.805946
1850 0.651351
1850 0.58973
1850 0.724324
1850 0.794054
1850 0.637297
1850 0.6
1850 0.694595
1850 0.655135
1900 0.706316
1900 0.617895
1900 0.807368
1900 0.577368
1900 0.670526
1900 0.768947
1900 0.522105
1900 0.664737
1900 0.555263
1900 0.617368
1900 0.768421
1900 0.743158
1900 0.783684
1900 0.78
1900 0.727895
1900 0.813684
1900 0.754211
1900 0.771579
1900 0.726316
1900 0.766842
1900 0.647368
1900 0.653684
1900 0.578421
1900 0.476316
1900 0.735263
1900 0.639474
1900 0.533684
1900 0.622105
1900 0.696842
1900 0.673158
1900 0.637368
1900 0.612105
1900 0.694737
1900 0.626316
1900 0.812105
1900 0.782632
1900 0.857368
1900 0.704211
1900 0.834211
1900 0.612105
1900 0.691053
1900 0.540526
1900 0.712632
1900 0.760526
1900 0.751053
1900 0.536316
1900 0.767368
1900 0.581579
1900 0.633684
1900 0.753684
1900 0.867368
1900 0.762105
1900 0.622632
1900 0.643158
1900 0.818947
1900 0.747368
1900 0.708947
1900 0.786842
1900 0.670526
1900 0.598421
1900 0.78
1900 0.684211
1900 0.697368
1900 0.646316
1900 0.695263
1900 0.626316
1900 0.616316
1900 0.731053
1900 0.594211
1900 0.720526
1900 0.518421
1900 0.535263
1900 0.744737
1900 0.585263
1900 0.800526
1950 0.580513
1950 0.562051
1950 0.728718
1950 0.810769
1950 0.446154
1950 0.813846
1950 0.62359
1950 0.783077
1950 0.729744
1950 0.746154
1950 0.741026
1950 0.591795
1950 0.666667
1950 0.666154
1950 0.626667
1950 0.774872
1950 0.689744
1950 0.691282
1950 0.676923
1950 0.610256
1950 0.863077
1950 0.694872
1950 0.759487
1950 0.719487
1950 0.654872
1950 0.801026
1950 0.590769
1950 0.710769
1950 0.388205
1950 0.558974
1950 0.446667
1950 0.687692
1950 0.714872
1950 0.726667
1950 0.615385
1950 0.429231
1950 0.765128
1950 0.685128
1950 0.458974
1950 0.762051
1950 0.770769
1950 0.64
1950 0.756923
1950 0.677436
1950 0.760513
1950 0.768718
1950 0.654359
1950 0.713846
1950 0.431795
1950 0.782051
1950 0.76359
1950 0.649744
1950 0.751282
1950 0.724615
1950 0.609231
1950 0.686667
1950 0.771282
1950 0.794359
1950 0.851795
1950 0.826667
1950 0.737436
1950 0.651795
1950 0.355385
1950 0.409744
1950 0.291795
1950 0.754359
1950 0.541026
1950 0.73641
1950 0.72
1950 0.815385
1950 0.721026
1950 0.711795
1950 0.746154
1950 0.758462
1950 0.71641
2000 0.715
2000 0.7315
2000 0.659
2000 0.5605
2000 0.7735
2000 0.808
2000 0.804
2000 0.628
2000 0.734
2000 0.596
2000 0.68
2000 0.7565
2000 0.737
2000 0.683
2000 0.637
2000 0.69
2000 0.627
2000 0.6765
2000 0.7355
2000 0.778
2000 0.847
2000 0.639
2000 0.529
2000 0.754
2000 0.7725
2000 0.7895
2000 0.667
2000 0.5975
2000 0.7425
2000 0.8505
2000 0.8005
2000 0.6155
2000 0.87
2000 0.5795
2000 0.6975
2000 0.606
2000 0.774
2000 0.6485
2000 0.6105
2000 0.5695
2000 0.7795
2000 0.5745
2000 0.668
2000 0.6315
2000 0.6765
2000 0.744
2000 0.845
2000 0.56
2000 0.6175
2000 0.5775
2000 0.6995
2000 0.802
2000 0.472
2000 0.748
2000 0.5975
2000 0.674
2000 0.703
2000 0.603
2000 0.6735
2000 0.5725
2000 0.665
2000 0.6255
2000 0.582
2000 0.7385
2000 0.6585
2000 0.688
2000 0.6135
2000 0.6355
2000 0.682
2000 0.819
2000 0.7035
2000 0.798
2000 0.7575
2000 0.796
2000 0.7655
