50 0
50 0.5
50 0.04
50 0.58
50 0.26
50 0.18
50 0.32
50 0.54
50 0.12
50 0.22
50 0.16
50 0.14
50 0.36
50 0.02
50 0.16
50 0.2
50 0.44
50 0.58
50 0
50 0.02
50 0.16
50 0.06
50 0
50 0
50 0
50 0.48
50 0.36
50 0.74
50 0.18
50 0.12
50 0
50 0.06
50 0.02
50 0.2
50 0.1
50 0
50 0.38
50 0.7
50 0.18
50 0
50 0.02
50 0.14
50 0.1
50 0.74
50 0.5
50 0.4
50 0.18
50 0.68
50 0.44
50 0.22
50 0.48
50 0.1
50 0.06
50 0.08
50 0.6
50 0
50 0.44
50 0
50 0
50 0
50 0.4
50 0.32
50 0.08
50 0.24
50 0.76
50 0.26
50 0.1
50 0.08
50 0.54
50 0.12
50 0
50 0.2
50 0.52
50 0.76
50 0.08
100 0.26
100 0.23
100 0.43
100 0.71
100 0.86
100 0.82
100 0.59
100 0.83
100 0.85
100 0.47
100 0.86
100 0.53
100 0.28
100 0.41
100 0.9
100 0.15
100 0.6
100 0.42
100 0.3
100 0.72
100 0.69
100 0.72
100 0.53
100 0.57
100 0.55
100 0.33
100 0.35
100 0.52
100 0.21
100 0.6
100 0.75
100 0.47
100 0.27
100 0.76
100 0.82
100 0.61
100 0.7
100 0.59
100 0.16
100 0.45
100 0.83
100 0.86
100 0.42
100 0.83
100 0.77
100 0.72
100 0.52
100 0.76
100 0.78
100 0.48
100 0.78
100 0.35
100 0.4
100 0.63
100 0.55
100 0.97
100 0.86
100 0.61
100 0.78
100 0.53
100 0.81
100 0.58
100 0.48
100 0.88
100 0.36
100 0.18
100 0.65
100 0.66
100 0.71
100 0.71
100 0.97
100 0.7
100 0.52
100 0.07
100 0.89
150 0.586667
150 0.62
150 0.753333
150 0.753333
150 0.613333
150 0.92
150 0.78
150 0.76
150 0.86
150 0.86
150 0.913333
150 0.7
150 0.493333
150 0.54
150 0.886667
150 0.706667
150 0.973333
150 0.686667
150 0.473333
150 0.906667
150 0.773333
150 0.82
150 0.64
150 0.28
150 0.986667
150 0.853333
150 0.746667
150 0.806667
150 0.933333
150 0.766667
150 0.766667
150 0.766667
150 0.82
150 0.986667
150 0.693333
150 0.58
150 0.753333
150 0.533333
150 0.5
150 0.846667
150 0.9
150 0.673333
150 0.38
150 0.433333
150 0.273333
150 0.88
150 0.84
150 0.833333
150 0.806667
150 0.326667
150 0.64
150 0.486667
150 0.753333
150 0.86
150 0.8
150 0.726667
150 0.78
150 0.813333
150 0.406667
150 0.686667
150 0.88
150 0.813333
150 0.813333
150 0.546667
150 0.846667
150 0.9
150 0.873333
150 0.72
150 0.986667
150 0.566667
150 0.733333
150 0.44
150 0.746667
150 0.746667
150 0.76
200 0.7
200 0.445
200 0.98
200 0.795
200 0.705
200 0.83
200 0.595
200 0.895
200 0.775
200 0.775
200 0.895
200 0.605
200 0.785
200 0.91
200 0.7
200 0.825
200 0.84
200 0.86
200 0.87
200 0.865
200 0.75
200 0.975
200 0.59
200 0.875
200 0.825
200 0.685
200 0.92
200 0.59
200 0.935
200 0.835
200 0.725
200 0.88
200 0.58
200 0.855
200 0.755
200 0.875
200 0.62
200 0.71
200 0.93
200 0.505
200 0.71
200 0.905
200 0.815
200 0.605
200 0.91
200 0.745
200 0.845
200 0.735
200 0.82
200 0.865
200 0.15
200 0.91
200 0.865
200 0.81
200 0.92
200 0.89
200 0.885
200 0.615
200 0.915
200 0.745
200 0.455
200 0.67
200 0.895
200 0.82
200 0.735
200 0.67
200 0.665
200 0.83
200 0.88
200 0.945
200 0.745
200 0.625
200 0.845
200 0.915
200 0.815
250 0.72
250 0.94
250 0.892
250 0.744
250 0.868
250 0.876
250 0.952
250 0.98
250 0.78
250 0.852
250 0.88
250 0.876
250 0.924
250 0.856
250 0.82
250 0.932
250 0.964
250 0.872
250 0.876
250 0.928
250 0.888
250 0.788
250 0.716
250 0.888
250 0.9
250 0.904
250 0.9
250 0.984
250 0.804
250 0.868
250 0.788
250 0.908
250 1
250 0.9
250 0.916
250 0.796
250 0.968
250 0.768
250 0.932
250 0.66
250 0.932
250 0.924
250 0.996
250 0.484
250 0.864
250 0.892
250 0.932
250 0.584
250 0.936
250 0.9
250 0.912
250 0.672
250 0.832
250 0.764
250 0.904
250 0.932
250 0.832
250 0.868
250 0.888
250 0.936
250 0.924
250 0.84
250 0.916
250 0.856
250 0.812
250 0.988
250 0.836
250 0.948
250 0.948
250 0.972
250 0.796
250 0.852
250 0.98
250 0.96
250 0.82
300 0.86
300 0.836667
300 0.853333
300 0.95
300 0.693333
300 0.533333
300 0.88
300 0.933333
300 0.91
300 0.876667
300 0.933333
300 0.81
300 0.86
300 0.913333
300 0.943333
300 0.76
300 0.873333
300 0.963333
300 0.833333
300 0.88
300 0.923333
300 0.886667
300 0.826667
300 0.953333
300 0.966667
300 0.94
300 0.906667
300 0.873333
300 0.923333
300 0.986667
300 0.88
300 0.8
300 0.83
300 0.866667
300 0.863333
300 0.953333
300 0.9
300 0.97
300 0.9
300 0.98
300 0.926667
300 0.93
300 0.983333
300 0.833333
300 0.936667
300 0.71
300 0.813333
300 0.916667
300 0.543333
300 0.996667
300 0.983333
300 0.933333
300 0.763333
300 0.723333
300 0.836667
300 0.923333
300 0.976667
300 0.913333
300 0.896667
300 0.98
300 0.89
300 0.82
300 0.866667
300 0.83
300 0.97
300 0.976667
300 0.916667
300 0.863333
300 0.946667
300 0.956667
300 0.94
300 0.9
300 0.896667
300 0.883333
300 0.99
350 0.954286
350 0.954286
350 0.934286
350 0.64
350 0.988571
350 0.608571
350 0.828571
350 0.94
350 0.977143
350 0.997143
350 0.868571
350 0.848571
350 0.971429
350 0.894286
350 0.925714
350 0.648571
350 0.857143
350 0.934286
350 0.894286
350 0.88
350 1
350 0.76
350 0.974286
350 0.962857
350 0.968571
350 0.96
350 0.985714
350 0.868571
350 0.902857
350 0.845714
350 0.785714
350 0.988571
350 0.934286
350 0.942857
350 0.94
350 0.928571
350 0.971429
350 0.582857
350 0.911429
350 0.914286
350 0.931429
350 0.897143
350 0.902857
350 0.954286
350 0.974286
350 0.968571
350 0.894286
350 0.954286
350 0.865714
350 0.94
350 0.994286
350 0.931429
350 0.954286
350 0.9
350 0.885714
350 0.971429
350 0.957143
350 0.874286
350 0.991429
350 0.908571
350 0.991429
350 0.828571
350 0.937143
350 0.942857
350 0.734286
350 0.854286
350 0.934286
350 0.882857
350 0.985714
350 0.902857
350 0.957143
350 0.951429
350 0.977143
350 0.84
350 0.894286
400 1
400 0.895
400 0.965
400 0.925
400 0.765
400 0.9175
400 0.9025
400 0.6725
400 0.985
400 0.9425
400 0.905
400 0.9925
400 0.915
400 0.8375
400 0.945
400 0.8925
400 0.965
400 0.5425
400 0.92
400 0.93
400 0.9825
400 0.9525
400 0.9725
400 0.7625
400 0.9925
400 0.9275
400 0.945
400 0.6575
400 0.975
400 0.935
400 0.9375
400 0.8975
400 0.895
400 0.9625
400 0.9775
400 0.97
400 0.8675
400 0.735
400 0.92
400 0.955
400 0.9975
400 0.945
400 0.9525
400 0.895
400 0.935
400 0.9525
400 0.91
400 0.7725
400 0.9725
400 0.9825
400 0.9625
400 0.9525
400 0.96
400 0.84
400 0.86
400 0.93
400 0.9825
400 0.99
400 0.9525
400 0.9175
400 0.855
400 0.8675
400 0.93
400 0.955
400 0.9
400 1
400 0.845
400 0.9175
400 0.875
400 0.98
400 0.9625
400 0.895
400 0.915
400 0.995
400 0.905
450 0.915556
450 0.946667
450 0.977778
450 0.973333
450 0.995556
450 0.993333
450 0.984444
450 0.964444
450 0.924444
450 0.917778
450 0.948889
450 0.897778
450 0.913333
450 0.968889
450 0.742222
450 0.908889
450 0.942222
450 0.917778
450 0.897778
450 0.991111
450 0.944444
450 0.897778
450 0.966667
450 0.986667
450 0.935556
450 0.868889
450 0.968889
450 0.955556
450 0.844444
450 0.646667
450 0.906667
450 0.904444
450 0.997778
450 0.864444
450 0.897778
450 0.915556
450 0.942222
450 0.946667
450 0.891111
450 0.884444
450 1
450 0.931111
450 0.813333
450 0.975556
450 0.944444
450 0.92
450 0.875556
450 0.948889
450 0.953333
450 0.991111
450 0.966667
450 0.873333
450 0.937778
450 0.944444
450 0.96
450 0.977778
450 0.848889
450 0.971111
450 0.951111
450 0.975556
450 0.866667
450 0.911111
450 0.924444
450 0.944444
450 0.862222
450 0.951111
450 0.928889
450 0.82
450 0.92
450 0.975556
450 0.897778
450 0.833333
450 0.997778
450 0.922222
450 0.686667
500 0.994
500 0.886
500 0.992
500 0.972
500 0.758
500 0.94
500 0.97
500 0.998
500 0.894
500 0.974
500 0.918
500 0.93
500 0.9
500 0.982
500 0.974
500 0.98
500 0.972
500 0.928
500 0.952
500 0.854
500 0.952
500 0.896
500 0.914
500 0.93
500 0.878
500 0.898
500 0.96
500 0.97
500 0.956
500 0.992
500 0.906
500 0.894
500 0.898
500 0.908
500 0.916
500 1
500 0.924
500 0.944
500 0.938
500 0.844
500 0.96
500 0.958
500 0.928
500 0.92
500 0.968
500 0.96
500 0.95
500 0.978
500 0.988
500 0.986
500 0.884
500 0.91
500 0.992
500 0.934
500 0.922
500 0.93
500 0.936
500 0.976
500 0.964
500 0.972
500 0.898
500 0.944
500 0.99
500 0.958
500 0.882
500 0.934
500 0.906
500 0.938
500 0.972
500 0.938
500 0.972
500 0.998
500 0.976
500 0.968
500 0.96
550 0.82
550 0.992727
550 0.947273
550 0.936364
550 0.943636
550 0.983636
550 0.974545
550 0.996364
550 0.938182
550 0.998182
550 0.938182
550 0.887273
550 0.641818
550 0.930909
550 0.9
550 0.96
550 0.867273
550 0.947273
550 0.949091
550 0.949091
550 0.941818
550 0.834545
550 0.943636
550 0.941818
550 0.987273
550 0.936364
550 0.903636
550 0.890909
550 0.914545
550 0.929091
550 0.98
550 0.901818
550 0.949091
550 0.150909
550 0.894545
550 0.929091
550 0.921818
550 0.918182
550 0.954545
550 0.941818
550 0.976364
550 0.998182
550 0.907273
550 0.974545
550 0.954545
550 0.972727
550 0.961818
550 0.923636
550 0.985455
550 0.803636
550 0.963636
550 0.947273
550 0.867273
550 0.78
550 0.836364
550 0.945455
550 0.987273
550 0.916364
550 0.907273
550 0.796364
550 0.925455
550 0.930909
550 0.981818
550 0.994545
550 0.970909
550 0.98
550 0.98
550 0.990909
550 0.958182
550 0.910909
550 0.978182
550 0.910909
550 0.872727
550 0.932727
550 0.903636
600 0.953333
600 0.958333
600 0.896667
600 0.925
600 0.966667
600 0.99
600 0.99
600 0.946667
600 0.933333
600 0.89
600 0.841667
600 0.93
600 0.956667
600 0.965
600 0.918333
600 0.881667
600 0.97
600 0.915
600 0.98
600 0.945
600 0.821667
600 0.923333
600 0.853333
600 1
600 0.923333
600 0.94
600 0.973333
600 0.986667
600 0.991667
600 0.96
600 0.958333
600 0.991667
600 0.92
600 0.993333
600 0.973333
600 0.965
600 0.956667
600 0.906667
600 0.936667
600 0.998333
600 0.981667
600 0.988333
600 0.931667
600 0.941667
600 0.99
600 0.94
600 0.966667
600 0.886667
600 0.921667
600 0.938333
600 0.966667
600 0.995
600 0.99
600 0.985
600 0.953333
600 0.913333
600 0.925
600 0.961667
600 0.975
600 1
600 0.948333
600 0.971667
600 0.946667
600 0.961667
600 0.97
600 0.946667
600 0.985
600 0.978333
600 0.916667
600 0.96
600 0.936667
600 0.858333
600 0.968333
600 0.978333
600 0.826667
650 0.946154
650 0.853846
650 0.946154
650 0.933846
650 0.993846
650 0.918462
650 0.918462
650 0.995385
650 0.935385
650 0.927692
650 0.904615
650 0.967692
650 0.978462
650 0.990769
650 0.941538
650 0.938462
650 0.973846
650 0.763077
650 0.966154
650 0.9
650 0.933846
650 0.910769
650 0.970769
650 0.952308
650 0.950769
650 0.953846
650 0.913846
650 0.990769
650 0.969231
650 0.92
650 0.933846
650 0.987692
650 0.955385
650 0.987692
650 0.938462
650 0.984615
650 0.792308
650 0.987692
650 0.949231
650 0.943077
650 0.984615
650 0.989231
650 0.958462
650 0.992308
650 0.876923
650 0.967692
650 0.883077
650 0.904615
650 0.96
650 0.987692
650 0.884615
650 0.946154
650 0.990769
650 0.989231
650 0.926154
650 0.984615
650 0.94
650 0.958462
650 0.98
650 0.936923
650 0.927692
650 0.926154
650 0.944615
650 0.981538
650 0.88
650 0.946154
650 0.933846
650 0.961538
650 0.987692
650 0.992308
650 0.956923
650 0.913846
650 0.989231
650 0.990769
650 0.976923
700 0.95
700 0.94
700 0.962857
700 0.88
700 0.948571
700 0.924286
700 0.917143
700 0.955714
700 0.991429
700 1
700 0.97
700 0.94
700 0.938571
700 0.982857
700 0.958571
700 0.86
700 0.818571
700 0.982857
700 0.887143
700 0.924286
700 0.925714
700 0.984286
700 0.965714
700 0.942857
700 0.95
700 0.988571
700 0.978571
700 0.992857
700 0.924286
700 0.964286
700 0.914286
700 0.952857
700 0.985714
700 0.972857
700 0.868571
700 0.988571
700 0.994286
700 0.921429
700 0.944286
700 0.974286
700 0.964286
700 1
700 0.981429
700 0.975714
700 0.712857
700 0.957143
700 0.885714
700 0.938571
700 0.928571
700 0.99
700 0.888571
700 0.952857
700 0.994286
700 0.991429
700 0.88
700 0.935714
700 0.971429
700 0.898571
700 0.944286
700 1
700 0.988571
700 0.938571
700 0.93
700 0.715714
700 0.98
700 0.984286
700 0.962857
700 0.932857
700 0.92
700 0.888571
700 0.942857
700 0.965714
700 0.985714
700 0.93
700 0.97
750 0.956
750 0.997333
750 0.937333
750 0.9
750 0.953333
750 0.934667
750 0.988
750 0.988
750 0.982667
750 0.916
750 0.832
750 0.996
750 0.986667
750 0.992
750 0.964
750 0.926667
750 0.969333
750 0.96
750 0.96
750 0.957333
750 0.982667
750 0.949333
750 0.929333
750 0.973333
750 0.976
750 0.949333
750 0.976
750 0.950667
750 0.961333
750 0.949333
750 0.973333
750 0.941333
750 0.906667
750 0.996
750 0.98
750 0.94
750 0.94
750 0.942667
750 0.984
750 0.972
750 0.973333
750 0.782667
750 0.989333
750 0.988
750 0.965333
750 0.9
750 0.974667
750 0.96
750 0.968
750 0.990667
750 0.965333
750 0.941333
750 0.952
750 0.986667
750 0.996
750 0.954667
750 0.986667
750 0.924
750 0.945333
750 0.962667
750 0.948
750 0.917333
750 0.936
750 0.877333
750 0.938667
750 0.929333
750 0.92
750 0.962667
750 0.934667
750 0.978667
750 0.957333
750 0.970667
750 0.965333
750 0.954667
750 0.925333
800 0.95875
800 0.85375
800 0.9525
800 0.99
800 0.97
800 0.85
800 0.84125
800 0.93875
800 0.99
800 0.98875
800 0.91375
800 0.93375
800 0.96625
800 0.99
800 0.95625
800 0.88125
800 0.98625
800 0.98125
800 0.955
800 0.90375
800 0.92875
800 0.97625
800 0.9525
800 0.99375
800 0.94875
800 0.9775
800 0.925
800 0.9925
800 0.99625
800 0.99
800 0.9325
800 0.9275
800 0.94
800 0.97875
800 0.99125
800 0.9875
800 0.99375
800 0.97625
800 0.92875
800 0.93875
800 0.975
800 0.935
800 0.9575
800 0.785
800 0.9275
800 0.96375
800 0.98375
800 0.91875
800 0.92125
800 0.95375
800 0.94625
800 0.89875
800 0.97625
800 0.9825
800 0.91625
800 0.95875
800 0.90375
800 0.92875
800 0.97875
800 0.93125
800 0.95375
800 0.9875
800 1
800 0.95875
800 0.99875
800 0.925
800 0.95875
800 0.99625
800 0.92
800 0.98625
800 0.98375
800 0.94375
800 0.99
800 0.94625
800 0.93375
850 0.934118
850 0.961176
850 0.968235
850 0.984706
850 0.989412
850 0.896471
850 0.949412
850 0.932941
850 0.861176
850 0.957647
850 0.950588
850 0.985882
850 1
850 0.982353
850 0.984706
850 0.935294
850 0.947059
850 0.998824
850 0.997647
850 0.981176
850 0.983529
850 0.96
850 0.970588
850 0.912941
850 0.991765
850 0.991765
850 0.943529
850 0.970588
850 0.981176
850 0.921176
850 0.930588
850 0.978824
850 0.992941
850 0.967059
850 0.937647
850 0.991765
850 0.958824
850 0.944706
850 0.970588
850 0.967059
850 0.952941
850 0.970588
850 0.964706
850 0.965882
850 0.962353
850 0.924706
850 0.910588
850 0.967059
850 0.854118
850 0.872941
850 0.909412
850 0.924706
850 0.928235
850 0.995294
850 0.972941
850 0.971765
850 0.958824
850 0.992941
850 0.971765
850 0.951765
850 0.928235
850 0.954118
850 0.944706
850 0.971765
850 0.942353
850 0.958824
850 0.988235
850 0.997647
850 0.950588
850 0.930588
850 0.961176
850 0.956471
850 0.981176
850 0.981176
850 0.996471
900 0.966667
900 0.977778
900 0.996667
900 0.99
900 0.946667
900 0.982222
900 0.985556
900 0.93
900 0.971111
900 0.991111
900 0.981111
900 0.983333
900 0.984444
900 0.974444
900 0.99
900 0.977778
900 0.974444
900 0.97
900 0.995556
900 0.947778
900 0.991111
900 0.946667
900 0.963333
900 1
900 0.995556
900 0.933333
900 0.993333
900 0.934444
900 0.965556
900 0.947778
900 0.968889
900 0.956667
900 0.966667
900 0.928889
900 0.946667
900 0.997778
900 0.958889
900 0.977778
900 0.988889
900 0.99
900 0.741111
900 0.935556
900 0.966667
900 0.901111
900 0.993333
900 0.973333
900 0.965556
900 0.942222
900 0.973333
900 0.978889
900 0.972222
900 0.977778
900 0.885556
900 0.993333
900 0.995556
900 0.968889
900 0.965556
900 0.991111
900 0.968889
900 0.998889
900 0.951111
900 0.961111
900 0.952222
900 0.994444
900 0.81
900 0.947778
900 0.984444
900 0.944444
900 0.994444
900 0.935556
900 0.944444
900 0.945556
900 0.982222
900 0.946667
900 0.938889
950 0.983158
950 0.998947
950 0.931579
950 0.922105
950 0.992632
950 0.982105
950 0.906316
950 0.948421
950 0.994737
950 0.927368
950 0.893684
950 0.972632
950 0.957895
950 0.992632
950 0.942105
950 0.948421
950 0.970526
950 0.996842
950 0.967368
950 0.988421
950 0.987368
950 0.935789
950 0.968421
950 0.953684
950 0.969474
950 0.994737
950 0.985263
950 0.98
950 0.965263
950 0.953684
950 0.987368
950 0.986316
950 0.988421
950 0.991579
950 0.949474
950 0.956842
950 0.971579
950 0.953684
950 0.970526
950 0.971579
950 0.922105
950 1
950 0.952632
950 0.974737
950 0.949474
950 0.941053
950 1
950 0.965263
950 0.967368
950 0.990526
950 0.930526
950 0.998947
950 0.994737
950 0.989474
950 0.993684
950 0.951579
950 0.973684
950 0.915789
950 0.963158
950 0.972632
950 0.929474
950 0.909474
950 0.878947
950 0.978947
950 0.995789
950 0.948421
950 0.993684
950 0.993684
950 0.986316
950 0.969474
950 0.947368
950 0.915789
950 0.958947
950 0.936842
950 0.972632
1000 0.951
1000 0.958
1000 0.933
1000 0.906
1000 0.934
1000 0.904
1000 0.997
1000 0.962
1000 0.999
1000 0.987
1000 0.99
1000 0.953
1000 0.994
1000 0.961
1000 0.946
1000 0.96
1000 0.968
1000 0.946
1000 0.968
1000 0.985
1000 0.963
1000 0.998
1000 0.992
1000 0.969
1000 0.942
1000 0.978
1000 0.94
1000 0.999
1000 0.956
1000 0.953
1000 0.986
1000 0.995
1000 0.979
1000 0.937
1000 0.988
1000 0.965
1000 0.988
1000 0.936
1000 0.957
1000 0.995
1000 0.973
1000 0.977
1000 0.946
1000 0.947
1000 0.967
1000 0.905
1000 0.975
1000 0.997
1000 0.876
1000 0.987
1000 0.946
1000 0.947
1000 0.977
1000 0.967
1000 0.944
1000 0.981
1000 0.992
1000 0.92
1000 0.956
1000 0.979
1000 0.961
1000 0.949
1000 0.978
1000 1
1000 0.96
1000 0.988
1000 0.991
1000 0.97
1000 0.922
1000 0.998
1000 0.962
1000 0.996
1000 0.999
1000 0.994
1000 0.953
1050 0.948571
1050 0.969524
1050 0.98381
1050 0.995238
1050 0.841905
1050 0.978095
1050 0.959048
1050 0.899048
1050 0.959048
1050 0.973333
1050 0.940952
1050 0.965714
1050 0.973333
1050 0.927619
1050 0.986667
1050 0.985714
1050 0.992381
1050 0.998095
1050 0.965714
1050 0.993333
1050 0.912381
1050 0.990476
1050 0.950476
1050 0.868571
1050 0.992381
1050 0.989524
1050 0.959048
1050 0.949524
1050 0.982857
1050 0.952381
1050 0.992381
1050 0.99619
1050 0.957143
1050 0.955238
1050 0.985714
1050 0.931429
1050 0.991429
1050 0.960952
1050 0.891429
1050 0.948571
1050 0.99619
1050 0.973333
1050 0.855238
1050 0.861905
1050 0.929524
1050 0.965714
1050 0.997143
1050 0.99619
1050 0.944762
1050 0.973333
1050 0.997143
1050 0.980952
1050 0.979048
1050 0.909524
1050 1
1050 0.947619
1050 0.989524
1050 0.96381
1050 0.99619
1050 0.998095
1050 0.908571
1050 0.939048
1050 0.984762
1050 0.904762
1050 0.972381
1050 0.953333
1050 0.98
1050 0.995238
1050 0.969524
1050 0.999048
1050 0.994286
1050 0.934286
1050 0.939048
1050 0.966667
1050 0.95619
1100 0.963636
1100 0.927273
1100 0.991818
1100 0.995455
1100 0.995455
1100 0.942727
1100 0.894545
1100 0.994545
1100 0.963636
1100 0.977273
1100 0.999091
1100 0.973636
1100 0.993636
1100 0.925455
1100 0.966364
1100 0.99
1100 0.982727
1100 0.98
1100 0.972727
1100 0.980909
1100 0.916364
1100 0.939091
1100 0.987273
1100 0.986364
1100 0.987273
1100 0.975455
1100 0.952727
1100 0.989091
1100 0.927273
1100 0.94
1100 0.962727
1100 0.944545
1100 0.980909
1100 0.939091
1100 0.993636
1100 0.983636
1100 0.993636
1100 0.955455
1100 0.99
1100 0.985455
1100 0.985455
1100 0.977273
1100 0.987273
1100 0.949091
1100 0.981818
1100 0.994545
1100 0.986364
1100 0.978182
1100 0.993636
1100 0.966364
1100 0.946364
1100 0.971818
1100 0.967273
1100 0.977273
1100 0.914545
1100 0.997273
1100 0.944545
1100 0.988182
1100 0.985455
1100 0.970909
1100 0.957273
1100 0.987273
1100 0.989091
1100 0.992727
1100 0.989091
1100 0.998182
1100 0.982727
1100 0.984545
1100 0.997273
1100 0.954545
1100 0.958182
1100 0.988182
1100 0.971818
1100 0.983636
1100 0.822727
1150 0.933043
1150 0.915652
1150 0.914783
1150 0.995652
1150 0.97913
1150 0.949565
1150 0.941739
1150 0.931304
1150 0.982609
1150 0.986087
1150 0.93913
1150 0.945217
1150 0.977391
1150 0.975652
1150 0.943478
1150 0.995652
1150 0.989565
1150 0.896522
1150 0.976522
1150 0.964348
1150 0.992174
1150 0.974783
1150 0.973043
1150 0.884348
1150 0.994783
1150 0.96
1150 0.97913
1150 0.973913
1150 0.974783
1150 0.923478
1150 0.971304
1150 0.952174
1150 0.903478
1150 0.966087
1150 0.981739
1150 0.971304
1150 0.958261
1150 0.96087
1150 0.993913
1150 0.964348
1150 0.993043
1150 0.94
1150 0.993913
1150 0.950435
1150 0.968696
1150 0.825217
1150 0.94
1150 0.953043
1150 0.966957
1150 0.970435
1150 0.965217
1150 0.950435
1150 0.947826
1150 0.978261
1150 0.94087
1150 0.96
1150 0.974783
1150 0.967826
1150 0.966957
1150 0.962609
1150 0.976522
1150 0.947826
1150 0.972174
1150 0.886087
1150 0.921739
1150 0.998261
1150 0.953043
1150 0.984348
1150 0.973913
1150 0.968696
1150 0.974783
1150 0.98087
1150 0.954783
1150 0.95913
1150 0.943478
1200 0.9625
1200 0.9825
1200 0.986667
1200 0.984167
1200 0.950833
1200 0.9125
1200 0.869167
1200 0.951667
1200 0.925
1200 0.974167
1200 0.975833
1200 0.9975
1200 0.995833
1200 0.973333
1200 0.95
1200 0.9325
1200 0.988333
1200 0.9775
1200 0.991667
1200 0.96
1200 0.9725
1200 0.989167
1200 0.9975
1200 0.946667
1200 1
1200 0.9425
1200 0.985
1200 0.964167
1200 0.991667
1200 0.968333
1200 0.96
1200 0.9625
1200 0.955833
1200 1
1200 0.995833
1200 0.988333
1200 0.986667
1200 0.989167
1200 0.93
1200 0.916667
1200 0.986667
1200 0.901667
1200 0.920833
1200 0.955
1200 0.980833
1200 0.979167
1200 0.993333
1200 0.979167
1200 0.999167
1200 0.983333
1200 0.939167
1200 0.968333
1200 0.991667
1200 0.950833
1200 0.974167
1200 0.9525
1200 0.935
1200 0.965
1200 0.959167
1200 0.956667
1200 0.996667
1200 0.995
1200 0.95
1200 0.976667
1200 0.915833
1200 0.900833
1200 0.9925
1200 0.968333
1200 0.988333
1200 0.9225
1200 0.984167
1200 0.8925
1200 0.979167
1200 0.946667
1200 0.945
1250 0.9592
1250 0.9576
1250 0.9928
1250 0.9312
1250 0.9928
1250 0.9928
1250 0.9888
1250 0.9576
1250 0.9616
1250 0.9224
1250 0.9456
1250 0.9776
1250 0.884
1250 0.936
1250 0.9888
1250 0.9936
1250 0.9504
1250 0.9552
1250 0.996
1250 0.9064
1250 0.9528
1250 0.9288
1250 0.9552
1250 0.9808
1250 0.9624
1250 0.9928
1250 0.9624
1250 0.9064
1250 0.996
1250 0.9816
1250 0.9712
1250 0.9112
1250 0.9632
1250 0.9584
1250 0.9712
1250 0.9896
1250 0.956
1250 0.9928
1250 0.9912
1250 0.9968
1250 0.9464
1250 0.9936
1250 0.984
1250 0.992
1250 0.9832
1250 0.9728
1250 0.9632
1250 0.9768
1250 0.928
1250 0.9888
1250 0.9848
1250 0.9992
1250 0.9856
1250 0.9984
1250 0.9864
1250 0.9312
1250 0.9728
1250 0.9632
1250 0.9944
1250 0.9896
1250 0.9744
1250 1
1250 0.9552
1250 0.9736
1250 0.9024
1250 0.9688
1250 0.9968
1250 0.9776
1250 0.9616
1250 0.9896
1250 0.9616
1250 0.9752
1250 0.984
1250 0.936
1250 0.9856
1300 0.983077
1300 0.953846
1300 0.993846
1300 0.990769
1300 0.950769
1300 0.996154
1300 0.994615
1300 0.976154
1300 0.945385
1300 0.986154
1300 0.95
1300 0.994615
1300 0.989231
1300 0.977692
1300 0.945385
1300 0.96
1300 0.996154
1300 0.986154
1300 0.975385
1300 0.969231
1300 0.957692
1300 0.986923
1300 0.983077
1300 0.991538
1300 0.964615
1300 0.98
1300 0.957692
1300 0.954615
1300 0.983846
1300 0.856154
1300 0.994615
1300 0.969231
1300 0.893846
1300 0.996923
1300 0.998462
1300 0.96
1300 0.986923
1300 0.951538
1300 0.966154
1300 0.941538
1300 0.983846
1300 0.936154
1300 0.936154
1300 0.996923
1300 0.914615
1300 0.995385
1300 0.982308
1300 0.960769
1300 0.99
1300 0.973077
1300 0.976923
1300 0.986923
1300 0.948462
1300 0.990769
1300 0.990769
1300 0.971538
1300 0.985385
1300 1
1300 0.983077
1300 0.980769
1300 0.931538
1300 0.991538
1300 0.993077
1300 0.986923
1300 0.977692
1300 0.988462
1300 1
1300 0.960769
1300 0.996923
1300 0.994615
1300 0.993077
1300 0.958462
1300 0.963846
1300 0.98
1300 0.996154
1350 0.995556
1350 0.982963
1350 0.951111
1350 0.97037
1350 0.945185
1350 0.926667
1350 0.99037
1350 0.944444
1350 0.951852
1350 0.965185
1350 0.975556
1350 0.974074
1350 0.958519
1350 0.96
1350 0.957037
1350 0.994815
1350 0.954074
1350 0.985926
1350 0.827407
1350 0.90963
1350 0.944444
1350 0.945926
1350 0.985926
1350 0.920741
1350 0.993333
1350 0.995556
1350 0.93037
1350 0.976296
1350 0.994074
1350 0.983704
1350 0.985926
1350 0.981481
1350 0.959259
1350 0.974074
1350 0.986667
1350 0.965185
1350 0.971111
1350 0.96
1350 0.964444
1350 0.98
1350 0.931111
1350 0.955556
1350 0.942222
1350 0.981481
1350 0.997778
1350 0.974815
1350 0.946667
1350 0.93037
1350 0.995556
1350 1
1350 0.965185
1350 0.965926
1350 0.862222
1350 0.972593
1350 0.951852
1350 0.996296
1350 0.977037
1350 0.98963
1350 0.940741
1350 0.944444
1350 0.948148
1350 0.997037
1350 0.993333
1350 0.825185
1350 0.984444
1350 0.951852
1350 0.998519
1350 0.933333
1350 0.914815
1350 0.932593
1350 0.995556
1350 0.948148
1350 0.998519
1350 0.98963
1350 0.967407
1400 1
1400 0.965
1400 0.93
1400 0.981429
1400 0.997143
1400 0.991429
1400 0.980714
1400 0.987143
1400 0.999286
1400 0.996429
1400 0.988571
1400 0.98
1400 0.981429
1400 0.959286
1400 0.992857
1400 0.950714
1400 0.977857
1400 0.99
1400 0.963571
1400 0.988571
1400 0.987857
1400 0.965
1400 0.967857
1400 0.979286
1400 0.992143
1400 0.928571
1400 0.880714
1400 0.975
1400 0.98
1400 0.985
1400 0.959286
1400 0.95
1400 0.991429
1400 0.917857
1400 0.932857
1400 0.963571
1400 0.916429
1400 0.952143
1400 0.991429
1400 0.957143
1400 0.962857
1400 0.985714
1400 0.995
1400 0.932143
1400 0.977143
1400 0.99
1400 0.980714
1400 0.945714
1400 0.957143
1400 0.995714
1400 0.953571
1400 0.915
1400 0.898571
1400 0.962857
1400 0.912143
1400 0.985714
1400 0.968571
1400 0.972857
1400 0.94
1400 0.976429
1400 0.971429
1400 0.998571
1400 0.980714
1400 0.967857
1400 0.977857
1400 0.962857
1400 0.995
1400 0.990714
1400 0.944286
1400 0.975
1400 0.972143
1400 0.817857
1400 0.968571
1400 0.999286
1400 0.961429
1450 0.961379
1450 0.968966
1450 0.984828
1450 0.996552
1450 0.989655
1450 0.962759
1450 0.946207
1450 0.992414
1450 0.936552
1450 0.947586
1450 0.945517
1450 0.993793
1450 0.922069
1450 0.96
1450 0.98069
1450 0.931034
1450 0.976552
1450 0.962069
1450 0.985517
1450 0.991724
1450 0.951034
1450 0.997931
1450 0.984138
1450 0.995172
1450 0.913103
1450 0.949655
1450 0.94069
1450 0.913793
1450 0.988276
1450 0.977931
1450 0.952414
1450 0.996552
1450 0.993793
1450 0.993793
1450 0.96
1450 0.978621
1450 0.987586
1450 0.942759
1450 0.958621
1450 0.965517
1450 0.971724
1450 0.957931
1450 0.982759
1450 0.995172
1450 0.997931
1450 0.997931
1450 0.952414
1450 0.988276
1450 0.957241
1450 0.973103
1450 0.91931
1450 0.995862
1450 0.97931
1450 0.984828
1450 0.966207
1450 0.931034
1450 0.995862
1450 0.913793
1450 0.966897
1450 0.955172
1450 0.974483
1450 0.995172
1450 0.956552
1450 0.97931
1450 0.978621
1450 0.981379
1450 0.982759
1450 0.965517
1450 0.908966
1450 0.992414
1450 0.956552
1450 0.97931
1450 0.994483
1450 0.937931
1450 0.997241
1500 0.974667
1500 0.986
1500 0.997333
1500 0.99
1500 0.965333
1500 0.992667
1500 0.988667
1500 0.932
1500 0.907333
1500 0.95
1500 0.751333
1500 0.969333
1500 0.993333
1500 0.995333
1500 0.932667
1500 0.986
1500 0.981333
1500 0.992
1500 0.992
1500 0.971333
1500 0.991333
1500 0.957333
1500 0.986667
1500 0.965333
1500 0.992
1500 0.952667
1500 0.943333
1500 0.985333
1500 0.919333
1500 0.956
1500 0.983333
1500 0.976667
1500 0.981333
1500 0.972667
1500 0.997333
1500 0.999333
1500 0.996
1500 0.905333
1500 0.948667
1500 0.975333
1500 1
1500 0.994
1500 0.998667
1500 0.995333
1500 0.979333
1500 0.962667
1500 0.956667
1500 0.930667
1500 0.972
1500 0.989333
1500 0.954667
1500 0.963333
1500 0.981333
1500 0.962
1500 0.925333
1500 0.984
1500 0.989333
1500 0.978667
1500 0.984
1500 0.972
1500 0.992667
1500 0.942
1500 0.986667
1500 0.963333
1500 1
1500 0.992
1500 0.992667
1500 0.995333
1500 0.986
1500 0.962
1500 0.932667
1500 0.986667
1500 0.983333
1500 0.921333
1500 0.941333
1550 0.987742
1550 0.970968
1550 0.957419
1550 0.957419
1550 0.987097
1550 0.994194
1550 1
1550 0.915484
1550 0.996774
1550 0.981935
1550 0.993548
1550 0.950323
1550 0.951613
1550 0.982581
1550 0.99871
1550 0.983871
1550 0.955484
1550 0.965161
1550 0.970968
1550 0.956774
1550 0.916129
1550 0.980645
1550 0.931613
1550 0.978065
1550 0.96
1550 0.969032
1550 0.949032
1550 0.967097
1550 0.992903
1550 0.967742
1550 0.945161
1550 0.981935
1550 0.955484
1550 0.99871
1550 0.96
1550 0.992903
1550 0.990968
1550 0.954839
1550 0.993548
1550 0.992258
1550 0.994839
1550 0.928387
1550 0.956129
1550 0.957419
1550 0.947742
1550 0.992258
1550 0.990968
1550 0.99871
1550 0.931613
1550 0.971613
1550 0.985806
1550 0.959355
1550 0.96
1550 0.993548
1550 0.973548
1550 0.96129
1550 0.950968
1550 0.989677
1550 0.955484
1550 0.969032
1550 0.948387
1550 0.952903
1550 0.991613
1550 0.96
1550 0.969677
1550 0.985161
1550 0.975484
1550 0.97871
1550 0.964516
1550 0.998065
1550 0.950323
1550 1
1550 0.950323
1550 0.959355
1550 0.992903
1600 0.920625
1600 0.929375
1600 0.943125
1600 0.935
1600 0.971875
1600 0.9475
1600 0.979375
1600 0.921875
1600 0.99625
1600 0.99
1600 0.995625
1600 0.99125
1600 0.995
1600 0.95875
1600 0.95875
1600 0.960625
1600 0.98375
1600 0.95875
1600 0.996875
1600 0.970625
1600 0.98875
1600 0.93375
1600 0.99625
1600 0.96
1600 0.9325
1600 0.965
1600 0.978125
1600 0.969375
1600 0.9875
1600 0.9875
1600 0.97625
1600 0.99125
1600 0.983125
1600 0.94
1600 0.983125
1600 0.9675
1600 0.98375
1600 0.961875
1600 0.99625
1600 0.98
1600 0.97875
1600 0.94375
1600 0.968125
1600 0.998125
1600 0.9875
1600 0.979375
1600 0.94125
1600 0.966875
1600 0.995625
1600 0.94
1600 0.9525
1600 0.974375
1600 0.9575
1600 0.969375
1600 0.996875
1600 0.9775
1600 0.918125
1600 0.99375
1600 0.995
1600 0.953125
1600 0.99625
1600 0.984375
1600 0.96375
1600 0.970625
1600 0.998125
1600 0.9825
1600 0.97875
1600 0.983125
1600 0.958125
1600 0.975
1600 0.971875
1600 0.945
1600 0.91625
1600 0.974375
1600 0.965625
1650 0.987273
1650 0.923636
1650 0.966061
1650 0.966667
1650 0.941818
1650 0.941212
1650 0.935152
1650 0.935152
1650 0.988485
1650 0.97697
1650 0.942424
1650 1
1650 0.984242
1650 0.965455
1650 1
1650 0.930303
1650 0.946667
1650 0.991515
1650 0.989697
1650 0.974545
1650 0.991515
1650 0.978788
1650 0.988485
1650 0.96
1650 0.965455
1650 0.970909
1650 0.993333
1650 0.98
1650 0.970909
1650 0.915758
1650 0.983636
1650 0.904242
1650 0.960606
1650 0.974545
1650 0.887273
1650 0.964848
1650 0.989697
1650 0.987273
1650 0.964848
1650 0.944848
1650 0.994545
1650 0.966061
1650 0.985455
1650 0.947273
1650 0.934545
1650 0.992727
1650 0.978788
1650 0.978788
1650 0.940606
1650 0.982424
1650 0.950909
1650 0.957576
1650 0.955758
1650 0.966667
1650 0.994545
1650 0.98303
1650 0.986061
1650 0.987273
1650 0.980606
1650 0.927879
1650 0.967273
1650 0.998182
1650 0.942424
1650 0.891515
1650 0.92303
1650 0.972727
1650 0.96
1650 0.95697
1650 0.998788
1650 0.984242
1650 0.853333
1650 0.955152
1650 0.997576
1650 0.910303
1650 0.983636
1700 0.983529
1700 0.98
1700 0.940588
1700 0.978824
1700 0.981176
1700 0.992353
1700 0.985882
1700 0.940588
1700 0.907059
1700 0.967059
1700 0.952941
1700 0.988235
1700 0.934706
1700 0.961765
1700 0.944118
1700 0.99
1700 0.963529
1700 0.966471
1700 0.964706
1700 0.971176
1700 0.938235
1700 0.940588
1700 0.920588
1700 0.91
1700 0.924118
1700 0.997059
1700 0.920588
1700 0.985294
1700 0.98
1700 0.985882
1700 0.956471
1700 0.940588
1700 0.953529
1700 0.962941
1700 0.974118
1700 0.996471
1700 0.994706
1700 0.920588
1700 0.927059
1700 0.952353
1700 0.991765
1700 0.916471
1700 0.971765
1700 0.958235
1700 0.997647
1700 0.945882
1700 0.998235
1700 0.987647
1700 0.996471
1700 0.995882
1700 0.983529
1700 0.972353
1700 0.996471
1700 0.998235
1700 0.964706
1700 0.951176
1700 0.967647
1700 0.898824
1700 0.934706
1700 0.973529
1700 0.971765
1700 0.997059
1700 0.966471
1700 0.991176
1700 0.977059
1700 0.984118
1700 0.918824
1700 0.992353
1700 0.994118
1700 0.99
1700 0.978235
1700 0.98
1700 0.994118
1700 0.995882
1700 0.991765
1750 0.961143
1750 0.953143
1750 0.987429
1750 0.917714
1750 0.988571
1750 0.986857
1750 0.973714
1750 0.938286
1750 0.946857
1750 0.921143
1750 0.966857
1750 0.988
1750 0.950286
1750 0.950286
1750 0.909714
1750 0.961714
1750 0.977714
1750 0.989143
1750 0.991429
1750 0.980571
1750 0.955429
1750 0.954286
1750 0.924571
1750 0.948571
1750 0.937714
1750 1
1750 0.928571
1750 0.96
1750 0.963429
1750 0.993143
1750 0.970857
1750 0.952
1750 0.948
1750 0.984
1750 0.964571
1750 0.965143
1750 0.957143
1750 0.979429
1750 0.985143
1750 0.984
1750 0.969714
1750 0.977714
1750 0.962857
1750 0.937143
1750 0.973714
1750 0.968571
1750 0.999429
1750 0.976571
1750 0.938857
1750 0.989714
1750 0.957143
1750 0.988
1750 0.958857
1750 0.961143
1750 0.996
1750 0.969143
1750 1
1750 0.965143
1750 0.961714
1750 0.993143
1750 0.993143
1750 0.960571
1750 0.974857
1750 0.969143
1750 0.957714
1750 0.944
1750 0.938286
1750 0.965143
1750 0.950286
1750 1
1750 0.546857
1750 0.980571
1750 0.984571
1750 1
1750 0.964
1800 0.993889
1800 0.992222
1800 0.973889
1800 0.917222
1800 0.965
1800 0.959444
1800 0.981667
1800 0.948889
1800 0.961667
1800 0.99
1800 0.935556
1800 0.954444
1800 0.998889
1800 0.964444
1800 0.992222
1800 0.955556
1800 0.984444
1800 0.988889
1800 0.987778
1800 0.956111
1800 0.999444
1800 0.941111
1800 0.985
1800 0.987778
1800 0.980556
1800 0.929444
1800 0.978889
1800 0.977222
1800 0.990556
1800 0.996667
1800 0.98
1800 0.997222
1800 0.946111
1800 0.986111
1800 0.995
1800 0.987778
1800 0.968333
1800 0.941111
1800 0.979444
1800 0.989444
1800 0.947778
1800 0.962778
1800 0.956667
1800 0.998889
1800 0.967778
1800 0.978889
1800 0.967222
1800 0.943333
1800 0.972778
1800 0.911667
1800 0.991111
1800 0.976667
1800 0.953889
1800 0.996111
1800 0.957778
1800 0.989444
1800 0.959444
1800 0.955
1800 0.985
1800 0.976667
1800 0.987222
1800 0.963889
1800 0.98
1800 0.998333
1800 0.989444
1800 0.997222
1800 0.939444
1800 0.925
1800 0.968889
1800 0.962778
1800 0.954444
1800 0.931111
1800 0.983333
1800 0.978889
1800 0.973889
1850 0.976216
1850 0.97027
1850 0.988108
1850 0.923784
1850 0.98973
1850 0.993514
1850 0.99027
1850 0.991351
1850 0.956757
1850 0.94973
1850 0.934595
1850 0.98973
1850 0.994054
1850 0.947568
1850 0.947568
1850 0.991892
1850 0.954054
1850 0.967027
1850 0.962162
1850 0.90973
1850 0.988649
1850 0.947027
1850 0.953514
1850 0.994595
1850 0.94
1850 0.953514
1850 1
1850 0.927027
1850 0.967568
1850 0.954595
1850 0.991892
1850 0.968649
1850 0.984324
1850 0.97027
1850 0.965405
1850 0.990811
1850 0.970811
1850 0.983243
1850 0.979459
1850 0.964324
1850 0.975135
1850 0.918919
1850 0.988649
1850 0.960541
1850 0.958378
1850 0.989189
1850 0.998378
1850 0.943784
1850 0.961081
1850 0.977297
1850 0.997838
1850 0.944865
1850 0.954054
1850 0.975676
1850 0.959459
1850 0.977297
1850 0.988649
1850 0.974595
1850 0.952432
1850 0.981081
1850 0.981622
1850 0.984324
1850 0.996216
1850 0.963784
1850 0.994595
1850 0.994595
1850 0.99027
1850 0.927027
1850 0.951351
1850 0.992973
1850 0.98
1850 0.984865
1850 0.98
1850 0.911892
1850 0.991351
1900 0.954211
1900 0.998421
1900 0.957895
1900 0.896316
1900 0.957895
1900 0.98
1900 0.956316
1900 0.939474
1900 0.995263
1900 0.976842
1900 0.942105
1900 0.993158
1900 0.965789
1900 0.922632
1900 0.993158
1900 0.989474
1900 0.961579
1900 1
1900 0.877368
1900 0.948947
1900 0.983684
1900 0.953684
1900 0.938421
1900 0.934737
1900 0.899474
1900 0.992105
1900 0.987895
1900 0.991053
1900 0.958947
1900 0.923158
1900 0.993158
1900 0.984737
1900 0.963158
1900 0.944211
1900 0.995789
1900 0.939474
1900 0.968947
1900 0.995263
1900 0.973684
1900 0.992105
1900 0.971579
1900 0.956316
1900 0.988421
1900 0.950526
1900 0.937368
1900 0.987368
1900 0.961053
1900 0.931579
1900 0.941579
1900 0.944211
1900 0.984737
1900 0.937895
1900 0.984211
1900 0.989474
1900 1
1900 0.981579
1900 0.986842
1900 0.953684
1900 0.945263
1900 0.958421
1900 0.996316
1900 0.94
1900 0.949474
1900 0.97
1900 0.957895
1900 0.945263
1900 0.988421
1900 0.923684
1900 0.967895
1900 0.914737
1900 0.978947
1900 0.962105
1900 0.968421
1900 0.968947
1900 0.96
1950 0.990769
1950 0.987692
1950 0.992821
1950 1
1950 0.973333
1950 0.996923
1950 0.983077
1950 0.953333
1950 0.997949
1950 0.998974
1950 0.984615
1950 0.992821
1950 0.954359
1950 0.936923
1950 0.992821
1950 0.958974
1950 0.947179
1950 0.977949
1950 0.972308
1950 0.988205
1950 0.946154
1950 0.966154
1950 0.960513
1950 0.966667
1950 0.941538
1950 0.957436
1950 0.999487
1950 0.993846
1950 0.91641
1950 0.999487
1950 0.960513
1950 0.957436
1950 0.985641
1950 0.957949
1950 0.996923
1950 0.96359
1950 0.905128
1950 0.994872
1950 0.987179
1950 0.998974
1950 0.950256
1950 0.961538
1950 0.989744
1950 0.985641
1950 0.992308
1950 0.969744
1950 1
1950 0.989744
1950 0.981026
1950 0.986667
1950 0.992821
1950 0.966667
1950 0.958462
1950 0.996923
1950 0.971282
1950 0.992821
1950 0.95641
1950 0.991282
1950 0.895385
1950 0.982051
1950 0.979487
1950 0.958974
1950 0.966667
1950 0.969744
1950 0.986154
1950 0.982051
1950 0.966154
1950 0.969744
1950 0.889231
1950 0.95641
1950 0.976923
1950 0.950769
1950 0.98
1950 0.986667
1950 0.991795
2000 0.961
2000 0.9955
2000 0.9945
2000 0.9815
2000 0.9455
2000 0.9205
2000 0.9835
2000 0.8525
2000 0.996
2000 0.951
2000 0.9435
2000 0.9455
2000 0.948
2000 0.931
2000 1
2000 0.9955
2000 0.936
2000 0.964
2000 0.931
2000 0.9605
2000 0.9635
2000 0.927
2000 0.9885
2000 0.9725
2000 0.9715
2000 0.935
2000 0.9595
2000 0.964
2000 0.995
2000 0.9535
2000 0.9835
2000 0.98
2000 0.989
2000 0.9905
2000 0.9875
2000 0.9535
2000 0.9795
2000 0.979
2000 0.9815
2000 0.9505
2000 0.951
2000 0.975
2000 0.9945
2000 0.9435
2000 0.995
2000 0.982
2000 0.9835
2000 0.9835
2000 0.973
2000 0.9975
2000 0.9955
2000 0.9255
2000 0.9885
2000 0.9925
2000 0.9965
2000 0.977
2000 0.9435
2000 0.9575
2000 1
2000 0.996
2000 0.975
2000 0.987
2000 0.9875
2000 0.9655
2000 0.9525
2000 0.9985
2000 0.9575
2000 0.996
2000 0.998
2000 0.997
2000 0.924
2000 0.9625
2000 0.9955
2000 1
2000 0.9975
