50 0.12
50 0.2
50 0.02
50 0.1
50 0.44
50 0.18
50 0.32
50 0
50 0
50 0.18
50 0.16
50 0
50 0.02
50 0.34
50 0
50 0.1
50 0.08
50 0.7
50 0.34
50 0.02
50 0.14
50 0.06
50 0
50 0.1
50 0
50 0.64
50 0
50 0.28
50 0.18
50 0.28
50 0.4
50 0.06
50 0.06
50 0.2
50 0.1
50 0.12
50 0.38
50 0.24
50 0.02
50 0.24
50 0.16
50 0
50 0.1
50 0.74
50 0.5
50 0.44
50 0.18
50 0.08
50 0.6
50 0.22
50 0.48
50 0.1
50 0.02
50 0
50 0.32
50 0.34
50 0.44
50 0.2
50 0
50 0.06
50 0.02
50 0.34
50 0
50 0.02
50 0.4
50 0.28
50 0
50 0.38
50 0.28
50 0.1
50 0
50 0.02
50 0.2
50 0.46
50 0.12
100 0.24
100 0
100 0
100 0.23
100 0.82
100 0.88
100 0.56
100 0.83
100 0.82
100 0.63
100 0.86
100 0.84
100 0.11
100 0.01
100 0.95
100 0.53
100 0
100 0.28
100 0.53
100 0.7
100 0.74
100 0.81
100 0.58
100 0.58
100 0
100 0.31
100 0
100 0.57
100 0.2
100 0.63
100 0.74
100 0.45
100 0.23
100 0.76
100 0.81
100 0.46
100 0.71
100 0.74
100 0.13
100 0.59
100 0.62
100 0.86
100 0.34
100 0.83
100 0.77
100 0.69
100 0.5
100 0.1
100 0.77
100 0.48
100 0.47
100 0.34
100 0.35
100 0.65
100 0.57
100 0.43
100 0.5
100 0.81
100 0.87
100 0.8
100 0.79
100 0.5
100 0.49
100 0.87
100 0.36
100 0.13
100 0.64
100 0.64
100 0.31
100 0.71
100 0
100 0.64
100 0.06
100 0.09
100 0.29
150 0.713333
150 0.6
150 0.766667
150 0.786667
150 0.52
150 0.833333
150 0.86
150 0.72
150 0.0866667
150 0.926667
150 0.886667
150 0.686667
150 0.446667
150 0.54
150 0.633333
150 0.686667
150 0.00666667
150 0.66
150 0.493333
150 0.8
150 0.746667
150 0.926667
150 0.66
150 0.14
150 0.866667
150 0.82
150 0.786667
150 0.38
150 0.933333
150 0.753333
150 0.753333
150 0.753333
150 0.766667
150 0.973333
150 0.693333
150 0.586667
150 0.46
150 0.566667
150 0.506667
150 0.886667
150 0.9
150 0.633333
150 0.92
150 0.486667
150 0.273333
150 0.88
150 0.84
150 0.806667
150 0.713333
150 0.32
150 0.64
150 0.546667
150 0.746667
150 0.866667
150 0.64
150 0.746667
150 0.76
150 0.78
150 0.38
150 0.78
150 0.793333
150 0.693333
150 0.793333
150 0.746667
150 0.86
150 0.74
150 0.846667
150 0.466667
150 0.926667
150 0.433333
150 0.793333
150 0.466667
150 0.753333
150 0.733333
150 0.06
200 0.645
200 0.41
200 0.985
200 0.765
200 0.705
200 0.765
200 0.585
200 0.89
200 0.77
200 0.93
200 0.895
200 0.57
200 0.87
200 0.9
200 0.68
200 0.825
200 0.855
200 0.8
200 0.885
200 0.865
200 0.75
200 0.955
200 0.105
200 0.87
200 0.83
200 0.84
200 0.92
200 0.905
200 0.59
200 0.83
200 0.545
200 0.845
200 0.825
200 0.85
200 0.67
200 0.865
200 0.53
200 0.655
200 0.955
200 0.48
200 0.81
200 0.88
200 0.77
200 0.62
200 0.88
200 0.72
200 0.81
200 0.79
200 0.81
200 0.815
200 0.51
200 0.855
200 0.85
200 0.84
200 0.775
200 0.925
200 0.915
200 0.61
200 0.93
200 0.59
200 0.47
200 0.67
200 0.945
200 0.825
200 0.9
200 0.665
200 0.68
200 0.85
200 0.78
200 0.93
200 0.745
200 0.625
200 0.86
200 0.865
200 0.785
250 0.768
250 0.888
250 0.92
250 0.788
250 0.852
250 0.908
250 0.836
250 0.848
250 0.776
250 0.868
250 0.844
250 0.884
250 0.912
250 0.812
250 0.852
250 0.924
250 0.884
250 0.656
250 0.944
250 0.892
250 0.904
250 0.684
250 0.74
250 0.572
250 0.94
250 0.9
250 0.88
250 0.968
250 0.844
250 0.936
250 0.76
250 0.872
250 0.988
250 0.824
250 0.776
250 0.848
250 0.94
250 0.708
250 0.92
250 0.66
250 0.544
250 0.908
250 0.936
250 0.468
250 0.864
250 0.912
250 0.88
250 0.576
250 0.98
250 0.916
250 0.912
250 0.848
250 0.82
250 0.828
250 0.82
250 0.956
250 0.848
250 0.912
250 0.828
250 0.952
250 0.952
250 0.86
250 0.836
250 0.856
250 0.828
250 0.744
250 0.836
250 0.928
250 0.876
250 0.872
250 0.824
250 0.728
250 0.896
250 0.944
250 0.804
300 0.883333
300 0.9
300 0.943333
300 0.903333
300 0.913333
300 0.89
300 0.81
300 0.906667
300 0.856667
300 0.916667
300 0.91
300 0.806667
300 0.89
300 0.853333
300 0.926667
300 0.75
300 0.896667
300 0.88
300 0.87
300 0.906667
300 0.93
300 0.903333
300 0.923333
300 0.96
300 0.926667
300 0.84
300 0.9
300 0.813333
300 0.876667
300 0.94
300 0.803333
300 0.886667
300 0.493333
300 0.866667
300 0.86
300 0.9
300 0.95
300 0.966667
300 0.953333
300 0.96
300 0.893333
300 0.866667
300 0.95
300 0.85
300 0.923333
300 0.763333
300 0.786667
300 0.89
300 0.506667
300 0.846667
300 0.92
300 0.94
300 0.733333
300 0.733333
300 0.863333
300 0.973333
300 0.863333
300 0.786667
300 0.846667
300 0.893333
300 0.906667
300 0.816667
300 0.9
300 0.846667
300 0.863333
300 0.936667
300 0.883333
300 0.826667
300 0.923333
300 0.85
300 0.896667
300 0.843333
300 0.883333
300 0.8
300 0.85
350 0.908571
350 0.891429
350 0.857143
350 0.817143
350 0.971429
350 0.594286
350 0.742857
350 0.945714
350 0.945714
350 0.982857
350 0.868571
350 0.822857
350 0.965714
350 0.968571
350 0.922857
350 0.648571
350 0.888571
350 0.877143
350 0.888571
350 0.891429
350 0.914286
350 0.774286
350 0.94
350 0.948571
350 0.874286
350 0.9
350 0.962857
350 0.865714
350 0.902857
350 0.951429
350 0.774286
350 0.937143
350 0.865714
350 0.88
350 0.994286
350 0.908571
350 0.962857
350 0.548571
350 0.891429
350 0.845714
350 0.805714
350 0.894286
350 0.891429
350 0.945714
350 0.925714
350 0.905714
350 0.977143
350 0.931429
350 0.857143
350 0.977143
350 0.842857
350 0.851429
350 0.934286
350 0.877143
350 0.86
350 0.905714
350 0.902857
350 0.822857
350 0.905714
350 0.84
350 0.902857
350 0.791429
350 0.928571
350 0.902857
350 0.737143
350 0.888571
350 0.88
350 0.865714
350 0.862857
350 0.88
350 0.951429
350 0.971429
350 0.925714
350 0.905714
350 0.862857
400 0.9525
400 0.8275
400 0.87
400 0.82
400 0.735
400 0.9325
400 0.915
400 0.6125
400 0.935
400 0.9275
400 0.895
400 0.91
400 0.865
400 0.7625
400 0.905
400 0.87
400 0.8575
400 0.57
400 0.9125
400 0.865
400 0.9525
400 0.9375
400 0.9375
400 0.8525
400 0.94
400 0.925
400 0.8875
400 0.64
400 0.84
400 0.9325
400 0.8875
400 0.7475
400 0.895
400 0.9125
400 0.9825
400 0.96
400 0.8675
400 0.665
400 0.935
400 0.9
400 0.9225
400 0.94
400 0.9175
400 0.85
400 0.905
400 0.9325
400 0.875
400 0.8075
400 0.9375
400 0.935
400 0.8675
400 0.83
400 0.95
400 0.9025
400 0.8525
400 0.905
400 0.91
400 0.26
400 0.9425
400 0.905
400 0.815
400 0.7975
400 0.9075
400 0.9375
400 0.9075
400 0.875
400 0.8975
400 0.9175
400 0.89
400 0.935
400 0.84
400 0.8975
400 0.9075
400 0.955
400 0.9325
450 0.904444
450 0.913333
450 0.935556
450 0.988889
450 0.86
450 0.893333
450 0.953333
450 0.935556
450 0.893333
450 0.786667
450 0.926667
450 0.877778
450 0.904444
450 0.966667
450 0.715556
450 0.848889
450 0.884444
450 0.855556
450 0.833333
450 0.946667
450 0.933333
450 0.957778
450 0.957778
450 0.977778
450 0.882222
450 0.888889
450 0.913333
450 0.942222
450 0.928889
450 0.62
450 0.88
450 0.862222
450 0.995556
450 0.877778
450 0.773333
450 0.855556
450 0.893333
450 0.926667
450 0.888889
450 0.966667
450 0.946667
450 0.893333
450 0.695556
450 0.946667
450 0.942222
450 0.962222
450 0.84
450 0.993333
450 0.897778
450 0.995556
450 0.96
450 0.964444
450 0.891111
450 0.884444
450 0.9
450 0.94
450 0.833333
450 0.968889
450 0.977778
450 0.948889
450 0.742222
450 0.9
450 0.777778
450 0.837778
450 0.875556
450 0.888889
450 0.966667
450 0.811111
450 0.704444
450 0.98
450 0.855556
450 0.864444
450 0.973333
450 0.797778
450 0.435556
500 0.966
500 0.876
500 0.96
500 0.992
500 0.846
500 0.958
500 0.922
500 0.93
500 0.854
500 0.93
500 0.87
500 0.858
500 0.918
500 0.88
500 0.95
500 0.928
500 0.924
500 0.952
500 0.918
500 0.804
500 0.928
500 0.892
500 0.878
500 0.832
500 0.888
500 0.82
500 0.942
500 0.936
500 0.882
500 0.934
500 0.902
500 0.888
500 0.898
500 0.978
500 0.906
500 0.98
500 0.922
500 0.968
500 0.966
500 0.844
500 0.976
500 0.942
500 0.926
500 0.91
500 0.82
500 0.904
500 0.896
500 0.878
500 0.832
500 0.88
500 0.876
500 0.944
500 0.81
500 0.824
500 0.902
500 0.932
500 0.918
500 0.926
500 0.934
500 0.984
500 0.918
500 0.922
500 0.942
500 0.732
500 0.79
500 0.922
500 0.882
500 0.742
500 0.97
500 0.952
500 0.878
500 0.964
500 0.904
500 0.84
500 0.962
550 0.692727
550 0.867273
550 0.936364
550 0.949091
550 0.921818
550 0.983636
550 0.945455
550 0.869091
550 0.978182
550 0.905455
550 0.829091
550 0.869091
550 0.687273
550 0.912727
550 0.867273
550 0.923636
550 0.814545
550 0.941818
550 0.938182
550 0.976364
550 0.92
550 0.830909
550 0.947273
550 0.830909
550 0.936364
550 0.918182
550 0.9
550 0.929091
550 0.950909
550 0.901818
550 0.949091
550 0.894545
550 0.865455
550 0.150909
550 0.818182
550 0.9
550 0.905455
550 0.881818
550 0.996364
550 0.952727
550 0.818182
550 0.909091
550 0.914545
550 0.970909
550 0.896364
550 0.938182
550 0.927273
550 0.914545
550 0.952727
550 0.907273
550 0.921818
550 0.925455
550 0.829091
550 0.918182
550 0.769091
550 0.943636
550 0.927273
550 0.863636
550 0.936364
550 0.729091
550 0.945455
550 0.923636
550 0.950909
550 0.94
550 0.987273
550 0.943636
550 0.918182
550 0.930909
550 0.927273
550 0.794545
550 0.934545
550 0.863636
550 0.889091
550 0.925455
550 0.936364
600 0.906667
600 0.983333
600 0.9
600 0.97
600 0.968333
600 0.95
600 0.955
600 0.936667
600 0.75
600 0.886667
600 0.816667
600 0.955
600 0.891667
600 0.935
600 0.96
600 0.881667
600 0.693333
600 0.863333
600 0.95
600 0.941667
600 0.88
600 0.938333
600 0.931667
600 0.96
600 0.866667
600 0.921667
600 0.91
600 0.976667
600 0.953333
600 0.935
600 0.896667
600 0.9
600 0.913333
600 0.875
600 0.953333
600 0.963333
600 0.961667
600 0.886667
600 0.92
600 0.956667
600 0.746667
600 0.971667
600 0.911667
600 0.91
600 0.93
600 0.985
600 0.873333
600 0.785
600 0.891667
600 0.87
600 0.89
600 0.946667
600 0.985
600 0.95
600 0.955
600 0.915
600 0.831667
600 0.885
600 0.743333
600 0.933333
600 0.846667
600 1
600 0.905
600 0.918333
600 0.925
600 0.823333
600 0.94
600 0.928333
600 0.9
600 0.913333
600 0.965
600 0.931667
600 0.953333
600 0.963333
600 0.778333
650 0.956923
650 0.909231
650 0.932308
650 0.927692
650 0.924615
650 0.869231
650 0.906154
650 0.953846
650 0.975385
650 0.903077
650 0.915385
650 0.96
650 0.995385
650 0.827692
650 0.970769
650 0.978462
650 0.94
650 0.735385
650 0.921538
650 0.958462
650 0.843077
650 0.8
650 0.883077
650 0.930769
650 0.923077
650 0.923077
650 0.898462
650 0.946154
650 0.969231
650 0.884615
650 0.852308
650 0.976923
650 0.923077
650 0.950769
650 0.956923
650 0.892308
650 0.981538
650 0.961538
650 0.898462
650 0.944615
650 0.995385
650 0.895385
650 0.910769
650 0.961538
650 0.896923
650 0.950769
650 0.884615
650 0.936923
650 0.943077
650 0.990769
650 0.918462
650 0.855385
650 0.975385
650 0.947692
650 0.909231
650 0.946154
650 0.844615
650 0.969231
650 0.953846
650 0.953846
650 0.909231
650 0.923077
650 0.910769
650 0.872308
650 0.84
650 0.969231
650 0.929231
650 0.938462
650 0.941538
650 0.970769
650 0.918462
650 0.929231
650 0.944615
650 0.956923
650 0.866154
700 0.801429
700 0.961429
700 0.898571
700 0.938571
700 0.935714
700 0.87
700 0.89
700 0.902857
700 0.972857
700 0.914286
700 0.977143
700 0.974286
700 0.942857
700 0.931429
700 0.827143
700 0.952857
700 0.821429
700 0.917143
700 0.928571
700 0.92
700 0.937143
700 0.971429
700 0.942857
700 0.921429
700 0.907143
700 0.94
700 0.947143
700 0.968571
700 0.925714
700 0.975714
700 0.881429
700 0.948571
700 0.935714
700 0.948571
700 0.87
700 0.904286
700 0.977143
700 0.884286
700 0.798571
700 0.907143
700 0.834286
700 0.951429
700 0.917143
700 0.97
700 0.725714
700 0.961429
700 0.871429
700 0.875714
700 0.921429
700 0.942857
700 0.885714
700 0.951429
700 0.984286
700 0.89
700 0.871429
700 0.921429
700 0.961429
700 0.9
700 0.801429
700 0.954286
700 0.874286
700 0.9
700 0.932857
700 0.89
700 0.972857
700 0.945714
700 0.925714
700 0.917143
700 0.99
700 0.914286
700 0.915714
700 0.961429
700 0.982857
700 0.822857
700 0.95
750 0.921333
750 0.969333
750 0.925333
750 0.994667
750 0.950667
750 0.898667
750 0.878667
750 0.882667
750 0.892
750 0.873333
750 0.769333
750 0.908
750 0.982667
750 0.961333
750 0.885333
750 0.948
750 0.912
750 0.893333
750 0.968
750 0.962667
750 0.982667
750 0.884
750 0.993333
750 0.972
750 0.970667
750 0.913333
750 0.888
750 0.918667
750 0.937333
750 0.954667
750 0.977333
750 0.98
750 0.928
750 0.930667
750 0.830667
750 0.834667
750 0.932
750 0.917333
750 0.922667
750 0.994667
750 0.954667
750 0.798667
750 0.9
750 0.981333
750 0.941333
750 0.930667
750 0.933333
750 0.912
750 0.910667
750 0.921333
750 0.913333
750 0.976
750 0.953333
750 0.949333
750 0.973333
750 0.948
750 0.964
750 0.945333
750 0.956
750 0.946667
750 0.941333
750 0.881333
750 0.954667
750 0.845333
750 0.906667
750 0.874667
750 0.908
750 0.958667
750 0.964
750 0.914667
750 0.878667
750 0.965333
750 0.94
750 0.889333
750 0.953333
800 0.95375
800 0.87
800 0.93375
800 0.9025
800 0.97375
800 0.92125
800 0.9125
800 0.90125
800 0.95375
800 0.895
800 0.87625
800 0.96625
800 0.9875
800 0.97625
800 0.8875
800 0.925
800 0.9125
800 0.93875
800 0.935
800 0.9125
800 0.91625
800 0.92625
800 0.96625
800 0.9425
800 0.9175
800 0.93875
800 0.87375
800 0.91
800 0.95
800 0.94125
800 0.93875
800 0.9375
800 0.91125
800 0.915
800 0.94125
800 0.905
800 0.90125
800 0.9825
800 0.84875
800 0.88875
800 0.95875
800 0.94375
800 0.78375
800 0.86875
800 0.8975
800 0.9325
800 0.8875
800 0.89
800 0.88875
800 0.8775
800 0.9475
800 0.90875
800 0.94375
800 0.90625
800 0.845
800 0.8625
800 0.905
800 0.97
800 0.935
800 0.915
800 0.9475
800 0.96625
800 0.925
800 0.9525
800 0.94125
800 0.88625
800 0.9075
800 0.94625
800 0.99375
800 0.94
800 0.9875
800 0.9375
800 0.80875
800 0.88625
800 0.80625
850 0.881176
850 0.88
850 0.905882
850 0.955294
850 0.9
850 0.931765
850 0.944706
850 0.969412
850 0.807059
850 0.890588
850 0.883529
850 0.94
850 0.92
850 0.968235
850 0.983529
850 0.867059
850 0.908235
850 0.925882
850 0.957647
850 0.921176
850 0.908235
850 0.927059
850 0.955294
850 0.968235
850 0.910588
850 0.942353
850 0.970588
850 0.981176
850 0.927059
850 0.968235
850 0.808235
850 0.902353
850 0.956471
850 0.807059
850 0.929412
850 0.92
850 0.984706
850 0.867059
850 0.905882
850 0.885882
850 0.955294
850 0.967059
850 0.884706
850 0.950588
850 0.931765
850 0.963529
850 0.950588
850 0.944706
850 0.861176
850 0.843529
850 0.971765
850 0.927059
850 0.837647
850 0.925882
850 0.891765
850 0.983529
850 0.922353
850 0.943529
850 0.927059
850 0.888235
850 0.896471
850 0.938824
850 0.917647
850 0.928235
850 0.922353
850 0.951765
850 0.955294
850 0.876471
850 0.937647
850 0.929412
850 0.881176
850 0.898824
850 0.982353
850 0.881176
850 0.870588
900 0.941111
900 0.978889
900 0.95
900 0.955556
900 0.967778
900 0.983333
900 0.897778
900 0.897778
900 0.906667
900 0.89
900 0.98
900 0.983333
900 0.958889
900 0.964444
900 0.907778
900 0.985556
900 0.943333
900 0.913333
900 0.968889
900 0.917778
900 0.987778
900 0.93
900 0.954444
900 0.986667
900 0.91
900 0.697778
900 0.986667
900 0.901111
900 0.912222
900 0.851111
900 0.967778
900 0.986667
900 0.988889
900 0.951111
900 0.954444
900 0.971111
900 0.941111
900 0.982222
900 0.902222
900 0.964444
900 0.756667
900 0.833333
900 0.89
900 0.806667
900 0.897778
900 0.927778
900 0.902222
900 0.948889
900 0.926667
900 0.942222
900 0.931111
900 0.941111
900 0.878889
900 0.946667
900 0.937778
900 0.933333
900 0.944444
900 0.938889
900 0.992222
900 0.987778
900 0.878889
900 0.964444
900 0.866667
900 0.956667
900 0.855556
900 0.982222
900 0.964444
900 0.927778
900 0.944444
900 0.926667
900 0.968889
900 0.893333
900 0.942222
900 0.943333
900 0.897778
950 0.968421
950 0.970526
950 0.956842
950 0.983158
950 0.977895
950 0.927368
950 0.898947
950 0.981053
950 0.933684
950 0.909474
950 0.818947
950 0.958947
950 0.925263
950 0.982105
950 0.944211
950 0.931579
950 0.933684
950 0.946316
950 0.969474
950 0.935789
950 0.817895
950 0.961053
950 0.883158
950 0.895789
950 1
950 0.974737
950 0.917895
950 0.967368
950 0.98
950 0.903158
950 0.908421
950 0.963158
950 0.906316
950 0.982105
950 0.967368
950 0.952632
950 0.991579
950 0.876842
950 0.935789
950 0.933684
950 0.942105
950 0.9
950 0.904211
950 0.913684
950 0.963158
950 0.892632
950 0.964211
950 0.981053
950 0.908421
950 0.894737
950 0.971579
950 0.906316
950 0.891579
950 0.867368
950 0.947368
950 0.986316
950 0.911579
950 0.963158
950 0.896842
950 0.872632
950 0.897895
950 0.951579
950 0.862105
950 0.970526
950 0.963158
950 0.921053
950 0.934737
950 0.976842
950 0.953684
950 0.863158
950 0.884211
950 0.956842
950 0.965263
950 0.926316
950 0.966316
1000 0.995
1000 0.842
1000 0.926
1000 0.953
1000 0.929
1000 0.903
1000 0.863
1000 0.994
1000 0.915
1000 0.922
1000 0.94
1000 0.952
1000 0.947
1000 0.956
1000 0.895
1000 0.913
1000 0.92
1000 0.94
1000 0.922
1000 0.912
1000 0.923
1000 0.954
1000 0.959
1000 0.944
1000 0.935
1000 0.934
1000 0.852
1000 0.955
1000 0.872
1000 0.925
1000 0.953
1000 0.948
1000 0.969
1000 0.929
1000 0.932
1000 0.967
1000 0.967
1000 0.933
1000 0.928
1000 0.95
1000 0.913
1000 0.972
1000 0.956
1000 0.862
1000 0.963
1000 0.907
1000 0.912
1000 0.984
1000 0.894
1000 0.989
1000 0.906
1000 0.913
1000 0.952
1000 0.952
1000 0.937
1000 0.958
1000 0.912
1000 0.926
1000 0.974
1000 0.963
1000 0.917
1000 0.889
1000 0.911
1000 0.948
1000 0.932
1000 0.85
1000 0.971
1000 0.966
1000 0.877
1000 0.942
1000 0.948
1000 0.93
1000 0.97
1000 0.965
1000 0.929
1050 0.920952
1050 0.944762
1050 0.969524
1050 0.982857
1050 0.73619
1050 0.949524
1050 0.93619
1050 0.969524
1050 0.867619
1050 0.910476
1050 0.9
1050 0.922857
1050 0.924762
1050 0.907619
1050 0.954286
1050 0.966667
1050 0.915238
1050 0.970476
1050 0.969524
1050 0.93619
1050 0.893333
1050 0.972381
1050 0.911429
1050 0.869524
1050 0.995238
1050 0.91619
1050 0.888571
1050 0.942857
1050 0.982857
1050 0.973333
1050 0.892381
1050 0.954286
1050 0.967619
1050 0.942857
1050 0.98381
1050 0.92
1050 0.970476
1050 0.951429
1050 0.893333
1050 0.957143
1050 0.935238
1050 0.947619
1050 0.78
1050 0.852381
1050 0.960952
1050 0.94381
1050 0.98
1050 0.905714
1050 0.882857
1050 0.953333
1050 0.948571
1050 0.891429
1050 0.998095
1050 0.926667
1050 0.980952
1050 0.921905
1050 0.938095
1050 0.980952
1050 0.971429
1050 0.955238
1050 0.884762
1050 0.93619
1050 0.854286
1050 0.893333
1050 0.978095
1050 0.882857
1050 0.945714
1050 0.984762
1050 0.944762
1050 0.92381
1050 0.931429
1050 0.988571
1050 0.90381
1050 0.917143
1050 0.944762
1100 0.950909
1100 0.936364
1100 0.978182
1100 0.951818
1100 0.921818
1100 0.948182
1100 0.976364
1100 0.94
1100 0.894545
1100 0.886364
1100 0.985455
1100 0.956364
1100 0.916364
1100 0.974545
1100 0.855455
1100 0.951818
1100 0.959091
1100 0.980909
1100 0.843636
1100 0.987273
1100 0.889091
1100 0.977273
1100 0.944545
1100 0.880909
1100 0.933636
1100 0.836364
1100 0.926364
1100 0.987273
1100 0.905455
1100 0.958182
1100 0.897273
1100 0.885455
1100 0.885455
1100 0.927273
1100 0.904545
1100 0.94
1100 0.942727
1100 0.908182
1100 0.948182
1100 0.933636
1100 0.963636
1100 0.952727
1100 0.900909
1100 0.963636
1100 0.981818
1100 0.901818
1100 0.941818
1100 0.987273
1100 0.954545
1100 0.980909
1100 0.882727
1100 0.956364
1100 0.873636
1100 0.941818
1100 0.832727
1100 0.981818
1100 0.917273
1100 0.978182
1100 0.951818
1100 0.975455
1100 0.940909
1100 0.923636
1100 0.918182
1100 0.972727
1100 0.973636
1100 0.901818
1100 0.959091
1100 0.941818
1100 0.946364
1100 0.939091
1100 0.890909
1100 0.97
1100 0.966364
1100 0.972727
1100 0.846364
1150 0.888696
1150 0.9
1150 0.944348
1150 0.931304
1150 0.965217
1150 0.973913
1150 0.926957
1150 0.934783
1150 0.922609
1150 0.933913
1150 0.94087
1150 0.947826
1150 0.864348
1150 0.915652
1150 0.98087
1150 0.923478
1150 0.846957
1150 0.872174
1150 0.941739
1150 0.923478
1150 0.965217
1150 0.916522
1150 0.973043
1150 0.990435
1150 0.92
1150 0.886957
1150 0.935652
1150 0.955652
1150 0.95913
1150 0.946087
1150 0.954783
1150 0.933913
1150 0.962609
1150 0.950435
1150 0.954783
1150 0.964348
1150 0.931304
1150 0.911304
1150 0.931304
1150 0.971304
1150 0.886957
1150 0.953913
1150 0.934783
1150 0.93913
1150 0.989565
1150 0.844348
1150 0.92087
1150 0.970435
1150 0.931304
1150 0.98
1150 0.954783
1150 0.942609
1150 0.9
1150 0.778261
1150 0.955652
1150 0.874783
1150 0.926957
1150 0.93913
1150 0.92087
1150 0.927826
1150 0.96087
1150 0.929565
1150 0.936522
1150 0.886957
1150 0.951304
1150 0.992174
1150 0.913043
1150 0.977391
1150 0.905217
1150 0.997391
1150 0.926087
1150 0.973043
1150 0.995652
1150 0.835652
1150 0.905217
1200 0.9625
1200 0.939167
1200 0.9275
1200 0.946667
1200 0.95
1200 0.8475
1200 0.898333
1200 0.8975
1200 0.915833
1200 0.789167
1200 0.946667
1200 0.825833
1200 0.985
1200 0.96
1200 0.970833
1200 0.97
1200 0.926667
1200 0.946667
1200 0.924167
1200 0.965833
1200 0.945833
1200 0.958333
1200 0.966667
1200 0.878333
1200 0.935
1200 0.748333
1200 0.886667
1200 0.8625
1200 0.910833
1200 0.965
1200 0.965833
1200 0.9775
1200 0.976667
1200 0.926667
1200 0.919167
1200 0.96
1200 0.938333
1200 0.945
1200 0.870833
1200 0.998333
1200 0.985
1200 0.786667
1200 0.825
1200 0.939167
1200 0.97
1200 0.9075
1200 0.993333
1200 0.92
1200 0.938333
1200 0.915833
1200 0.973333
1200 0.948333
1200 0.928333
1200 0.93
1200 0.944167
1200 0.931667
1200 0.975833
1200 0.978333
1200 0.960833
1200 0.99
1200 0.965
1200 0.9325
1200 0.935833
1200 0.931667
1200 0.938333
1200 0.915
1200 0.910833
1200 0.965833
1200 0.975
1200 0.978333
1200 0.941667
1200 0.87
1200 0.954167
1200 0.9
1200 0.978333
1250 0.9208
1250 0.924
1250 0.9424
1250 0.9432
1250 0.8664
1250 0.9488
1250 0.9216
1250 0.9576
1250 0.944
1250 0.8768
1250 0.8736
1250 0.928
1250 0.9776
1250 0.9088
1250 0.8872
1250 0.9824
1250 0.96
1250 0.8832
1250 0.9608
1250 0.9056
1250 0.816
1250 0.9528
1250 0.8768
1250 0.912
1250 0.9576
1250 0.948
1250 0.9704
1250 0.928
1250 0.8688
1250 0.88
1250 0.9296
1250 0.9576
1250 0.9384
1250 0.9304
1250 0.936
1250 0.9696
1250 0.884
1250 0.9696
1250 0.9512
1250 0.9832
1250 0.9776
1250 0.968
1250 0.9776
1250 0.976
1250 0.9256
1250 0.932
1250 0.7568
1250 0.9592
1250 0.8768
1250 0.9688
1250 0.956
1250 0.9152
1250 0.828
1250 0.9416
1250 0.9328
1250 0.9016
1250 0.9208
1250 0.9056
1250 0.9112
1250 0.972
1250 0.956
1250 0.9896
1250 1
1250 0.9648
1250 0.8584
1250 0.9248
1250 0.9584
1250 0.9368
1250 0.9384
1250 0.992
1250 0.9024
1250 0.9752
1250 0.9312
1250 0.8992
1250 0.9424
1300 0.872308
1300 0.98
1300 0.933077
1300 0.863846
1300 0.945385
1300 0.944615
1300 0.936923
1300 0.923077
1300 0.917692
1300 0.982308
1300 0.960769
1300 0.903077
1300 0.917692
1300 0.942308
1300 0.920769
1300 0.912308
1300 0.903846
1300 0.983846
1300 0.887692
1300 0.963846
1300 0.983846
1300 0.907692
1300 0.763846
1300 0.936923
1300 0.918462
1300 0.9
1300 0.887692
1300 0.907692
1300 0.906923
1300 0.883077
1300 0.959231
1300 0.988462
1300 0.820769
1300 0.934615
1300 0.97
1300 0.955385
1300 0.993846
1300 0.966923
1300 0.930769
1300 0.854615
1300 0.941538
1300 0.885385
1300 0.979231
1300 0.946154
1300 0.877692
1300 0.926154
1300 0.909231
1300 0.906923
1300 0.905385
1300 0.863077
1300 0.931538
1300 0.95
1300 0.958462
1300 0.863846
1300 0.929231
1300 0.983077
1300 0.858462
1300 0.966923
1300 0.947692
1300 0.944615
1300 0.960769
1300 0.948462
1300 0.920769
1300 0.937692
1300 0.926154
1300 0.932308
1300 0.966923
1300 0.992308
1300 0.896923
1300 0.913077
1300 0.921538
1300 0.773077
1300 0.966923
1300 0.994615
1300 0.933846
1350 0.994815
1350 0.957778
1350 0.937778
1350 0.935556
1350 0.976296
1350 0.920741
1350 0.920741
1350 0.96963
1350 0.901481
1350 0.957778
1350 0.94
1350 0.925185
1350 0.987407
1350 0.95037
1350 0.9
1350 0.923704
1350 1
1350 0.919259
1350 0.93037
1350 0.986667
1350 0.955556
1350 0.911852
1350 0.923704
1350 0.911852
1350 0.976296
1350 0.957778
1350 0.926667
1350 0.973333
1350 0.936296
1350 0.862963
1350 0.897037
1350 0.93037
1350 0.956296
1350 0.952593
1350 0.934074
1350 0.946667
1350 0.94963
1350 0.962222
1350 0.92
1350 0.945926
1350 0.932593
1350 0.946667
1350 0.94
1350 0.964444
1350 0.962222
1350 0.963704
1350 0.938519
1350 0.906667
1350 0.948889
1350 0.960741
1350 0.997778
1350 0.959259
1350 0.93037
1350 0.918519
1350 0.931852
1350 0.968889
1350 0.93037
1350 0.940741
1350 0.945185
1350 0.937778
1350 0.914815
1350 0.931111
1350 0.958519
1350 0.788148
1350 0.95037
1350 0.956296
1350 0.997037
1350 0.940741
1350 0.884444
1350 0.873333
1350 0.985926
1350 0.931852
1350 0.891852
1350 0.968889
1350 0.956296
1400 0.978571
1400 0.947143
1400 0.902857
1400 0.895714
1400 0.975714
1400 0.949286
1400 0.929286
1400 0.944286
1400 0.912857
1400 0.995
1400 0.892857
1400 0.901429
1400 0.962143
1400 0.982143
1400 0.970714
1400 0.935714
1400 0.957857
1400 0.962143
1400 0.967143
1400 0.982857
1400 0.877857
1400 0.93
1400 0.964286
1400 0.892143
1400 0.943571
1400 0.975
1400 0.907857
1400 0.884286
1400 0.956429
1400 0.919286
1400 0.997143
1400 0.934286
1400 0.893571
1400 0.902857
1400 0.94
1400 0.966429
1400 0.837857
1400 0.905714
1400 0.968571
1400 0.9
1400 0.96
1400 0.945
1400 0.956429
1400 0.927143
1400 0.907143
1400 0.883571
1400 0.937857
1400 0.972857
1400 0.94
1400 0.961429
1400 0.957857
1400 0.947857
1400 0.95
1400 0.959286
1400 0.94
1400 0.98
1400 0.978571
1400 0.851429
1400 0.954286
1400 0.96
1400 0.921429
1400 0.943571
1400 0.949286
1400 0.943571
1400 0.924286
1400 0.921429
1400 0.917143
1400 0.92
1400 0.949286
1400 0.911429
1400 0.96
1400 0.937857
1400 0.905
1400 0.931429
1400 0.927857
1450 0.947586
1450 0.978621
1450 0.94069
1450 0.946897
1450 0.928966
1450 0.946207
1450 0.917931
1450 0.982069
1450 0.963448
1450 0.953793
1450 0.924828
1450 0.86
1450 0.888276
1450 0.969655
1450 0.982069
1450 0.918621
1450 0.955172
1450 0.948966
1450 0.952414
1450 0.970345
1450 0.997241
1450 0.842069
1450 0.983448
1450 0.976552
1450 0.915172
1450 0.90069
1450 0.902759
1450 0.968276
1450 0.943448
1450 0.917241
1450 0.971724
1450 0.991724
1450 0.893793
1450 0.92
1450 0.922069
1450 0.953103
1450 0.937241
1450 0.942759
1450 0.928966
1450 0.942069
1450 0.951724
1450 0.924138
1450 0.928276
1450 0.923448
1450 0.988966
1450 0.937241
1450 0.904138
1450 0.902759
1450 0.913103
1450 0.937241
1450 0.997931
1450 0.91931
1450 0.991724
1450 0.891034
1450 0.93931
1450 0.946207
1450 0.955862
1450 0.936552
1450 0.975862
1450 0.972414
1450 0.942069
1450 0.966897
1450 0.933103
1450 0.942069
1450 0.971034
1450 0.9
1450 0.913103
1450 0.966207
1450 0.916552
1450 0.977931
1450 0.988966
1450 0.948966
1450 0.968966
1450 0.924138
1450 0.984828
1500 0.923333
1500 0.984667
1500 0.972
1500 0.993333
1500 0.982667
1500 0.942667
1500 0.849333
1500 0.842667
1500 0.896667
1500 0.87
1500 0.740667
1500 0.871333
1500 0.962
1500 0.903333
1500 0.936667
1500 0.974667
1500 0.923333
1500 0.956667
1500 0.950667
1500 0.964667
1500 0.920667
1500 0.939333
1500 0.986667
1500 0.942667
1500 0.888667
1500 0.927333
1500 0.904
1500 0.952
1500 0.948667
1500 0.891333
1500 0.94
1500 0.914667
1500 0.888667
1500 0.948667
1500 0.907333
1500 0.937333
1500 0.904667
1500 0.851333
1500 0.922667
1500 0.989333
1500 0.947333
1500 0.992667
1500 0.928667
1500 0.935333
1500 0.966
1500 0.915333
1500 0.976
1500 0.920667
1500 0.884
1500 0.948
1500 0.944
1500 0.972
1500 0.911333
1500 0.847333
1500 0.943333
1500 0.962667
1500 0.978
1500 0.998
1500 0.966667
1500 0.920667
1500 0.960667
1500 0.896667
1500 0.881333
1500 0.952
1500 0.958
1500 0.907333
1500 0.976667
1500 0.923333
1500 0.942667
1500 0.97
1500 0.952667
1500 0.949333
1500 0.956
1500 0.919333
1500 0.912667
1550 0.936129
1550 0.983871
1550 0.907742
1550 0.935484
1550 0.887097
1550 0.918065
1550 0.936774
1550 0.904516
1550 0.874839
1550 0.606452
1550 0.983226
1550 0.909032
1550 0.956774
1550 0.982581
1550 1
1550 0.938065
1550 0.970323
1550 0.98
1550 0.993548
1550 0.916774
1550 0.934194
1550 0.907742
1550 0.928387
1550 0.956129
1550 0.958065
1550 0.969032
1550 0.952258
1550 0.967742
1550 0.835484
1550 0.965161
1550 0.912258
1550 0.930968
1550 0.954194
1550 0.926452
1550 0.910323
1550 0.956774
1550 0.910968
1550 0.943226
1550 0.965806
1550 0.977419
1550 0.935484
1550 0.926452
1550 0.939355
1550 0.916129
1550 0.883871
1550 0.929677
1550 0.924516
1550 0.924516
1550 0.928387
1550 0.978065
1550 0.970968
1550 0.939355
1550 0.966452
1550 0.938065
1550 0.976774
1550 0.881935
1550 0.920645
1550 0.990323
1550 0.93871
1550 0.899355
1550 0.911613
1550 0.956774
1550 0.97871
1550 0.965161
1550 0.949032
1550 0.907097
1550 0.908387
1550 0.920645
1550 0.956129
1550 0.933548
1550 0.911613
1550 0.920645
1550 0.923871
1550 0.935484
1550 0.874194
1600 0.936875
1600 0.8775
1600 0.9325
1600 0.944375
1600 0.94875
1600 0.958125
1600 0.979375
1600 0.900625
1600 0.910625
1600 0.94
1600 0.903125
1600 0.941875
1600 0.9775
1600 0.966875
1600 0.956875
1600 0.973125
1600 0.9275
1600 0.91625
1600 0.89625
1600 0.940625
1600 0.909375
1600 0.928125
1600 0.975625
1600 0.934375
1600 0.935625
1600 0.94375
1600 0.83625
1600 0.91125
1600 0.918125
1600 0.961875
1600 0.949375
1600 0.966875
1600 0.975
1600 0.88125
1600 0.934375
1600 0.864375
1600 0.969375
1600 0.98875
1600 0.934375
1600 0.98375
1600 0.939375
1600 0.95625
1600 0.968125
1600 0.968125
1600 0.9575
1600 0.91625
1600 0.90125
1600 0.941875
1600 0.89375
1600 0.97375
1600 0.916875
1600 0.940625
1600 0.925625
1600 0.91875
1600 0.865625
1600 0.97875
1600 0.94375
1600 0.974375
1600 0.9575
1600 0.93625
1600 0.99
1600 0.904375
1600 0.95
1600 0.95
1600 0.94
1600 0.918125
1600 0.965
1600 0.98125
1600 0.914375
1600 0.97375
1600 0.88625
1600 0.915625
1600 0.88875
1600 0.8875
1600 0.958125
1650 0.951515
1650 0.926061
1650 0.875152
1650 0.940606
1650 0.949697
1650 0.962424
1650 0.930303
1650 0.977576
1650 0.953333
1650 0.895152
1650 0.942424
1650 0.886061
1650 0.94
1650 0.913333
1650 0.938788
1650 0.898788
1650 0.961818
1650 0.92
1650 0.928485
1650 0.967879
1650 0.851515
1650 0.916364
1650 0.910909
1650 0.952727
1650 0.974545
1650 0.927273
1650 0.954545
1650 0.972121
1650 0.938182
1650 0.961212
1650 0.974545
1650 0.974545
1650 0.953939
1650 0.958182
1650 0.930303
1650 0.994545
1650 0.924242
1650 0.960606
1650 0.909091
1650 0.918788
1650 0.96
1650 0.958182
1650 0.946667
1650 0.931515
1650 0.959394
1650 0.96303
1650 0.956364
1650 0.921212
1650 0.906061
1650 0.920606
1650 0.956364
1650 0.955758
1650 0.912727
1650 0.904848
1650 0.97697
1650 0.946061
1650 0.917576
1650 0.987273
1650 0.969697
1650 0.925455
1650 0.948485
1650 0.968485
1650 0.942424
1650 0.907879
1650 0.91697
1650 0.885455
1650 0.972121
1650 0.941818
1650 0.941212
1650 0.964848
1650 0.819394
1650 0.900606
1650 0.993939
1650 0.844242
1650 0.893333
1700 0.777059
1700 0.942941
1700 0.86
1700 0.933529
1700 0.919412
1700 0.901176
1700 0.951176
1700 0.892353
1700 0.909412
1700 0.98
1700 0.876471
1700 0.985294
1700 0.910588
1700 0.943529
1700 0.973529
1700 0.932353
1700 0.899412
1700 0.916471
1700 0.964706
1700 0.928235
1700 0.986471
1700 0.864706
1700 0.911765
1700 0.960588
1700 0.911176
1700 0.886471
1700 0.97
1700 0.912941
1700 0.988824
1700 0.881765
1700 0.892353
1700 0.935882
1700 0.947059
1700 0.9
1700 0.949412
1700 0.865294
1700 0.962941
1700 0.874118
1700 0.900588
1700 0.902353
1700 0.953529
1700 0.884706
1700 0.947647
1700 0.9
1700 0.939412
1700 0.908824
1700 0.943529
1700 0.924118
1700 0.891176
1700 0.927059
1700 0.852353
1700 0.881176
1700 0.984706
1700 0.911765
1700 0.971765
1700 0.958824
1700 0.93
1700 0.875294
1700 0.924706
1700 0.904118
1700 0.926471
1700 0.985882
1700 0.928235
1700 0.981176
1700 0.917647
1700 0.985882
1700 0.887059
1700 0.930588
1700 0.984118
1700 0.917647
1700 0.989412
1700 0.951765
1700 0.937059
1700 0.976471
1700 0.906471
1750 0.919429
1750 0.926857
1750 0.967429
1750 0.870286
1750 0.946857
1750 0.969714
1750 0.962286
1750 0.809714
1750 0.961143
1750 0.924
1750 0.984
1750 0.996
1750 0.908571
1750 0.904571
1750 0.929143
1750 0.957714
1750 0.902286
1750 0.902857
1750 0.957714
1750 0.956
1750 0.907429
1750 0.949143
1750 0.917714
1750 0.848
1750 0.886286
1750 0.92
1750 0.914286
1750 0.897714
1750 0.952571
1750 0.979429
1750 0.935429
1750 0.929143
1750 0.991429
1750 0.972571
1750 0.946286
1750 0.946286
1750 0.951429
1750 0.975429
1750 0.955429
1750 0.984
1750 0.873143
1750 0.992571
1750 0.936
1750 0.866286
1750 0.961714
1750 0.910857
1750 0.955429
1750 0.922857
1750 0.920571
1750 0.957143
1750 0.941714
1750 0.950857
1750 0.956
1750 0.948571
1750 0.968571
1750 0.866857
1750 0.919429
1750 0.946286
1750 0.921714
1750 0.969714
1750 0.989714
1750 0.845714
1750 0.942857
1750 0.96
1750 0.976571
1750 0.930286
1750 0.96
1750 0.998286
1750 0.884
1750 0.920571
1750 0.533714
1750 0.993714
1750 0.890286
1750 0.937143
1750 0.936571
1800 0.946667
1800 0.948333
1800 0.916667
1800 0.878333
1800 0.94
1800 0.967778
1800 0.954444
1800 0.927222
1800 0.968889
1800 0.921667
1800 0.912222
1800 0.944444
1800 0.932778
1800 0.849444
1800 0.928889
1800 0.930556
1800 0.823889
1800 0.943889
1800 0.922222
1800 0.996111
1800 0.889444
1800 0.883333
1800 0.944444
1800 0.943889
1800 0.955556
1800 0.992222
1800 0.976667
1800 0.992222
1800 0.941667
1800 0.906111
1800 0.956667
1800 0.963889
1800 0.899444
1800 0.959444
1800 0.954444
1800 0.939444
1800 0.953333
1800 0.955556
1800 0.951667
1800 0.912778
1800 0.966111
1800 0.981111
1800 0.958333
1800 0.997222
1800 0.952222
1800 0.966111
1800 0.961111
1800 0.870556
1800 0.951667
1800 0.918333
1800 0.884444
1800 0.957222
1800 0.927222
1800 0.922222
1800 0.928889
1800 0.975
1800 0.972778
1800 0.957778
1800 0.946667
1800 0.96
1800 0.97
1800 0.953333
1800 0.971667
1800 0.899444
1800 0.963889
1800 0.955
1800 0.967778
1800 0.922778
1800 0.941111
1800 0.934444
1800 0.940556
1800 0.926667
1800 0.951667
1800 0.96
1800 0.953889
1850 0.933514
1850 0.931351
1850 0.994054
1850 0.914054
1850 0.968649
1850 0.981081
1850 0.957297
1850 0.964324
1850 0.904324
1850 0.945405
1850 0.938919
1850 0.945405
1850 0.977297
1850 0.903243
1850 0.923784
1850 0.974054
1850 0.956757
1850 0.962162
1850 0.932432
1850 0.838378
1850 0.954054
1850 0.978378
1850 0.956216
1850 0.898919
1850 0.935676
1850 0.919459
1850 0.986486
1850 0.98
1850 0.987027
1850 0.941622
1850 0.918378
1850 0.949189
1850 0.922703
1850 0.978919
1850 0.918378
1850 0.958378
1850 0.96
1850 0.983243
1850 0.967027
1850 0.962162
1850 0.96
1850 0.974595
1850 0.922162
1850 0.939459
1850 0.908108
1850 0.981081
1850 0.91027
1850 0.918919
1850 0.895135
1850 0.945946
1850 0.984865
1850 0.99027
1850 0.948108
1850 0.932432
1850 0.922703
1850 0.931351
1850 0.927027
1850 0.964324
1850 0.948649
1850 0.955676
1850 0.971892
1850 0.985405
1850 0.947027
1850 0.883784
1850 0.919459
1850 0.963784
1850 0.927027
1850 0.881081
1850 0.922703
1850 0.97027
1850 0.942162
1850 0.926486
1850 0.965405
1850 0.902703
1850 0.983243
1900 0.941053
1900 0.936316
1900 0.961579
1900 0.954211
1900 0.902105
1900 0.949474
1900 0.959474
1900 0.946842
1900 0.897895
1900 0.908947
1900 0.944737
1900 0.937368
1900 0.977368
1900 0.942632
1900 0.977895
1900 0.922632
1900 0.922632
1900 0.922632
1900 0.891579
1900 0.91
1900 0.961579
1900 0.957895
1900 0.922632
1900 0.973158
1900 0.981053
1900 0.893158
1900 0.893158
1900 0.909474
1900 0.957368
1900 0.921053
1900 0.947368
1900 0.908947
1900 0.945263
1900 0.981053
1900 0.905789
1900 0.909474
1900 0.986842
1900 0.973158
1900 0.882105
1900 0.904737
1900 0.904211
1900 0.950526
1900 0.924737
1900 0.998947
1900 0.903158
1900 0.968947
1900 0.966842
1900 0.929474
1900 0.995263
1900 0.951579
1900 0.968421
1900 0.981579
1900 0.970526
1900 0.875789
1900 0.979474
1900 0.950526
1900 0.927368
1900 0.975789
1900 0.944211
1900 0.912632
1900 0.962105
1900 0.924737
1900 0.907895
1900 0.95
1900 0.960526
1900 0.946316
1900 0.948947
1900 0.945789
1900 0.925263
1900 0.930526
1900 0.984737
1900 0.963158
1900 0.969474
1900 0.944211
1900 0.996316
1950 0.993333
1950 0.971795
1950 0.945128
1950 0.932821
1950 0.93641
1950 0.954872
1950 0.933846
1950 0.937949
1950 0.951795
1950 0.966667
1950 0.962564
1950 0.977949
1950 0.881026
1950 0.911282
1950 0.937436
1950 0.905128
1950 0.980513
1950 0.926667
1950 0.94359
1950 0.912821
1950 0.989744
1950 0.973333
1950 0.928718
1950 0.86359
1950 0.971282
1950 0.994872
1950 0.975897
1950 0.959487
1950 0.891282
1950 0.906154
1950 0.911795
1950 0.952821
1950 0.937949
1950 0.944103
1950 0.947179
1950 0.998462
1950 0.9
1950 0.958462
1950 0.929744
1950 0.985128
1950 0.937949
1950 0.913846
1950 0.958462
1950 0.935897
1950 0.897436
1950 0.958974
1950 0.954872
1950 0.93641
1950 0.933846
1950 0.905641
1950 0.927692
1950 0.941538
1950 0.915385
1950 0.922051
1950 0.988718
1950 0.864103
1950 0.926154
1950 0.929231
1950 0.902564
1950 0.875897
1950 0.951795
1950 0.946667
1950 0.935385
1950 0.912821
1950 0.980513
1950 0.93641
1950 0.967179
1950 0.916923
1950 0.872308
1950 0.973333
1950 0.965128
1950 0.906667
1950 0.968718
1950 0.907692
1950 0.882051
2000 0.939
2000 0.943
2000 0.9855
2000 0.964
2000 0.868
2000 0.8795
2000 0.979
2000 0.9345
2000 0.951
2000 0.866
2000 0.928
2000 0.94
2000 0.9365
2000 0.952
2000 0.9415
2000 0.954
2000 0.9225
2000 0.8975
2000 0.9675
2000 0.91
2000 0.951
2000 0.9385
2000 0.9555
2000 0.8955
2000 0.95
2000 0.9335
2000 0.9595
2000 0.9465
2000 0.9095
2000 0.924
2000 0.934
2000 0.864
2000 0.997
2000 0.906
2000 0.964
2000 0.9765
2000 0.9825
2000 0.94
2000 0.9625
2000 0.966
2000 0.9355
2000 0.9655
2000 0.9315
2000 0.94
2000 0.9495
2000 0.9735
2000 0.95
2000 0.942
2000 0.9085
2000 0.948
2000 0.9815
2000 0.9625
2000 0.958
2000 0.9605
2000 0.935
2000 0.982
2000 0.924
2000 0.9525
2000 0.9885
2000 0.891
2000 0.9075
2000 0.8815
2000 0.968
2000 0.967
2000 0.994
2000 0.962
2000 0.918
2000 0.9705
2000 0.919
2000 0.971
2000 0.866
2000 0.9555
2000 0.908
2000 0.899
2000 0.8945
