50 0.14
50 0.5
50 0
50 0.18
50 0.26
50 0.18
50 0.36
50 0.76
50 0.02
50 0.22
50 0.12
50 0
50 0.36
50 0.42
50 0.16
50 0.22
50 0
50 0.1
50 0.02
50 0.08
50 0
50 0.06
50 0
50 0.06
50 0
50 0.44
50 0.36
50 0.34
50 0.22
50 0.24
50 0.2
50 0.14
50 0.02
50 0.2
50 0.16
50 0
50 0.68
50 0.7
50 0.02
50 0
50 0.06
50 0.3
50 0.1
50 0.16
50 0.16
50 0.4
50 0.18
50 0.48
50 0.28
50 0.28
50 0.38
50 0.08
50 0.02
50 0
50 0.6
50 0.08
50 0.24
50 0.12
50 0.1
50 0.12
50 0.4
50 0.32
50 0
50 0.14
50 0.76
50 0.26
50 0.18
50 0.38
50 0.46
50 0
50 0.08
50 0.26
50 0.52
50 0.78
50 0.08
100 0.27
100 0.62
100 0.56
100 0.68
100 0.7
100 0.8
100 0.47
100 0.37
100 0.85
100 0.45
100 0.86
100 0.53
100 0.27
100 0.04
100 0.88
100 0.18
100 0.6
100 0.5
100 0.3
100 0.72
100 0.71
100 0.22
100 0.57
100 0.77
100 0.52
100 0.38
100 0.35
100 0.58
100 0.21
100 0.6
100 0.76
100 0.35
100 0.22
100 0.76
100 0.82
100 0.54
100 0.71
100 0.59
100 0.17
100 0.44
100 0.7
100 0.91
100 0.35
100 0.83
100 0.79
100 0.72
100 0.2
100 0.88
100 0.77
100 0.49
100 0.44
100 0.34
100 0.24
100 0.13
100 0.34
100 0.97
100 0.4
100 0.81
100 0.25
100 0.8
100 0.79
100 0.21
100 0.5
100 0.88
100 0.29
100 0.15
100 0.67
100 0.25
100 0.71
100 0.66
100 0.58
100 0.63
100 0.51
100 0.08
100 0.84
150 0.686667
150 0.6
150 0.866667
150 0.766667
150 0.593333
150 0.893333
150 0.78
150 0.906667
150 0.893333
150 0.946667
150 0.906667
150 0.873333
150 0.493333
150 0.553333
150 0.92
150 0.706667
150 0.973333
150 0.66
150 0.473333
150 0.813333
150 0.766667
150 0.946667
150 0.593333
150 0.266667
150 0.9
150 0.766667
150 0.153333
150 0.813333
150 0.92
150 0.74
150 0.766667
150 0.753333
150 0.886667
150 0.986667
150 0.693333
150 0.58
150 0.42
150 0.533333
150 0.513333
150 0.853333
150 0.906667
150 0.406667
150 0.426667
150 0.426667
150 0.273333
150 0.86
150 0.84
150 0.813333
150 0.806667
150 0.32
150 0.673333
150 0.653333
150 0.74
150 0.86
150 0.813333
150 0.733333
150 0.793333
150 0.813333
150 0.353333
150 0.686667
150 0.94
150 0.633333
150 0.96
150 0.733333
150 0.833333
150 0.84
150 0.873333
150 0.373333
150 0.92
150 0.533333
150 0.74
150 0.44
150 0.746667
150 0.733333
150 0.8
200 0.625
200 0.445
200 1
200 0.81
200 0.705
200 0.83
200 0.655
200 0.84
200 0.78
200 0.87
200 0.925
200 0.6
200 0.735
200 0.935
200 0.715
200 0.71
200 0.82
200 0.855
200 0.82
200 0.85
200 0.735
200 0.98
200 0.595
200 0.96
200 0.83
200 0.825
200 0.815
200 0.58
200 0.96
200 0.905
200 0.755
200 0.895
200 0.775
200 0.875
200 0.66
200 0.92
200 0.46
200 0.725
200 0.765
200 0.485
200 0.695
200 0.88
200 0.665
200 0.545
200 0.91
200 0.835
200 0.865
200 0.75
200 0.875
200 0.885
200 0.13
200 0.81
200 0.87
200 0.79
200 0.85
200 0.86
200 0.905
200 0.695
200 0.915
200 0.755
200 0.36
200 0.695
200 0.86
200 0.825
200 0.875
200 0.67
200 0.625
200 0.845
200 0.845
200 0.94
200 0.91
200 0.41
200 0.875
200 0.855
200 0.79
250 0.796
250 0.916
250 0.932
250 0.764
250 0.848
250 0.876
250 0.944
250 0.944
250 0.868
250 0.92
250 0.84
250 0.884
250 0.936
250 0.828
250 0.86
250 0.988
250 0.952
250 0.52
250 0.868
250 0.864
250 0.996
250 0.836
250 0.656
250 0.856
250 0.948
250 0.904
250 0.94
250 0.964
250 0.8
250 0.88
250 0.748
250 0.9
250 0.88
250 0.864
250 0.916
250 0.688
250 0.956
250 0.86
250 0.94
250 0.68
250 0.736
250 0.912
250 1
250 0.492
250 0.844
250 0.836
250 0.932
250 0.584
250 0.936
250 0.888
250 0.944
250 0.848
250 0.82
250 0.816
250 0.876
250 0.944
250 0.836
250 0.92
250 0.82
250 0.952
250 0.908
250 0.856
250 0.888
250 0.892
250 0.784
250 0.932
250 0.848
250 0.82
250 0.908
250 0.964
250 0.704
250 0.724
250 0.988
250 0.968
250 0.828
300 0.863333
300 0.94
300 0.89
300 0.87
300 0.68
300 0.916667
300 0.866667
300 0.9
300 0.926667
300 0.866667
300 0.953333
300 0.81
300 0.91
300 0.87
300 0.966667
300 0.756667
300 0.893333
300 0.906667
300 0.883333
300 0.873333
300 0.873333
300 0.903333
300 0.833333
300 0.936667
300 0.956667
300 0.936667
300 0.95
300 0.886667
300 0.873333
300 0.966667
300 0.766667
300 0.823333
300 0.83
300 0.873333
300 0.83
300 0.936667
300 0.906667
300 0.973333
300 0.96
300 0.983333
300 0.936667
300 0.916667
300 0.98
300 0.933333
300 0.813333
300 0.793333
300 0.826667
300 0.866667
300 0.5
300 0.956667
300 0.793333
300 0.936667
300 0.766667
300 0.733333
300 0.906667
300 0.903333
300 0.91
300 0.91
300 0.83
300 0.85
300 0.893333
300 0.833333
300 0.866667
300 0.83
300 0.973333
300 0.956667
300 0.923333
300 0.91
300 0.973333
300 0.963333
300 0.96
300 0.913333
300 0.886667
300 0.87
300 0.846667
350 0.885714
350 0.965714
350 0.908571
350 0.691429
350 0.985714
350 0.594286
350 0.785714
350 0.937143
350 0.954286
350 1
350 0.845714
350 0.811429
350 0.957143
350 0.825714
350 0.92
350 0.668571
350 0.857143
350 0.905714
350 0.88
350 0.877143
350 0.985714
350 0.794286
350 0.954286
350 0.945714
350 0.894286
350 0.965714
350 0.942857
350 0.871429
350 0.882857
350 0.882857
350 0.791429
350 0.997143
350 0.888571
350 0.928571
350 0.848571
350 0.991429
350 0.971429
350 0.631429
350 0.88
350 0.894286
350 0.925714
350 0.922857
350 0.911429
350 0.96
350 0.991429
350 0.982857
350 0.897143
350 0.934286
350 0.86
350 0.954286
350 0.848571
350 0.894286
350 0.962857
350 0.831429
350 0.934286
350 0.965714
350 0.965714
350 0.862857
350 0.98
350 0.914286
350 0.905714
350 0.817143
350 0.937143
350 0.917143
350 0.702857
350 0.874286
350 0.917143
350 0.925714
350 0.974286
350 0.888571
350 0.957143
350 0.965714
350 0.682857
350 0.928571
350 0.874286
400 0.9525
400 0.9475
400 0.9475
400 0.93
400 0.7725
400 0.9375
400 0.9275
400 0.635
400 0.995
400 0.7475
400 0.9025
400 0.915
400 0.895
400 0.8675
400 0.8975
400 0.8925
400 0.94
400 0.585
400 0.95
400 0.93
400 0.965
400 0.9625
400 0.9575
400 0.75
400 0.97
400 0.9475
400 0.945
400 0.73
400 0.9175
400 0.895
400 0.945
400 0.9
400 0.8825
400 0.9575
400 0.9775
400 0.9675
400 0.8425
400 0.6775
400 0.9175
400 0.945
400 0.98
400 0.9525
400 0.955
400 0.95
400 0.94
400 0.8775
400 0.9375
400 0.815
400 0.99
400 0.9725
400 0.8975
400 0.93
400 0.9575
400 0.81
400 0.885
400 0.9225
400 0.9775
400 0.935
400 0.8925
400 0.885
400 0.855
400 0.8575
400 0.925
400 0.8675
400 0.975
400 0.9075
400 0.8175
400 0.9825
400 0.9975
400 0.8625
400 0.885
400 0.9575
400 0.9225
400 0.97
400 0.87
450 0.993333
450 0.993333
450 0.962222
450 0.975556
450 0.904444
450 0.833333
450 0.986667
450 0.964444
450 1
450 0.933333
450 0.986667
450 0.937778
450 0.893333
450 0.957778
450 0.728889
450 0.926667
450 0.851111
450 0.917778
450 0.873333
450 0.908889
450 0.9
450 0.995556
450 0.964444
450 0.995556
450 0.928889
450 0.828889
450 0.942222
450 0.931111
450 0.851111
450 0.575556
450 0.928889
450 0.895556
450 0.946667
450 0.951111
450 0.877778
450 1
450 0.908889
450 0.915556
450 0.955556
450 0.962222
450 0.955556
450 0.962222
450 0.773333
450 0.964444
450 0.931111
450 0.922222
450 0.913333
450 0.977778
450 0.913333
450 1
450 0.964444
450 0.997778
450 0.884444
450 0.96
450 0.911111
450 0.951111
450 0.84
450 0.997778
450 0.946667
450 0.993333
450 0.98
450 0.937778
450 0.951111
450 0.953333
450 0.82
450 0.915556
450 0.902222
450 0.784444
450 0.955556
450 0.935556
450 0.886667
450 0.786667
450 0.975556
450 0.951111
450 0.693333
500 0.94
500 0.906
500 0.982
500 0.958
500 0.776
500 0.958
500 0.926
500 0.934
500 0.912
500 0.97
500 0.856
500 0.884
500 0.896
500 0.986
500 0.97
500 0.916
500 0.996
500 0.922
500 1
500 0.804
500 0.98
500 0.952
500 0.926
500 0.918
500 0.908
500 0.85
500 0.936
500 0.962
500 0.952
500 0.942
500 0.908
500 0.912
500 0.948
500 0.958
500 0.876
500 0.98
500 0.91
500 0.954
500 0.954
500 0.86
500 0.952
500 0.982
500 0.922
500 0.928
500 0.876
500 0.976
500 0.922
500 0.956
500 0.964
500 0.982
500 0.872
500 0.924
500 0.928
500 0.96
500 0.876
500 0.906
500 0.984
500 0.976
500 0.996
500 0.984
500 0.908
500 0.926
500 0.96
500 0.93
500 0.78
500 0.934
500 0.938
500 0.94
500 0.96
500 0.922
500 0.934
500 0.98
500 0.994
500 0.944
500 0.98
550 0.774545
550 0.990909
550 0.947273
550 0.921818
550 0.925455
550 0.930909
550 1
550 0.981818
550 0.929091
550 0.929091
550 0.876364
550 0.925455
550 0.670909
550 0.936364
550 0.896364
550 0.96
550 0.832727
550 0.918182
550 0.967273
550 0.930909
550 0.94
550 0.841818
550 0.985455
550 0.927273
550 0.987273
550 0.98
550 0.852727
550 0.98
550 0.950909
550 0.903636
550 0.941818
550 0.945455
550 0.929091
550 0
550 0.845455
550 0.930909
550 0.921818
550 0.930909
550 0.989091
550 0.934545
550 0.958182
550 0.923636
550 0.889091
550 0.932727
550 0.869091
550 0.970909
550 0.947273
550 0.956364
550 0.936364
550 0.952727
550 0.958182
550 0.967273
550 0.847273
550 0.936364
550 0.84
550 0.778182
550 0.998182
550 0.889091
550 0.947273
550 0.758182
550 0.898182
550 0.927273
550 0.965455
550 0.996364
550 0.945455
550 0.978182
550 0.992727
550 0.954545
550 0.958182
550 0.827273
550 0.923636
550 0.947273
550 0.86
550 0.901818
550 0.936364
600 0.958333
600 0.971667
600 0.918333
600 0.97
600 0.931667
600 0.978333
600 0.938333
600 0.995
600 0.821667
600 0.865
600 0.808333
600 0.933333
600 0.895
600 0.963333
600 0.991667
600 0.946667
600 0.958333
600 0.918333
600 0.963333
600 0.968333
600 0.89
600 0.945
600 0.968333
600 0.966667
600 0.911667
600 0.935
600 0.935
600 0.943333
600 0.953333
600 0.953333
600 0.913333
600 0.948333
600 0.901667
600 0.931667
600 0.906667
600 0.936667
600 0.935
600 0.883333
600 0.99
600 0.938333
600 0.851667
600 0.991667
600 0.931667
600 0.885
600 0.978333
600 0.953333
600 0.893333
600 0.933333
600 0.908333
600 0.841667
600 0.968333
600 0.995
600 0.96
600 0.958333
600 0.971667
600 0.983333
600 0.92
600 0.935
600 0.823333
600 0.953333
600 0.941667
600 0.95
600 0.943333
600 0.975
600 0.906667
600 0.863333
600 0.988333
600 0.92
600 0.93
600 0.901667
600 0.953333
600 0.93
600 0.91
600 0.983333
600 0.826667
650 0.909231
650 0.86
650 0.967692
650 0.995385
650 0.923077
650 0.946154
650 0.970769
650 0.998462
650 0.912308
650 0.950769
650 0.989231
650 0.961538
650 0.956923
650 0.947692
650 0.916923
650 0.953846
650 0.949231
650 0.915385
650 0.930769
650 0.949231
650 0.930769
650 0.846154
650 0.970769
650 0.912308
650 0.924615
650 0.903077
650 0.953846
650 0.996923
650 0.966154
650 0.993846
650 0.9
650 0.990769
650 0.966154
650 0.96
650 1
650 0.935385
650 0.929231
650 0.996923
650 0.955385
650 0.967692
650 0.932308
650 0.944615
650 0.884615
650 0.956923
650 0.890769
650 0.953846
650 0.878462
650 0.975385
650 0.992308
650 0.990769
650 0.916923
650 0.866154
650 0.941538
650 0.981538
650 0.94
650 0.936923
650 0.869231
650 0.963077
650 0.955385
650 0.953846
650 0.947692
650 0.883077
650 0.961538
650 0.989231
650 0.923077
650 0.961538
650 0.949231
650 0.993846
650 0.989231
650 0.981538
650 0.926154
650 0.933846
650 0.976923
650 0.913846
650 0.992308
700 0.96
700 0.995714
700 0.971429
700 0.941429
700 0.97
700 0.95
700 0.952857
700 0.97
700 0.978571
700 0.912857
700 0.998571
700 0.974286
700 0.922857
700 0.965714
700 0.931429
700 0.998571
700 0.865714
700 0.915714
700 0.987143
700 0.827143
700 0.928571
700 0.99
700 0.942857
700 0.937143
700 0.977143
700 0.864286
700 0.982857
700 0.93
700 0.885714
700 0.964286
700 0.907143
700 0.948571
700 0.972857
700 0.978571
700 0.927143
700 0.998571
700 0.961429
700 0.865714
700 0.912857
700 0.947143
700 0.995714
700 0.962857
700 0.921429
700 0.965714
700 0.778571
700 0.994286
700 0.812857
700 0.962857
700 0.97
700 0.965714
700 0.837143
700 0.944286
700 0.965714
700 0.875714
700 0.941429
700 0.938571
700 0.987143
700 0.938571
700 0.968571
700 0.947143
700 0.921429
700 0.95
700 0.987143
700 0.822857
700 0.932857
700 0.958571
700 0.955714
700 0.947143
700 0.915714
700 0.92
700 0.935714
700 0.975714
700 0.958571
700 0.942857
700 0.961429
750 0.956
750 0.945333
750 0.924
750 0.9
750 0.966667
750 0.982667
750 0.968
750 0.908
750 0.982667
750 0.876
750 0.838667
750 0.989333
750 0.997333
750 0.941333
750 0.965333
750 0.957333
750 0.934667
750 0.904
750 0.972
750 0.928
750 0.989333
750 0.924
750 0.932
750 0.997333
750 0.976
750 0.974667
750 0.966667
750 0.952
750 0.922667
750 0.964
750 0.917333
750 0.962667
750 0.930667
750 0.929333
750 0.988
750 0.885333
750 1
750 0.950667
750 0.974667
750 0.992
750 0.96
750 0.786667
750 0.961333
750 0.938667
750 0.981333
750 0.897333
750 0.94
750 0.958667
750 0.984
750 0.98
750 0.968
750 0.958667
750 0.988
750 0.957333
750 0.948
750 0.945333
750 0.976
750 0.936
750 0.976
750 0.926667
750 0.942667
750 0.96
750 0.957333
750 0.798667
750 0.908
750 0.950667
750 0.910667
750 0.924
750 0.962667
750 0.990667
750 0.930667
750 0.953333
750 0.950667
750 0.953333
750 0.952
800 0.98625
800 0.97
800 0.9175
800 0.975
800 0.9825
800 0.98625
800 0.835
800 0.935
800 0.99375
800 0.93875
800 0.9875
800 0.91375
800 0.96875
800 0.91125
800 0.99375
800 0.905
800 0.945
800 0.99625
800 0.945
800 0.92625
800 0.94125
800 0.92875
800 0.90875
800 0.9425
800 0.925
800 0.9825
800 0.97375
800 0.99125
800 0.94625
800 0.9475
800 0.97
800 0.925
800 0.92
800 0.97
800 0.95875
800 0.9525
800 0.90875
800 0.995
800 0.92375
800 0.955
800 0.965
800 0.99625
800 0.95625
800 0.82125
800 0.92625
800 0.93375
800 0.98
800 0.9
800 0.99125
800 0.89375
800 0.85875
800 0.945
800 0.96875
800 0.98625
800 0.93625
800 0.88
800 0.89625
800 0.92375
800 0.95375
800 0.96
800 0.97625
800 0.98625
800 0.8875
800 0.98375
800 0.93375
800 0.94
800 0.95
800 1
800 0.93875
800 0.96625
800 1
800 0.91625
800 0.88375
800 0.995
800 0.955
850 0.890588
850 0.955294
850 0.975294
850 0.951765
850 0.977647
850 0.956471
850 0.956471
850 0.875294
850 0.851765
850 0.921176
850 0.921176
850 0.976471
850 0.934118
850 0.948235
850 0.962353
850 0.944706
850 0.970588
850 0.94
850 0.952941
850 0.937647
850 0.970588
850 0.945882
850 0.917647
850 0.912941
850 0.958824
850 0.909412
850 0.961176
850 0.976471
850 0.945882
850 0.875294
850 0.974118
850 0.943529
850 0.987059
850 0.917647
850 0.908235
850 0.936471
850 0.989412
850 0.937647
850 0.964706
850 0.938824
850 0.951765
850 0.964706
850 0.975294
850 0.998824
850 0.961176
850 0.974118
850 0.943529
850 0.978824
850 0.852941
850 0.864706
850 0.941176
850 0.956471
850 0.929412
850 0.995294
850 0.964706
850 0.981176
850 0.972941
850 0.941176
850 0.982353
850 0.951765
850 0.904706
850 0.952941
850 0.950588
850 0.908235
850 0.969412
850 0.967059
850 0.96
850 0.975294
850 0.961176
850 0.958824
850 0.963529
850 0.957647
850 0.971765
850 0.977647
850 0.854118
900 0.968889
900 0.967778
900 0.98
900 0.965556
900 0.993333
900 0.994444
900 0.994444
900 0.915556
900 0.971111
900 0.991111
900 0.967778
900 0.987778
900 0.976667
900 0.956667
900 0.945556
900 0.946667
900 0.966667
900 0.986667
900 0.911111
900 0.942222
900 0.977778
900 0.952222
900 0.976667
900 0.948889
900 0.994444
900 0.928889
900 0.985556
900 0.998889
900 0.935556
900 0.877778
900 0.984444
900 0.934444
900 0.988889
900 0.972222
900 0.984444
900 0.965556
900 0.978889
900 0.992222
900 0.958889
900 0.983333
900 0.766667
900 0.897778
900 0.976667
900 0.898889
900 0.998889
900 0.911111
900 0.95
900 0.972222
900 0.916667
900 0.956667
900 0.971111
900 0.977778
900 0.844444
900 0.927778
900 0.986667
900 0.954444
900 0.95
900 0.982222
900 0.965556
900 0.953333
900 0.954444
900 0.944444
900 0.914444
900 0.974444
900 0.794444
900 0.971111
900 0.896667
900 0.947778
900 0.981111
900 0.906667
900 0.917778
900 0.897778
900 0.993333
900 0.97
900 0.882222
950 0.98
950 0.949474
950 0.991579
950 0.943158
950 0.990526
950 0.961053
950 0.903158
950 0.951579
950 0.963158
950 0.907368
950 0.981053
950 0.951579
950 0.927368
950 0.990526
950 0.966316
950 0.917895
950 0.981053
950 0.98
950 0.981053
950 0.987368
950 0.906316
950 0.897895
950 0.971579
950 0.987368
950 0.987368
950 0.967368
950 0.877895
950 0.908421
950 1
950 0.963158
950 0.967368
950 0.990526
950 0.926316
950 0.948421
950 0.990526
950 0.984211
950 0.962105
950 0.916842
950 0.971579
950 0.941053
950 0.891579
950 0.974737
950 0.937895
950 0.977895
950 0.978947
950 0.875789
950 0.950526
950 0.938947
950 0.928421
950 0.992632
950 0.995789
950 0.881053
950 0.982105
950 0.971579
950 0.98
950 0.949474
950 0.973684
950 0.937895
950 0.878947
950 0.934737
950 0.888421
950 0.928421
950 0.932632
950 0.946316
950 0.947368
950 0.993684
950 0.965263
950 0.982105
950 0.98
950 0.917895
950 0.967368
950 0.98
950 0.996842
950 0.970526
950 1
1000 0.942
1000 0.834
1000 0.954
1000 0.929
1000 0.98
1000 0.899
1000 0.91
1000 0.927
1000 0.94
1000 0.862
1000 0.971
1000 0.957
1000 0.988
1000 0.938
1000 0.96
1000 0.949
1000 0.966
1000 0.98
1000 0.958
1000 0.958
1000 0.943
1000 0.979
1000 0.982
1000 0.984
1000 0.995
1000 0.929
1000 0.907
1000 0.998
1000 0.878
1000 0.964
1000 0.988
1000 0.968
1000 0.973
1000 0.934
1000 0.958
1000 0.975
1000 0.968
1000 0.935
1000 0.914
1000 0.948
1000 0.997
1000 0.974
1000 0.956
1000 0.947
1000 0.953
1000 0.978
1000 0.958
1000 0.968
1000 0.848
1000 0.988
1000 0.941
1000 0.991
1000 0.969
1000 0.953
1000 0.956
1000 0.968
1000 0.954
1000 0.994
1000 0.947
1000 0.96
1000 0.957
1000 0.933
1000 0.927
1000 0.969
1000 0.921
1000 0.948
1000 0.988
1000 0.961
1000 0.922
1000 0.952
1000 0.97
1000 0.929
1000 0.99
1000 0.938
1000 0.999
1050 0.950476
1050 0.993333
1050 0.968571
1050 0.990476
1050 0.853333
1050 0.977143
1050 0.934286
1050 0.992381
1050 0.975238
1050 0.977143
1050 0.954286
1050 0.986667
1050 0.962857
1050 0.897143
1050 0.980952
1050 0.995238
1050 0.988571
1050 0.93619
1050 0.970476
1050 0.918095
1050 0.971429
1050 0.942857
1050 0.92381
1050 0.862857
1050 0.925714
1050 0.998095
1050 0.875238
1050 0.932381
1050 1
1050 0.96381
1050 0.909524
1050 0.967619
1050 0.938095
1050 0.946667
1050 0.926667
1050 0.940952
1050 0.94381
1050 0.961905
1050 0.952381
1050 0.921905
1050 0.995238
1050 0.964762
1050 0.978095
1050 0.932381
1050 0.93619
1050 0.917143
1050 0.989524
1050 0.947619
1050 0.949524
1050 0.978095
1050 0.962857
1050 0.957143
1050 0.972381
1050 0.862857
1050 0.986667
1050 0.909524
1050 0.958095
1050 0.979048
1050 0.964762
1050 0.909524
1050 0.893333
1050 0.906667
1050 0.933333
1050 0.937143
1050 0.995238
1050 0.920952
1050 0.953333
1050 0.930476
1050 0.967619
1050 0.98381
1050 0.934286
1050 0.951429
1050 0.949524
1050 0.952381
1050 0.911429
1100 0.951818
1100 0.948182
1100 0.907273
1100 0.933636
1100 0.9
1100 0.987273
1100 0.931818
1100 0.982727
1100 0.964545
1100 0.952727
1100 0.981818
1100 0.956364
1100 0.951818
1100 0.944545
1100 0.980909
1100 0.995455
1100 0.965455
1100 0.961818
1100 0.981818
1100 0.949091
1100 0.944545
1100 0.923636
1100 0.99
1100 0.948182
1100 0.975455
1100 0.910909
1100 0.972727
1100 0.982727
1100 0.995455
1100 0.990909
1100 0.919091
1100 0.941818
1100 0.961818
1100 0.905455
1100 0.919091
1100 0.932727
1100 0.915455
1100 0.987273
1100 0.950909
1100 0.924545
1100 0.973636
1100 0.956364
1100 0.956364
1100 0.961818
1100 0.987273
1100 0.957273
1100 0.975455
1100 0.950909
1100 0.940909
1100 0.979091
1100 0.947273
1100 0.987273
1100 0.909091
1100 0.940909
1100 0.87
1100 0.931818
1100 0.964545
1100 0.976364
1100 0.972727
1100 0.959091
1100 0.951818
1100 0.944545
1100 0.964545
1100 0.942727
1100 0.979091
1100 0.909091
1100 0.963636
1100 0.981818
1100 0.949091
1100 0.989091
1100 0.995455
1100 0.954545
1100 0.959091
1100 0.981818
1100 0.841818
1150 0.931304
1150 0.903478
1150 0.986087
1150 0.955652
1150 0.949565
1150 0.938261
1150 0.915652
1150 0.928696
1150 0.970435
1150 0.944348
1150 0.96
1150 0.896522
1150 1
1150 0.935652
1150 0.974783
1150 0.965217
1150 0.950435
1150 0.990435
1150 0.936522
1150 0.951304
1150 0.981739
1150 0.986957
1150 0.944348
1150 0.898261
1150 0.955652
1150 0.95913
1150 0.966087
1150 0.951304
1150 0.915652
1150 0.986087
1150 0.983478
1150 0.935652
1150 0.963478
1150 0.908696
1150 0.937391
1150 0.976522
1150 0.897391
1150 0.92
1150 0.963478
1150 0.946087
1150 0.874783
1150 0.950435
1150 0.963478
1150 0.96087
1150 0.994783
1150 0.850435
1150 0.990435
1150 0.936522
1150 0.949565
1150 0.944348
1150 0.956522
1150 0.954783
1150 0.936522
1150 0.937391
1150 0.977391
1150 0.936522
1150 0.993913
1150 0.953043
1150 0.949565
1150 0.953913
1150 0.935652
1150 0.96
1150 0.969565
1150 0.837391
1150 0.92
1150 0.933043
1150 0.949565
1150 0.98
1150 0.95913
1150 0.91913
1150 0.974783
1150 0.969565
1150 0.977391
1150 0.829565
1150 0.969565
1200 0.966667
1200 0.9575
1200 0.983333
1200 0.956667
1200 0.969167
1200 0.903333
1200 0.905833
1200 0.915833
1200 0.940833
1200 0.985833
1200 0.948333
1200 0.925
1200 0.955
1200 0.945833
1200 0.990833
1200 0.965
1200 0.935833
1200 0.945833
1200 0.9675
1200 0.944167
1200 0.94
1200 0.989167
1200 0.9675
1200 0.946667
1200 0.995
1200 0.9775
1200 0.989167
1200 0.9075
1200 0.9625
1200 0.969167
1200 0.965
1200 0.961667
1200 0.976667
1200 0.951667
1200 0.934167
1200 0.9025
1200 0.950833
1200 0.999167
1200 0.916667
1200 0.956667
1200 0.965
1200 0.825
1200 0.925833
1200 0.935833
1200 0.954167
1200 0.9975
1200 0.940833
1200 0.969167
1200 0.988333
1200 0.973333
1200 0.9975
1200 0.995833
1200 0.92
1200 0.986667
1200 0.975
1200 0.969167
1200 0.955833
1200 0.9425
1200 0.949167
1200 0.956667
1200 0.930833
1200 0.999167
1200 0.9575
1200 0.984167
1200 0.95
1200 0.9425
1200 0.941667
1200 0.9475
1200 0.9775
1200 0.934167
1200 0.979167
1200 0.9
1200 0.9775
1200 0.9675
1200 0.971667
1250 0.972
1250 0.964
1250 0.9488
1250 0.9592
1250 0.9576
1250 0.992
1250 0.9384
1250 0.9512
1250 0.9576
1250 0.9136
1250 0.9384
1250 0.9176
1250 0.9608
1250 0.9592
1250 0.908
1250 0.9824
1250 0.9488
1250 0.9584
1250 0.9656
1250 0.9424
1250 0.964
1250 0.9224
1250 0.9672
1250 0.9256
1250 0.9472
1250 0.936
1250 0.972
1250 0.9944
1250 0.9632
1250 0.9528
1250 0.9712
1250 0.98
1250 0.9832
1250 0.968
1250 0.9752
1250 0.9464
1250 0.9032
1250 0.9528
1250 0.9784
1250 0.964
1250 0.9648
1250 0.9776
1250 0.9176
1250 0.9904
1250 0.992
1250 0.9328
1250 0.9808
1250 0.9352
1250 0.928
1250 0.9568
1250 0.9784
1250 0.9496
1250 0.9536
1250 0.9472
1250 0.9936
1250 0.9736
1250 0.992
1250 0.9816
1250 0.936
1250 0.98
1250 0.9672
1250 0.9456
1250 0.9624
1250 0.9992
1250 0.9208
1250 0.9792
1250 0.956
1250 0.9344
1250 0.9816
1250 0.9392
1250 0.9112
1250 0.9984
1250 0.9808
1250 0.932
1250 0.968
1300 0.959231
1300 0.939231
1300 0.99
1300 0.995385
1300 0.983077
1300 0.967692
1300 0.937692
1300 0.996923
1300 0.977692
1300 0.966154
1300 0.938462
1300 0.982308
1300 0.940769
1300 0.964615
1300 0.947692
1300 0.935385
1300 0.981538
1300 0.965385
1300 0.963846
1300 0.959231
1300 0.972308
1300 0.974615
1300 0.967692
1300 0.95
1300 0.909231
1300 0.897692
1300 0.964615
1300 0.970769
1300 0.963846
1300 0.964615
1300 0.954615
1300 0.954615
1300 0.878462
1300 0.956154
1300 0.989231
1300 0.954615
1300 0.983077
1300 0.992308
1300 0.93
1300 0.963077
1300 0.937692
1300 0.924615
1300 0.928462
1300 0.992308
1300 0.956154
1300 0.949231
1300 0.967692
1300 0.962308
1300 0.893846
1300 0.953077
1300 0.998462
1300 0.957692
1300 0.928462
1300 0.954615
1300 0.988462
1300 0.933077
1300 0.932308
1300 0.933077
1300 0.883846
1300 0.973077
1300 0.986154
1300 0.957692
1300 0.926923
1300 0.943077
1300 0.986923
1300 0.981538
1300 0.946154
1300 0.936923
1300 0.98
1300 0.983077
1300 0.966154
1300 0.918462
1300 0.954615
1300 0.962308
1300 0.971538
1350 0.908889
1350 0.954815
1350 0.955556
1350 0.965185
1350 0.945185
1350 0.988889
1350 0.962963
1350 0.962222
1350 0.882222
1350 0.946667
1350 0.965926
1350 0.992593
1350 0.976296
1350 0.923704
1350 0.918519
1350 0.982222
1350 0.985185
1350 0.982222
1350 0.944444
1350 0.953333
1350 0.957037
1350 0.974815
1350 0.926667
1350 0.926667
1350 0.938519
1350 0.994074
1350 0.923704
1350 0.980741
1350 0.943704
1350 1
1350 0.988148
1350 0.920741
1350 0.934815
1350 0.973333
1350 0.963704
1350 0.908889
1350 0.939259
1350 0.947407
1350 0.883704
1350 0.965926
1350 0.938519
1350 0.96963
1350 0.962963
1350 0.957778
1350 0.985185
1350 0.973333
1350 0.955556
1350 0.942222
1350 0.983704
1350 0.965185
1350 0.99037
1350 0.952593
1350 0.935556
1350 0.98
1350 0.98
1350 0.941481
1350 0.937778
1350 0.925185
1350 0.957037
1350 0.958519
1350 0.957778
1350 0.947407
1350 0.957037
1350 0.842963
1350 0.942963
1350 0.956296
1350 0.964444
1350 0.952593
1350 0.919259
1350 0.951111
1350 0.971111
1350 0.958519
1350 0.968148
1350 0.94963
1350 0.971111
1400 0.976429
1400 0.935
1400 0.979286
1400 0.954286
1400 0.941429
1400 1
1400 0.972857
1400 0.985
1400 0.938571
1400 0.939286
1400 0.947143
1400 0.965714
1400 0.908571
1400 0.94
1400 0.985
1400 0.925
1400 0.992143
1400 0.962143
1400 0.972857
1400 0.988571
1400 0.988571
1400 0.955
1400 0.973571
1400 0.96
1400 0.956429
1400 0.947143
1400 0.959286
1400 0.925714
1400 0.960714
1400 0.966429
1400 0.995
1400 0.960714
1400 0.969286
1400 0.908571
1400 0.837143
1400 0.966429
1400 0.898571
1400 0.965
1400 0.93
1400 0.895714
1400 0.973571
1400 0.944286
1400 0.971429
1400 0.927143
1400 0.917857
1400 0.99
1400 0.939286
1400 0.995714
1400 0.954286
1400 0.971429
1400 0.975714
1400 0.993571
1400 0.958571
1400 0.963571
1400 0.965
1400 0.93
1400 0.937143
1400 0.972857
1400 0.989286
1400 0.968571
1400 0.955714
1400 0.953571
1400 0.935714
1400 0.991429
1400 0.912857
1400 0.898571
1400 0.952857
1400 0.979286
1400 0.927857
1400 0.951429
1400 0.92
1400 0.987857
1400 0.989286
1400 0.983571
1400 0.996429
1450 0.977931
1450 0.988966
1450 0.975172
1450 0.987586
1450 0.984138
1450 0.975172
1450 0.921379
1450 0.968276
1450 0.932414
1450 0.951034
1450 0.965517
1450 0.944828
1450 0.913793
1450 0.96
1450 0.981379
1450 0.904138
1450 0.97931
1450 0.937241
1450 0.953103
1450 0.992414
1450 0.946207
1450 0.973793
1450 0.986207
1450 0.98069
1450 0.908276
1450 0.957931
1450 0.972414
1450 0.997241
1450 0.98
1450 0.970345
1450 0.969655
1450 0.922759
1450 0.954483
1450 0.962759
1450 0.96
1450 0.994483
1450 0.961379
1450 0.955862
1450 0.910345
1450 0.897931
1450 0.965517
1450 0.94069
1450 0.928276
1450 0.974483
1450 0.956552
1450 0.969655
1450 0.972414
1450 0.967586
1450 0.924138
1450 0.948966
1450 0.927586
1450 0.970345
1450 0.993793
1450 0.911724
1450 0.985517
1450 0.955862
1450 0.997241
1450 0.918621
1450 0.986897
1450 0.928276
1450 0.935862
1450 0.988276
1450 0.986897
1450 0.944828
1450 0.986207
1450 0.945517
1450 0.976552
1450 0.997241
1450 0.975862
1450 0.990345
1450 0.97931
1450 0.974483
1450 0.970345
1450 0.94069
1450 0.986207
1500 0.978667
1500 0.974
1500 0.963333
1500 0.924667
1500 0.926
1500 0.975333
1500 0.902667
1500 0.991333
1500 0.913333
1500 0.902667
1500 0.766
1500 0.923333
1500 0.934667
1500 0.974
1500 0.974667
1500 0.972667
1500 0.982
1500 0.995333
1500 0.992667
1500 0.952
1500 0.984
1500 0.975333
1500 0.956667
1500 0.944
1500 0.978667
1500 0.939333
1500 0.945333
1500 0.932
1500 0.970667
1500 0.928667
1500 0.979333
1500 0.998
1500 0.962667
1500 0.99
1500 0.948667
1500 0.993333
1500 0.975333
1500 0.86
1500 0.986
1500 0.990667
1500 0.933333
1500 0.998667
1500 0.964
1500 0.974
1500 0.986667
1500 0.946667
1500 0.934
1500 0.988
1500 0.878
1500 0.996
1500 0.993333
1500 0.993333
1500 0.983333
1500 0.932667
1500 1
1500 0.969333
1500 0.966667
1500 0.982667
1500 0.944667
1500 0.983333
1500 0.996667
1500 0.929333
1500 0.99
1500 0.936
1500 0.991333
1500 0.984667
1500 0.958667
1500 0.981333
1500 0.958667
1500 0.964
1500 0.980667
1500 0.981333
1500 0.954667
1500 0.912
1500 0.944667
1550 0.948387
1550 0.968387
1550 0.943871
1550 0.974839
1550 0.958065
1550 0.932258
1550 0.966452
1550 0.892258
1550 0.924516
1550 0.669677
1550 0.976774
1550 0.965806
1550 0.924516
1550 0.959355
1550 0.985161
1550 0.934194
1550 0.954839
1550 0.964516
1550 0.966452
1550 0.934839
1550 0.908387
1550 0.943226
1550 0.924516
1550 0.950968
1550 0.978065
1550 0.982581
1550 0.938065
1550 0.967097
1550 0.97871
1550 0.967742
1550 0.996129
1550 0.940645
1550 0.966452
1550 0.936129
1550 0.95871
1550 0.987742
1550 0.969677
1550 0.903226
1550 0.969032
1550 0.910968
1550 0.962581
1550 0.961935
1550 0.967742
1550 0.946452
1550 0.940645
1550 0.992258
1550 1
1550 0.929677
1550 0.959355
1550 0.950323
1550 0.978065
1550 0.972258
1550 0.962581
1550 0.989677
1550 0.958065
1550 0.924516
1550 0.952258
1550 0.964516
1550 0.905161
1550 0.956129
1550 0.957419
1550 0.935484
1550 0.990323
1550 0.965806
1550 0.985161
1550 0.968387
1550 0.937419
1550 0.961935
1550 0.964516
1550 0.917419
1550 0.998065
1550 0.975484
1550 0.95871
1550 0.955484
1550 0.983226
1600 0.93125
1600 0.9625
1600 0.971875
1600 0.920625
1600 0.94875
1600 0.96125
1600 0.998125
1600 0.995625
1600 0.955625
1600 0.979375
1600 0.995625
1600 0.9875
1600 0.939375
1600 0.969375
1600 0.961875
1600 0.938125
1600 0.965
1600 0.935
1600 0.9975
1600 0.9625
1600 0.958125
1600 0.971875
1600 0.97125
1600 0.969375
1600 0.99625
1600 0.96625
1600 0.9825
1600 0.98875
1600 0.9525
1600 0.973125
1600 0.95875
1600 0.9675
1600 0.970625
1600 0.950625
1600 0.9775
1600 0.960625
1600 0.96
1600 0.926875
1600 0.979375
1600 0.98
1600 0.916875
1600 0.946875
1600 0.97625
1600 0.959375
1600 0.978125
1600 0.9475
1600 0.90625
1600 0.9875
1600 0.9825
1600 0.936875
1600 0.955
1600 0.990625
1600 0.94625
1600 0.9725
1600 0.969375
1600 0.985
1600 0.97625
1600 0.99625
1600 0.9875
1600 0.948125
1600 0.94375
1600 0.9625
1600 0.981875
1600 0.973125
1600 0.91125
1600 0.92125
1600 0.94125
1600 0.91
1600 0.958125
1600 0.984375
1600 0.92875
1600 0.9875
1600 0.99875
1600 0.949375
1600 0.9675
1650 0.987879
1650 0.924848
1650 0.900606
1650 0.959394
1650 0.960606
1650 0.938788
1650 0.935152
1650 0.950909
1650 0.989697
1650 0.963636
1650 0.992727
1650 0.99697
1650 0.966667
1650 0.947879
1650 0.927879
1650 0.96
1650 0.990909
1650 0.932121
1650 0.952121
1650 0.984848
1650 0.922424
1650 0.993333
1650 0.92
1650 0.945455
1650 0.915152
1650 0.943636
1650 0.94303
1650 0.98
1650 0.964848
1650 0.993939
1650 0.97697
1650 0.91697
1650 0.956364
1650 0.968485
1650 0.849697
1650 0.984848
1650 0.939394
1650 0.923636
1650 0.901818
1650 0.991515
1650 0.983636
1650 0.966667
1650 0.952727
1650 0.966061
1650 0.954545
1650 0.96
1650 0.963636
1650 1
1650 0.952727
1650 0.982424
1650 0.946061
1650 0.997576
1650 0.914545
1650 0.987879
1650 0.976364
1650 0.977576
1650 0.92
1650 0.992727
1650 0.963636
1650 0.837576
1650 0.997576
1650 0.992121
1650 0.96303
1650 0.948485
1650 0.93697
1650 0.973939
1650 0.963636
1650 0.962424
1650 0.989697
1650 0.976364
1650 0.87697
1650 0.965455
1650 0.976364
1650 0.934545
1650 0.931515
1700 0.947059
1700 0.958824
1700 0.937059
1700 0.963529
1700 0.982353
1700 0.947647
1700 0.944706
1700 0.953529
1700 0.925882
1700 0.98
1700 0.934706
1700 0.964706
1700 0.994706
1700 0.899412
1700 0.957059
1700 0.968824
1700 0.955294
1700 0.937647
1700 0.953529
1700 0.98
1700 0.988824
1700 0.920588
1700 0.926471
1700 0.928824
1700 0.968235
1700 0.938824
1700 0.986471
1700 0.985882
1700 0.910588
1700 0.951765
1700 0.954118
1700 0.918235
1700 0.975882
1700 0.926471
1700 0.974706
1700 0.937059
1700 0.941765
1700 0.930588
1700 0.919412
1700 0.930588
1700 0.972353
1700 0.902353
1700 0.944706
1700 0.966471
1700 0.921765
1700 0.939412
1700 0.92
1700 0.947647
1700 0.967647
1700 0.946471
1700 0.984118
1700 0.915294
1700 0.986471
1700 0.997059
1700 0.981765
1700 0.994706
1700 0.931765
1700 0.915294
1700 0.915882
1700 0.997059
1700 0.984706
1700 0.988824
1700 0.949412
1700 0.962353
1700 0.973529
1700 0.95
1700 0.903529
1700 0.998824
1700 0.979412
1700 1
1700 0.952941
1700 0.995882
1700 0.968824
1700 0.999412
1700 0.967059
1750 0.981714
1750 0.937714
1750 0.920571
1750 0.999429
1750 0.919429
1750 0.942857
1750 0.935429
1750 0.934857
1750 0.949143
1750 0.917143
1750 0.969143
1750 0.938286
1750 0.98
1750 0.937714
1750 0.942857
1750 0.937714
1750 0.968
1750 0.961143
1750 0.983429
1750 0.934857
1750 0.878286
1750 0.955429
1750 0.964
1750 0.950857
1750 1
1750 0.960571
1750 0.936571
1750 0.970286
1750 0.967429
1750 0.957714
1750 0.963429
1750 0.928571
1750 0.969143
1750 0.972571
1750 0.939429
1750 0.990286
1750 0.944571
1750 0.950286
1750 0.987429
1750 0.986286
1750 0.928
1750 0.969714
1750 0.997143
1750 0.976
1750 0.949714
1750 1
1750 0.978857
1750 0.947429
1750 0.924571
1750 0.960571
1750 0.936
1750 0.971429
1750 0.909714
1750 0.939429
1750 0.933714
1750 0.944571
1750 0.949714
1750 0.956571
1750 0.976
1750 0.988571
1750 0.990286
1750 0.987429
1750 0.984
1750 0.982286
1750 0.984
1750 0.982857
1750 0.956571
1750 0.924571
1750 0.962286
1750 1
1750 0.676
1750 0.985714
1750 0.977714
1750 0.965714
1750 0.930857
1800 0.971667
1800 0.994444
1800 0.938333
1800 0.922778
1800 0.960556
1800 0.972778
1800 0.931111
1800 0.974444
1800 0.97
1800 0.922222
1800 0.988889
1800 0.966111
1800 0.998889
1800 0.971667
1800 0.990556
1800 0.983333
1800 0.875
1800 0.968889
1800 0.958889
1800 0.97
1800 0.933889
1800 0.94
1800 0.989444
1800 0.99
1800 1
1800 0.938333
1800 0.958333
1800 0.989444
1800 0.951111
1800 0.99
1800 0.982222
1800 0.962222
1800 0.976111
1800 0.976667
1800 0.983333
1800 0.94
1800 0.912778
1800 0.953333
1800 0.997778
1800 0.997222
1800 0.986111
1800 0.956111
1800 0.985
1800 0.978889
1800 0.969444
1800 0.99
1800 0.991667
1800 0.948333
1800 0.949444
1800 0.941667
1800 0.995
1800 0.923333
1800 0.962778
1800 1
1800 0.938889
1800 0.997222
1800 0.913889
1800 0.995556
1800 0.927222
1800 0.996111
1800 0.983333
1800 0.976667
1800 0.947778
1800 0.962222
1800 1
1800 0.958889
1800 0.976667
1800 0.968889
1800 0.963889
1800 0.963889
1800 0.972778
1800 0.96
1800 0.903333
1800 0.968889
1800 0.995
1850 0.912432
1850 0.953514
1850 0.984865
1850 0.981622
1850 0.963784
1850 0.946486
1850 0.984324
1850 0.971892
1850 0.991892
1850 0.987568
1850 0.921622
1850 0.945405
1850 0.977297
1850 0.917297
1850 0.912432
1850 0.956757
1850 0.99027
1850 0.96973
1850 0.926486
1850 0.863784
1850 0.928649
1850 0.908649
1850 0.971351
1850 0.943784
1850 0.975676
1850 0.944324
1850 0.982162
1850 0.956216
1850 0.979459
1850 0.956216
1850 0.955676
1850 0.947027
1850 0.959459
1850 0.945946
1850 0.947568
1850 0.98973
1850 0.988108
1850 0.96973
1850 0.975676
1850 0.91027
1850 0.975135
1850 0.981081
1850 0.957838
1850 0.959459
1850 0.990811
1850 0.96973
1850 0.922703
1850 0.942703
1850 0.954054
1850 0.96
1850 0.934054
1850 0.878378
1850 0.936216
1850 0.92973
1850 0.983243
1850 0.957838
1850 0.968649
1850 0.971351
1850 0.998378
1850 0.956216
1850 0.963784
1850 0.993514
1850 0.939459
1850 0.962162
1850 0.956216
1850 0.98973
1850 0.944865
1850 0.932973
1850 0.936216
1850 0.920541
1850 0.965405
1850 0.951351
1850 0.924865
1850 0.87027
1850 0.944324
1900 0.963158
1900 0.956842
1900 0.950526
1900 0.987368
1900 0.943158
1900 0.978421
1900 0.914737
1900 0.918947
1900 0.967368
1900 0.945789
1900 0.941053
1900 0.893158
1900 0.955789
1900 0.995789
1900 0.998421
1900 0.956316
1900 0.986842
1900 0.956842
1900 0.913158
1900 0.904211
1900 0.971579
1900 0.973158
1900 0.973158
1900 0.963158
1900 0.854737
1900 0.992105
1900 0.932632
1900 0.964737
1900 0.940526
1900 0.973684
1900 0.965263
1900 0.988947
1900 0.956316
1900 0.976842
1900 0.964737
1900 0.976842
1900 0.972632
1900 0.975263
1900 0.924737
1900 0.950526
1900 0.989474
1900 0.951579
1900 0.978947
1900 0.952105
1900 0.953684
1900 0.992105
1900 0.973684
1900 0.904211
1900 0.897895
1900 0.994211
1900 0.976316
1900 0.983158
1900 0.949474
1900 0.948421
1900 0.950526
1900 0.967895
1900 0.98
1900 0.968947
1900 0.931053
1900 0.963158
1900 0.992632
1900 0.956316
1900 0.931053
1900 0.911579
1900 0.97
1900 0.905263
1900 0.983158
1900 0.964211
1900 0.954211
1900 0.949474
1900 0.973158
1900 0.954737
1900 0.964211
1900 0.961579
1900 0.963684
1950 0.920513
1950 0.978462
1950 0.990256
1950 0.99641
1950 0.930256
1950 0.966154
1950 0.969231
1950 0.949231
1950 0.987179
1950 0.961026
1950 0.981026
1950 0.97641
1950 0.964103
1950 0.792308
1950 0.984103
1950 0.963077
1950 0.948205
1950 0.957436
1950 0.957436
1950 0.968205
1950 0.974359
1950 0.987179
1950 0.924615
1950 0.958974
1950 0.959487
1950 0.960513
1950 0.972308
1950 0.992821
1950 0.958974
1950 0.908205
1950 0.933846
1950 0.974872
1950 0.972308
1950 0.991795
1950 0.989231
1950 0.946154
1950 0.924103
1950 0.994872
1950 0.983077
1950 0.918462
1950 0.949231
1950 0.980513
1950 0.98359
1950 0.977436
1950 0.985641
1950 0.993333
1950 0.958462
1950 0.992308
1950 0.994872
1950 0.975897
1950 0.96
1950 0.925641
1950 0.966667
1950 0.966154
1950 0.974872
1950 0.972821
1950 0.98
1950 0.993846
1950 0.915385
1950 0.989231
1950 0.970769
1950 0.938462
1950 0.960513
1950 0.917436
1950 0.945641
1950 0.965641
1950 0.930256
1950 0.94359
1950 0.938462
1950 0.969231
1950 0.996923
1950 0.950769
1950 0.997949
1950 0.948205
1950 0.927692
2000 0.984
2000 0.9555
2000 0.9855
2000 0.941
2000 0.9975
2000 0.9535
2000 0.9425
2000 0.9505
2000 0.997
2000 0.8975
2000 0.954
2000 0.933
2000 0.971
2000 0.922
2000 0.9955
2000 0.994
2000 0.9375
2000 0.9805
2000 0.911
2000 0.9275
2000 0.9715
2000 0.9405
2000 0.989
2000 0.991
2000 0.982
2000 0.969
2000 0.932
2000 0.9975
2000 0.989
2000 0.9425
2000 0.9835
2000 0.9775
2000 0.9815
2000 0.927
2000 0.9605
2000 0.9895
2000 0.965
2000 0.962
2000 0.983
2000 0.9935
2000 0.953
2000 0.9755
2000 0.978
2000 0.97
2000 0.994
2000 0.985
2000 0.9445
2000 0.933
2000 0.923
2000 0.974
2000 0.9505
2000 0.9585
2000 0.9585
2000 0.963
2000 0.947
2000 1
2000 0.94
2000 0.9695
2000 0.98
2000 0.963
2000 0.9745
2000 0.9215
2000 0.888
2000 0.977
2000 0.9725
2000 0.943
2000 0.9615
2000 0.9925
2000 0.9455
2000 0.981
2000 0.9145
2000 0.961
2000 0.952
2000 0.968
2000 0.987
