50 0.1
50 0.48
50 0
50 0.18
50 0.44
50 0.18
50 0.8
50 0
50 0
50 0.22
50 0.04
50 0
50 0.36
50 0.24
50 0.16
50 0.2
50 0.02
50 0.7
50 0.34
50 0.1
50 0.16
50 0.04
50 0
50 0
50 0
50 0.64
50 0.3
50 0.28
50 0.18
50 0.2
50 0
50 0.16
50 0.58
50 0.34
50 0.1
50 0
50 0.38
50 0.24
50 0.82
50 0
50 0
50 0.2
50 0
50 0.74
50 0.5
50 0.4
50 0.18
50 0.68
50 0.4
50 0.18
50 0.48
50 0.04
50 0.08
50 0.08
50 0.6
50 0.34
50 0.44
50 0.12
50 0.1
50 0.08
50 0.4
50 0.32
50 0.34
50 0.02
50 0.76
50 0.02
50 0
50 0
50 0.44
50 0.12
50 0.22
50 0.56
50 0.52
50 0.76
50 0.14
100 0.31
100 0.24
100 0.43
100 0.7
100 0.82
100 0.8
100 0.57
100 0.32
100 0.85
100 0.47
100 0.86
100 0.54
100 0.44
100 0.41
100 0.9
100 0.28
100 0.6
100 0.43
100 0.3
100 0.7
100 0.69
100 0.2
100 0.57
100 0.53
100 0.52
100 0.37
100 0.3
100 0.51
100 0.2
100 0.6
100 0.81
100 0.5
100 0.27
100 0.76
100 0.82
100 0.54
100 0.7
100 0.59
100 0.15
100 0.45
100 0.69
100 0.95
100 0.35
100 0.83
100 0.84
100 0.72
100 0.52
100 0.88
100 0.77
100 0.48
100 0.45
100 0.34
100 0.02
100 0.63
100 0.55
100 0.97
100 0.87
100 0.8
100 0.81
100 0.8
100 0.81
100 0.58
100 0.51
100 0.88
100 0.36
100 0.16
100 0.65
100 0.66
100 0.71
100 0.66
100 0.03
100 0.63
100 0.53
100 0.09
100 0.89
150 0.7
150 0.613333
150 0.84
150 0.773333
150 0.6
150 0.906667
150 0.82
150 0.92
150 0.86
150 0.94
150 0.826667
150 0.753333
150 0.493333
150 0.54
150 0.886667
150 0.693333
150 0.98
150 0.693333
150 0.473333
150 0.773333
150 0.773333
150 0.873333
150 0.62
150 0.28
150 0.94
150 0.8
150 0.746667
150 0.82
150 0.913333
150 0.846667
150 0.76
150 0.753333
150 0.84
150 0.986667
150 0.693333
150 0.6
150 0.753333
150 0.653333
150 0.486667
150 0.893333
150 0.906667
150 0.4
150 0.453333
150 0.426667
150 0.28
150 0.88
150 0.873333
150 0.826667
150 0.806667
150 0.32
150 0.706667
150 0.493333
150 0.753333
150 0.86
150 0.8
150 0.746667
150 0.786667
150 0.826667
150 0.446667
150 0.733333
150 0.88
150 0.706667
150 0.926667
150 0.68
150 0.853333
150 0.84
150 0.673333
150 0.313333
150 0.96
150 0.566667
150 0.786667
150 0.446667
150 0.746667
150 0.746667
150 0.766667
200 0.68
200 0.395
200 0.98
200 0.72
200 0.715
200 0.77
200 0.64
200 0.88
200 0.78
200 0.89
200 0.925
200 0.66
200 0.79
200 0.935
200 0.73
200 0.825
200 0.845
200 0.87
200 0.835
200 0.85
200 0.745
200 0.89
200 0.59
200 0.89
200 0.795
200 0.865
200 0.925
200 0.59
200 0.92
200 0.81
200 0.47
200 0.865
200 0.785
200 0.865
200 0.71
200 0.91
200 0.625
200 0.71
200 0.935
200 0.485
200 0.725
200 0.935
200 0.8
200 0.815
200 0.92
200 0.85
200 0.825
200 0.735
200 0.905
200 0.785
200 0.115
200 0.86
200 0.88
200 0.77
200 0.925
200 0.915
200 0.94
200 0.615
200 0.925
200 0.745
200 0.475
200 0.905
200 0.975
200 0.83
200 0.9
200 0.665
200 0.665
200 0.89
200 0.78
200 0.94
200 0.875
200 0.4
200 0.875
200 0.855
200 0.76
250 0.784
250 0.912
250 0.992
250 0.84
250 0.888
250 0.916
250 0.968
250 0.98
250 0.752
250 0.844
250 0.876
250 0.856
250 0.936
250 0.848
250 0.844
250 0.988
250 0.956
250 0.832
250 0.84
250 0.94
250 0.96
250 0.784
250 0.78
250 0.776
250 0.9
250 0.908
250 0.944
250 1
250 0.808
250 0.952
250 0.764
250 0.896
250 0.984
250 0.876
250 0.932
250 0.684
250 0.984
250 0.732
250 0.924
250 0.976
250 0.824
250 0.864
250 0.984
250 0.468
250 0.856
250 0.904
250 0.968
250 0.588
250 0.892
250 0.92
250 0.912
250 0.916
250 0.864
250 0.772
250 0.908
250 0.928
250 0.828
250 0.908
250 0.904
250 0.952
250 0.9
250 0.844
250 0.856
250 0.86
250 0.828
250 0.94
250 0.86
250 0.948
250 0.9
250 0.944
250 0.832
250 0.816
250 0.98
250 0.908
250 0.86
300 0.85
300 0.926667
300 0.866667
300 0.933333
300 0.676667
300 0.913333
300 0.9
300 0.936667
300 0.92
300 0.876667
300 0.943333
300 0.813333
300 0.853333
300 0.91
300 0.913333
300 0.94
300 0.926667
300 0.916667
300 0.88
300 0.846667
300 0.86
300 0.916667
300 0.933333
300 0.976667
300 0.953333
300 0.936667
300 0.94
300 0.853333
300 0.923333
300 1
300 0.823333
300 0.83
300 0.836667
300 0.913333
300 0.853333
300 0.923333
300 0.963333
300 0.916667
300 0.99
300 0.96
300 0.936667
300 0.933333
300 0.98
300 0.95
300 0.88
300 0.793333
300 0.816667
300 0.943333
300 0.516667
300 0.94
300 0.723333
300 0.93
300 0.73
300 0.74
300 0.826667
300 0.936667
300 0.953333
300 0.936667
300 0.833333
300 0.84
300 0.913333
300 0.82
300 0.986667
300 0.863333
300 0.99
300 0.98
300 0.93
300 0.843333
300 0.936667
300 0.94
300 0.936667
300 0.94
300 0.86
300 0.883333
300 0.91
350 0.877143
350 0.954286
350 0.965714
350 0.808571
350 0.997143
350 0.6
350 0.788571
350 0.945714
350 0.982857
350 0.997143
350 0.9
350 0.822857
350 0.962857
350 0.854286
350 0.982857
350 0.677143
350 0.888571
350 0.908571
350 0.8
350 0.891429
350 0.94
350 0.797143
350 0.965714
350 0.971429
350 0.928571
350 0.951429
350 0.974286
350 0.977143
350 0.894286
350 0.905714
350 0.771429
350 0.925714
350 0.882857
350 0.902857
350 0.922857
350 0.96
350 0.948571
350 0.597143
350 0.888571
350 0.891429
350 0.931429
350 0.931429
350 0.931429
350 0.988571
350 0.96
350 0.988571
350 0.914286
350 0.98
350 0.862857
350 0.957143
350 0.842857
350 0.922857
350 0.982857
350 0.9
350 0.868571
350 0.965714
350 0.965714
350 0.86
350 0.96
350 0.862857
350 0.991429
350 0.871429
350 0.928571
350 0.928571
350 0.717143
350 0.914286
350 0.931429
350 0.948571
350 0.977143
350 0.88
350 0.908571
350 0.965714
350 0.777143
350 0.888571
350 0.934286
400 0.985
400 0.9375
400 0.93
400 0.8025
400 0.865
400 0.9225
400 0.895
400 0.65
400 0.98
400 0.95
400 0.905
400 0.935
400 0.86
400 0.8575
400 0.895
400 0.925
400 0.895
400 0.5675
400 0.935
400 0.9925
400 0.9375
400 0.9325
400 1
400 0.925
400 0.9925
400 0.9475
400 0.945
400 0.68
400 0.82
400 0.9825
400 0.985
400 0.7975
400 0.94
400 0.9575
400 0.9775
400 0.9
400 0.845
400 0.66
400 0.9725
400 0.965
400 0.9525
400 0.945
400 0.995
400 0.9125
400 0.92
400 0.945
400 0.9625
400 0.8525
400 0.9775
400 0.945
400 0.95
400 0.9
400 0.96
400 0.9325
400 0.835
400 0.9225
400 0.9775
400 0.965
400 0.955
400 0.95
400 0.9075
400 0.8575
400 0.97
400 0.965
400 1
400 0.92
400 0.9225
400 1
400 0.9725
400 0.95
400 0.835
400 0.86
400 0.915
400 0.97
400 0.89
450 0.935556
450 0.977778
450 0.968889
450 0.973333
450 0.92
450 0.931111
450 0.993333
450 0.924444
450 0.908889
450 0.904444
450 0.951111
450 0.884444
450 0.888889
450 1
450 0.751111
450 0.893333
450 0.935556
450 0.964444
450 0.888889
450 0.933333
450 0.933333
450 0.995556
450 0.966667
450 0.993333
450 0.935556
450 0.78
450 0.973333
450 0.957778
450 0.94
450 0.555556
450 0.913333
450 0.9
450 0.973333
450 0.937778
450 0.871111
450 0.913333
450 0.942222
450 0.935556
450 0.931111
450 0.857778
450 0.975556
450 0.966667
450 0.826667
450 0.984444
450 0.953333
450 0.962222
450 0.871111
450 0.962222
450 0.933333
450 0.995556
450 0.944444
450 0.866667
450 0.931111
450 0.931111
450 0.948889
450 0.913333
450 0.833333
450 0.973333
450 0.944444
450 0.995556
450 0.924444
450 0.931111
450 0.948889
450 0.902222
450 0.875556
450 0.924444
450 0.908889
450 0.784444
450 0.784444
450 0.913333
450 0.888889
450 0.835556
450 0.977778
450 0.873333
450 0.715556
500 0.972
500 0.918
500 0.992
500 0.966
500 0.78
500 0.97
500 0.988
500 0.99
500 0.888
500 0.986
500 0.872
500 0.94
500 0.89
500 0.942
500 0.972
500 0.958
500 0.996
500 0.958
500 0.974
500 0.858
500 0.888
500 0.908
500 0.912
500 0.96
500 0.844
500 0.912
500 0.946
500 0.964
500 0.984
500 0.922
500 0.888
500 0.848
500 0.9
500 0.998
500 0.924
500 0.968
500 0.93
500 0.986
500 0.954
500 0.808
500 0.986
500 0.966
500 0.962
500 0.934
500 0.87
500 0.956
500 0.9
500 0.994
500 0.986
500 0.978
500 0.88
500 0.908
500 0.98
500 0.846
500 0.942
500 0.966
500 0.992
500 0.986
500 0.972
500 1
500 0.996
500 0.942
500 0.962
500 0.812
500 0.99
500 0.976
500 0.91
500 0.944
500 0.98
500 0.988
500 0.978
500 0.944
500 0.954
500 0.988
500 0.95
550 0.861818
550 0.916364
550 0.950909
550 0.994545
550 0.96
550 0.965455
550 0.967273
550 0.987273
550 0.921818
550 0.945455
550 0.965455
550 0.910909
550 0.685455
550 0.945455
550 0.961818
550 0.98
550 0.898182
550 0.903636
550 0.952727
550 0.927273
550 0.910909
550 0.861818
550 0.914545
550 0.910909
550 1
550 0.992727
550 0.878182
550 0.910909
550 0.947273
550 0.927273
550 0.878182
550 0.949091
550 0.958182
550 0.0363636
550 0.934545
550 0.989091
550 0.985455
550 0.918182
550 0.989091
550 0.943636
550 0.978182
550 0.945455
550 0.907273
550 0.921818
550 0.992727
550 0.969091
550 0.976364
550 0.92
550 0.969091
550 0.969091
550 0.932727
550 0.970909
550 0.943636
550 0.941818
550 0.823636
550 0.949091
550 0.989091
550 0.849091
550 0.961818
550 0.765455
550 0.94
550 0.934545
550 0.985455
550 0.981818
550 0.987273
550 0.992727
550 0.936364
550 0.96
550 0.901818
550 0.910909
550 0.956364
550 0.950909
550 0.927273
550 0.930909
550 0.952727
600 0.97
600 0.973333
600 0.983333
600 0.935
600 0.99
600 0.991667
600 0.956667
600 0.988333
600 0.903333
600 0.916667
600 0.871667
600 0.998333
600 0.846667
600 0.945
600 0.996667
600 0.92
600 0.935
600 0.873333
600 0.993333
600 0.955
600 0.913333
600 0.806667
600 0.935
600 0.976667
600 0.913333
600 0.936667
600 0.986667
600 0.971667
600 0.996667
600 0.961667
600 0.908333
600 0.99
600 0.916667
600 0.946667
600 0.883333
600 0.988333
600 0.97
600 0.938333
600 0.938333
600 0.976667
600 0.97
600 0.955
600 0.941667
600 0.945
600 0.945
600 0.985
600 0.961667
600 0.92
600 0.926667
600 0.855
600 0.931667
600 0.963333
600 0.965
600 0.973333
600 0.996667
600 0.991667
600 0.938333
600 0.956667
600 0.946667
600 0.98
600 0.871667
600 0.991667
600 0.97
600 0.881667
600 0.943333
600 0.955
600 0.981667
600 0.943333
600 0.953333
600 0.92
600 0.986667
600 0.871667
600 1
600 0.961667
600 0.988333
650 0.938462
650 0.88
650 0.921538
650 0.9
650 0.926154
650 0.944615
650 0.981538
650 0.989231
650 0.912308
650 0.975385
650 0.916923
650 0.949231
650 0.984615
650 0.961538
650 0.978462
650 0.990769
650 0.98
650 0.996923
650 0.986154
650 0.936923
650 0.826154
650 0.895385
650 0.998462
650 0.927692
650 0.938462
650 0.924615
650 0.921538
650 0.989231
650 0.963077
650 0.884615
650 0.887692
650 0.998462
650 0.953846
650 0.983077
650 0.890769
650 0.906154
650 0.955385
650 0.986154
650 0.936923
650 0.958462
650 0.998462
650 0.94
650 0.950769
650 0.969231
650 0.933846
650 0.964615
650 0.913846
650 0.96
650 0.978462
650 0.993846
650 0.92
650 0.889231
650 0.981538
650 0.986154
650 0.909231
650 0.96
650 0.907692
650 0.986154
650 0.992308
650 0.903077
650 0.913846
650 0.924615
650 0.94
650 0.976923
650 0.9
650 0.996923
650 0.990769
650 0.978462
650 0.976923
650 0.983077
650 0.967692
650 0.986154
650 0.989231
650 0.950769
650 0.987692
700 0.955714
700 0.961429
700 0.991429
700 0.918571
700 0.951429
700 0.957143
700 0.89
700 0.981429
700 0.98
700 0.891429
700 0.958571
700 1
700 0.951429
700 0.964286
700 0.934286
700 0.902857
700 0.935714
700 0.917143
700 0.92
700 0.968571
700 0.981429
700 0.901429
700 0.96
700 0.994286
700 0.951429
700 0.982857
700 0.974286
700 0.962857
700 0.902857
700 0.964286
700 0.977143
700 0.957143
700 0.922857
700 0.978571
700 0.855714
700 0.93
700 0.975714
700 0.978571
700 0.948571
700 0.977143
700 0.892857
700 0.995714
700 0.971429
700 0.997143
700 0.77
700 0.938571
700 0.877143
700 0.965714
700 0.945714
700 0.992857
700 0.887143
700 0.961429
700 0.95
700 0.984286
700 0.837143
700 0.93
700 0.995714
700 0.92
700 0.975714
700 0.981429
700 0.958571
700 0.928571
700 0.975714
700 0.8
700 0.964286
700 0.987143
700 0.967143
700 0.967143
700 0.952857
700 0.981429
700 0.927143
700 0.982857
700 0.954286
700 0.862857
700 0.968571
750 0.941333
750 0.996
750 0.962667
750 0.969333
750 0.949333
750 0.950667
750 0.974667
750 0.985333
750 0.982667
750 0.897333
750 0.844
750 0.997333
750 0.98
750 0.990667
750 0.936
750 0.928
750 0.945333
750 0.981333
750 0.984
750 0.993333
750 0.986667
750 0.986667
750 0.994667
750 0.972
750 0.976
750 0.962667
750 0.937333
750 0.952
750 0.942667
750 0.94
750 0.912
750 0.96
750 0.929333
750 0.956
750 0.98
750 0.909333
750 0.96
750 0.930667
750 0.974667
750 0.986667
750 0.984
750 0.78
750 0.994667
750 0.974667
750 0.996
750 0.892
750 0.976
750 0.852
750 0.988
750 0.990667
750 0.973333
750 0.990667
750 0.922667
750 0.973333
750 0.985333
750 0.972
750 0.969333
750 0.973333
750 0.945333
750 0.928
750 0.942667
750 0.954667
750 0.998667
750 0.94
750 0.902667
750 0.902667
750 0.949333
750 0.994667
750 0.985333
750 0.982667
750 0.988
750 0.972
750 0.986667
750 0.914667
750 0.94
800 0.99
800 0.83625
800 0.96625
800 0.97625
800 0.9925
800 0.96375
800 0.9025
800 0.94
800 0.99125
800 0.9475
800 0.9525
800 0.97125
800 0.97625
800 0.97875
800 0.9525
800 0.9425
800 0.99
800 0.875
800 0.86875
800 0.98
800 0.9825
800 0.97625
800 0.96875
800 1
800 0.93625
800 0.98625
800 0.94875
800 0.96375
800 0.9575
800 0.97625
800 0.98125
800 0.95125
800 0.995
800 0.98
800 0.96
800 0.96
800 0.93
800 0.9575
800 0.99125
800 0.92625
800 0.95625
800 0.965
800 0.97875
800 0.7925
800 0.89875
800 0.915
800 0.9975
800 0.9075
800 0.94125
800 0.905
800 0.94
800 0.91875
800 0.9525
800 0.9825
800 0.89125
800 0.95375
800 0.995
800 0.95875
800 0.98
800 0.96375
800 0.97625
800 0.9975
800 0.99625
800 0.9525
800 0.9875
800 0.92375
800 0.91625
800 0.97375
800 0.94
800 0.9825
800 0.98
800 0.93625
800 0.96625
800 0.95
800 0.965
850 0.894118
850 0.934118
850 0.963529
850 0.971765
850 0.996471
850 0.958824
850 0.987059
850 0.994118
850 0.877647
850 0.890588
850 0.945882
850 0.976471
850 0.938824
850 0.990588
850 0.983529
850 0.945882
850 0.988235
850 0.997647
850 0.976471
850 0.961176
850 0.952941
850 1
850 0.976471
850 0.936471
850 0.995294
850 0.925882
850 0.995294
850 0.985882
850 0.965882
850 0.955294
850 0.974118
850 0.962353
850 0.992941
850 0.969412
850 0.98
850 0.991765
850 0.970588
850 0.996471
850 0.942353
850 0.96
850 0.965882
850 0.998824
850 0.957647
850 0.988235
850 0.970588
850 0.968235
850 0.971765
850 0.968235
850 0.976471
850 0.848235
850 0.941176
850 0.918824
850 0.907059
850 0.987059
850 0.995294
850 0.996471
850 0.985882
850 0.931765
850 0.984706
850 0.989412
850 0.921176
850 0.945882
850 0.898824
850 0.945882
850 0.978824
850 0.974118
850 0.974118
850 0.917647
850 0.961176
850 0.957647
850 0.992941
850 0.945882
850 0.985882
850 0.996471
850 0.895294
900 0.986667
900 0.996667
900 0.996667
900 0.972222
900 0.967778
900 0.985556
900 0.956667
900 0.921111
900 0.976667
900 0.995556
900 0.986667
900 0.972222
900 0.993333
900 0.983333
900 0.973333
900 0.978889
900 0.965556
900 0.971111
900 0.994444
900 0.948889
900 0.975556
900 0.965556
900 0.946667
900 0.974444
900 0.925556
900 0.926667
900 0.998889
900 0.972222
900 0.985556
900 0.944444
900 0.988889
900 0.945556
900 0.923333
900 0.944444
900 0.984444
900 0.975556
900 0.977778
900 0.941111
900 0.978889
900 0.996667
900 0.766667
900 0.9
900 0.98
900 0.891111
900 0.993333
900 0.942222
900 0.957778
900 0.993333
900 0.962222
900 0.996667
900 0.931111
900 0.905556
900 0.894444
900 0.986667
900 0.961111
900 0.968889
900 0.926667
900 0.963333
900 0.972222
900 0.994444
900 0.967778
900 0.992222
900 0.977778
900 0.99
900 0.805556
900 0.998889
900 0.951111
900 0.956667
900 0.965556
900 0.962222
900 0.968889
900 0.935556
900 0.993333
900 0.994444
900 0.897778
950 0.972632
950 0.998947
950 0.971579
950 0.96
950 0.993684
950 0.96
950 0.909474
950 0.922105
950 0.995789
950 0.951579
950 0.985263
950 0.970526
950 0.986316
950 0.982105
950 0.971579
950 1
950 0.994737
950 0.988421
950 0.973684
950 0.961053
950 0.949474
950 0.985263
950 0.995789
950 0.985263
950 0.973684
950 0.992632
950 0.910526
950 0.948421
950 0.993684
950 0.961053
950 0.995789
950 0.976842
950 1
950 0.952632
950 0.945263
950 0.997895
950 0.995789
950 0.896842
950 1
950 0.913684
950 0.983158
950 0.994737
950 0.929474
950 0.950526
950 0.956842
950 0.931579
950 0.951579
950 0.993684
950 0.976842
950 0.965263
950 0.951579
950 0.952632
950 0.993684
950 0.96
950 0.989474
950 0.952632
950 0.922105
950 0.941053
950 0.907368
950 0.983158
950 0.883158
950 0.937895
950 0.909474
950 0.989474
950 0.995789
950 0.929474
950 0.973684
950 0.972632
950 0.954737
950 0.92
950 0.996842
950 0.963158
950 0.972632
950 0.995789
950 0.982105
1000 0.943
1000 0.975
1000 0.965
1000 0.987
1000 0.995
1000 0.854
1000 0.925
1000 0.964
1000 0.989
1000 0.919
1000 0.964
1000 0.992
1000 0.969
1000 0.941
1000 0.968
1000 0.986
1000 0.969
1000 0.993
1000 0.964
1000 0.985
1000 0.971
1000 0.928
1000 0.987
1000 0.96
1000 0.967
1000 0.99
1000 0.897
1000 0.993
1000 0.951
1000 0.952
1000 0.974
1000 0.953
1000 0.974
1000 0.928
1000 0.981
1000 0.969
1000 0.975
1000 0.948
1000 0.998
1000 0.947
1000 0.961
1000 0.914
1000 0.969
1000 0.926
1000 0.996
1000 0.95
1000 0.992
1000 0.991
1000 0.904
1000 0.93
1000 0.994
1000 0.949
1000 0.96
1000 0.992
1000 0.962
1000 0.992
1000 0.993
1000 0.995
1000 0.963
1000 0.974
1000 0.991
1000 0.999
1000 0.928
1000 0.989
1000 0.984
1000 0.958
1000 0.991
1000 0.938
1000 0.911
1000 0.955
1000 0.974
1000 0.999
1000 1
1000 0.994
1000 0.979
1050 0.965714
1050 0.986667
1050 0.990476
1050 0.990476
1050 0.708571
1050 1
1050 0.945714
1050 0.989524
1050 0.982857
1050 0.973333
1050 0.955238
1050 0.94
1050 0.971429
1050 0.917143
1050 0.967619
1050 0.97619
1050 0.982857
1050 0.977143
1050 0.991429
1050 0.98381
1050 0.952381
1050 0.984762
1050 0.93619
1050 0.877143
1050 0.998095
1050 0.910476
1050 0.995238
1050 0.932381
1050 0.973333
1050 0.987619
1050 0.992381
1050 0.969524
1050 0.909524
1050 0.960952
1050 0.901905
1050 0.94381
1050 0.998095
1050 0.932381
1050 0.950476
1050 0.960952
1050 0.964762
1050 0.997143
1050 0.97619
1050 0.938095
1050 0.968571
1050 0.96
1050 0.980952
1050 0.957143
1050 0.960952
1050 0.958095
1050 0.989524
1050 0.988571
1050 0.972381
1050 0.914286
1050 0.974286
1050 0.958095
1050 0.96
1050 0.987619
1050 0.992381
1050 0.964762
1050 0.875238
1050 0.989524
1050 0.973333
1050 0.974286
1050 0.991429
1050 0.992381
1050 0.971429
1050 1
1050 0.992381
1050 0.984762
1050 0.980952
1050 0.962857
1050 0.973333
1050 0.948571
1050 0.992381
1100 0.97
1100 0.958182
1100 0.980909
1100 0.985455
1100 0.973636
1100 0.980909
1100 0.966364
1100 0.985455
1100 0.994545
1100 0.954545
1100 0.99
1100 0.997273
1100 0.969091
1100 0.984545
1100 0.986364
1100 0.991818
1100 0.980909
1100 0.989091
1100 0.977273
1100 0.991818
1100 0.944545
1100 0.950909
1100 0.967273
1100 0.986364
1100 0.98
1100 0.979091
1100 0.930909
1100 0.99
1100 0.995455
1100 0.959091
1100 0.952727
1100 0.989091
1100 0.965455
1100 0.961818
1100 0.902727
1100 0.972727
1100 0.961818
1100 0.955455
1100 0.993636
1100 0.935455
1100 0.986364
1100 0.980909
1100 0.989091
1100 0.899091
1100 0.977273
1100 0.993636
1100 0.973636
1100 0.966364
1100 0.988182
1100 0.964545
1100 0.937273
1100 0.97
1100 0.998182
1100 0.990909
1100 0.888182
1100 0.931818
1100 0.985455
1100 0.963636
1100 0.970909
1100 0.976364
1100 0.934545
1100 0.957273
1100 0.987273
1100 0.956364
1100 1
1100 1
1100 0.978182
1100 0.98
1100 0.995455
1100 0.961818
1100 0.920909
1100 0.997273
1100 0.982727
1100 0.950909
1100 0.805455
1150 0.923478
1150 0.953043
1150 0.936522
1150 0.99913
1150 0.97913
1150 0.933913
1150 0.986957
1150 0.933043
1150 0.973043
1150 0.96
1150 0.933043
1150 0.978261
1150 0.958261
1150 0.943478
1150 0.986087
1150 0.988696
1150 0.972174
1150 0.986087
1150 0.973043
1150 0.94087
1150 0.963478
1150 0.922609
1150 0.958261
1150 0.966957
1150 0.986087
1150 0.973913
1150 0.955652
1150 0.995652
1150 0.955652
1150 0.951304
1150 0.952174
1150 0.953043
1150 0.977391
1150 0.974783
1150 0.988696
1150 0.991304
1150 0.932174
1150 0.94087
1150 0.996522
1150 0.997391
1150 0.890435
1150 0.963478
1150 0.952174
1150 0.933913
1150 0.986087
1150 0.857391
1150 0.945217
1150 0.976522
1150 0.946957
1150 0.965217
1150 0.941739
1150 0.986087
1150 0.943478
1150 0.944348
1150 0.958261
1150 0.986957
1150 0.992174
1150 0.984348
1150 0.92087
1150 0.997391
1150 0.987826
1150 0.977391
1150 0.972174
1150 0.987826
1150 0.96087
1150 0.990435
1150 0.948696
1150 0.988696
1150 0.989565
1150 0.968696
1150 0.941739
1150 0.913043
1150 0.954783
1150 0.87913
1150 0.951304
1200 0.991667
1200 0.963333
1200 0.9425
1200 0.988333
1200 0.9425
1200 0.963333
1200 0.966667
1200 0.965833
1200 0.9425
1200 0.980833
1200 1
1200 0.996667
1200 0.9825
1200 0.975
1200 0.970833
1200 0.9525
1200 0.978333
1200 0.98
1200 0.991667
1200 0.996667
1200 0.996667
1200 0.999167
1200 0.964167
1200 0.905833
1200 0.965
1200 0.9525
1200 0.980833
1200 0.913333
1200 0.993333
1200 0.950833
1200 0.9525
1200 0.9175
1200 0.956667
1200 0.950833
1200 0.994167
1200 0.985833
1200 0.995833
1200 1
1200 0.994167
1200 0.995833
1200 0.973333
1200 0.800833
1200 0.904167
1200 0.958333
1200 0.966667
1200 0.991667
1200 0.9975
1200 0.9625
1200 0.988333
1200 0.976667
1200 0.934167
1200 0.9425
1200 0.928333
1200 0.9475
1200 0.986667
1200 0.9775
1200 0.995
1200 0.989167
1200 0.949167
1200 0.99
1200 0.961667
1200 0.984167
1200 0.960833
1200 0.984167
1200 0.978333
1200 0.925833
1200 0.95
1200 0.885833
1200 0.9925
1200 0.901667
1200 0.944167
1200 0.8725
1200 0.969167
1200 0.955833
1200 0.97
1250 0.9952
1250 0.9616
1250 0.9928
1250 0.9456
1250 0.984
1250 0.9936
1250 0.9976
1250 0.988
1250 0.92
1250 0.9696
1250 0.9808
1250 0.9976
1250 0.9744
1250 0.956
1250 1
1250 0.984
1250 0.9832
1250 0.976
1250 0.9232
1250 0.9128
1250 0.952
1250 0.908
1250 0.9808
1250 0.9648
1250 0.9576
1250 0.992
1250 0.9824
1250 0.9056
1250 0.9688
1250 0.9968
1250 0.996
1250 0.9664
1250 0.9888
1250 0.988
1250 0.9984
1250 0.984
1250 0.8912
1250 0.9968
1250 0.9848
1250 0.956
1250 0.9464
1250 0.9624
1250 0.9408
1250 0.92
1250 0.9848
1250 0.9728
1250 0.9752
1250 0.9344
1250 0.9616
1250 0.9728
1250 0.972
1250 0.996
1250 0.9584
1250 0.9232
1250 0.9672
1250 0.94
1250 0.988
1250 0.9864
1250 0.9584
1250 0.9736
1250 0.9936
1250 0.9512
1250 0.9776
1250 0.9896
1250 0.9208
1250 0.9784
1250 0.928
1250 0.9488
1250 0.9792
1250 0.976
1250 0.9368
1250 0.9968
1250 0.9928
1250 0.9424
1250 0.9848
1300 0.996923
1300 0.933846
1300 0.96
1300 0.993077
1300 0.938462
1300 0.978462
1300 0.967692
1300 0.956923
1300 0.974615
1300 0.973846
1300 0.971538
1300 0.983846
1300 0.961538
1300 0.962308
1300 0.976923
1300 0.886923
1300 0.960769
1300 0.953077
1300 0.979231
1300 0.955385
1300 0.957692
1300 0.986923
1300 0.948462
1300 0.996154
1300 0.995385
1300 0.994615
1300 0.981538
1300 0.994615
1300 0.978462
1300 0.912308
1300 0.995385
1300 0.989231
1300 0.960769
1300 0.966154
1300 0.996923
1300 0.942308
1300 0.974615
1300 0.986923
1300 0.876154
1300 0.949231
1300 0.940769
1300 0.990769
1300 0.991538
1300 0.992308
1300 0.993846
1300 0.953846
1300 0.971538
1300 0.946923
1300 0.912308
1300 0.994615
1300 0.979231
1300 0.941538
1300 0.96
1300 0.961538
1300 0.996154
1300 0.956154
1300 0.93
1300 0.998462
1300 0.917692
1300 0.995385
1300 0.956923
1300 0.956154
1300 0.943077
1300 0.937692
1300 0.997692
1300 0.973846
1300 0.993077
1300 0.969231
1300 0.926154
1300 0.953846
1300 0.995385
1300 0.961538
1300 0.958462
1300 0.986923
1300 0.997692
1350 0.927407
1350 0.939259
1350 0.955556
1350 0.957778
1350 0.977037
1350 0.96
1350 0.968148
1350 0.980741
1350 0.988889
1350 0.954815
1350 0.985185
1350 0.978519
1350 0.951852
1350 0.936296
1350 0.944444
1350 0.968889
1350 0.986667
1350 0.980741
1350 0.888889
1350 0.957778
1350 0.977778
1350 0.994074
1350 0.914815
1350 0.994815
1350 0.991111
1350 0.942963
1350 0.982963
1350 0.975556
1350 0.915556
1350 0.993333
1350 0.985926
1350 0.945926
1350 0.931852
1350 0.971111
1350 0.979259
1350 0.98
1350 0.94
1350 0.979259
1350 0.96963
1350 0.974074
1350 0.991111
1350 0.988889
1350 0.996296
1350 0.981481
1350 0.991111
1350 0.962963
1350 0.997037
1350 0.951852
1350 0.952593
1350 0.972593
1350 0.967407
1350 0.986667
1350 0.88963
1350 0.971111
1350 0.974815
1350 0.914074
1350 0.966667
1350 0.943704
1350 0.956296
1350 0.928148
1350 0.982963
1350 0.996296
1350 0.995556
1350 0.97037
1350 0.986667
1350 0.991111
1350 0.995556
1350 0.931111
1350 0.98963
1350 0.942963
1350 0.972593
1350 0.94
1350 0.945185
1350 0.962963
1350 0.953333
1400 0.97
1400 0.977857
1400 0.945714
1400 0.932857
1400 0.966429
1400 0.967857
1400 0.956429
1400 0.975714
1400 0.997143
1400 0.972857
1400 0.985714
1400 0.950714
1400 0.981429
1400 0.999286
1400 0.961429
1400 0.940714
1400 0.96
1400 0.984286
1400 0.967143
1400 0.985714
1400 0.965714
1400 0.954286
1400 0.997143
1400 0.960714
1400 0.897143
1400 0.957857
1400 0.901429
1400 0.990714
1400 0.99
1400 0.975
1400 0.987857
1400 0.982857
1400 0.960714
1400 0.935714
1400 0.846429
1400 0.959286
1400 0.926429
1400 0.992857
1400 0.976429
1400 0.932143
1400 0.987857
1400 0.997857
1400 0.972857
1400 0.995714
1400 0.974286
1400 0.994286
1400 0.965
1400 0.985
1400 0.977143
1400 0.954286
1400 0.939286
1400 0.913571
1400 0.946429
1400 0.947143
1400 0.965
1400 0.988571
1400 0.935
1400 0.972857
1400 0.906429
1400 0.96
1400 0.981429
1400 0.961429
1400 0.981429
1400 0.991429
1400 0.943571
1400 0.975
1400 0.974286
1400 0.987143
1400 0.944286
1400 0.985
1400 0.944286
1400 0.877143
1400 0.917857
1400 0.987143
1400 0.990714
1450 0.993793
1450 0.966897
1450 0.993103
1450 0.977241
1450 0.984828
1450 0.965517
1450 0.952414
1450 0.988276
1450 0.96
1450 0.977241
1450 0.933793
1450 0.991724
1450 0.913793
1450 0.993793
1450 0.998621
1450 0.975172
1450 0.984138
1450 0.984138
1450 0.990345
1450 0.98069
1450 0.954483
1450 0.991724
1450 0.984138
1450 0.971034
1450 0.99931
1450 0.985517
1450 0.955862
1450 0.942759
1450 0.985517
1450 0.955172
1450 0.964138
1450 0.944138
1450 0.972414
1450 0.931724
1450 0.982759
1450 0.968276
1450 0.986897
1450 0.990345
1450 0.965517
1450 0.934483
1450 0.973793
1450 0.96069
1450 0.941379
1450 0.986897
1450 0.969655
1450 0.995172
1450 0.945517
1450 0.995862
1450 0.942069
1450 0.975862
1450 0.986897
1450 0.987586
1450 0.953793
1450 1
1450 0.977931
1450 0.947586
1450 0.995862
1450 0.926897
1450 0.972414
1450 0.917241
1450 0.99931
1450 0.957241
1450 0.943448
1450 0.927586
1450 0.991724
1450 0.918621
1450 0.923448
1450 0.955172
1450 0.928966
1450 0.958621
1450 0.974483
1450 0.961379
1450 0.993103
1450 0.918621
1450 0.98
1500 0.978667
1500 0.93
1500 0.962667
1500 0.981333
1500 0.982
1500 0.98
1500 0.959333
1500 0.993333
1500 0.910667
1500 0.957333
1500 0.776
1500 0.944
1500 0.998667
1500 0.96
1500 0.940667
1500 0.984
1500 0.899333
1500 0.996
1500 0.956
1500 0.972667
1500 0.987333
1500 0.922
1500 0.955333
1500 0.992667
1500 0.996
1500 0.990667
1500 0.943333
1500 0.942
1500 0.971333
1500 0.948667
1500 0.997333
1500 0.99
1500 0.915333
1500 0.958667
1500 0.966
1500 0.960667
1500 0.979333
1500 0.890667
1500 0.992667
1500 0.992667
1500 0.99
1500 0.983333
1500 0.965333
1500 0.976667
1500 0.982667
1500 0.966
1500 0.976667
1500 0.986
1500 0.920667
1500 0.944667
1500 0.990667
1500 0.986
1500 0.954667
1500 0.962
1500 0.988
1500 0.986667
1500 0.982
1500 0.972
1500 0.996667
1500 0.990667
1500 0.947333
1500 0.969333
1500 0.998667
1500 0.936
1500 0.998
1500 0.996667
1500 0.963333
1500 0.934
1500 0.964667
1500 0.956667
1500 0.98
1500 0.976
1500 0.970667
1500 0.925333
1500 0.96
1550 0.960645
1550 0.966452
1550 0.964516
1550 0.983871
1550 0.890968
1550 0.959355
1550 0.990323
1550 0.989032
1550 0.996774
1550 0.655484
1550 0.960645
1550 0.945806
1550 0.936129
1550 0.978065
1550 0.987097
1550 0.997419
1550 0.990968
1550 0.992903
1550 0.994839
1550 0.963226
1550 0.930968
1550 0.987097
1550 0.976774
1550 0.963871
1550 0.962581
1550 0.997419
1550 0.954839
1550 0.967742
1550 0.994839
1550 0.983226
1550 0.960645
1550 0.931613
1550 0.988387
1550 0.943871
1550 0.989677
1550 0.950968
1550 0.994194
1550 0.963871
1550 0.994194
1550 0.961935
1550 0.995484
1550 0.967097
1550 0.97871
1550 0.975484
1550 0.930968
1550 0.992258
1550 0.98
1550 0.936774
1550 0.964516
1550 0.950968
1550 0.98
1550 0.991613
1550 0.989677
1550 0.995484
1550 0.984516
1550 0.995484
1550 0.976129
1550 0.948387
1550 0.955484
1550 0.977419
1550 0.945161
1550 0.976774
1550 0.987742
1550 0.982581
1550 0.980645
1550 0.990323
1550 0.94
1550 0.943871
1550 0.948387
1550 0.975484
1550 0.983871
1550 0.983871
1550 0.985161
1550 0.988387
1550 0.976774
1600 0.950625
1600 0.95625
1600 0.95625
1600 0.993125
1600 0.99875
1600 0.945625
1600 0.97125
1600 0.95625
1600 0.989375
1600 0.949375
1600 0.916875
1600 0.975
1600 0.99625
1600 0.95875
1600 0.9825
1600 0.958125
1600 0.958125
1600 0.99
1600 0.96625
1600 0.9925
1600 0.95
1600 0.993125
1600 0.945
1600 0.996875
1600 0.975
1600 0.995625
1600 0.995625
1600 0.973125
1600 0.956875
1600 0.996875
1600 0.988125
1600 0.9975
1600 0.99
1600 0.96
1600 0.945625
1600 0.976875
1600 0.98625
1600 0.971875
1600 0.989375
1600 0.985
1600 0.935
1600 0.9475
1600 0.965625
1600 0.965
1600 0.965625
1600 0.998125
1600 0.990625
1600 0.9975
1600 0.965625
1600 0.964375
1600 0.950625
1600 0.98875
1600 0.995625
1600 0.95375
1600 0.996875
1600 0.98625
1600 0.988125
1600 0.986875
1600 0.9475
1600 0.98625
1600 0.93625
1600 0.998125
1600 0.96875
1600 0.98
1600 0.94125
1600 0.955
1600 0.97875
1600 0.996875
1600 0.971875
1600 0.9325
1600 0.995625
1600 0.966875
1600 1
1600 0.951875
1600 0.983125
1650 0.978788
1650 0.914545
1650 0.881212
1650 0.969091
1650 0.990303
1650 0.970303
1650 0.990909
1650 0.956364
1650 0.987879
1650 1
1650 0.991515
1650 0.953333
1650 0.973333
1650 0.92
1650 1
1650 0.941212
1650 0.991515
1650 0.950909
1650 0.993939
1650 0.998788
1650 0.963636
1650 0.93697
1650 0.945455
1650 0.987273
1650 0.946667
1650 0.98
1650 0.982424
1650 0.995152
1650 0.981818
1650 0.960606
1650 0.969091
1650 0.931515
1650 0.970303
1650 0.977576
1650 0.905455
1650 0.968485
1650 0.919394
1650 0.987273
1650 0.989091
1650 0.981818
1650 0.993333
1650 0.994545
1650 0.946061
1650 0.945455
1650 0.950909
1650 0.998182
1650 0.966061
1650 1
1650 0.955152
1650 0.972121
1650 0.987879
1650 0.996364
1650 0.96
1650 0.987879
1650 0.992121
1650 0.954545
1650 0.950909
1650 0.970303
1650 0.995758
1650 0.927879
1650 0.997576
1650 0.960606
1650 0.983636
1650 0.995758
1650 0.977576
1650 0.988485
1650 0.99697
1650 0.998182
1650 0.977576
1650 0.975758
1650 0.874545
1650 0.955152
1650 0.968485
1650 0.929091
1650 0.973939
1700 0.987647
1700 0.984706
1700 0.92
1700 0.978824
1700 0.945294
1700 0.992353
1700 0.984118
1700 0.995882
1700 0.98
1700 0.989412
1700 0.960588
1700 0.971176
1700 0.974118
1700 0.985882
1700 0.984706
1700 0.984118
1700 0.994706
1700 0.982353
1700 0.964706
1700 0.96
1700 0.988235
1700 0.971765
1700 0.979412
1700 0.936471
1700 0.990588
1700 0.967059
1700 0.937647
1700 0.98
1700 0.965294
1700 0.971176
1700 0.985882
1700 0.921765
1700 0.977647
1700 0.956471
1700 0.971765
1700 0.987059
1700 0.996471
1700 0.905882
1700 0.921176
1700 0.977647
1700 0.992941
1700 0.969412
1700 0.997059
1700 0.979412
1700 0.974706
1700 0.874706
1700 0.955882
1700 0.997647
1700 0.995882
1700 0.944706
1700 0.993529
1700 0.974706
1700 0.994706
1700 0.996471
1700 0.955294
1700 0.974118
1700 0.954118
1700 0.905294
1700 0.946471
1700 0.997647
1700 0.978824
1700 0.981176
1700 0.944706
1700 0.991176
1700 0.997059
1700 0.959412
1700 0.922941
1700 0.975882
1700 0.982353
1700 0.94
1700 0.994118
1700 0.984118
1700 0.93
1700 0.994118
1700 0.956471
1750 0.954857
1750 0.955429
1750 0.974857
1750 0.932
1750 0.917714
1750 0.983429
1750 0.993143
1750 0.924571
1750 0.952571
1750 0.917143
1750 0.98
1750 0.996
1750 0.977143
1750 0.998857
1750 0.977143
1750 0.950857
1750 0.948
1750 0.965714
1750 0.986286
1750 0.981714
1750 0.982857
1750 0.988
1750 0.996
1750 0.954857
1750 0.952
1750 0.932
1750 0.985714
1750 0.959429
1750 0.992
1750 0.956571
1750 0.990286
1750 0.944
1750 0.992
1750 0.966857
1750 0.945714
1750 0.989143
1750 0.970857
1750 1
1750 0.985143
1750 0.972571
1750 0.947429
1750 0.974286
1750 0.982857
1750 0.938286
1750 0.984571
1750 0.966286
1750 0.979429
1750 0.986286
1750 0.902286
1750 0.94
1750 0.909714
1750 0.988
1750 0.997714
1750 0.993143
1750 0.955429
1750 0.953143
1750 0.975429
1750 0.990286
1750 0.96
1750 0.990857
1750 0.961143
1750 0.962286
1750 0.968
1750 0.948571
1750 0.995429
1750 0.993714
1750 0.994857
1750 0.989714
1750 0.963429
1750 0.922286
1750 0.521143
1750 0.942857
1750 0.977714
1750 0.958286
1750 0.918857
1800 0.995556
1800 0.992778
1800 0.965556
1800 0.917778
1800 0.96
1800 0.98
1800 0.956111
1800 0.995
1800 0.967778
1800 0.935
1800 0.962778
1800 0.977778
1800 0.957222
1800 0.956667
1800 0.963889
1800 0.951667
1800 0.973889
1800 0.949444
1800 0.930556
1800 0.937222
1800 0.998333
1800 0.896111
1800 0.971667
1800 0.975556
1800 0.995
1800 0.948333
1800 0.962222
1800 0.977222
1800 0.957778
1800 0.938333
1800 0.986111
1800 0.967778
1800 0.996111
1800 0.973889
1800 0.998333
1800 0.988333
1800 0.978333
1800 0.955556
1800 0.982222
1800 0.95
1800 0.952222
1800 1
1800 0.999444
1800 0.986111
1800 0.985
1800 0.977778
1800 0.979444
1800 0.958889
1800 0.987778
1800 0.941667
1800 0.994444
1800 0.966111
1800 0.938889
1800 0.943333
1800 0.975556
1800 0.983333
1800 0.925
1800 0.96
1800 0.985
1800 0.956667
1800 0.986667
1800 0.976111
1800 0.942778
1800 0.953333
1800 0.961667
1800 0.987778
1800 0.966111
1800 0.988333
1800 0.985
1800 0.965
1800 0.953889
1800 0.983333
1800 0.965
1800 0.986667
1800 0.993333
1850 0.912432
1850 0.974054
1850 0.994595
1850 0.981622
1850 0.978378
1850 0.956757
1850 0.983243
1850 0.929189
1850 0.915135
1850 0.94973
1850 0.945405
1850 0.937838
1850 0.974595
1850 0.933514
1850 0.991351
1850 0.935135
1850 0.956216
1850 0.988649
1850 0.982703
1850 0.956757
1850 0.987568
1850 0.957838
1850 0.974595
1850 0.948649
1850 0.916216
1850 0.981081
1850 0.986486
1850 0.957297
1850 0.956757
1850 0.996216
1850 0.970811
1850 0.936757
1850 0.979459
1850 0.994054
1850 0.924324
1850 0.98973
1850 0.945946
1850 0.981622
1850 0.998378
1850 0.974595
1850 0.994054
1850 0.991892
1850 0.991351
1850 0.98973
1850 0.954595
1850 0.993514
1850 0.996757
1850 1
1850 0.989189
1850 0.998919
1850 0.997838
1850 0.882162
1850 0.954054
1850 0.955135
1850 0.921622
1850 0.982703
1850 0.966486
1850 0.994054
1850 0.975676
1850 0.996216
1850 0.985946
1850 0.964865
1850 0.958378
1850 0.99027
1850 0.987027
1850 0.998378
1850 0.958919
1850 0.967568
1850 0.945946
1850 0.991892
1850 0.997838
1850 0.982162
1850 0.956216
1850 0.92
1850 0.989189
1900 0.961053
1900 0.993684
1900 0.992632
1900 0.913158
1900 0.974211
1900 0.94
1900 0.934737
1900 0.963684
1900 0.996842
1900 0.989474
1900 0.992105
1900 0.909474
1900 0.95
1900 0.991053
1900 0.992632
1900 0.991579
1900 0.986842
1900 0.953158
1900 0.946316
1900 0.991053
1900 0.995263
1900 0.994211
1900 0.96
1900 0.96
1900 0.894737
1900 0.957895
1900 0.955789
1900 1
1900 0.951579
1900 0.915263
1900 0.937895
1900 0.988947
1900 0.984737
1900 0.996842
1900 0.994737
1900 0.922632
1900 0.96
1900 0.978947
1900 0.971053
1900 0.973684
1900 0.993158
1900 0.951579
1900 0.986316
1900 0.916842
1900 0.992632
1900 0.988947
1900 0.974737
1900 0.954737
1900 0.973158
1900 0.949474
1900 0.977895
1900 0.99
1900 0.995263
1900 0.988947
1900 1
1900 0.984737
1900 0.998421
1900 0.992632
1900 0.93
1900 0.957895
1900 0.985789
1900 0.975263
1900 0.981053
1900 0.964211
1900 0.991053
1900 0.946842
1900 0.996316
1900 0.973158
1900 0.967368
1900 0.996316
1900 0.994737
1900 0.980526
1900 0.961053
1900 0.989474
1900 0.992632
1950 0.991795
1950 0.971795
1950 0.962564
1950 0.967179
1950 0.948205
1950 0.964615
1950 0.961026
1950 0.962051
1950 0.977949
1950 0.992308
1950 0.979487
1950 0.995385
1950 0.997949
1950 0.949231
1950 0.989231
1950 0.997436
1950 0.989744
1950 0.974359
1950 0.981538
1950 0.993846
1950 0.947692
1950 0.989231
1950 0.993846
1950 0.958462
1950 0.962564
1950 0.990769
1950 0.975897
1950 0.992821
1950 0.997949
1950 0.958462
1950 0.973333
1950 0.939487
1950 0.984103
1950 0.978974
1950 0.978974
1950 0.997949
1950 0.946667
1950 0.994359
1950 0.967692
1950 0.979487
1950 0.94359
1950 0.974359
1950 0.993846
1950 0.980513
1950 0.991282
1950 0.984103
1950 0.998462
1950 0.970256
1950 0.978462
1950 0.995385
1950 0.992821
1950 0.975385
1950 0.899487
1950 0.996923
1950 0.925641
1950 0.962051
1950 0.997949
1950 0.992308
1950 0.909744
1950 0.961026
1950 0.993333
1950 0.95641
1950 0.972308
1950 0.946154
1950 0.994872
1950 0.955897
1950 0.951795
1950 0.995385
1950 1
1950 0.998974
1950 0.972308
1950 0.992821
1950 0.990256
1950 0.962051
1950 0.995385
2000 0.994
2000 0.9895
2000 0.947
2000 0.957
2000 0.9245
2000 0.9965
2000 0.994
2000 0.9825
2000 0.9855
2000 0.9715
2000 0.9945
2000 0.9825
2000 0.956
2000 0.989
2000 0.9975
2000 0.986
2000 0.951
2000 0.9695
2000 0.9645
2000 0.969
2000 0.978
2000 0.924
2000 0.9975
2000 0.9955
2000 0.981
2000 0.943
2000 0.938
2000 0.988
2000 0.989
2000 0.9445
2000 0.967
2000 0.956
2000 0.995
2000 0.9485
2000 0.989
2000 0.987
2000 0.982
2000 0.962
2000 0.9815
2000 0.9625
2000 0.961
2000 0.9835
2000 0.998
2000 0.966
2000 0.965
2000 0.9945
2000 0.95
2000 0.9325
2000 0.9545
2000 0.9785
2000 0.998
2000 0.9585
2000 0.9455
2000 0.937
2000 0.968
2000 0.9865
2000 0.9565
2000 0.957
2000 0.9925
2000 0.97
2000 0.994
2000 0.985
2000 0.9975
2000 0.9795
2000 0.995
2000 0.997
2000 1
2000 0.9645
2000 0.979
2000 0.9715
2000 0.9635
2000 0.9825
2000 0.9875
2000 0.9855
2000 0.9965
