50 0.2
50 0.38
50 0
50 0.14
50 0.2
50 0.18
50 0.64
50 0.58
50 0
50 0.32
50 0
50 0.32
50 0.02
50 0.14
50 0
50 0
50 0
50 0.52
50 0.1
50 0.12
50 0.1
50 0.34
50 0
50 0.06
50 0.34
50 0.58
50 0.28
50 0.22
50 0.32
50 0.14
50 0
50 0
50 0.5
50 0.22
50 0
50 0.02
50 0.4
50 0.68
50 0.02
50 0.02
50 0
50 0.24
50 0
50 0.64
50 0.36
50 0.48
50 0.18
50 0.48
50 0.38
50 0.2
50 0.58
50 0
50 0.1
50 0.3
50 0.44
50 0.12
50 0.42
50 0
50 0.08
50 0.04
50 0.5
50 0.28
50 0.02
50 0.2
50 0.76
50 0.28
50 0.32
50 0
50 0.46
50 0.12
50 0.16
50 0.08
50 0.46
50 0.56
50 0.16
100 0.34
100 0
100 0.27
100 0.61
100 0.64
100 0.69
100 0.49
100 0.27
100 0.74
100 0.41
100 0.59
100 0.25
100 0.28
100 0.24
100 0.54
100 0.33
100 0.41
100 0.5
100 0.45
100 0.49
100 0.33
100 0.64
100 0.66
100 0.51
100 0.46
100 0.56
100 0.26
100 0.35
100 0.8
100 0.3
100 0.6
100 0.45
100 0.35
100 0
100 0.7
100 0.46
100 0.38
100 0.67
100 0.01
100 0.53
100 0.69
100 0.12
100 0.19
100 0.77
100 0.73
100 0.64
100 0.18
100 0.26
100 0.72
100 0.42
100 0.23
100 0.49
100 0.36
100 0.79
100 0.58
100 0.31
100 0.59
100 0.29
100 0.21
100 0.59
100 0.68
100 0.25
100 0.47
100 0.34
100 0.46
100 0.14
100 0.23
100 0.48
100 0.37
100 0.69
100 0
100 0.55
100 0.39
100 0.06
100 0.14
150 0.493333
150 0.253333
150 0.546667
150 0.68
150 0.313333
150 0.613333
150 0.38
150 0.626667
150 0.72
150 0.146667
150 0.76
150 0.56
150 0.393333
150 0.546667
150 0.406667
150 0.72
150 0.76
150 0.22
150 0.66
150 0.7
150 0.206667
150 0.633333
150 0.546667
150 0.206667
150 0.72
150 0.666667
150 0.633333
150 0.793333
150 0.626667
150 0.633333
150 0.573333
150 0.486667
150 0.673333
150 0.913333
150 0.646667
150 0.54
150 0.486667
150 0.533333
150 0.293333
150 0.72
150 0.78
150 0.673333
150 0.2
150 0.406667
150 0.206667
150 0.393333
150 0.653333
150 0.406667
150 0.68
150 0.42
150 0.473333
150 0.526667
150 0.626667
150 0.493333
150 0.426667
150 0.68
150 0.233333
150 0.726667
150 0.34
150 0.586667
150 0.713333
150 0.7
150 0.826667
150 0.413333
150 0.4
150 0.613333
150 0.393333
150 0.286667
150 0.753333
150 0.226667
150 0.726667
150 0.453333
150 0.613333
150 0.533333
150 0.54
200 0.72
200 0.3
200 0.425
200 0.745
200 0.39
200 0.765
200 0.365
200 0.505
200 0.61
200 0.475
200 0.68
200 0.535
200 0.535
200 0.665
200 0.69
200 0.415
200 0.5
200 0.665
200 0.59
200 0.565
200 0.54
200 0.67
200 0.28
200 0.57
200 0.72
200 0.66
200 0.615
200 0.38
200 0.33
200 0.655
200 0.445
200 0.62
200 0.45
200 0.32
200 0.52
200 0.665
200 0.28
200 0.685
200 0.655
200 0.575
200 0.435
200 0.645
200 0.29
200 0.655
200 0.56
200 0.775
200 0.7
200 0.63
200 0.835
200 0.43
200 0.295
200 0.62
200 0.305
200 0.79
200 0.345
200 0.5
200 0.67
200 0.415
200 0.715
200 0.715
200 0.47
200 0.64
200 0.69
200 0.495
200 0.485
200 0.71
200 0.395
200 0.725
200 0.805
200 0.725
200 0.475
200 0.695
200 0.47
200 0.56
200 0.65
250 0.756
250 0.74
250 0.572
250 0.708
250 0.448
250 0.596
250 0.704
250 0.688
250 0.512
250 0.816
250 0.7
250 0.656
250 0.788
250 0.624
250 0.512
250 0.588
250 0.672
250 0.472
250 0.524
250 0.512
250 0.824
250 0.54
250 0.492
250 0.516
250 0.524
250 0.528
250 0.524
250 0.676
250 0.312
250 0.656
250 0.664
250 0.404
250 0.644
250 0.388
250 0.464
250 0.516
250 0.78
250 0.66
250 0.668
250 0.428
250 0.628
250 0.564
250 0.376
250 0.284
250 0.74
250 0.616
250 0.804
250 0.572
250 0.844
250 0.524
250 0.692
250 0.568
250 0.36
250 0.716
250 0.816
250 0.8
250 0.656
250 0.232
250 0.896
250 0.472
250 0.452
250 0.8
250 0.608
250 0.772
250 0.508
250 0.468
250 0.852
250 0.76
250 0.748
250 0.348
250 0.676
250 0.284
250 0.752
250 0.592
250 0.772
300 0.77
300 0.723333
300 0.65
300 0.796667
300 0.526667
300 0.54
300 0.596667
300 0.35
300 0.466667
300 0.703333
300 0.57
300 0.583333
300 0.576667
300 0.683333
300 0.433333
300 0.76
300 0.313333
300 0.64
300 0.693333
300 0.666667
300 0.38
300 0.313333
300 0.693333
300 0.78
300 0.296667
300 0.646667
300 0.786667
300 0.48
300 0.6
300 0.586667
300 0.6
300 0.57
300 0.556667
300 0.486667
300 0.75
300 0.726667
300 0.633333
300 0.603333
300 0.5
300 0.576667
300 0.663333
300 0.38
300 0.713333
300 0.48
300 0.66
300 0.556667
300 0.743333
300 0.45
300 0.503333
300 0.786667
300 0.656667
300 0.753333
300 0.73
300 0.726667
300 0.45
300 0.67
300 0.73
300 0.706667
300 0.643333
300 0.75
300 0.586667
300 0.73
300 0.673333
300 0.733333
300 0.666667
300 0.62
300 0.583333
300 0.49
300 0.71
300 0.753333
300 0.83
300 0.633333
300 0.256667
300 0.756667
300 0.583333
350 0.488571
350 0.751429
350 0.794286
350 0.434286
350 0.66
350 0.494286
350 0.702857
350 0.574286
350 0.771429
350 0.554286
350 0.625714
350 0.531429
350 0.785714
350 0.682857
350 0.717143
350 0.611429
350 0.72
350 0.62
350 0.76
350 0.594286
350 0.817143
350 0.542857
350 0.82
350 0.728571
350 0.462857
350 0.76
350 0.811429
350 0.44
350 0.737143
350 0.485714
350 0.691429
350 0.814286
350 0.577143
350 0.502857
350 0.808571
350 0.574286
350 0.634286
350 0.322857
350 0.711429
350 0.702857
350 0.742857
350 0.72
350 0.722857
350 0.451429
350 0.78
350 0.74
350 0.428571
350 0.685714
350 0.2
350 0.771429
350 0.677143
350 0.42
350 0.7
350 0.748571
350 0.565714
350 0.528571
350 0.725714
350 0.674286
350 0.428571
350 0.797143
350 0.651429
350 0.594286
350 0.868571
350 0.568571
350 0.531429
350 0.762857
350 0.691429
350 0.468571
350 0.885714
350 0.668571
350 0.631429
350 0.777143
350 0.382857
350 0.702857
350 0.745714
400 0.7625
400 0.345
400 0.6475
400 0.7525
400 0.725
400 0.6975
400 0.725
400 0.3125
400 0.755
400 0.4275
400 0.6625
400 0.6875
400 0.7775
400 0.4975
400 0.6825
400 0.7675
400 0.775
400 0.5425
400 0.7225
400 0.51
400 0.6975
400 0.635
400 0.695
400 0.355
400 0.695
400 0.4325
400 0.38
400 0.3125
400 0.745
400 0.7575
400 0.745
400 0.65
400 0.51
400 0.4675
400 0.6625
400 0.825
400 0.67
400 0.275
400 0.79
400 0.74
400 0.585
400 0.755
400 0.675
400 0.8525
400 0.7875
400 0.6775
400 0.5775
400 0.37
400 0.74
400 0.745
400 0.6525
400 0.7325
400 0.5475
400 0.3725
400 0.8175
400 0.4775
400 0.745
400 0.4975
400 0.6575
400 0.7125
400 0.755
400 0.7775
400 0.7
400 0.445
400 0.67
400 0.7125
400 0.7375
400 0.4525
400 0.675
400 0.8025
400 0.5975
400 0.7275
400 0.585
400 0.5675
400 0.7825
450 0.773333
450 0.508889
450 0.148889
450 0.722222
450 0.573333
450 0.66
450 0.688889
450 0.686667
450 0.826667
450 0.695556
450 0.582222
450 0.777778
450 0.726667
450 0.464444
450 0.724444
450 0.817778
450 0.606667
450 0.78
450 0.628889
450 0.531111
450 0.684444
450 0.7
450 0.755556
450 0.64
450 0.504444
450 0.504444
450 0.413333
450 0.566667
450 0.517778
450 0.602222
450 0.586667
450 0.646667
450 0.728889
450 0.562222
450 0.64
450 0.764444
450 0.675556
450 0.548889
450 0.535556
450 0.68
450 0.54
450 0.526667
450 0.435556
450 0.862222
450 0.633333
450 0.577778
450 0.78
450 0.648889
450 0.853333
450 0.733333
450 0.791111
450 0.784444
450 0.828889
450 0.724444
450 0.762222
450 0.828889
450 0.708889
450 0.577778
450 0.471111
450 0.797778
450 0.635556
450 0.755556
450 0.48
450 0.684444
450 0.673333
450 0.804444
450 0.46
450 0.722222
450 0.64
450 0.744444
450 0.388889
450 0.515556
450 0.831111
450 0.622222
450 0.586667
500 0.73
500 0.686
500 0.69
500 0.77
500 0.464
500 0.534
500 0.614
500 0.75
500 0.788
500 0.596
500 0.568
500 0.396
500 0.724
500 0.756
500 0.56
500 0.836
500 0.772
500 0.846
500 0.656
500 0.628
500 0.792
500 0.61
500 0.814
500 0.56
500 0.36
500 0.798
500 0.536
500 0.604
500 0.732
500 0.602
500 0.4
500 0.636
500 0.758
500 0.632
500 0.726
500 0.742
500 0.702
500 0.678
500 0.666
500 0.582
500 0.482
500 0.384
500 0.868
500 0.618
500 0.632
500 0.788
500 0.374
500 0.784
500 0.718
500 0.466
500 0.724
500 0.564
500 0.402
500 0.688
500 0.686
500 0.562
500 0.712
500 0.462
500 0.726
500 0.552
500 0.61
500 0.622
500 0.8
500 0.622
500 0.702
500 0.672
500 0.742
500 0.57
500 0.774
500 0.732
500 0.608
500 0.686
500 0.646
500 0.796
500 0.524
550 0.690909
550 0.678182
550 0.703636
550 0.669091
550 0.683636
550 0.736364
550 0.587273
550 0.581818
550 0.769091
550 0.765455
550 0.709091
550 0.663636
550 0.483636
550 0.774545
550 0.830909
550 0.4
550 0.538182
550 0.603636
550 0.82
550 0.634545
550 0.596364
550 0.481818
550 0.730909
550 0.427273
550 0.783636
550 0.616364
550 0.781818
550 0.381818
550 0.721818
550 0.103636
550 0.456364
550 0.350909
550 0.8
550 0
550 0.623636
550 0.538182
550 0.661818
550 0.636364
550 0.812727
550 0.789091
550 0.709091
550 0.556364
550 0.538182
550 0.705455
550 0.690909
550 0.776364
550 0.458182
550 0.42
550 0.750909
550 0.727273
550 0.84
550 0.552727
550 0.367273
550 0.723636
550 0.509091
550 0.585455
550 0.465455
550 0.498182
550 0.701818
550 0.692727
550 0.525455
550 0.554545
550 0.652727
550 0.732727
550 0.450909
550 0.667273
550 0.658182
550 0.661818
550 0.709091
550 0.692727
550 0.718182
550 0.714545
550 0.525455
550 0.647273
550 0.603636
600 0.63
600 0.708333
600 0.813333
600 0.636667
600 0.495
600 0.858333
600 0.685
600 0.718333
600 0.66
600 0.813333
600 0.663333
600 0.633333
600 0.75
600 0.655
600 0.486667
600 0.775
600 0.506667
600 0.66
600 0.766667
600 0.638333
600 0.498333
600 0.681667
600 0.706667
600 0.695
600 0.763333
600 0.633333
600 0.62
600 0.74
600 0.688333
600 0.488333
600 0.706667
600 0.685
600 0.72
600 0.69
600 0.328333
600 0.665
600 0.733333
600 0.413333
600 0.678333
600 0.718333
600 0.49
600 0.821667
600 0.836667
600 0.578333
600 0.746667
600 0.695
600 0.613333
600 0.71
600 0.64
600 0.585
600 0.208333
600 0.576667
600 0.781667
600 0.771667
600 0.576667
600 0.653333
600 0.771667
600 0.595
600 0.858333
600 0.775
600 0.741667
600 0.411667
600 0.711667
600 0.738333
600 0.823333
600 0.576667
600 0.451667
600 0.695
600 0.701667
600 0.331667
600 0.715
600 0.756667
600 0.615
600 0.835
600 0.59
650 0.681538
650 0.436923
650 0.655385
650 0.669231
650 0.48
650 0.653846
650 0.601538
650 0.376923
650 0.804615
650 0.629231
650 0.521538
650 0.786154
650 0.567692
650 0.635385
650 0.664615
650 0.747692
650 0.64
650 0.653846
650 0.784615
650 0.841538
650 0.510769
650 0.44
650 0.835385
650 0.524615
650 0.698462
650 0.787692
650 0.713846
650 0.706154
650 0.561538
650 0.624615
650 0.683077
650 0.655385
650 0.761538
650 0.68
650 0.726154
650 0.726154
650 0.512308
650 0.796923
650 0.649231
650 0.790769
650 0.767692
650 0.809231
650 0.666154
650 0.595385
650 0.429231
650 0.755385
650 0.755385
650 0.701538
650 0.687692
650 0.755385
650 0.755385
650 0.792308
650 0.809231
650 0.609231
650 0.793846
650 0.44
650 0.76
650 0.658462
650 0.843077
650 0.561538
650 0.518462
650 0.772308
650 0.547692
650 0.812308
650 0.610769
650 0.729231
650 0.524615
650 0.421538
650 0.804615
650 0.704615
650 0.781538
650 0.655385
650 0.704615
650 0.727692
650 0.681538
700 0.748571
700 0.71
700 0.825714
700 0.702857
700 0.384286
700 0.807143
700 0.66
700 0.781429
700 0.83
700 0.832857
700 0.721429
700 0.805714
700 0.625714
700 0.774286
700 0.717143
700 0.777143
700 0.625714
700 0.628571
700 0.762857
700 0.674286
700 0.787143
700 0.651429
700 0.718571
700 0.772857
700 0.505714
700 0.592857
700 0.621429
700 0.728571
700 0.727143
700 0.778571
700 0.655714
700 0.432857
700 0.628571
700 0.818571
700 0.788571
700 0.792857
700 0.727143
700 0.46
700 0.361429
700 0.568571
700 0.747143
700 0.468571
700 0.692857
700 0.765714
700 0.615714
700 0.654286
700 0.484286
700 0.732857
700 0.787143
700 0.66
700 0.83
700 0.711429
700 0.675714
700 0.487143
700 0.768571
700 0.69
700 0.602857
700 0.581429
700 0.685714
700 0.762857
700 0.558571
700 0.51
700 0.741429
700 0.584286
700 0.385714
700 0.575714
700 0.71
700 0.755714
700 0.765714
700 0.581429
700 0.605714
700 0.672857
700 0.857143
700 0.561429
700 0.8
750 0.754667
750 0.597333
750 0.676
750 0.538667
750 0.728
750 0.742667
750 0.436
750 0.610667
750 0.673333
750 0.562667
750 0.665333
750 0.696
750 0.786667
750 0.845333
750 0.838667
750 0.764
750 0.56
750 0.66
750 0.765333
750 0.5
750 0.773333
750 0.826667
750 0.692
750 0.677333
750 0.802667
750 0.672
750 0.54
750 0.68
750 0.733333
750 0.732
750 0.765333
750 0.617333
750 0.566667
750 0.789333
750 0.421333
750 0.644
750 0.72
750 0.6
750 0.769333
750 0.586667
750 0.758667
750 0.625333
750 0.690667
750 0.772
750 0.693333
750 0.808
750 0.686667
750 0.777333
750 0.589333
750 0.804
750 0.781333
750 0.788
750 0.449333
750 0.648
750 0.533333
750 0.725333
750 0.762667
750 0.629333
750 0.609333
750 0.564
750 0.646667
750 0.628
750 0.533333
750 0.638667
750 0.645333
750 0.634667
750 0.586667
750 0.792
750 0.633333
750 0.744
750 0.486667
750 0.66
750 0.765333
750 0.761333
750 0.782667
800 0.79375
800 0.68125
800 0.63375
800 0.7825
800 0.6475
800 0.5375
800 0.66625
800 0.72375
800 0.80625
800 0.74375
800 0.7125
800 0.6975
800 0.75375
800 0.6775
800 0.6925
800 0.64375
800 0.6575
800 0.4225
800 0.69875
800 0.8425
800 0.70875
800 0.765
800 0.7375
800 0.70125
800 0.4575
800 0.7075
800 0.57
800 0.785
800 0.7
800 0.76375
800 0.56625
800 0.625
800 0.53875
800 0.67875
800 0.8475
800 0.69
800 0.6375
800 0.69375
800 0.73125
800 0.82375
800 0.71625
800 0.76
800 0.7325
800 0.6925
800 0.61875
800 0.74625
800 0.74875
800 0.64875
800 0.59875
800 0.3575
800 0.57
800 0.6
800 0.80375
800 0.67125
800 0.70625
800 0.7875
800 0.635
800 0.80375
800 0.7875
800 0.64375
800 0.71625
800 0.83375
800 0.68875
800 0.75875
800 0.6625
800 0.57625
800 0.525
800 0.55375
800 0.75375
800 0.72375
800 0.63125
800 0.5325
800 0.49625
800 0.64375
800 0.76625
850 0.783529
850 0.68
850 0.689412
850 0.655294
850 0.678824
850 0.656471
850 0.777647
850 0.685882
850 0.749412
850 0.554118
850 0.705882
850 0.744706
850 0.836471
850 0.804706
850 0.797647
850 0.727059
850 0.7
850 0.641176
850 0.394118
850 0.601176
850 0.554118
850 0.757647
850 0.608235
850 0.755294
850 0.717647
850 0.698824
850 0.641176
850 0.602353
850 0.794118
850 0.621176
850 0.231765
850 0.685882
850 0.592941
850 0.697647
850 0.702353
850 0.512941
850 0.625882
850 0.781176
850 0.702353
850 0.677647
850 0.705882
850 0.562353
850 0.807059
850 0.801176
850 0.704706
850 0.728235
850 0.767059
850 0.758824
850 0.611765
850 0.427059
850 0.668235
850 0.667059
850 0.634118
850 0.670588
850 0.615294
850 0.771765
850 0.570588
850 0.643529
850 0.809412
850 0.602353
850 0.441176
850 0.782353
850 0.511765
850 0.592941
850 0.655294
850 0.588235
850 0.825882
850 0.652941
850 0.730588
850 0.668235
850 0.617647
850 0.701176
850 0.662353
850 0.127059
850 0.688235
900 0.598889
900 0.531111
900 0.667778
900 0.644444
900 0.767778
900 0.807778
900 0.636667
900 0.691111
900 0.32
900 0.76
900 0.636667
900 0.691111
900 0.547778
900 0.467778
900 0.793333
900 0.742222
900 0.538889
900 0.771111
900 0.142222
900 0.711111
900 0.512222
900 0.595556
900 0.718889
900 0.78
900 0.704444
900 0.555556
900 0.724444
900 0.652222
900 0.423333
900 0.765556
900 0.794444
900 0.746667
900 0.691111
900 0.35
900 0.423333
900 0.67
900 0.651111
900 0.666667
900 0.45
900 0.635556
900 0.583333
900 0.828889
900 0.685556
900 0.711111
900 0.663333
900 0.736667
900 0.81
900 0.838889
900 0.415556
900 0.691111
900 0.795556
900 0.7
900 0.656667
900 0.695556
900 0.485556
900 0.678889
900 0.58
900 0.787778
900 0.777778
900 0.711111
900 0.797778
900 0.788889
900 0.525556
900 0.715556
900 0.618889
900 0.824444
900 0.435556
900 0.684444
900 0.812222
900 0.576667
900 0.774444
900 0.653333
900 0.492222
900 0.575556
900 0.766667
950 0.810526
950 0.328421
950 0.777895
950 0.736842
950 0.718947
950 0.763158
950 0.745263
950 0.870526
950 0.762105
950 0.636842
950 0.656842
950 0.824211
950 0.628421
950 0.811579
950 0.834737
950 0.510526
950 0.765263
950 0.784211
950 0.751579
950 0.531579
950 0.713684
950 0.757895
950 0.716842
950 0.684211
950 0.609474
950 0.848421
950 0.436842
950 0.649474
950 0.74
950 0.673684
950 0.686316
950 0.828421
950 0.810526
950 0.806316
950 0.591579
950 0.704211
950 0.651579
950 0.558947
950 0.701053
950 0.669474
950 0.810526
950 0.613684
950 0.864211
950 0.824211
950 0.755789
950 0.598947
950 0.774737
950 0.577895
950 0.755789
950 0.835789
950 0.706316
950 0.545263
950 0.763158
950 0.690526
950 0.656842
950 0.483158
950 0.824211
950 0.694737
950 0.652632
950 0.783158
950 0.62
950 0.665263
950 0.651579
950 0.608421
950 0.590526
950 0.7
950 0.611579
950 0.66
950 0.623158
950 0.554737
950 0.757895
950 0.610526
950 0.492632
950 0.822105
950 0.798947
1000 0.648
1000 0.594
1000 0.652
1000 0.602
1000 0.777
1000 0.699
1000 0.361
1000 0.735
1000 0.617
1000 0.68
1000 0.818
1000 0.736
1000 0.855
1000 0.721
1000 0.537
1000 0.612
1000 0.777
1000 0.545
1000 0.713
1000 0.683
1000 0.732
1000 0.713
1000 0.519
1000 0.508
1000 0.783
1000 0.653
1000 0.651
1000 0.779
1000 0.674
1000 0.785
1000 0.639
1000 0.755
1000 0.774
1000 0.822
1000 0.654
1000 0.643
1000 0.618
1000 0.593
1000 0.564
1000 0.572
1000 0.752
1000 0.74
1000 0.776
1000 0.797
1000 0.71
1000 0.63
1000 0.55
1000 0.779
1000 0.756
1000 0.668
1000 0.773
1000 0.619
1000 0.658
1000 0.66
1000 0.504
1000 0.77
1000 0.638
1000 0.728
1000 0.845
1000 0.741
1000 0.75
1000 0.763
1000 0.699
1000 0.655
1000 0.721
1000 0.67
1000 0.473
1000 0.693
1000 0.775
1000 0.686
1000 0.64
1000 0.658
1000 0.77
1000 0.647
1000 0.647
1050 0.632381
1050 0.587619
1050 0.526667
1050 0.62381
1050 0.0647619
1050 0.471429
1050 0.759048
1050 0.68
1050 0.630476
1050 0.70381
1050 0.758095
1050 0.608571
1050 0.529524
1050 0.666667
1050 0.774286
1050 0.725714
1050 0.691429
1050 0.787619
1050 0.735238
1050 0.662857
1050 0.721905
1050 0.537143
1050 0.731429
1050 0.73619
1050 0.648571
1050 0.768571
1050 0.669524
1050 0.631429
1050 0.715238
1050 0.722857
1050 0.792381
1050 0.673333
1050 0.565714
1050 0.837143
1050 0.731429
1050 0.77619
1050 0.704762
1050 0.729524
1050 0.435238
1050 0.718095
1050 0.685714
1050 0.770476
1050 0.737143
1050 0.733333
1050 0.752381
1050 0.791429
1050 0.474286
1050 0.755238
1050 0.613333
1050 0.766667
1050 0.62
1050 0.549524
1050 0.55619
1050 0.764762
1050 0.647619
1050 0.665714
1050 0.620952
1050 0.706667
1050 0.689524
1050 0.647619
1050 0.704762
1050 0.669524
1050 0.673333
1050 0.534286
1050 0.633333
1050 0.779048
1050 0.778095
1050 0.566667
1050 0.685714
1050 0.634286
1050 0.761905
1050 0.699048
1050 0.85619
1050 0.660952
1050 0.585714
1100 0.771818
1100 0.729091
1100 0.796364
1100 0.744545
1100 0.586364
1100 0.612727
1100 0.86
1100 0.662727
1100 0.799091
1100 0.716364
1100 0.736364
1100 0.634545
1100 0.776364
1100 0.753636
1100 0.832727
1100 0.689091
1100 0.465455
1100 0.695455
1100 0.75
1100 0.727273
1100 0.681818
1100 0.761818
1100 0.767273
1100 0.583636
1100 0.752727
1100 0.762727
1100 0.712727
1100 0.683636
1100 0.777273
1100 0.553636
1100 0.760909
1100 0.606364
1100 0.537273
1100 0.641818
1100 0.713636
1100 0.769091
1100 0.68
1100 0.727273
1100 0.631818
1100 0.561818
1100 0.510909
1100 0.714545
1100 0.642727
1100 0.68
1100 0.752727
1100 0.721818
1100 0.654545
1100 0.837273
1100 0.733636
1100 0.66
1100 0.651818
1100 0.517273
1100 0.697273
1100 0.360909
1100 0.763636
1100 0.790909
1100 0.754545
1100 0.488182
1100 0.556364
1100 0.733636
1100 0.785455
1100 0.74
1100 0.655455
1100 0.672727
1100 0.754545
1100 0.712727
1100 0.748182
1100 0.777273
1100 0.673636
1100 0.455455
1100 0.760909
1100 0.571818
1100 0.704545
1100 0.718182
1100 0.418182
1150 0.638261
1150 0.615652
1150 0.74
1150 0.683478
1150 0.69913
1150 0.830435
1150 0.772174
1150 0.643478
1150 0.814783
1150 0.756522
1150 0.733913
1150 0.837391
1150 0.8
1150 0.710435
1150 0.741739
1150 0.76087
1150 0.738261
1150 0.626957
1150 0.678261
1150 0.886087
1150 0.55913
1150 0.584348
1150 0.76
1150 0.649565
1150 0.813043
1150 0.727826
1150 0.54
1150 0.76
1150 0.762609
1150 0.777391
1150 0.653913
1150 0.916522
1150 0.612174
1150 0.649565
1150 0.722609
1150 0.724348
1150 0.708696
1150 0.570435
1150 0.771304
1150 0.853913
1150 0.492174
1150 0.7
1150 0.767826
1150 0.791304
1150 0.741739
1150 0.673043
1150 0.682609
1150 0.763478
1150 0.79913
1150 0.605217
1150 0.753913
1150 0.813913
1150 0.79913
1150 0.726957
1150 0.786087
1150 0.627826
1150 0.776522
1150 0.748696
1150 0.805217
1150 0.638261
1150 0.654783
1150 0.706087
1150 0.701739
1150 0.573913
1150 0.691304
1150 0.8
1150 0.57913
1150 0.744348
1150 0.833043
1150 0.535652
1150 0.416522
1150 0.583478
1150 0.712174
1150 0.435652
1150 0.687826
1200 0.781667
1200 0.710833
1200 0.794167
1200 0.461667
1200 0.759167
1200 0.671667
1200 0.770833
1200 0.75
1200 0.8025
1200 0.653333
1200 0.493333
1200 0.676667
1200 0.679167
1200 0.775833
1200 0.620833
1200 0.723333
1200 0.783333
1200 0.643333
1200 0.786667
1200 0.7375
1200 0.7125
1200 0.801667
1200 0.6775
1200 0.453333
1200 0.788333
1200 0.753333
1200 0.6125
1200 0.699167
1200 0.835
1200 0.378333
1200 0.765
1200 0.7525
1200 0.784167
1200 0.7425
1200 0.82
1200 0.689167
1200 0.726667
1200 0.820833
1200 0.795
1200 0.8125
1200 0.781667
1200 0.461667
1200 0.760833
1200 0.699167
1200 0.6875
1200 0.730833
1200 0.735
1200 0.840833
1200 0.76
1200 0.643333
1200 0.74
1200 0.684167
1200 0.54
1200 0.543333
1200 0.775
1200 0.8025
1200 0.734167
1200 0.448333
1200 0.8225
1200 0.718333
1200 0.6525
1200 0.7625
1200 0.736667
1200 0.7925
1200 0.729167
1200 0.606667
1200 0.775
1200 0.898333
1200 0.733333
1200 0.655
1200 0.570833
1200 0.683333
1200 0.385833
1200 0.601667
1200 0.681667
1250 0.5648
1250 0.7232
1250 0.7744
1250 0.7848
1250 0.7392
1250 0.8112
1250 0.452
1250 0.8712
1250 0.7024
1250 0.7672
1250 0.7784
1250 0.792
1250 0.696
1250 0.5736
1250 0.6848
1250 0.78
1250 0.8048
1250 0.7768
1250 0.5912
1250 0.6512
1250 0.74
1250 0.7056
1250 0.7776
1250 0.7792
1250 0.6432
1250 0.7536
1250 0.7512
1250 0.5944
1250 0.824
1250 0.6968
1250 0.788
1250 0.7288
1250 0.7608
1250 0.6568
1250 0.7792
1250 0.8464
1250 0.7976
1250 0.6552
1250 0.8008
1250 0.7184
1250 0.6528
1250 0.5224
1250 0.688
1250 0.4024
1250 0.768
1250 0.6728
1250 0.4856
1250 0.3408
1250 0.7792
1250 0.76
1250 0.6152
1250 0.7816
1250 0.78
1250 0.7
1250 0.7768
1250 0.6616
1250 0.7352
1250 0.7064
1250 0.8104
1250 0.716
1250 0.6704
1250 0.7496
1250 0.7808
1250 0.8128
1250 0.5576
1250 0.7896
1250 0.8456
1250 0.6264
1250 0.7432
1250 0.4528
1250 0.7128
1250 0.6896
1250 0.668
1250 0.5672
1250 0.476
1300 0.636154
1300 0.626154
1300 0.76
1300 0.689231
1300 0.525385
1300 0.473846
1300 0.799231
1300 0.73
1300 0.633077
1300 0.806154
1300 0.693077
1300 0.703846
1300 0.78
1300 0.664615
1300 0.751538
1300 0.712308
1300 0.789231
1300 0.743077
1300 0.478462
1300 0.441538
1300 0.769231
1300 0.603077
1300 0.637692
1300 0.694615
1300 0.649231
1300 0.656154
1300 0.316923
1300 0.620769
1300 0.793077
1300 0.826923
1300 0.602308
1300 0.66
1300 0.725385
1300 0.566154
1300 0.552308
1300 0.732308
1300 0.726923
1300 0.754615
1300 0.682308
1300 0.736154
1300 0.661538
1300 0.336154
1300 0.703846
1300 0.756154
1300 0.839231
1300 0.506923
1300 0.667692
1300 0.805385
1300 0.697692
1300 0.819231
1300 0.813077
1300 0.713846
1300 0.706923
1300 0.736923
1300 0.606923
1300 0.647692
1300 0.855385
1300 0.543077
1300 0.681538
1300 0.626154
1300 0.633846
1300 0.731538
1300 0.760769
1300 0.676923
1300 0.744615
1300 0.850769
1300 0.616923
1300 0.726154
1300 0.762308
1300 0.62
1300 0.500769
1300 0.701538
1300 0.732308
1300 0.843846
1300 0.797692
1350 0.84
1350 0.667407
1350 0.717037
1350 0.79037
1350 0.741481
1350 0.800741
1350 0.778519
1350 0.691852
1350 0.617778
1350 0.762963
1350 0.74
1350 0.622963
1350 0.757778
1350 0.756296
1350 0.404444
1350 0.759259
1350 0.654074
1350 0.593333
1350 0.528889
1350 0.564444
1350 0.58963
1350 0.802222
1350 0.725926
1350 0.566667
1350 0.82
1350 0.723704
1350 0.79037
1350 0.816296
1350 0.776296
1350 0.65037
1350 0.559259
1350 0.420741
1350 0.571852
1350 0.805926
1350 0.754074
1350 0.748889
1350 0.662963
1350 0.791852
1350 0.58
1350 0.639259
1350 0.797037
1350 0.371852
1350 0.711111
1350 0.832593
1350 0.732593
1350 0.736296
1350 0.691852
1350 0.740741
1350 0.642963
1350 0.557778
1350 0.538519
1350 0.711852
1350 0.697037
1350 0.762963
1350 0.828148
1350 0.732593
1350 0.791852
1350 0.70963
1350 0.605185
1350 0.688148
1350 0.70963
1350 0.774815
1350 0.44
1350 0.541481
1350 0.552593
1350 0.72963
1350 0.58963
1350 0.728148
1350 0.712593
1350 0.481481
1350 0.74
1350 0.722963
1350 0.646667
1350 0.548889
1350 0.752593
1400 0.673571
1400 0.660714
1400 0.64
1400 0.825714
1400 0.717857
1400 0.783571
1400 0.745714
1400 0.702857
1400 0.718571
1400 0.740714
1400 0.753571
1400 0.779286
1400 0.72
1400 0.682143
1400 0.83
1400 0.594286
1400 0.636429
1400 0.862143
1400 0.712143
1400 0.489286
1400 0.771429
1400 0.502857
1400 0.801429
1400 0.757857
1400 0.839286
1400 0.605
1400 0.738571
1400 0.718571
1400 0.742143
1400 0.747857
1400 0.765714
1400 0.589286
1400 0.785714
1400 0.772143
1400 0.822143
1400 0.757143
1400 0.839286
1400 0.758571
1400 0.726429
1400 0.861429
1400 0.756429
1400 0.782143
1400 0.880714
1400 0.685714
1400 0.786429
1400 0.724286
1400 0.789286
1400 0.696429
1400 0.800714
1400 0.762143
1400 0.801429
1400 0.7
1400 0.658571
1400 0.706429
1400 0.774286
1400 0.612143
1400 0.765
1400 0.425714
1400 0.589286
1400 0.664286
1400 0.587143
1400 0.784286
1400 0.703571
1400 0.611429
1400 0.655714
1400 0.394286
1400 0.743571
1400 0.597143
1400 0.815
1400 0.677857
1400 0.83
1400 0.659286
1400 0.700714
1400 0.842857
1400 0.529286
1450 0.744828
1450 0.825517
1450 0.734483
1450 0.642759
1450 0.82
1450 0.795172
1450 0.435862
1450 0.784138
1450 0.552414
1450 0.571034
1450 0.875172
1450 0.70069
1450 0.688276
1450 0.706207
1450 0.614483
1450 0.826897
1450 0.630345
1450 0.751724
1450 0.853793
1450 0.586207
1450 0.722759
1450 0.637241
1450 0.768276
1450 0.430345
1450 0.655172
1450 0.755862
1450 0.805517
1450 0.685517
1450 0.734483
1450 0.835172
1450 0.755172
1450 0.815862
1450 0.515862
1450 0.810345
1450 0.78
1450 0.713103
1450 0.426897
1450 0.822759
1450 0.802069
1450 0.835862
1450 0.716552
1450 0.742069
1450 0.79931
1450 0.616552
1450 0.623448
1450 0.75931
1450 0.748276
1450 0.78069
1450 0.613103
1450 0.704828
1450 0.755172
1450 0.711724
1450 0.761379
1450 0.610345
1450 0.806897
1450 0.673793
1450 0.884828
1450 0.757931
1450 0.667586
1450 0.729655
1450 0.809655
1450 0.733793
1450 0.798621
1450 0.651034
1450 0.557241
1450 0.543448
1450 0.528276
1450 0.517241
1450 0.795172
1450 0.790345
1450 0.629655
1450 0.667586
1450 0.831034
1450 0.728276
1450 0.732414
1500 0.692
1500 0.821333
1500 0.733333
1500 0.56
1500 0.717333
1500 0.683333
1500 0.745333
1500 0.748667
1500 0.422667
1500 0.488667
1500 0.554
1500 0.860667
1500 0.703333
1500 0.850667
1500 0.642
1500 0.793333
1500 0.666667
1500 0.489333
1500 0.694667
1500 0.665333
1500 0.804
1500 0.746667
1500 0.554
1500 0.71
1500 0.637333
1500 0.577333
1500 0.695333
1500 0.733333
1500 0.713333
1500 0.874667
1500 0.776667
1500 0.697333
1500 0.701333
1500 0.785333
1500 0.762667
1500 0.772667
1500 0.789333
1500 0.727333
1500 0.776667
1500 0.77
1500 0.741333
1500 0.721333
1500 0.678667
1500 0.762667
1500 0.850667
1500 0.745333
1500 0.716
1500 0.856667
1500 0.618667
1500 0.712
1500 0.787333
1500 0.644667
1500 0.757333
1500 0.771333
1500 0.738667
1500 0.744667
1500 0.763333
1500 0.771333
1500 0.800667
1500 0.421333
1500 0.744667
1500 0.742
1500 0.770667
1500 0.762667
1500 0.642
1500 0.744667
1500 0.689333
1500 0.788
1500 0.793333
1500 0.634667
1500 0.729333
1500 0.605333
1500 0.675333
1500 0.666667
1500 0.811333
1550 0.789032
1550 0.690323
1550 0.743871
1550 0.847742
1550 0.709677
1550 0.864516
1550 0.693548
1550 0.730323
1550 0.707097
1550 0.601935
1550 0.748387
1550 0.691613
1550 0.820645
1550 0.822581
1550 0.766452
1550 0.786452
1550 0.769032
1550 0.695484
1550 0.749677
1550 0.825161
1550 0.680645
1550 0.578065
1550 0.774839
1550 0.774839
1550 0.630968
1550 0.752903
1550 0.762581
1550 0.698065
1550 0.712903
1550 0.823871
1550 0.574194
1550 0.577419
1550 0.785806
1550 0.692903
1550 0.674194
1550 0.663226
1550 0.687097
1550 0.899355
1550 0.836129
1550 0.727742
1550 0.716129
1550 0.583226
1550 0.76129
1550 0.73871
1550 0.503226
1550 0.732903
1550 0.714194
1550 0.616129
1550 0.476129
1550 0.854839
1550 0.767742
1550 0.627742
1550 0.783226
1550 0.783871
1550 0.845161
1550 0.719355
1550 0.60129
1550 0.832903
1550 0.723871
1550 0.609677
1550 0.703871
1550 0.764516
1550 0.768387
1550 0.771613
1550 0.630968
1550 0.685806
1550 0.622581
1550 0.812258
1550 0.701935
1550 0.45871
1550 0.609677
1550 0.484516
1550 0.766452
1550 0.547097
1550 0.787742
1600 0.455625
1600 0.591875
1600 0.735
1600 0.6725
1600 0.739375
1600 0.680625
1600 0.625
1600 0.693125
1600 0.806875
1600 0.573125
1600 0.67375
1600 0.720625
1600 0.8125
1600 0.701875
1600 0.680625
1600 0.6575
1600 0.570625
1600 0.641875
1600 0.58625
1600 0.583125
1600 0.86625
1600 0.790625
1600 0.71125
1600 0.71625
1600 0.73875
1600 0.793125
1600 0.60375
1600 0.6175
1600 0.7825
1600 0.8125
1600 0.836875
1600 0.77375
1600 0.776875
1600 0.56125
1600 0.5375
1600 0.730625
1600 0.6825
1600 0.743125
1600 0.8075
1600 0.46375
1600 0.76375
1600 0.685625
1600 0.76
1600 0.57875
1600 0.764375
1600 0.54125
1600 0.709375
1600 0.786875
1600 0.856875
1600 0.584375
1600 0.8275
1600 0.6225
1600 0.68
1600 0.49375
1600 0.545625
1600 0.6925
1600 0.685625
1600 0.753125
1600 0.536875
1600 0.78625
1600 0.64875
1600 0.758125
1600 0.6225
1600 0.74625
1600 0.58875
1600 0.609375
1600 0.700625
1600 0.7325
1600 0.801875
1600 0.64625
1600 0.4525
1600 0.74125
1600 0.738125
1600 0.755625
1600 0.52
1650 0.491515
1650 0.769697
1650 0.724242
1650 0.809697
1650 0.741212
1650 0.793939
1650 0.723636
1650 0.58303
1650 0.778182
1650 0.711515
1650 0.657576
1650 0.618182
1650 0.608485
1650 0.813939
1650 0.804848
1650 0.780606
1650 0.633333
1650 0.649091
1650 0.679394
1650 0.838788
1650 0.681212
1650 0.731515
1650 0.764848
1650 0.759394
1650 0.800606
1650 0.592121
1650 0.696364
1650 0.707879
1650 0.687879
1650 0.82303
1650 0.896364
1650 0.459394
1650 0.653333
1650 0.655758
1650 0.766667
1650 0.749697
1650 0.807273
1650 0.712727
1650 0.706061
1650 0.704848
1650 0.449091
1650 0.765455
1650 0.687273
1650 0.76
1650 0.593333
1650 0.76303
1650 0.801818
1650 0.789091
1650 0.492727
1650 0.864242
1650 0.702424
1650 0.76
1650 0.630303
1650 0.56303
1650 0.713939
1650 0.650303
1650 0.648485
1650 0.663636
1650 0.710303
1650 0.556364
1650 0.766061
1650 0.770909
1650 0.690909
1650 0.759394
1650 0.844242
1650 0.634545
1650 0.681818
1650 0.755152
1650 0.690303
1650 0.784242
1650 0.603636
1650 0.854545
1650 0.766667
1650 0.745455
1650 0.681212
1700 0.672941
1700 0.564706
1700 0.667059
1700 0.569412
1700 0.743529
1700 0.815294
1700 0.747647
1700 0.771176
1700 0.711176
1700 0.727059
1700 0.602353
1700 0.831176
1700 0.758235
1700 0.803529
1700 0.770588
1700 0.745882
1700 0.801765
1700 0.712941
1700 0.642941
1700 0.76
1700 0.662941
1700 0.717647
1700 0.756471
1700 0.708235
1700 0.567059
1700 0.777059
1700 0.688235
1700 0.610588
1700 0.451176
1700 0.772941
1700 0.794706
1700 0.808824
1700 0.677647
1700 0.707647
1700 0.777647
1700 0.683529
1700 0.827059
1700 0.719412
1700 0.825882
1700 0.612941
1700 0.689412
1700 0.714118
1700 0.8
1700 0.477647
1700 0.725882
1700 0.487059
1700 0.821176
1700 0.774706
1700 0.814706
1700 0.784118
1700 0.687059
1700 0.603529
1700 0.782941
1700 0.651765
1700 0.570588
1700 0.705882
1700 0.571765
1700 0.715294
1700 0.764706
1700 0.714706
1700 0.745294
1700 0.689412
1700 0.564118
1700 0.594118
1700 0.750588
1700 0.547647
1700 0.692941
1700 0.625294
1700 0.696471
1700 0.600588
1700 0.651765
1700 0.788824
1700 0.647647
1700 0.722941
1700 0.75
1750 0.805143
1750 0.748571
1750 0.804
1750 0.774857
1750 0.533714
1750 0.708
1750 0.711429
1750 0.622286
1750 0.827429
1750 0.647429
1750 0.779429
1750 0.755429
1750 0.728
1750 0.570857
1750 0.652
1750 0.794286
1750 0.46
1750 0.811429
1750 0.613714
1750 0.785143
1750 0.559429
1750 0.781714
1750 0.777143
1750 0.766857
1750 0.737714
1750 0.734286
1750 0.762857
1750 0.749714
1750 0.792
1750 0.725143
1750 0.766286
1750 0.824
1750 0.796571
1750 0.7
1750 0.746857
1750 0.571429
1750 0.705714
1750 0.624571
1750 0.742286
1750 0.751429
1750 0.838286
1750 0.845714
1750 0.662286
1750 0.701143
1750 0.753143
1750 0.814857
1750 0.699429
1750 0.760571
1750 0.800571
1750 0.668
1750 0.68
1750 0.752571
1750 0.501714
1750 0.604571
1750 0.785143
1750 0.606286
1750 0.806857
1750 0.585714
1750 0.773143
1750 0.564
1750 0.773143
1750 0.618286
1750 0.756571
1750 0.709143
1750 0.550286
1750 0.813714
1750 0.719429
1750 0.606286
1750 0.802286
1750 0.680571
1750 0.566857
1750 0.76
1750 0.851429
1750 0.722286
1750 0.713143
1800 0.765556
1800 0.766667
1800 0.775
1800 0.736111
1800 0.611667
1800 0.712222
1800 0.743333
1800 0.812778
1800 0.643889
1800 0.739444
1800 0.715556
1800 0.642778
1800 0.688333
1800 0.711667
1800 0.786111
1800 0.73
1800 0.706667
1800 0.824444
1800 0.606111
1800 0.772222
1800 0.611667
1800 0.731111
1800 0.832778
1800 0.868333
1800 0.758333
1800 0.747778
1800 0.796111
1800 0.711111
1800 0.673333
1800 0.774444
1800 0.725
1800 0.767222
1800 0.635
1800 0.602222
1800 0.602778
1800 0.733889
1800 0.705
1800 0.750556
1800 0.712778
1800 0.767778
1800 0.812222
1800 0.783889
1800 0.797778
1800 0.682222
1800 0.626111
1800 0.777222
1800 0.761111
1800 0.746667
1800 0.89
1800 0.737778
1800 0.723889
1800 0.826111
1800 0.815
1800 0.721667
1800 0.772222
1800 0.709444
1800 0.802778
1800 0.512222
1800 0.731111
1800 0.792222
1800 0.723333
1800 0.680556
1800 0.746111
1800 0.613889
1800 0.582222
1800 0.772222
1800 0.615556
1800 0.676667
1800 0.725
1800 0.686667
1800 0.675
1800 0.683889
1800 0.680556
1800 0.726667
1800 0.772222
1850 0.74973
1850 0.776216
1850 0.829189
1850 0.772432
1850 0.736757
1850 0.815676
1850 0.709189
1850 0.738378
1850 0.775135
1850 0.711892
1850 0.639459
1850 0.72973
1850 0.769189
1850 0.797838
1850 0.767568
1850 0.611351
1850 0.809189
1850 0.754595
1850 0.858378
1850 0.64
1850 0.691351
1850 0.701081
1850 0.747568
1850 0.694595
1850 0.615676
1850 0.62973
1850 0.534595
1850 0.568649
1850 0.658378
1850 0.491351
1850 0.804865
1850 0.777838
1850 0.657297
1850 0.671351
1850 0.736216
1850 0.68973
1850 0.389189
1850 0.700541
1850 0.737297
1850 0.640541
1850 0.749189
1850 0.858919
1850 0.744865
1850 0.546486
1850 0.851351
1850 0.772973
1850 0.592432
1850 0.794595
1850 0.508108
1850 0.697297
1850 0.702162
1850 0.763243
1850 0.730811
1850 0.814595
1850 0.724865
1850 0.740541
1850 0.796757
1850 0.824324
1850 0.78973
1850 0.449189
1850 0.777838
1850 0.611892
1850 0.788108
1850 0.517297
1850 0.723784
1850 0.652973
1850 0.72973
1850 0.75027
1850 0.814054
1850 0.663784
1850 0.818919
1850 0.723784
1850 0.744865
1850 0.647568
1850 0.825946
1900 0.791053
1900 0.647895
1900 0.828947
1900 0.736316
1900 0.571053
1900 0.754737
1900 0.495789
1900 0.384211
1900 0.796316
1900 0.498421
1900 0.658947
1900 0.683684
1900 0.781579
1900 0.75
1900 0.781053
1900 0.767895
1900 0.660526
1900 0.718947
1900 0.783158
1900 0.855789
1900 0.71
1900 0.611053
1900 0.658947
1900 0.535263
1900 0.57
1900 0.800526
1900 0.843684
1900 0.698421
1900 0.682105
1900 0.555789
1900 0.611579
1900 0.803158
1900 0.603684
1900 0.650526
1900 0.79
1900 0.716842
1900 0.800526
1900 0.82
1900 0.731579
1900 0.751053
1900 0.752632
1900 0.644211
1900 0.455263
1900 0.698421
1900 0.557895
1900 0.818947
1900 0.754211
1900 0.808421
1900 0.747895
1900 0.795789
1900 0.747895
1900 0.624737
1900 0.454211
1900 0.794211
1900 0.612105
1900 0.726316
1900 0.882105
1900 0.735263
1900 0.563684
1900 0.763158
1900 0.788421
1900 0.716842
1900 0.787368
1900 0.721053
1900 0.717368
1900 0.722105
1900 0.743684
1900 0.751053
1900 0.667368
1900 0.704737
1900 0.784737
1900 0.781053
1900 0.718947
1900 0.773684
1900 0.638421
1950 0.54359
1950 0.748718
1950 0.691795
1950 0.746154
1950 0.610256
1950 0.690769
1950 0.703077
1950 0.694359
1950 0.747692
1950 0.815385
1950 0.698462
1950 0.569231
1950 0.746154
1950 0.450769
1950 0.846154
1950 0.724103
1950 0.754359
1950 0.56359
1950 0.586667
1950 0.732308
1950 0.695385
1950 0.717949
1950 0.775385
1950 0.752308
1950 0.754872
1950 0.701538
1950 0.601538
1950 0.781026
1950 0.620513
1950 0.838974
1950 0.74
1950 0.682051
1950 0.556923
1950 0.610769
1950 0.791282
1950 0.626154
1950 0.614872
1950 0.721026
1950 0.62359
1950 0.460513
1950 0.730256
1950 0.834359
1950 0.510256
1950 0.677436
1950 0.736923
1950 0.76
1950 0.638974
1950 0.74359
1950 0.672308
1950 0.76359
1950 0.872821
1950 0.751282
1950 0.694872
1950 0.668205
1950 0.79641
1950 0.831795
1950 0.753333
1950 0.857949
1950 0.782051
1950 0.770256
1950 0.803077
1950 0.777949
1950 0.672308
1950 0.632821
1950 0.685128
1950 0.728718
1950 0.721026
1950 0.64359
1950 0.446154
1950 0.720513
1950 0.846667
1950 0.737436
1950 0.629231
1950 0.600513
1950 0.712308
2000 0.774
2000 0.757
2000 0.8155
2000 0.511
2000 0.745
2000 0.655
2000 0.6215
2000 0.7245
2000 0.7625
2000 0.7235
2000 0.7435
2000 0.791
2000 0.7525
2000 0.7345
2000 0.5865
2000 0.8205
2000 0.6775
2000 0.8085
2000 0.766
2000 0.4775
2000 0.442
2000 0.4875
2000 0.4615
2000 0.6315
2000 0.8485
2000 0.759
2000 0.764
2000 0.7165
2000 0.4215
2000 0.6795
2000 0.773
2000 0.7805
2000 0.7445
2000 0.7945
2000 0.8995
2000 0.6755
2000 0.7835
2000 0.713
2000 0.773
2000 0.706
2000 0.793
2000 0.562
2000 0.6635
2000 0.714
2000 0.751
2000 0.7105
2000 0.718
2000 0.5015
2000 0.6015
2000 0.7835
2000 0.6585
2000 0.7995
2000 0.517
2000 0.7265
2000 0.347
2000 0.6855
2000 0.873
2000 0.71
2000 0.8095
2000 0.782
2000 0.7245
2000 0.6275
2000 0.7975
2000 0.779
2000 0.6495
2000 0.7905
2000 0.6285
2000 0.4085
2000 0.704
2000 0.7825
2000 0.736
2000 0.729
2000 0.7905
2000 0.484
2000 0.802
