50 0.06
50 0.5
50 0.1
50 0.56
50 0.26
50 0.18
50 0.32
50 0.54
50 0.26
50 0.22
50 0.12
50 0.14
50 0
50 0.36
50 0.16
50 0.22
50 0.4
50 0.58
50 0.22
50 0.1
50 0.16
50 0.06
50 0
50 0
50 0.04
50 0.64
50 0.06
50 0.34
50 0.36
50 0.3
50 0.2
50 0
50 0.6
50 0.14
50 0.04
50 0.3
50 0.68
50 0.7
50 0.82
50 0.1
50 0
50 0.14
50 0
50 0.74
50 0.16
50 0.44
50 0.22
50 0.68
50 0.4
50 0.16
50 0.48
50 0.08
50 0.56
50 0
50 0.62
50 0.56
50 0.4
50 0.12
50 0.02
50 0
50 0.4
50 0.32
50 0.08
50 0
50 0.76
50 0.3
50 0.12
50 0.08
50 0.48
50 0.1
50 0.04
50 0.26
50 0.08
50 0.52
50 0.38
100 0.3
100 0.26
100 0.43
100 0.71
100 0.84
100 0.77
100 0.56
100 0.32
100 0.83
100 0.44
100 0.86
100 0.52
100 0.27
100 0.09
100 0.89
100 0.18
100 0.67
100 0.42
100 0.3
100 0.7
100 0.69
100 0.69
100 0.52
100 0.77
100 0.5
100 0.57
100 0.35
100 0.5
100 0.2
100 0.6
100 0.75
100 0.45
100 0.22
100 0.77
100 0.75
100 0.54
100 0.7
100 0.59
100 0.01
100 0.44
100 0.62
100 0.2
100 0.29
100 0.83
100 0.7
100 0.72
100 0.52
100 0.41
100 0.77
100 0.48
100 0.43
100 0.35
100 0.22
100 0.63
100 0.55
100 0.97
100 0.46
100 0.05
100 0.8
100 0.86
100 0.71
100 0.18
100 0.49
100 0.87
100 0.42
100 0.11
100 0.64
100 0.66
100 0.71
100 0.72
100 0.05
100 0.63
100 0.53
100 0.08
100 0.88
150 0.593333
150 0.593333
150 0.8
150 0.766667
150 0.573333
150 0.906667
150 0.753333
150 0.9
150 0.866667
150 0.913333
150 0.906667
150 0.7
150 0.493333
150 0.533333
150 0.933333
150 0.7
150 0.973333
150 0.693333
150 0.473333
150 0.8
150 0.8
150 0.913333
150 0.646667
150 0.66
150 0.886667
150 0
150 0.786667
150 0.806667
150 0.886667
150 0.766667
150 0.793333
150 0.78
150 0.86
150 0.973333
150 0.693333
150 0.606667
150 0.74
150 0.6
150 0.493333
150 0.62
150 0.906667
150 0.406667
150 0.573333
150 0.486667
150 0.3
150 0.913333
150 0.86
150 0.813333
150 0.78
150 0.32
150 0.68
150 0.473333
150 0.746667
150 0.853333
150 0.766667
150 0.726667
150 0.753333
150 0.813333
150 0.373333
150 0.713333
150 0.88
150 0.68
150 0.926667
150 0.533333
150 0.873333
150 0.733333
150 0.66
150 0.413333
150 0.986667
150 0.573333
150 0.733333
150 0.46
150 0.746667
150 0.746667
150 0.74
200 0.65
200 0.51
200 1
200 0.775
200 0.705
200 0.79
200 0.625
200 0.88
200 0.775
200 0.74
200 0.905
200 0.585
200 0.9
200 0.935
200 0.72
200 0.805
200 0.83
200 0.88
200 1
200 0.865
200 0.795
200 0.93
200 0.205
200 0.89
200 0.875
200 0.86
200 0.935
200 0.59
200 0.72
200 0.865
200 0.56
200 0.865
200 0.815
200 0.875
200 0.705
200 0.97
200 0.55
200 0.725
200 0.91
200 0.485
200 0.705
200 0.89
200 0.885
200 0.565
200 0.92
200 0.735
200 0.88
200 0.74
200 0.865
200 0.85
200 0.145
200 0.845
200 0.87
200 0.77
200 0.87
200 0.885
200 0.91
200 0.64
200 0.92
200 0.905
200 0.47
200 0.695
200 0.93
200 0.82
200 0.78
200 0.665
200 0.685
200 0.845
200 0.76
200 0.96
200 0.75
200 0.4
200 0.875
200 0.925
200 0.69
250 0.772
250 0.908
250 0.86
250 0.816
250 0.872
250 0.984
250 0.952
250 0.928
250 0.752
250 0.868
250 0.84
250 0.88
250 0.88
250 0.816
250 0.856
250 0.96
250 0.948
250 0.856
250 0.892
250 0.9
250 0.956
250 0.776
250 0.74
250 0.788
250 0.948
250 0.864
250 0.92
250 0.98
250 0.788
250 0.96
250 0.776
250 0.888
250 0.988
250 0.864
250 0.8
250 0.74
250 0.9
250 0.756
250 0.948
250 0.664
250 0.672
250 0.908
250 0.728
250 0.464
250 0.888
250 0.924
250 0.924
250 0.584
250 0.888
250 0.892
250 0.924
250 0.884
250 0.82
250 0.8
250 0.868
250 0.964
250 0.78
250 0.904
250 0.868
250 0.948
250 0.9
250 0.888
250 0.884
250 0.812
250 0.836
250 0.936
250 0.852
250 0.932
250 0.876
250 0.928
250 0.652
250 0.792
250 0.956
250 0.984
250 0.82
300 0.846667
300 0.836667
300 0.836667
300 0.966667
300 0.673333
300 0.896667
300 0.886667
300 0.903333
300 0.87
300 0.893333
300 0.93
300 0.83
300 0.876667
300 0.893333
300 0.926667
300 0.81
300 0.863333
300 0.806667
300 0.87
300 0.863333
300 0.786667
300 0.876667
300 0.81
300 0.943333
300 0.95
300 0.99
300 0.926667
300 0.86
300 0.956667
300 0.96
300 0.826667
300 0.923333
300 0.883333
300 0.853333
300 0.863333
300 0.933333
300 0.893333
300 0.97
300 0.996667
300 0.973333
300 0.846667
300 0.936667
300 0.97
300 0.813333
300 0.783333
300 0.74
300 0.83
300 0.836667
300 0.513333
300 0.91
300 0.99
300 0.93
300 0.763333
300 0.76
300 0.786667
300 0.933333
300 0.93
300 0.873333
300 0.833333
300 0.843333
300 0.94
300 0.813333
300 0.913333
300 0.846667
300 0.93
300 0.923333
300 0.916667
300 0.85
300 0.9
300 0.94
300 0.886667
300 0.91
300 0.93
300 0.816667
300 0.93
350 0.925714
350 0.934286
350 0.98
350 0.797143
350 0.948571
350 0.568571
350 0.754286
350 0.945714
350 0.951429
350 1
350 0.802857
350 0.86
350 0.962857
350 0.945714
350 0.951429
350 0.857143
350 0.894286
350 0.902857
350 0.888571
350 0.882857
350 0.934286
350 0.757143
350 0.945714
350 0.905714
350 0.88
350 0.92
350 0.962857
350 0.888571
350 0.888571
350 0.771429
350 0.765714
350 0.917143
350 0.92
350 0.934286
350 0.931429
350 0.937143
350 0.968571
350 0.594286
350 0.942857
350 0.862857
350 0.862857
350 0.931429
350 0.914286
350 0.914286
350 0.991429
350 0.945714
350 0.731429
350 0.974286
350 0.865714
350 0.957143
350 0.945714
350 0.808571
350 0.962857
350 0.877143
350 0.862857
350 0.977143
350 0.954286
350 0.888571
350 0.96
350 0.882857
350 0.888571
350 0.857143
350 0.957143
350 0.9
350 0.948571
350 0.902857
350 0.951429
350 0.891429
350 0.994286
350 0.88
350 0.974286
350 0.931429
350 0.802857
350 0.871429
350 0.877143
400 0.985
400 0.9275
400 0.875
400 0.9325
400 0.8125
400 0.9075
400 0.9125
400 0.6475
400 0.98
400 0.9525
400 0.905
400 0.88
400 0.9425
400 0.8275
400 0.885
400 0.9
400 0.8725
400 0.5875
400 0.9375
400 0.91
400 0.84
400 0.9825
400 0.95
400 0.7625
400 0.985
400 0.8975
400 0.9325
400 0.6375
400 0.9575
400 0.9075
400 0.925
400 0.8425
400 0.88
400 0.895
400 0.9775
400 0.9675
400 0.7875
400 0.2
400 0.915
400 0.965
400 0.9625
400 0.955
400 0.9325
400 0.88
400 0.9425
400 0.945
400 0.9525
400 0.785
400 0.995
400 0.975
400 0.9325
400 0.9775
400 0.96
400 0.955
400 0.8425
400 0.9075
400 0.98
400 0.955
400 0.975
400 0.8875
400 0.8375
400 0.8575
400 0.9225
400 0.9225
400 0.865
400 0.93
400 0.895
400 0.91
400 0.875
400 0.95
400 0.7975
400 0.8675
400 0.94
400 0.9825
400 0.855
450 0.92
450 0.951111
450 0.977778
450 0.955556
450 0.897778
450 0.926667
450 0.977778
450 0.931111
450 0.942222
450 0.904444
450 0.953333
450 0.886667
450 0.942222
450 0.944444
450 0.746667
450 0.915556
450 0.875556
450 0.855556
450 0.848889
450 0.931111
450 0.922222
450 0.991111
450 0.904444
450 0.944444
450 0.922222
450 0.855556
450 0.975556
450 0.924444
450 0.955556
450 0.608889
450 0.926667
450 0.908889
450 0.973333
450 0.884444
450 0.755556
450 0.871111
450 0.933333
450 0.917778
450 0.904444
450 0.848889
450 0.933333
450 0.882222
450 0.806667
450 0.971111
450 0.937778
450 0.937778
450 0.931111
450 0.993333
450 0.935556
450 0.962222
450 0.924444
450 0.96
450 0.902222
450 0.882222
450 0.948889
450 0.977778
450 0.857778
450 0.997778
450 0.931111
450 0.908889
450 0.997778
450 0.931111
450 0.935556
450 0.944444
450 0.835556
450 0.915556
450 0.915556
450 0.753333
450 0.915556
450 0.926667
450 0.9
450 0.844444
450 1
450 0.991111
450 0.893333
500 0.982
500 0.89
500 0.986
500 0.966
500 0.764
500 0.966
500 0.952
500 0.928
500 0.866
500 0.954
500 0.874
500 0.952
500 0.878
500 0.96
500 0.942
500 0.81
500 0.934
500 0.944
500 0.928
500 0.812
500 0.952
500 0.906
500 0.932
500 0.908
500 0.906
500 0.854
500 0.952
500 0.956
500 0.952
500 0.946
500 0.93
500 0.888
500 0.958
500 0.874
500 0.906
500 0.874
500 0.892
500 0.902
500 0.932
500 0.922
500 0.976
500 0.968
500 0.918
500 0.972
500 0.934
500 0.976
500 0.972
500 0.926
500 0.974
500 0.962
500 0.908
500 0.916
500 0.988
500 0.87
500 0.918
500 0.98
500 0.99
500 0.962
500 0.932
500 0.974
500 0.9
500 0.884
500 0.99
500 0.946
500 0.876
500 0.934
500 0.948
500 0.9
500 0.96
500 0.924
500 0.816
500 0.916
500 0.954
500 0.922
500 0.932
550 0.8
550 0.954545
550 0.934545
550 0.945455
550 0.909091
550 0.970909
550 0.949091
550 0.96
550 0.901818
550 0.94
550 0.996364
550 0.907273
550 0.878182
550 0.86
550 0.978182
550 0.892727
550 0.801818
550 0.934545
550 0.927273
550 0.914545
550 0.92
550 0.832727
550 0.903636
550 0.921818
550 0.970909
550 0.918182
550 0.847273
550 0.889091
550 0.943636
550 0.967273
550 0.932727
550 0.894545
550 0.96
550 0
550 0.825455
550 0.938182
550 0.925455
550 0.92
550 0.969091
550 0.932727
550 0.958182
550 0.925455
550 0.929091
550 0.932727
550 0.932727
550 0.950909
550 0.901818
550 0.901818
550 0.950909
550 0.958182
550 0.956364
550 0.983636
550 0.84
550 0.918182
550 0.790909
550 0.789091
550 0.996364
550 0.905455
550 0.96
550 0.927273
550 0.878182
550 0.905455
550 0.989091
550 0.943636
550 0.96
550 0.916364
550 0.974545
550 0.930909
550 0.92
550 0.9
550 0.916364
550 0.925455
550 0.88
550 0.896364
550 0.969091
600 0.951667
600 0.981667
600 0.985
600 0.865
600 0.976667
600 0.971667
600 0.931667
600 0.98
600 0.855
600 0.916667
600 0.841667
600 0.958333
600 0.87
600 0.935
600 0.92
600 0.951667
600 0.9
600 0.91
600 0.953333
600 0.948333
600 0.918333
600 0.908333
600 0.946667
600 0.966667
600 0.91
600 0.936667
600 0.948333
600 0.981667
600 0.918333
600 0.963333
600 0.93
600 0.95
600 0.925
600 0.93
600 0.851667
600 0.921667
600 0.93
600 0.906667
600 0.878333
600 0.93
600 0.898333
600 0.92
600 0.941667
600 0.908333
600 0.965
600 0.925
600 0.951667
600 0.895
600 0.87
600 0.851667
600 0.956667
600 0.961667
600 0.96
600 0.985
600 0.95
600 1
600 0.901667
600 0.853333
600 0.97
600 0.971667
600 0.945
600 0.963333
600 0.955
600 0.94
600 0.968333
600 0.946667
600 0.973333
600 0.91
600 0.926667
600 0.91
600 0.946667
600 0.91
600 0.943333
600 0.981667
600 0.825
650 0.936923
650 0.872308
650 0.924615
650 0.933846
650 0.973846
650 0.830769
650 0.938462
650 0.910769
650 0.98
650 0.947692
650 0.809231
650 0.970769
650 0.984615
650 0.916923
650 0.970769
650 0.932308
650 0.970769
650 0.8
650 0.92
650 0.984615
650 0.767692
650 0.876923
650 0.958462
650 0.930769
650 0.926154
650 0.94
650 0.921538
650 0.946154
650 0.964615
650 0.970769
650 0.832308
650 0.938462
650 0.986154
650 0.953846
650 0.958462
650 0.886154
650 0.933846
650 0.993846
650 0.943077
650 0.981538
650 0.98
650 0.895385
650 0.989231
650 0.969231
650 0.915385
650 0.953846
650 0.873846
650 0.986154
650 0.978462
650 0.941538
650 0.884615
650 0.856923
650 0.972308
650 0.907692
650 0.909231
650 0.966154
650 0.909231
650 0.975385
650 0.969231
650 0.936923
650 0.932308
650 0.915385
650 0.913846
650 0.889231
650 0.975385
650 0.990769
650 0.910769
650 0.981538
650 0.961538
650 0.966154
650 0.915385
650 0.950769
650 0.950769
650 0.950769
650 0.967692
700 0.955714
700 0.98
700 0.942857
700 0.937143
700 0.985714
700 0.938571
700 0.89
700 0.998571
700 0.992857
700 0.944286
700 0.952857
700 0.9
700 0.924286
700 0.904286
700 0.885714
700 0.921429
700 0.848571
700 0.985714
700 0.984286
700 0.87
700 0.924286
700 0.927143
700 0.942857
700 0.92
700 0.927143
700 1
700 0.965714
700 0.907143
700 0.914286
700 0.961429
700 0.864286
700 0.887143
700 0.957143
700 0.964286
700 0.917143
700 0.985714
700 0.972857
700 0.918571
700 0.992857
700 0.921429
700 0.945714
700 0.99
700 0.942857
700 0.924286
700 0.74
700 0.972857
700 0.908571
700 0.98
700 0.945714
700 0.984286
700 0.884286
700 0.898571
700 0.935714
700 0.908571
700 0.868571
700 0.981429
700 0.97
700 0.911429
700 0.867143
700 0.98
700 0.91
700 0.952857
700 0.932857
700 0.715714
700 0.964286
700 0.934286
700 0.905714
700 0.907143
700 0.854286
700 0.968571
700 0.95
700 0.991429
700 0.938571
700 0.91
700 0.978571
750 0.938667
750 0.941333
750 0.928
750 0.985333
750 0.976
750 0.92
750 0.958667
750 0.985333
750 0.973333
750 0.850667
750 0.824
750 0.876
750 0.966667
750 0.952
750 0.938667
750 0.962667
750 0.953333
750 0.889333
750 0.974667
750 0.970667
750 0.972
750 0.972
750 0.908
750 0.985333
750 0.976
750 0.964
750 0.985333
750 0.933333
750 0.913333
750 0.94
750 0.986667
750 0.981333
750 0.881333
750 0.889333
750 0.978667
750 0.884
750 0.965333
750 0.922667
750 0.872
750 0.986667
750 0.966667
750 0.852
750 0.992
750 0.961333
750 0.958667
750 0.930667
750 0.934667
750 0.997333
750 0.890667
750 0.978667
750 0.968
750 0.969333
750 0.902667
750 0.953333
750 0.937333
750 0.965333
750 0.973333
750 0.932
750 0.922667
750 0.922667
750 0.877333
750 0.906667
750 0.956
750 0.916
750 0.968
750 0.924
750 0.936
750 0.976
750 0.925333
750 0.952
750 0.974667
750 0.968
750 0.904
750 0.921333
750 0.949333
800 0.97625
800 0.84125
800 0.9775
800 0.9475
800 0.955
800 0.96625
800 0.87
800 0.93875
800 0.96625
800 0.9
800 0.98875
800 0.9675
800 0.9825
800 0.91
800 0.95375
800 0.81875
800 0.95125
800 0.965
800 0.88375
800 0.9775
800 0.91375
800 0.91125
800 0.92375
800 0.93125
800 0.9725
800 0.9575
800 0.97125
800 0.98
800 0.93625
800 0.87625
800 0.9775
800 0.9475
800 0.94
800 0.98
800 0.90875
800 0.93625
800 0.8325
800 0.97375
800 0.9375
800 0.985
800 0.96125
800 0.935
800 0.9675
800 0.81875
800 0.9525
800 0.9325
800 0.94
800 0.965
800 0.91
800 0.90625
800 0.85125
800 0.9325
800 0.98125
800 0.93875
800 0.8575
800 0.95375
800 0.8575
800 0.92125
800 0.93375
800 0.97125
800 0.97875
800 0.96375
800 0.96375
800 0.9525
800 0.995
800 0.9125
800 0.97125
800 0.92875
800 0.95
800 0.98
800 0.9875
800 0.9275
800 0.96125
800 0.98375
800 0.92
850 0.92
850 0.884706
850 0.937647
850 0.947059
850 0.954118
850 0.894118
850 0.967059
850 0.971765
850 0.864706
850 0.916471
850 0.948235
850 0.930588
850 0.914118
850 0.935294
850 0.989412
850 0.907059
850 0.910588
850 0.951765
850 0.858824
850 0.856471
850 0.944706
850 0.954118
850 0.949412
850 0.922353
850 0.983529
850 0.931765
850 0.92
850 0.964706
850 0.945882
850 0.912941
850 0.842353
850 0.962353
850 0.978824
850 0.908235
850 0.951765
850 0.951765
850 0.996471
850 0.903529
850 1
850 0.944706
850 0.922353
850 0.952941
850 0.964706
850 0.947059
850 0.958824
850 0.942353
850 0.985882
850 0.938824
850 0.910588
850 0.864706
850 0.974118
850 0.905882
850 0.943529
850 0.991765
850 0.989412
850 0.971765
850 0.972941
850 0.905882
850 0.950588
850 0.902353
850 0.876471
850 0.975294
850 0.911765
850 0.930588
850 0.94
850 0.971765
850 0.994118
850 0.905882
850 0.961176
850 0.964706
850 0.975294
850 0.897647
850 0.931765
850 0.892941
850 0.943529
900 0.952222
900 0.964444
900 0.99
900 0.986667
900 0.896667
900 0.986667
900 0.9
900 0.924444
900 0.942222
900 0.964444
900 0.981111
900 0.984444
900 0.944444
900 0.976667
900 0.99
900 0.99
900 0.921111
900 0.984444
900 0.958889
900 0.895556
900 0.973333
900 0.924444
900 0.977778
900 0.908889
900 0.993333
900 0.903333
900 0.94
900 0.934444
900 0.955556
900 0.917778
900 0.948889
900 0.914444
900 0.99
900 0.902222
900 0.882222
900 1
900 0.988889
900 0.984444
900 0.974444
900 0.977778
900 0.757778
900 0.915556
900 0.953333
900 0.91
900 0.998889
900 0.953333
900 0.965556
900 0.965556
900 0.928889
900 0.976667
900 0.814444
900 0.966667
900 0.918889
900 0.945556
900 0.984444
900 0.971111
900 0.968889
900 0.907778
900 0.992222
900 0.99
900 0.982222
900 0.893333
900 0.955556
900 0.935556
900 0.86
900 0.946667
900 0.978889
900 0.956667
900 0.973333
900 0.903333
900 0.933333
900 0.93
900 0.963333
900 0.966667
900 0.937778
950 0.975789
950 0.965263
950 0.951579
950 0.946316
950 0.946316
950 0.910526
950 0.973684
950 0.996842
950 0.886316
950 0.944211
950 0.891579
950 0.965263
950 0.944211
950 0.929474
950 0.992632
950 0.992632
950 0.992632
950 0.930526
950 0.964211
950 0.923158
950 0.908421
950 0.977895
950 0.975789
950 0.988421
950 0.946316
950 0.964211
950 0.921053
950 0.934737
950 0.981053
950 0.943158
950 0.884211
950 0.942105
950 0.991579
950 0.971579
950 0.974737
950 0.928421
950 0.96
950 0.903158
950 0.948421
950 0.969474
950 0.925263
950 0.974737
950 0.955789
950 0.977895
950 0.961053
950 0.92
950 0.96
950 0.990526
950 0.965263
950 0.934737
950 0.991579
950 0.902105
950 0.982105
950 0.944211
950 0.975789
950 0.946316
950 0.918947
950 0.965263
950 0.918947
950 0.975789
950 0.932632
950 0.941053
950 0.893684
950 0.989474
950 0.98
950 0.965263
950 0.985263
950 0.969474
950 0.909474
950 0.904211
950 0.965263
950 0.882105
950 0.967368
950 0.96
950 0.94
1000 0.954
1000 0.897
1000 0.94
1000 0.913
1000 0.967
1000 0.9
1000 0.933
1000 0.939
1000 0.984
1000 0.907
1000 0.988
1000 0.955
1000 0.949
1000 0.981
1000 0.958
1000 0.926
1000 0.953
1000 0.989
1000 0.933
1000 0.976
1000 0.901
1000 0.902
1000 0.98
1000 0.97
1000 0.922
1000 0.956
1000 0.897
1000 0.969
1000 0.928
1000 0.935
1000 0.979
1000 0.947
1000 0.969
1000 0.993
1000 0.941
1000 0.914
1000 0.97
1000 0.92
1000 0.939
1000 0.942
1000 0.934
1000 0.981
1000 0.972
1000 0.871
1000 0.961
1000 0.925
1000 0.916
1000 0.981
1000 0.867
1000 0.975
1000 0.98
1000 0.945
1000 0.968
1000 0.97
1000 0.95
1000 0.981
1000 0.97
1000 0.911
1000 0.995
1000 0.943
1000 0.936
1000 0.943
1000 0.923
1000 0.961
1000 0.903
1000 0.966
1000 0.979
1000 0.913
1000 0.878
1000 0.931
1000 0.986
1000 0.976
1000 0.962
1000 0.965
1000 0.947
1050 0.960952
1050 0.986667
1050 0.98381
1050 0.954286
1050 0.82381
1050 0.962857
1050 0.873333
1050 0.847619
1050 0.951429
1050 0.977143
1050 0.933333
1050 0.932381
1050 0.905714
1050 0.912381
1050 0.981905
1050 0.907619
1050 0.990476
1050 0.965714
1050 0.958095
1050 0.959048
1050 0.93619
1050 0.96
1050 0.939048
1050 0.864762
1050 0.905714
1050 0.935238
1050 0.981905
1050 0.949524
1050 0.959048
1050 0.948571
1050 0.922857
1050 0.919048
1050 0.947619
1050 0.96381
1050 0.908571
1050 0.917143
1050 0.968571
1050 0.871429
1050 0.874286
1050 0.942857
1050 0.947619
1050 0.94381
1050 0.906667
1050 0.857143
1050 0.949524
1050 0.931429
1050 0.924762
1050 0.918095
1050 0.944762
1050 0.977143
1050 0.989524
1050 0.965714
1050 0.970476
1050 0.891429
1050 0.957143
1050 0.940952
1050 0.970476
1050 0.979048
1050 0.971429
1050 0.946667
1050 0.90381
1050 0.932381
1050 0.873333
1050 0.950476
1050 0.962857
1050 0.906667
1050 0.981905
1050 0.944762
1050 0.973333
1050 0.978095
1050 0.955238
1050 0.959048
1050 0.974286
1050 0.987619
1050 0.927619
1100 0.918182
1100 0.948182
1100 0.990909
1100 0.944545
1100 0.971818
1100 0.93
1100 0.974545
1100 0.958182
1100 0.906364
1100 0.940909
1100 0.962727
1100 0.994545
1100 0.970909
1100 0.926364
1100 0.952727
1100 0.99
1100 0.97
1100 0.962727
1100 0.971818
1100 0.943636
1100 0.933636
1100 0.93
1100 0.975455
1100 0.960909
1100 0.931818
1100 0.88
1100 0.950909
1100 0.986364
1100 0.911818
1100 0.920909
1100 0.979091
1100 0.883636
1100 0.974545
1100 0.927273
1100 0.892727
1100 0.990909
1100 0.949091
1100 0.955455
1100 0.989091
1100 0.982727
1100 0.947273
1100 0.992727
1100 0.954545
1100 0.977273
1100 0.937273
1100 0.95
1100 0.973636
1100 0.96
1100 0.978182
1100 0.929091
1100 0.996364
1100 0.971818
1100 0.91
1100 0.973636
1100 0.893636
1100 0.937273
1100 0.947273
1100 0.999091
1100 0.951818
1100 0.938182
1100 0.996364
1100 0.961818
1100 0.944545
1100 0.960909
1100 0.992727
1100 0.991818
1100 0.951818
1100 0.95
1100 0.950909
1100 0.993636
1100 0.995455
1100 0.943636
1100 0.954545
1100 0.995455
1100 0.857273
1150 0.926087
1150 0.973913
1150 0.935652
1150 0.973043
1150 0.98
1150 0.913043
1150 0.941739
1150 0.931304
1150 0.945217
1150 0.988696
1150 0.941739
1150 0.949565
1150 0.928696
1150 0.913043
1150 0.984348
1150 0.990435
1150 0.950435
1150 0.871304
1150 0.975652
1150 0.932174
1150 0.90087
1150 0.961739
1150 0.96
1150 0.966957
1150 0.936522
1150 0.950435
1150 0.982609
1150 1
1150 0.967826
1150 0.963478
1150 0.984348
1150 0.986087
1150 0.977391
1150 0.948696
1150 0.970435
1150 0.955652
1150 0.988696
1150 0.906087
1150 0.866087
1150 0.971304
1150 0.931304
1150 0.975652
1150 0.933043
1150 0.94
1150 0.966957
1150 0.869565
1150 0.948696
1150 0.992174
1150 0.928696
1150 0.986957
1150 0.953913
1150 0.883478
1150 0.95913
1150 0.917391
1150 0.975652
1150 0.894783
1150 0.933913
1150 0.93913
1150 0.938261
1150 0.956522
1150 0.977391
1150 0.994783
1150 0.931304
1150 0.827826
1150 0.888696
1150 0.965217
1150 0.926087
1150 0.983478
1150 0.947826
1150 0.886957
1150 0.984348
1150 0.969565
1150 0.95913
1150 0.923478
1150 0.96
1200 0.965833
1200 0.92
1200 0.995
1200 0.903333
1200 0.996667
1200 0.991667
1200 0.885833
1200 0.9675
1200 0.9
1200 0.945833
1200 0.904167
1200 0.996667
1200 0.978333
1200 0.9425
1200 0.878333
1200 0.936667
1200 0.965833
1200 0.995
1200 1
1200 0.983333
1200 0.963333
1200 0.941667
1200 0.980833
1200 0.935
1200 0.968333
1200 0.939167
1200 0.950833
1200 0.939167
1200 0.984167
1200 0.983333
1200 0.928333
1200 0.971667
1200 0.9325
1200 0.925
1200 0.934167
1200 0.966667
1200 0.9925
1200 0.960833
1200 0.9
1200 0.910833
1200 0.973333
1200 0.869167
1200 0.980833
1200 0.955833
1200 0.965833
1200 0.948333
1200 0.979167
1200 0.9675
1200 0.926667
1200 0.923333
1200 0.939167
1200 0.963333
1200 0.983333
1200 0.9775
1200 0.9525
1200 0.98
1200 0.959167
1200 0.948333
1200 0.920833
1200 0.9525
1200 0.946667
1200 0.98
1200 0.975
1200 0.93
1200 0.923333
1200 0.898333
1200 0.950833
1200 0.946667
1200 0.991667
1200 0.92
1200 0.9525
1200 0.934167
1200 0.9575
1200 0.943333
1200 0.95
1250 0.9496
1250 0.9632
1250 0.9368
1250 0.9256
1250 0.9864
1250 0.9472
1250 0.9416
1250 0.9752
1250 0.9552
1250 0.924
1250 0.9032
1250 0.9832
1250 0.9328
1250 0.9328
1250 0.9784
1250 0.9176
1250 0.928
1250 0.9784
1250 0.9728
1250 0.9872
1250 0.9976
1250 0.916
1250 0.956
1250 0.9872
1250 0.9608
1250 0.9928
1250 0.9448
1250 0.9296
1250 0.9384
1250 0.9304
1250 0.9904
1250 0.9576
1250 0.9512
1250 0.9768
1250 0.9736
1250 0.9464
1250 0.9312
1250 0.9216
1250 0.9752
1250 0.9432
1250 0.9624
1250 0.9736
1250 0.984
1250 0.9944
1250 0.9168
1250 0.9896
1250 0.9368
1250 0.9872
1250 0.956
1250 0.9512
1250 0.9936
1250 0.9128
1250 0.9472
1250 0.9832
1250 0.9088
1250 0.9688
1250 0.916
1250 0.9744
1250 0.936
1250 0.9312
1250 0.9936
1250 0.8912
1250 0.9376
1250 0.976
1250 0.9248
1250 0.9936
1250 0.9456
1250 0.9496
1250 0.92
1250 0.9944
1250 0.9136
1250 0.956
1250 0.9616
1250 0.9368
1250 0.9608
1300 0.984615
1300 0.942308
1300 0.960769
1300 0.989231
1300 0.970769
1300 0.949231
1300 0.922308
1300 0.981538
1300 0.979231
1300 0.992308
1300 0.956154
1300 0.966154
1300 0.976923
1300 0.933846
1300 0.967692
1300 0.940769
1300 0.95
1300 0.963846
1300 0.936923
1300 0.97
1300 0.99
1300 0.934615
1300 0.893846
1300 0.977692
1300 0.887692
1300 0.960769
1300 0.992308
1300 0.915385
1300 0.946923
1300 0.912308
1300 0.985385
1300 0.95
1300 0.844615
1300 0.954615
1300 0.998462
1300 0.962308
1300 0.929231
1300 0.983077
1300 0.859231
1300 0.959231
1300 0.951538
1300 0.958462
1300 0.886154
1300 0.982308
1300 0.958462
1300 0.970769
1300 0.971538
1300 0.992308
1300 0.908462
1300 0.925385
1300 0.987692
1300 0.918462
1300 0.955385
1300 0.931538
1300 0.913846
1300 0.964615
1300 1
1300 0.987692
1300 0.950769
1300 0.941538
1300 0.931538
1300 0.976154
1300 0.899231
1300 0.935385
1300 0.956923
1300 0.972308
1300 0.98
1300 0.940769
1300 0.885385
1300 0.931538
1300 0.93
1300 0.989231
1300 0.975385
1300 0.994615
1300 0.993077
1350 0.938519
1350 0.954815
1350 0.975556
1350 0.945926
1350 0.997778
1350 0.925185
1350 0.951852
1350 0.928148
1350 0.94
1350 0.982222
1350 0.952593
1350 0.958519
1350 0.985185
1350 0.942963
1350 0.921481
1350 0.96
1350 0.944444
1350 0.962963
1350 0.934815
1350 0.942963
1350 0.937778
1350 0.960741
1350 0.937778
1350 0.951852
1350 0.941481
1350 0.967407
1350 0.985926
1350 0.939259
1350 0.931852
1350 0.986667
1350 0.948889
1350 0.92
1350 0.948889
1350 0.988148
1350 0.953333
1350 0.946667
1350 0.943704
1350 0.977037
1350 0.986667
1350 0.926667
1350 0.918519
1350 0.90963
1350 0.92963
1350 0.92
1350 0.966667
1350 0.983704
1350 0.965926
1350 0.957037
1350 0.920741
1350 0.99037
1350 0.978519
1350 0.979259
1350 0.945185
1350 0.884444
1350 0.958519
1350 0.903704
1350 0.963704
1350 0.94
1350 0.942963
1350 0.998519
1350 0.878519
1350 0.945926
1350 0.922963
1350 0.98963
1350 0.888889
1350 0.904444
1350 0.994074
1350 0.958519
1350 0.981481
1350 0.994074
1350 0.937037
1350 0.951852
1350 0.928889
1350 0.964444
1350 0.966667
1350 0.983704
1400 0.995714
1400 0.929286
1400 0.887143
1400 0.914286
1400 0.978571
1400 0.939286
1400 0.926429
1400 0.968571
1400 0.909286
1400 0.949286
1400 0.964286
1400 0.975
1400 0.953571
1400 0.948571
1400 0.972857
1400 0.895
1400 0.976429
1400 0.932143
1400 0.965714
1400 0.994286
1400 0.953571
1400 0.934286
1400 0.961429
1400 0.901429
1400 0.984286
1400 0.93
1400 0.948571
1400 0.939286
1400 0.963571
1400 0.989286
1400 0.952143
1400 0.932143
1400 0.972857
1400 0.960714
1400 0.918571
1400 0.965
1400 0.939286
1400 0.945
1400 0.936429
1400 0.941429
1400 0.987857
1400 0.963571
1400 0.947143
1400 0.892143
1400 0.942857
1400 0.987143
1400 0.968571
1400 0.972143
1400 0.995
1400 0.925714
1400 0.997143
1400 0.979286
1400 0.933571
1400 0.972143
1400 0.970714
1400 0.941429
1400 0.955714
1400 0.928571
1400 0.967143
1400 0.866429
1400 0.967143
1400 0.943571
1400 0.942143
1400 0.965
1400 0.815
1400 0.971429
1400 0.945
1400 0.936429
1400 0.954286
1400 0.981429
1400 0.995714
1400 0.836429
1400 0.952857
1400 0.977143
1400 0.97
1450 0.99931
1450 0.997241
1450 0.962759
1450 0.974483
1450 0.951724
1450 0.914483
1450 0.903448
1450 0.992414
1450 0.958621
1450 0.902069
1450 0.933793
1450 0.951724
1450 0.993793
1450 0.969655
1450 0.94
1450 0.911724
1450 0.955172
1450 0.955172
1450 0.955172
1450 0.931724
1450 0.973103
1450 0.884828
1450 0.986207
1450 0.965517
1450 0.926207
1450 0.986897
1450 0.929655
1450 0.91931
1450 0.976552
1450 0.954483
1450 0.973793
1450 0.948276
1450 0.993103
1450 0.936552
1450 0.973793
1450 0.893793
1450 0.955862
1450 0.982069
1450 0.873793
1450 0.96069
1450 0.998621
1450 0.964828
1450 0.972414
1450 0.928276
1450 0.933103
1450 0.951724
1450 0.977931
1450 0.953103
1450 0.929655
1450 0.957241
1450 0.985517
1450 0.946207
1450 0.962759
1450 0.97931
1450 0.98
1450 0.96
1450 0.995172
1450 0.970345
1450 0.923448
1450 0.913103
1450 0.965517
1450 0.926897
1450 0.972414
1450 0.991724
1450 0.911034
1450 0.941379
1450 0.968966
1450 0.968276
1450 0.888276
1450 0.942069
1450 0.948966
1450 0.947586
1450 0.973793
1450 0.957241
1450 0.992414
1500 0.914667
1500 0.924667
1500 0.95
1500 0.949333
1500 0.940667
1500 0.990667
1500 0.969333
1500 0.932667
1500 0.89
1500 0.943333
1500 0.744667
1500 0.954
1500 0.988667
1500 0.938
1500 0.956
1500 0.94
1500 0.978667
1500 0.956667
1500 0.977333
1500 0.949333
1500 0.962
1500 0.973333
1500 0.964667
1500 0.898
1500 0.977333
1500 0.963333
1500 0.969333
1500 0.946667
1500 0.952667
1500 0.926667
1500 0.992
1500 0.973333
1500 0.998
1500 0.974
1500 0.944667
1500 0.965333
1500 0.936
1500 0.876667
1500 0.961333
1500 0.982
1500 0.888
1500 0.980667
1500 0.949333
1500 0.947333
1500 0.954
1500 0.997333
1500 0.972
1500 0.974
1500 0.971333
1500 0.984
1500 0.992
1500 0.974667
1500 0.915333
1500 0.936
1500 0.904
1500 0.960667
1500 0.973333
1500 0.998
1500 0.944
1500 0.984667
1500 0.936667
1500 0.874
1500 0.891333
1500 0.932
1500 0.952
1500 0.977333
1500 0.974667
1500 0.997333
1500 0.944
1500 0.900667
1500 0.953333
1500 0.979333
1500 0.986
1500 0.95
1500 0.944
1550 0.965806
1550 0.915484
1550 0.965161
1550 0.997419
1550 0.870968
1550 0.948387
1550 0.956129
1550 0.944516
1550 0.904516
1550 0.703226
1550 0.964516
1550 0.949677
1550 0.914194
1550 0.961935
1550 0.968387
1550 0.916774
1550 0.915484
1550 0.964516
1550 0.954194
1550 0.946452
1550 0.910968
1550 0.878065
1550 0.977419
1550 0.985161
1550 0.911613
1550 0.929032
1550 0.909032
1550 0.923226
1550 0.960645
1550 0.954194
1550 0.941935
1550 0.983871
1550 0.950968
1550 0.918065
1550 0.965161
1550 0.992903
1550 0.994839
1550 0.92
1550 0.922581
1550 0.929677
1550 0.954194
1550 0.938065
1550 0.976774
1550 0.946452
1550 0.980645
1550 0.918065
1550 0.972258
1550 0.948387
1550 0.958065
1550 0.90129
1550 0.974839
1550 0.945806
1550 0.94
1550 0.966452
1550 0.991613
1550 0.964516
1550 0.970323
1550 0.996774
1550 0.970323
1550 0.943226
1550 0.969032
1550 0.978065
1550 0.955484
1550 0.945161
1550 0.960645
1550 0.98129
1550 0.886452
1550 0.96129
1550 0.941935
1550 0.950323
1550 0.965806
1550 0.968387
1550 0.950323
1550 0.987097
1550 0.982581
1600 0.9025
1600 0.93
1600 0.94
1600 0.920625
1600 0.9825
1600 0.908125
1600 0.961875
1600 0.941875
1600 0.96625
1600 0.96375
1600 0.95875
1600 0.99125
1600 0.936875
1600 0.9225
1600 0.940625
1600 0.9225
1600 0.96875
1600 0.97125
1600 0.895
1600 0.971875
1600 0.99625
1600 0.97875
1600 1
1600 0.988125
1600 0.96875
1600 0.98
1600 0.99125
1600 0.92
1600 0.9375
1600 0.91
1600 0.908125
1600 0.975
1600 0.970625
1600 0.965625
1600 0.954375
1600 0.964375
1600 0.973125
1600 0.94
1600 0.968125
1600 0.98
1600 0.965
1600 0.943125
1600 0.958125
1600 0.958125
1600 0.973125
1600 0.966875
1600 0.935625
1600 0.92
1600 0.995625
1600 0.97625
1600 0.949375
1600 0.98875
1600 0.963125
1600 0.9525
1600 0.94625
1600 0.99625
1600 0.916875
1600 0.938125
1600 0.9775
1600 0.985
1600 0.943125
1600 0.985
1600 0.988125
1600 0.959375
1600 0.965
1600 0.929375
1600 0.974375
1600 0.949375
1600 0.915625
1600 0.959375
1600 0.96875
1600 0.94375
1600 0.955625
1600 0.990625
1600 0.865
1650 0.973333
1650 0.972727
1650 0.895758
1650 0.981212
1650 0.970909
1650 0.989697
1650 0.936364
1650 0.967273
1650 0.985455
1650 0.882424
1650 0.952121
1650 0.950909
1650 0.990303
1650 0.985455
1650 0.938788
1650 0.986061
1650 1
1650 0.972121
1650 0.983636
1650 0.975152
1650 0.965455
1650 0.963636
1650 0.956364
1650 0.938788
1650 0.942424
1650 0.934545
1650 0.960606
1650 0.981818
1650 0.955152
1650 0.942424
1650 0.96
1650 1
1650 0.946061
1650 0.970909
1650 0.889697
1650 0.974545
1650 0.993333
1650 0.976364
1650 0.974545
1650 0.967273
1650 0.971515
1650 0.929091
1650 0.944242
1650 0.904242
1650 0.947273
1650 0.989697
1650 0.975152
1650 0.938788
1650 0.962424
1650 0.948485
1650 0.989091
1650 0.966667
1650 0.945455
1650 0.988485
1650 0.929697
1650 0.965455
1650 0.98303
1650 0.995758
1650 0.952727
1650 0.990909
1650 0.912727
1650 0.991515
1650 0.948485
1650 0.927879
1650 0.928485
1650 0.972727
1650 0.951515
1650 0.986667
1650 0.970303
1650 0.995758
1650 0.858182
1650 0.96
1650 0.992121
1650 0.953939
1650 0.906667
1700 0.931765
1700 0.961765
1700 0.923529
1700 0.995294
1700 0.982353
1700 0.958824
1700 0.954706
1700 0.922353
1700 0.937059
1700 0.916471
1700 0.921176
1700 0.937647
1700 0.915294
1700 0.943529
1700 0.915294
1700 0.958824
1700 0.939412
1700 0.978824
1700 0.945882
1700 0.984118
1700 0.986471
1700 0.941765
1700 0.975882
1700 0.889412
1700 0.968235
1700 0.958235
1700 0.947647
1700 0.984118
1700 0.891176
1700 0.952941
1700 0.98
1700 0.955882
1700 0.977647
1700 0.973529
1700 0.975294
1700 0.926471
1700 0.955294
1700 0.945882
1700 0.962353
1700 0.957647
1700 0.962941
1700 0.914706
1700 0.954118
1700 0.913529
1700 0.975882
1700 0.878824
1700 0.992353
1700 0.929412
1700 0.958235
1700 0.967059
1700 0.971176
1700 0.885882
1700 0.922353
1700 0.959412
1700 0.938824
1700 0.936471
1700 0.964118
1700 0.884118
1700 0.926471
1700 0.935294
1700 0.951176
1700 0.982941
1700 0.941765
1700 0.984118
1700 0.941176
1700 0.974118
1700 0.945294
1700 0.995294
1700 0.961176
1700 0.97
1700 0.936471
1700 0.974706
1700 0.927647
1700 0.992353
1700 0.941765
1750 0.918857
1750 0.966286
1750 0.950857
1750 0.917714
1750 0.971429
1750 0.961143
1750 0.980571
1750 0.828
1750 0.984571
1750 0.875429
1750 0.918286
1750 0.923429
1750 0.957143
1750 0.937714
1750 0.984571
1750 0.910286
1750 0.958286
1750 0.989143
1750 0.968571
1750 0.970286
1750 0.929143
1750 0.968571
1750 0.975429
1750 0.914286
1750 0.951429
1750 0.990857
1750 0.914286
1750 0.989714
1750 0.992571
1750 0.927429
1750 0.945714
1750 0.958286
1750 0.953714
1750 0.981714
1750 0.981143
1750 0.984
1750 0.970857
1750 0.960571
1750 0.984571
1750 0.973143
1750 0.886857
1750 0.978857
1750 0.967429
1750 0.972
1750 0.982857
1750 0.957714
1750 0.977714
1750 0.966857
1750 0.886857
1750 0.914857
1750 0.870286
1750 0.96
1750 0.928571
1750 0.96
1750 0.893714
1750 0.910857
1750 0.937714
1750 0.988571
1750 0.919429
1750 0.982286
1750 0.970286
1750 0.876
1750 0.977143
1750 0.957143
1750 0.936571
1750 0.983429
1750 0.927429
1750 0.984
1750 0.910286
1750 0.911429
1750 0.542286
1750 0.935429
1750 0.977714
1750 0.977714
1750 0.952
1800 0.982778
1800 0.981667
1800 0.941111
1800 0.878333
1800 0.946111
1800 0.953333
1800 0.982222
1800 0.97
1800 0.947222
1800 0.958889
1800 0.963333
1800 0.937778
1800 0.937778
1800 0.925
1800 0.978889
1800 0.919444
1800 0.956111
1800 0.994444
1800 0.927222
1800 0.910556
1800 0.937778
1800 0.923889
1800 0.978889
1800 0.96
1800 0.947222
1800 0.963333
1800 0.992222
1800 0.990556
1800 0.988333
1800 0.937778
1800 0.969444
1800 0.980556
1800 0.975556
1800 0.959444
1800 1
1800 0.939444
1800 0.865556
1800 0.925556
1800 0.959444
1800 0.9
1800 0.952222
1800 0.988889
1800 0.923333
1800 0.975556
1800 0.981111
1800 0.981111
1800 0.947222
1800 0.973333
1800 0.972778
1800 0.985
1800 0.985
1800 0.967222
1800 0.926667
1800 0.950556
1800 0.970556
1800 0.957778
1800 0.991667
1800 0.991111
1800 0.967222
1800 0.990556
1800 0.964444
1800 0.955556
1800 0.943889
1800 0.987778
1800 0.99
1800 0.972778
1800 0.990556
1800 0.991111
1800 0.964444
1800 0.971667
1800 0.977222
1800 0.937778
1800 0.921111
1800 0.978889
1800 0.933889
1850 0.969189
1850 0.985946
1850 0.960541
1850 0.93027
1850 0.933514
1850 0.94973
1850 0.995135
1850 0.94973
1850 0.937838
1850 0.90973
1850 0.951892
1850 0.95027
1850 0.989189
1850 0.951892
1850 0.968649
1850 0.976757
1850 0.967027
1850 0.93027
1850 0.984865
1850 0.968649
1850 0.956216
1850 0.951892
1850 0.899459
1850 0.983784
1850 0.94
1850 0.923784
1850 0.98973
1850 0.915676
1850 0.942703
1850 0.955676
1850 0.984865
1850 0.948649
1850 0.920541
1850 0.955135
1850 0.928649
1850 0.892973
1850 0.943784
1850 0.990811
1850 0.946486
1850 0.943243
1850 0.994054
1850 0.918919
1850 0.915676
1850 0.951351
1850 0.963784
1850 0.905405
1850 0.902703
1850 0.903243
1850 0.991892
1850 0.977297
1850 0.908108
1850 0.952973
1850 0.948108
1850 0.945946
1850 0.986486
1850 0.98
1850 0.968649
1850 0.94
1850 0.988649
1850 0.925405
1850 0.973514
1850 0.995135
1850 0.927027
1850 0.975676
1850 0.952432
1850 0.98973
1850 0.928649
1850 0.943243
1850 0.951892
1850 0.989189
1850 0.981622
1850 0.937297
1850 0.902162
1850 0.873514
1850 0.956216
1900 0.968947
1900 0.959474
1900 0.977895
1900 0.977895
1900 0.957895
1900 0.986842
1900 0.94
1900 0.919474
1900 0.902105
1900 0.944211
1900 0.978947
1900 0.916842
1900 0.941053
1900 0.943158
1900 0.924737
1900 0.957368
1900 0.986842
1900 0.943158
1900 0.94
1900 0.935789
1900 0.985789
1900 0.933684
1900 0.905263
1900 0.932632
1900 0.993684
1900 0.904211
1900 0.917895
1900 0.937368
1900 0.980526
1900 0.886842
1900 0.936316
1900 0.988947
1900 0.986842
1900 0.921053
1900 0.987368
1900 0.932105
1900 0.983158
1900 0.988421
1900 0.962632
1900 0.968421
1900 0.903684
1900 0.967895
1900 0.954211
1900 0.992632
1900 0.944211
1900 0.928421
1900 0.926842
1900 0.938421
1900 0.955263
1900 0.994211
1900 0.964737
1900 0.921053
1900 0.971053
1900 0.918421
1900 0.955263
1900 0.919474
1900 0.909474
1900 0.958421
1900 0.966316
1900 0.937368
1900 0.971579
1900 0.943684
1900 0.930526
1900 0.95
1900 0.981579
1900 0.89
1900 0.963158
1900 0.972632
1900 0.945263
1900 0.936316
1900 0.944737
1900 0.963158
1900 0.940526
1900 0.977895
1900 0.951579
1950 0.984103
1950 0.981026
1950 0.966154
1950 0.965128
1950 0.965128
1950 0.93641
1950 0.998974
1950 0.955897
1950 0.997436
1950 0.957436
1950 0.989231
1950 0.953333
1950 0.948718
1950 0.921538
1950 0.959487
1950 0.973846
1950 0.998462
1950 0.929744
1950 0.927692
1950 0.940513
1950 0.96359
1950 0.954359
1950 0.972821
1950 0.968205
1950 0.98359
1950 0.964615
1950 0.952821
1950 0.980513
1950 0.867179
1950 0.952821
1950 0.948205
1950 0.933333
1950 0.964615
1950 0.932821
1950 0.997949
1950 0.933333
1950 0.943077
1950 0.968718
1950 0.933333
1950 0.922564
1950 0.958462
1950 0.978974
1950 0.972308
1950 0.950256
1950 0.96
1950 0.970769
1950 0.955385
1950 0.961538
1950 0.99641
1950 0.962564
1950 0.901026
1950 0.993333
1950 0.956923
1950 0.948205
1950 0.96359
1950 0.968718
1950 0.96
1950 0.942564
1950 0.942564
1950 0.918974
1950 0.967692
1950 0.953333
1950 0.983077
1950 0.949231
1950 0.918974
1950 0.910769
1950 0.962564
1950 0.971282
1950 0.901026
1950 0.960513
1950 0.981026
1950 0.96359
1950 0.952308
1950 0.984615
1950 0.971795
2000 0.9925
2000 0.997
2000 0.9975
2000 0.9255
2000 0.881
2000 0.9365
2000 0.9935
2000 0.9385
2000 0.9445
2000 0.94
2000 0.997
2000 0.989
2000 0.9515
2000 0.942
2000 0.969
2000 0.931
2000 0.9845
2000 0.987
2000 0.904
2000 0.9515
2000 0.9855
2000 0.9355
2000 0.9925
2000 0.905
2000 0.992
2000 0.9985
2000 0.969
2000 0.9235
2000 0.9745
2000 0.9445
2000 0.962
2000 0.9735
2000 0.9705
2000 0.9215
2000 0.951
2000 0.99
2000 0.973
2000 0.9735
2000 0.9655
2000 0.9405
2000 0.9345
2000 0.928
2000 0.989
2000 0.9505
2000 0.9915
2000 0.942
2000 0.9815
2000 0.9325
2000 0.9205
2000 0.9785
2000 0.9465
2000 0.9225
2000 0.901
2000 0.9615
2000 0.9465
2000 0.955
2000 0.9685
2000 0.9365
2000 0.9395
2000 0.942
2000 0.991
2000 0.9525
2000 0.998
2000 0.9795
2000 0.986
2000 0.9505
2000 0.999
2000 0.982
2000 0.9275
2000 0.994
2000 0.9065
2000 0.9905
2000 0.9745
2000 0.933
2000 0.941
