50 0.04
50 0.5
50 0.1
50 0.56
50 0.26
50 0.18
50 0.32
50 0.5
50 0.02
50 0.22
50 0.04
50 0
50 0.02
50 0.12
50 0.16
50 0.2
50 0.4
50 0.1
50 0.16
50 0.02
50 0.16
50 0.12
50 0.38
50 0
50 0.2
50 0.64
50 0.3
50 0.32
50 0.36
50 0.12
50 0.4
50 0.06
50 0
50 0.1
50 0.1
50 0.1
50 0.2
50 0.7
50 0.32
50 0
50 0
50 0.06
50 0.1
50 0.16
50 0.56
50 0.4
50 0.18
50 0.88
50 0.42
50 0.3
50 0.48
50 0.04
50 0.02
50 0.4
50 0.32
50 0.14
50 0.44
50 0
50 0.1
50 0
50 0.18
50 0.32
50 0.34
50 0
50 0.4
50 0.26
50 0.1
50 0
50 0.54
50 0.1
50 0.08
50 0.36
50 0.28
50 0.46
50 0.12
100 0.23
100 0.35
100 0.43
100 0.69
100 0.75
100 0.78
100 0.45
100 0.83
100 0.17
100 0.34
100 0.86
100 0.8
100 0.27
100 0.33
100 0.95
100 0.51
100 0.64
100 0.5
100 0.51
100 0.72
100 0.59
100 0.67
100 0.19
100 0.8
100 0.56
100 0.58
100 0.28
100 0.57
100 0.82
100 0.57
100 0.74
100 0.47
100 0.27
100 0.77
100 0.81
100 0.54
100 0.71
100 0.59
100 0.13
100 0.55
100 0.51
100 0.14
100 0.35
100 0.88
100 0.8
100 0.72
100 0.43
100 0.65
100 0.76
100 0.51
100 0.16
100 0.36
100 0.08
100 0.62
100 0.51
100 0.94
100 0.84
100 0.83
100 0.82
100 0.83
100 0.73
100 0.34
100 0.48
100 0.48
100 0.06
100 0.12
100 0.64
100 0.13
100 0.68
100 0.72
100 0.05
100 0.64
100 0.53
100 0.08
100 0.9
150 0.573333
150 0.64
150 0.806667
150 0.866667
150 0.58
150 0.906667
150 0.853333
150 0.76
150 0.86
150 0.913333
150 0.8
150 0.7
150 0.5
150 0.54
150 0.726667
150 0.72
150 0.673333
150 0.686667
150 0.686667
150 0.886667
150 0.846667
150 0.853333
150 0.673333
150 0.58
150 0.913333
150 0.76
150 0.766667
150 0.806667
150 0.913333
150 0.766667
150 0.793333
150 0.8
150 0.846667
150 0.946667
150 0.693333
150 0.566667
150 0.54
150 0.6
150 0.5
150 0.873333
150 0.906667
150 0.406667
150 0.353333
150 0.5
150 0.273333
150 0.86
150 0.853333
150 0.806667
150 0.8
150 0.353333
150 0.726667
150 0.493333
150 0.746667
150 0.793333
150 0.793333
150 0.72
150 0.766667
150 0.8
150 0.366667
150 0.686667
150 0.826667
150 0.773333
150 0.926667
150 0.713333
150 0.846667
150 0.733333
150 0.906667
150 0.26
150 0.94
150 0.433333
150 0.753333
150 0.466667
150 0.726667
150 0.733333
150 0.78
200 0.645
200 0.415
200 0.97
200 0.84
200 0.725
200 0.855
200 0.64
200 0.885
200 0.755
200 0.87
200 0.84
200 0.59
200 0.795
200 0.85
200 0.645
200 0.73
200 0.835
200 0.87
200 0.865
200 0.85
200 0.805
200 0.935
200 0.655
200 0.875
200 0.85
200 0.665
200 0.945
200 0.835
200 0.715
200 0.825
200 0.72
200 0.88
200 0.75
200 0.87
200 0.66
200 0.91
200 0.345
200 0.695
200 0.845
200 0.485
200 0.68
200 0.91
200 0.65
200 0.655
200 0.905
200 0.76
200 0.825
200 0.77
200 0.795
200 0.785
200 0.13
200 0.865
200 0.835
200 0.71
200 0.84
200 0.885
200 0.9
200 0.675
200 0.865
200 0.655
200 0.335
200 0.695
200 0.96
200 0.82
200 0.755
200 0.68
200 0.65
200 0.775
200 0.905
200 0.87
200 0.88
200 0.45
200 0.875
200 0.89
200 0.805
250 0.816
250 0.916
250 0.892
250 0.78
250 0.9
250 0.928
250 0.852
250 0.932
250 0.856
250 0.792
250 0.88
250 0.88
250 0.932
250 0.984
250 0.92
250 0.956
250 0.908
250 0.548
250 0.836
250 0.956
250 0.908
250 0.848
250 0.744
250 0.792
250 0.952
250 0.948
250 0.836
250 0.98
250 0.708
250 0.868
250 0.756
250 0.9
250 0.948
250 0.8
250 0.788
250 0.68
250 0.904
250 0.728
250 0.92
250 0.772
250 0.696
250 0.884
250 0.94
250 0.484
250 0.884
250 0.904
250 0.972
250 0.604
250 0.936
250 0.908
250 0.912
250 0.648
250 0.74
250 0.792
250 0.896
250 0.916
250 0.864
250 0.66
250 0.9
250 0.952
250 0.912
250 0.86
250 0.892
250 0.832
250 0.816
250 0.768
250 0.836
250 0.924
250 0.848
250 0.928
250 0.808
250 0.56
250 0.872
250 0.948
250 0.828
300 0.82
300 0.91
300 0.75
300 0.933333
300 0.693333
300 0.693333
300 0.876667
300 0.93
300 0.903333
300 0.883333
300 0.95
300 0.843333
300 0.776667
300 0.876667
300 0.913333
300 0.69
300 0.873333
300 0.846667
300 0.896667
300 0.9
300 0.893333
300 0.85
300 0.866667
300 0.963333
300 0.953333
300 0.886667
300 0.9
300 0.853333
300 0.866667
300 0.93
300 0.826667
300 0.816667
300 0.586667
300 0.84
300 0.863333
300 0.94
300 0.923333
300 0.97
300 0.953333
300 0.966667
300 0.93
300 0.87
300 0.98
300 0.846667
300 0.746667
300 0.756667
300 0.816667
300 0.876667
300 0.453333
300 0.936667
300 0.656667
300 0.92
300 0.723333
300 0.75
300 0.896667
300 0.903333
300 0.92
300 0.86
300 0.863333
300 0.903333
300 0.906667
300 0.82
300 0.886667
300 0.763333
300 0.963333
300 0.913333
300 0.92
300 0.86
300 0.88
300 0.953333
300 0.903333
300 0.88
300 0.843333
300 0.88
300 0.846667
350 0.908571
350 0.948571
350 0.934286
350 0.817143
350 0.982857
350 0.594286
350 0.828571
350 0.837143
350 0.965714
350 0.94
350 0.842857
350 0.777143
350 0.971429
350 0.94
350 0.962857
350 0.837143
350 0.931429
350 0.882857
350 0.788571
350 0.822857
350 0.945714
350 0.731429
350 0.948571
350 0.931429
350 0.908571
350 0.922857
350 0.988571
350 0.848571
350 0.897143
350 0.825714
350 0.742857
350 0.977143
350 0.888571
350 0.948571
350 0.868571
350 0.977143
350 0.934286
350 0.617143
350 0.917143
350 0.851429
350 0.865714
350 0.92
350 0.931429
350 0.925714
350 0.94
350 0.962857
350 0.885714
350 0.965714
350 0.782857
350 0.931429
350 0.868571
350 0.925714
350 0.991429
350 0.851429
350 0.822857
350 0.948571
350 0.891429
350 0.828571
350 0.92
350 0.942857
350 0.908571
350 0.848571
350 0.934286
350 0.848571
350 0.728571
350 0.9
350 0.948571
350 0.831429
350 0.908571
350 0.874286
350 0.92
350 0.951429
350 0.937143
350 0.877143
350 0.874286
400 0.915
400 0.835
400 0.915
400 0.91
400 0.7875
400 0.9075
400 0.8925
400 0.6475
400 0.885
400 0.9975
400 0.8975
400 0.915
400 0.8775
400 0.78
400 0.915
400 0.845
400 0.8675
400 0.55
400 0.9175
400 0.955
400 0.805
400 0.9325
400 0.9225
400 0.8575
400 0.9825
400 0.955
400 0.9125
400 0.7225
400 0.84
400 0.92
400 0.96
400 0.7975
400 0.8975
400 0.9775
400 0.975
400 0.97
400 0.8175
400 0.7
400 0.9375
400 0.975
400 0.93
400 0.9025
400 0.8725
400 0.93
400 0.8875
400 0.9325
400 0.9325
400 0.8325
400 0.935
400 0.935
400 0.96
400 0.8625
400 0.9475
400 0.8925
400 0.8875
400 0.9225
400 0.92
400 0.9625
400 0.935
400 0.99
400 0.885
400 0.86
400 0.845
400 0.975
400 0.895
400 0.92
400 0.8975
400 0.92
400 0.9
400 0.8975
400 0.925
400 0.8675
400 0.885
400 0.9425
400 0.855
450 0.96
450 0.982222
450 0.968889
450 0.96
450 0.851111
450 0.913333
450 0.993333
450 0.951111
450 0.864444
450 0.893333
450 0.951111
450 0.86
450 0.897778
450 0.937778
450 0.715556
450 0.902222
450 0.948889
450 0.864444
450 0.8
450 0.897778
450 0.933333
450 0.697778
450 0.853333
450 0.986667
450 0.886667
450 0.68
450 0.96
450 0.882222
450 0.897778
450 0.624444
450 0.913333
450 0.924444
450 0.888889
450 0.806667
450 0.871111
450 0.855556
450 0.875556
450 0.922222
450 0.966667
450 0.935556
450 0.984444
450 0.828889
450 0.777778
450 0.951111
450 0.868889
450 0.886667
450 0.917778
450 0.946667
450 0.924444
450 0.962222
450 0.937778
450 0.991111
450 0.886667
450 0.893333
450 0.884444
450 0.948889
450 0.851111
450 0.966667
450 0.908889
450 0.966667
450 0.768889
450 0.895556
450 0.922222
450 0.951111
450 0.9
450 0.886667
450 0.891111
450 0.786667
450 0.733333
450 0.935556
450 0.882222
450 0.82
450 0.884444
450 0.795556
450 0.706667
500 0.846
500 0.874
500 0.93
500 0.94
500 0.75
500 0.978
500 0.906
500 0.948
500 0.83
500 0.926
500 0.908
500 0.832
500 0.848
500 0.876
500 0.92
500 0.894
500 0.982
500 0.934
500 0.926
500 0.862
500 0.932
500 0.918
500 0.876
500 0.952
500 0.858
500 0.85
500 0.936
500 0.962
500 0.968
500 0.89
500 0.9
500 0.86
500 0.838
500 0.906
500 0.896
500 0.874
500 0.918
500 0.916
500 0.912
500 0.932
500 0.986
500 0.898
500 0.96
500 0.902
500 0.966
500 0.904
500 0.96
500 0.964
500 0.99
500 0.958
500 0.898
500 0.942
500 0.834
500 0.892
500 0.958
500 0.916
500 0.936
500 0.994
500 0.98
500 0.998
500 0.876
500 0.914
500 0.938
500 0.908
500 0.988
500 0.838
500 0.876
500 0.966
500 0.972
500 0.99
500 0.934
500 0.978
500 0.904
500 0.958
500 0.928
550 0.789091
550 0.909091
550 0.903636
550 0.852727
550 0.96
550 0.952727
550 0.94
550 0.898182
550 0.934545
550 0.961818
550 0.925455
550 0.949091
550 0.789091
550 0.934545
550 0.972727
550 0.94
550 0.823636
550 0.892727
550 0.945455
550 0.954545
550 0.952727
550 0.830909
550 0.9
550 0.890909
550 0.943636
550 0.947273
550 0.84
550 0.870909
550 0.881818
550 0.812727
550 0.963636
550 0.938182
550 0.947273
550 0
550 0.874545
550 0.932727
550 0.874545
550 0.925455
550 0.945455
550 0.96
550 0.943636
550 0.910909
550 0.852727
550 0.812727
550 0.892727
550 0.954545
550 0.961818
550 0.936364
550 0.989091
550 0.912727
550 0.970909
550 0.887273
550 0.892727
550 0.934545
550 0.849091
550 0.938182
550 0.96
550 0.821818
550 0.961818
550 0.723636
550 0.916364
550 0.927273
550 0.927273
550 0.961818
550 0.921818
550 0.905455
550 0.9
550 0.918182
550 0.932727
550 0.885455
550 0.910909
550 0.852727
550 0.992727
550 0.961818
550 0.923636
600 0.903333
600 0.918333
600 0.893333
600 0.858333
600 0.968333
600 0.956667
600 0.945
600 0.915
600 0.903333
600 0.916667
600 0.94
600 0.945
600 0.883333
600 0.906667
600 0.93
600 0.92
600 0.963333
600 0.905
600 0.933333
600 0.936667
600 1
600 0.876667
600 0.878333
600 0.926667
600 0.851667
600 0.9
600 0.92
600 0.983333
600 0.843333
600 0.996667
600 0.91
600 0.945
600 0.94
600 0.955
600 0.988333
600 0.88
600 0.958333
600 0.881667
600 0.846667
600 0.956667
600 0.7
600 0.89
600 0.943333
600 0.923333
600 0.966667
600 0.906667
600 0.945
600 0.861667
600 0.88
600 0.843333
600 0.998333
600 0.75
600 0.968333
600 0.95
600 0.99
600 0.935
600 0.915
600 0.913333
600 0.955
600 0.97
600 0.896667
600 0.978333
600 0.843333
600 0.943333
600 0.866667
600 0.815
600 0.985
600 0.918333
600 0.993333
600 0.905
600 0.928333
600 0.88
600 0.94
600 0.975
600 0.821667
650 0.92
650 0.832308
650 0.946154
650 0.858462
650 0.901538
650 0.907692
650 0.867692
650 0.995385
650 0.867692
650 0.94
650 0.878462
650 0.967692
650 0.96
650 0.898462
650 0.950769
650 0.907692
650 0.943077
650 0.773846
650 0.932308
650 0.929231
650 0.747692
650 0.812308
650 0.941538
650 0.893846
650 0.763077
650 0.853846
650 0.898462
650 0.967692
650 0.947692
650 0.969231
650 0.876923
650 0.993846
650 0.9
650 0.98
650 0.932308
650 0.932308
650 0.796923
650 0.958462
650 0.804615
650 0.998462
650 0.952308
650 0.92
650 0.864615
650 0.963077
650 0.864615
650 0.987692
650 0.915385
650 0.850769
650 0.832308
650 0.926154
650 0.887692
650 0.887692
650 0.956923
650 0.930769
650 0.923077
650 0.973846
650 0.9
650 0.972308
650 0.970769
650 0.933846
650 0.923077
650 0.886154
650 0.930769
650 0.963077
650 0.867692
650 0.878462
650 0.929231
650 0.958462
650 0.915385
650 0.88
650 0.946154
650 0.981538
650 0.921538
650 0.946154
650 0.983077
700 0.941429
700 0.865714
700 0.954286
700 0.964286
700 0.968571
700 0.967143
700 0.824286
700 0.941429
700 0.978571
700 0.957143
700 0.897143
700 0.904286
700 0.982857
700 0.888571
700 0.834286
700 0.927143
700 0.867143
700 0.91
700 0.941429
700 0.852857
700 0.942857
700 0.995714
700 0.944286
700 0.93
700 0.962857
700 0.937143
700 0.915714
700 0.862857
700 0.948571
700 0.965714
700 0.867143
700 0.92
700 0.941429
700 0.92
700 0.865714
700 0.958571
700 0.974286
700 0.932857
700 0.911429
700 0.94
700 0.918571
700 0.987143
700 0.94
700 0.964286
700 0.761429
700 0.982857
700 0.871429
700 0.957143
700 0.911429
700 0.938571
700 0.888571
700 0.99
700 0.914286
700 0.907143
700 0.828571
700 0.905714
700 0.937143
700 0.885714
700 0.882857
700 0.848571
700 0.827143
700 0.98
700 0.934286
700 0.807143
700 0.947143
700 0.948571
700 0.884286
700 0.964286
700 0.845714
700 0.907143
700 0.932857
700 0.948571
700 0.954286
700 0.86
700 0.971429
750 0.910667
750 0.909333
750 0.970667
750 0.953333
750 0.934667
750 0.961333
750 0.953333
750 0.869333
750 0.942667
750 0.88
750 0.757333
750 0.922667
750 0.966667
750 0.956
750 0.988
750 0.929333
750 0.909333
750 0.881333
750 0.964
750 0.957333
750 0.964
750 0.977333
750 0.812
750 0.918667
750 0.949333
750 0.936
750 0.973333
750 0.977333
750 0.916
750 0.966667
750 0.905333
750 0.94
750 0.928
750 0.908
750 0.966667
750 0.84
750 0.828
750 0.885333
750 0.945333
750 0.956
750 0.98
750 0.813333
750 0.961333
750 0.973333
750 0.952
750 0.949333
750 0.970667
750 0.946667
750 0.992
750 0.828
750 0.972
750 0.969333
750 0.924
750 0.982667
750 0.909333
750 0.921333
750 0.978667
750 0.897333
750 0.961333
750 0.914667
750 0.930667
750 0.892
750 0.934667
750 0.872
750 0.905333
750 0.933333
750 0.929333
750 0.945333
750 1
750 0.976
750 0.921333
750 0.948
750 0.957333
750 0.932
750 0.981333
800 0.97625
800 0.79875
800 0.9775
800 0.91375
800 0.94625
800 0.9225
800 0.83125
800 0.90125
800 0.93875
800 0.93
800 0.87875
800 0.93
800 0.96125
800 0.965
800 0.9825
800 0.9175
800 0.9575
800 0.86625
800 0.8775
800 0.9175
800 0.91125
800 0.93125
800 0.905
800 0.92
800 0.97375
800 0.9775
800 0.895
800 0.93375
800 0.96625
800 0.9325
800 0.935
800 0.99375
800 0.94
800 0.9325
800 0.975
800 0.91625
800 0.94875
800 0.98125
800 0.95625
800 0.93875
800 0.93
800 0.9375
800 0.94
800 0.83625
800 0.91
800 0.9575
800 0.96375
800 0.9025
800 0.95625
800 0.90125
800 0.77875
800 0.89375
800 0.95625
800 0.94125
800 0.88375
800 0.93625
800 0.93875
800 0.9575
800 0.94125
800 0.97125
800 0.97125
800 0.95375
800 0.88625
800 0.95
800 0.8875
800 0.94375
800 0.9275
800 0.985
800 0.96375
800 0.98375
800 0.9225
800 0.95875
800 0.86875
800 0.9275
800 0.96
850 0.948235
850 0.888235
850 0.974118
850 0.942353
850 0.969412
850 0.868235
850 0.907059
850 0.942353
850 0.865882
850 0.928235
850 0.868235
850 0.990588
850 0.917647
850 0.962353
850 0.983529
850 0.907059
850 0.96
850 0.990588
850 0.909412
850 0.952941
850 0.954118
850 0.965882
850 0.875294
850 0.901176
850 0.931765
850 0.888235
850 0.961176
850 0.961176
850 0.941176
850 0.934118
850 0.881176
850 0.892941
850 0.988235
850 0.924706
850 0.917647
850 0.936471
850 0.908235
850 0.954118
850 0.908235
850 0.888235
850 0.964706
850 0.978824
850 0.954118
850 0.947059
850 0.934118
850 0.927059
850 0.978824
850 0.942353
850 0.863529
850 0.877647
850 0.908235
850 0.965882
850 0.888235
850 0.995294
850 0.991765
850 0.990588
850 0.927059
850 0.996471
850 0.917647
850 0.994118
850 0.876471
850 0.962353
850 0.934118
850 0.941176
850 0.872941
850 0.947059
850 0.976471
850 0.963529
850 0.961176
850 0.935294
850 0.905882
850 0.883529
850 0.884706
850 0.914118
850 0.861176
900 0.957778
900 0.977778
900 0.972222
900 0.943333
900 0.936667
900 0.983333
900 0.947778
900 0.926667
900 0.936667
900 0.956667
900 0.961111
900 0.953333
900 0.946667
900 0.965556
900 0.995556
900 0.964444
900 0.923333
900 0.962222
900 0.863333
900 0.941111
900 0.955556
900 0.986667
900 0.925556
900 0.955556
900 0.97
900 0.931111
900 0.877778
900 0.921111
900 0.89
900 0.895556
900 0.934444
900 0.915556
900 0.926667
900 0.915556
900 0.882222
900 0.972222
900 0.907778
900 0.963333
900 0.916667
900 0.956667
900 0.704444
900 0.856667
900 0.958889
900 0.817778
900 0.947778
900 0.976667
900 0.932222
900 0.898889
900 0.996667
900 0.986667
900 0.938889
900 0.93
900 0.852222
900 0.891111
900 0.88
900 0.966667
900 0.923333
900 0.974444
900 0.987778
900 0.965556
900 0.975556
900 0.968889
900 0.88
900 0.96
900 0.805556
900 0.937778
900 0.952222
900 0.961111
900 0.952222
900 0.91
900 0.954444
900 0.945556
900 0.936667
900 0.968889
900 0.914444
950 0.922105
950 0.967368
950 0.990526
950 0.949474
950 0.963158
950 0.910526
950 0.978947
950 0.983158
950 0.951579
950 0.902105
950 0.891579
950 0.904211
950 0.891579
950 0.955789
950 0.985263
950 0.945263
950 0.917895
950 0.878947
950 0.948421
950 0.886316
950 0.946316
950 0.876842
950 0.946316
950 0.970526
950 0.996842
950 0.946316
950 0.944211
950 0.951579
950 0.955789
950 0.917895
950 0.936842
950 0.944211
950 0.936842
950 0.961053
950 0.966316
950 0.930526
950 0.937895
950 0.913684
950 0.958947
950 0.883158
950 0.922105
950 0.975789
950 0.898947
950 0.952632
950 0.967368
950 0.854737
950 0.901053
950 0.922105
950 0.946316
950 0.98
950 0.842105
950 0.964211
950 0.986316
950 0.948421
950 0.961053
950 0.897895
950 0.961053
950 0.924211
950 0.916842
950 0.956842
950 0.882105
950 0.897895
950 0.932632
950 0.918947
950 0.976842
950 0.941053
950 0.955789
950 0.96
950 0.935789
950 0.905263
950 0.952632
950 0.857895
950 0.954737
950 0.970526
950 0.94
1000 0.95
1000 0.89
1000 0.939
1000 0.952
1000 0.932
1000 0.897
1000 0.965
1000 0.954
1000 0.967
1000 0.812
1000 0.911
1000 0.934
1000 0.941
1000 0.958
1000 0.905
1000 0.94
1000 0.917
1000 0.963
1000 0.979
1000 0.966
1000 0.945
1000 0.935
1000 0.957
1000 0.96
1000 0.969
1000 0.981
1000 0.893
1000 0.993
1000 0.902
1000 0.937
1000 0.935
1000 0.911
1000 0.949
1000 0.93
1000 0.881
1000 0.944
1000 0.977
1000 0.962
1000 0.92
1000 0.947
1000 0.937
1000 0.942
1000 0.926
1000 0.838
1000 0.967
1000 0.927
1000 0.958
1000 0.92
1000 0.846
1000 0.967
1000 0.923
1000 0.924
1000 0.957
1000 0.969
1000 0.924
1000 0.974
1000 0.934
1000 0.888
1000 0.945
1000 0.925
1000 0.958
1000 0.959
1000 0.977
1000 0.935
1000 0.999
1000 0.888
1000 0.97
1000 0.937
1000 0.898
1000 0.932
1000 0.997
1000 0.958
1000 0.939
1000 0.975
1000 0.915
1050 0.99619
1050 0.913333
1050 0.993333
1050 0.972381
1050 0.752381
1050 0.974286
1050 0.929524
1050 0.986667
1050 0.867619
1050 0.894286
1050 0.920952
1050 0.945714
1050 0.927619
1050 0.922857
1050 0.981905
1050 0.974286
1050 0.954286
1050 0.96381
1050 0.981905
1050 0.974286
1050 0.881905
1050 0.971429
1050 0.939048
1050 0.920952
1050 0.942857
1050 0.886667
1050 0.985714
1050 0.927619
1050 0.962857
1050 0.961905
1050 0.948571
1050 0.948571
1050 0.95619
1050 0.964762
1050 0.9
1050 0.893333
1050 0.990476
1050 0.981905
1050 0.877143
1050 0.940952
1050 0.965714
1050 0.94381
1050 0.902857
1050 0.94
1050 0.984762
1050 0.982857
1050 0.91619
1050 0.96
1050 0.960952
1050 0.978095
1050 0.902857
1050 0.974286
1050 0.999048
1050 0.882857
1050 0.958095
1050 0.979048
1050 0.962857
1050 0.94381
1050 0.959048
1050 0.97619
1050 0.874286
1050 0.901905
1050 0.947619
1050 0.953333
1050 0.825714
1050 0.860952
1050 0.961905
1050 0.928571
1050 0.960952
1050 0.98381
1050 0.9
1050 0.959048
1050 0.977143
1050 0.973333
1050 1
1100 0.941818
1100 0.906364
1100 0.987273
1100 0.923636
1100 0.919091
1100 0.940909
1100 0.928182
1100 0.888182
1100 0.956364
1100 0.979091
1100 0.952727
1100 0.970909
1100 0.985455
1100 0.968182
1100 0.945455
1100 0.99
1100 0.942727
1100 0.982727
1100 0.976364
1100 0.911818
1100 0.941818
1100 0.924545
1100 0.944545
1100 0.919091
1100 0.904545
1100 0.975455
1100 0.972727
1100 0.933636
1100 0.927273
1100 0.89
1100 0.966364
1100 0.870909
1100 0.956364
1100 0.952727
1100 0.97
1100 0.924545
1100 0.944545
1100 0.993636
1100 0.981818
1100 0.931818
1100 0.843636
1100 0.915455
1100 0.899091
1100 0.960909
1100 0.881818
1100 0.93
1100 0.951818
1100 0.976364
1100 0.960909
1100 0.980909
1100 0.887273
1100 0.925455
1100 0.956364
1100 0.943636
1100 0.810909
1100 0.907273
1100 0.923636
1100 0.923636
1100 0.925455
1100 0.963636
1100 0.918182
1100 0.94
1100 0.961818
1100 0.946364
1100 0.992727
1100 0.961818
1100 0.905455
1100 0.933636
1100 0.974545
1100 0.884545
1100 0.916364
1100 0.969091
1100 0.959091
1100 0.945455
1100 0.824545
1150 0.913913
1150 0.948696
1150 0.931304
1150 0.98087
1150 0.925217
1150 0.925217
1150 0.92087
1150 0.922609
1150 0.970435
1150 0.933043
1150 0.903478
1150 0.928696
1150 0.866087
1150 0.914783
1150 0.972174
1150 0.913043
1150 0.973043
1150 0.815652
1150 0.988696
1150 0.918261
1150 0.933913
1150 0.933913
1150 0.92
1150 0.961739
1150 0.974783
1150 0.941739
1150 0.929565
1150 0.975652
1150 0.96
1150 0.98087
1150 0.983478
1150 0.930435
1150 0.936522
1150 0.886087
1150 0.911304
1150 0.93913
1150 0.946957
1150 0.92087
1150 0.957391
1150 0.948696
1150 0.908696
1150 0.927826
1150 0.904348
1150 0.997391
1150 0.968696
1150 0.834783
1150 0.908696
1150 0.9
1150 0.927826
1150 0.926087
1150 0.967826
1150 0.954783
1150 0.928696
1150 0.91913
1150 0.966087
1150 0.987826
1150 0.951304
1150 0.971304
1150 0.9
1150 0.945217
1150 0.907826
1150 0.891304
1150 0.946957
1150 0.80087
1150 0.975652
1150 0.87913
1150 0.936522
1150 0.97913
1150 0.961739
1150 0.876522
1150 0.94087
1150 0.950435
1150 0.966087
1150 0.966957
1150 0.941739
1200 0.971667
1200 0.936667
1200 0.975833
1200 0.894167
1200 0.939167
1200 0.940833
1200 0.873333
1200 0.959167
1200 0.903333
1200 0.923333
1200 0.9275
1200 0.858333
1200 0.9675
1200 0.955
1200 0.895
1200 0.894167
1200 0.939167
1200 0.9525
1200 0.9625
1200 0.941667
1200 0.988333
1200 0.866667
1200 0.9775
1200 0.9625
1200 0.968333
1200 0.956667
1200 0.825
1200 0.930833
1200 0.980833
1200 0.950833
1200 0.939167
1200 0.846667
1200 0.953333
1200 0.945
1200 0.910833
1200 0.89
1200 0.985833
1200 0.965
1200 0.983333
1200 0.988333
1200 0.975833
1200 0.869167
1200 0.89
1200 0.9475
1200 0.98
1200 0.966667
1200 0.96
1200 0.958333
1200 0.920833
1200 0.91
1200 0.9625
1200 0.936667
1200 0.863333
1200 0.915833
1200 0.96
1200 0.8975
1200 0.95
1200 0.961667
1200 0.91
1200 0.9375
1200 0.9575
1200 0.988333
1200 0.93
1200 0.914167
1200 0.945
1200 0.923333
1200 0.9625
1200 0.93
1200 0.941667
1200 0.956667
1200 0.965
1200 0.835833
1200 0.9575
1200 0.983333
1200 0.9025
1250 0.9904
1250 0.9408
1250 0.9224
1250 0.9768
1250 0.9256
1250 0.9448
1250 0.9776
1250 0.9384
1250 0.9104
1250 0.9376
1250 0.9536
1250 0.94
1250 0.9576
1250 0.9384
1250 0.9088
1250 0.9384
1250 0.948
1250 0.948
1250 0.9208
1250 0.9648
1250 0.8992
1250 0.9584
1250 0.9216
1250 0.9152
1250 0.928
1250 0.9672
1250 0.9072
1250 0.8328
1250 0.9664
1250 0.8608
1250 0.9912
1250 0.928
1250 0.9624
1250 0.9848
1250 0.952
1250 0.964
1250 0.9312
1250 0.952
1250 0.9704
1250 0.928
1250 0.9576
1250 0.9256
1250 0.9768
1250 0.9832
1250 0.9192
1250 0.956
1250 0.9808
1250 0.952
1250 0.9424
1250 0.96
1250 0.968
1250 0.948
1250 0.8808
1250 0.9576
1250 0.9472
1250 0.9736
1250 0.9112
1250 0.948
1250 0.8864
1250 0.9584
1250 0.9256
1250 0.9704
1250 0.9296
1250 0.952
1250 0.9536
1250 0.9744
1250 0.876
1250 0.948
1250 0.9104
1250 0.9424
1250 0.8544
1250 0.9504
1250 0.9488
1250 0.9624
1250 0.9848
1300 0.941538
1300 0.946923
1300 0.917692
1300 0.963846
1300 0.952308
1300 0.94
1300 0.904615
1300 0.936923
1300 0.937692
1300 0.975385
1300 1
1300 0.944615
1300 0.927692
1300 0.970769
1300 0.943846
1300 0.942308
1300 0.94
1300 0.981538
1300 0.91
1300 0.997692
1300 0.989231
1300 0.930769
1300 0.876154
1300 0.963846
1300 0.952308
1300 0.94
1300 0.959231
1300 0.945385
1300 0.929231
1300 0.850769
1300 0.962308
1300 0.999231
1300 0.960769
1300 0.98
1300 0.878462
1300 0.945385
1300 0.967692
1300 0.908462
1300 0.948462
1300 0.942308
1300 0.876923
1300 0.893846
1300 0.994615
1300 0.955385
1300 0.968462
1300 0.910769
1300 0.99
1300 0.903077
1300 0.933077
1300 0.970769
1300 0.997692
1300 0.945385
1300 0.965385
1300 0.898462
1300 0.973846
1300 0.949231
1300 0.964615
1300 0.933077
1300 0.995385
1300 0.921538
1300 0.937692
1300 0.95
1300 0.929231
1300 0.936154
1300 0.983077
1300 0.999231
1300 0.969231
1300 0.931538
1300 0.928462
1300 0.956923
1300 0.968462
1300 0.976154
1300 0.946923
1300 0.990769
1300 0.971538
1350 0.96963
1350 0.98
1350 0.971111
1350 0.960741
1350 0.893333
1350 0.94
1350 0.96963
1350 0.933333
1350 0.932593
1350 0.965926
1350 0.928889
1350 0.95037
1350 0.93037
1350 0.942222
1350 0.973333
1350 0.963704
1350 0.962963
1350 0.92963
1350 0.923704
1350 0.978519
1350 0.971852
1350 0.928148
1350 0.951852
1350 0.954815
1350 0.961481
1350 0.951111
1350 0.942963
1350 0.90963
1350 0.934074
1350 0.952593
1350 0.951111
1350 0.948889
1350 0.94
1350 0.968889
1350 0.947407
1350 0.98
1350 0.872593
1350 0.985926
1350 0.951111
1350 0.961481
1350 0.991111
1350 0.914815
1350 0.954074
1350 0.957037
1350 0.926667
1350 0.927407
1350 0.918519
1350 0.982963
1350 0.974074
1350 0.963704
1350 0.926667
1350 0.938519
1350 0.902963
1350 0.926667
1350 0.89037
1350 0.897778
1350 0.983704
1350 0.963704
1350 0.908889
1350 0.96
1350 0.933333
1350 0.928148
1350 0.960741
1350 0.923704
1350 0.92963
1350 0.938519
1350 0.984444
1350 0.986667
1350 0.936296
1350 0.928889
1350 0.915556
1350 0.920741
1350 0.891852
1350 0.971852
1350 0.893333
1400 0.935
1400 0.977857
1400 0.932143
1400 0.950714
1400 0.924286
1400 0.940714
1400 0.965714
1400 0.966429
1400 0.935
1400 0.86
1400 0.929286
1400 0.972857
1400 0.917143
1400 0.940714
1400 0.925714
1400 0.937143
1400 0.931429
1400 0.95
1400 0.957143
1400 0.971429
1400 0.872857
1400 0.935
1400 0.942857
1400 0.949286
1400 0.902857
1400 0.892857
1400 0.941429
1400 0.968571
1400 0.982143
1400 0.968571
1400 0.952143
1400 0.938571
1400 0.955
1400 0.902143
1400 0.907143
1400 0.923571
1400 0.932857
1400 0.944286
1400 0.904286
1400 0.936429
1400 0.987143
1400 0.98
1400 0.958571
1400 0.984286
1400 0.992857
1400 0.970714
1400 0.922143
1400 0.972857
1400 0.921429
1400 0.99
1400 0.945
1400 0.88
1400 0.999286
1400 0.935
1400 0.952143
1400 0.967857
1400 0.946429
1400 0.950714
1400 0.919286
1400 0.938571
1400 0.967143
1400 0.951429
1400 0.917143
1400 0.974286
1400 0.954286
1400 0.902143
1400 0.952857
1400 0.960714
1400 0.915
1400 0.975
1400 0.921429
1400 0.865714
1400 0.925714
1400 0.987143
1400 0.960714
1450 0.937241
1450 0.948966
1450 0.966897
1450 0.976552
1450 0.955172
1450 0.943448
1450 0.92
1450 0.96069
1450 0.936552
1450 0.962759
1450 0.95931
1450 0.886897
1450 0.944138
1450 0.932414
1450 0.888966
1450 0.956552
1450 0.951034
1450 0.972414
1450 0.927586
1450 0.930345
1450 0.991034
1450 0.91931
1450 0.923448
1450 0.948276
1450 0.873103
1450 0.948966
1450 0.998621
1450 0.934483
1450 0.909655
1450 0.94069
1450 0.92069
1450 0.908276
1450 0.966207
1450 0.957241
1450 0.942069
1450 0.974483
1450 0.972414
1450 0.961379
1450 0.918621
1450 0.96
1450 0.893103
1450 0.916552
1450 0.910345
1450 0.937931
1450 0.954483
1450 0.997241
1450 0.94069
1450 0.92
1450 0.954483
1450 0.976552
1450 0.971034
1450 0.968276
1450 0.962759
1450 0.976552
1450 0.942759
1450 0.934483
1450 0.956552
1450 0.955172
1450 0.931034
1450 0.949655
1450 0.947586
1450 0.966897
1450 0.935172
1450 0.907586
1450 0.922759
1450 0.928966
1450 0.892414
1450 0.944138
1450 0.972414
1450 0.962759
1450 0.938621
1450 0.968966
1450 0.962069
1450 0.922759
1450 0.96069
1500 0.953333
1500 0.914667
1500 0.942667
1500 0.894667
1500 0.969333
1500 0.958667
1500 0.956
1500 0.932
1500 0.902
1500 0.918
1500 0.743333
1500 0.872667
1500 0.898667
1500 0.928
1500 0.928667
1500 0.922
1500 0.951333
1500 0.95
1500 0.945333
1500 0.959333
1500 0.986667
1500 0.923333
1500 0.898
1500 0.960667
1500 0.894
1500 0.918
1500 0.901333
1500 0.971333
1500 0.925333
1500 0.999333
1500 0.924667
1500 0.990667
1500 0.998
1500 0.951333
1500 0.97
1500 0.905333
1500 0.954667
1500 0.846
1500 0.921333
1500 0.958
1500 0.982667
1500 0.880667
1500 0.959333
1500 0.944
1500 0.964
1500 0.938
1500 0.970667
1500 0.974667
1500 0.906667
1500 0.965333
1500 0.980667
1500 0.942667
1500 0.953333
1500 0.956667
1500 0.946667
1500 0.944667
1500 0.896
1500 0.94
1500 0.984
1500 0.893333
1500 0.888
1500 0.954667
1500 0.946
1500 0.994667
1500 0.966667
1500 0.950667
1500 0.958
1500 0.917333
1500 0.983333
1500 0.932667
1500 0.99
1500 0.947333
1500 0.945333
1500 0.865333
1500 0.934667
1550 0.930323
1550 0.960645
1550 0.885806
1550 0.953548
1550 0.985161
1550 0.933548
1550 0.977419
1550 0.895484
1550 0.914839
1550 0.61871
1550 0.943871
1550 0.912258
1550 0.936774
1550 0.978065
1550 0.969032
1550 0.983226
1550 0.934194
1550 0.897419
1550 0.978065
1550 0.954194
1550 0.884516
1550 0.947097
1550 0.910323
1550 0.920645
1550 0.931613
1550 0.961935
1550 0.932258
1550 0.953548
1550 0.968387
1550 0.974194
1550 0.936129
1550 0.975484
1550 0.96
1550 0.972258
1550 0.993548
1550 0.955484
1550 0.983871
1550 0.92129
1550 0.99871
1550 0.967097
1550 0.954194
1550 0.9
1550 0.960645
1550 0.917419
1550 0.929032
1550 0.945806
1550 0.944516
1550 0.943226
1550 0.87871
1550 0.934839
1550 0.98
1550 0.96129
1550 0.936774
1550 0.950968
1550 0.942581
1550 0.963226
1550 0.951613
1550 0.972258
1550 0.940645
1550 0.950968
1550 0.996129
1550 0.967742
1550 0.96129
1550 0.956129
1550 0.965806
1550 0.957419
1550 0.945806
1550 0.895484
1550 0.917419
1550 0.92
1550 0.887742
1550 0.956129
1550 0.964516
1550 0.903871
1550 0.972258
1600 0.863125
1600 0.964375
1600 0.9525
1600 0.956875
1600 0.950625
1600 0.928125
1600 0.968125
1600 0.921875
1600 0.91375
1600 0.975625
1600 0.9525
1600 0.924375
1600 0.98
1600 0.905
1600 0.8875
1600 0.953125
1600 0.92875
1600 0.959375
1600 0.905625
1600 0.970625
1600 0.93375
1600 0.975625
1600 0.96625
1600 0.9025
1600 0.925625
1600 0.943125
1600 0.919375
1600 0.96375
1600 0.934375
1600 0.941875
1600 0.905625
1600 0.94625
1600 0.919375
1600 0.931875
1600 0.96125
1600 0.95375
1600 0.9575
1600 0.978125
1600 0.951875
1600 0.96375
1600 0.97625
1600 0.99625
1600 0.97875
1600 0.914375
1600 0.974375
1600 0.985
1600 0.94125
1600 0.958125
1600 0.908125
1600 0.915
1600 0.9725
1600 0.959375
1600 0.985625
1600 0.899375
1600 0.965625
1600 0.985
1600 0.89875
1600 0.936875
1600 0.966875
1600 0.906875
1600 0.970625
1600 0.914375
1600 0.94875
1600 0.95
1600 0.873125
1600 0.9575
1600 0.96375
1600 0.991875
1600 0.945625
1600 0.935625
1600 0.81
1600 0.934375
1600 0.936875
1600 0.935625
1600 0.865625
1650 0.954545
1650 0.955152
1650 0.896364
1650 0.935758
1650 0.935758
1650 0.955758
1650 0.952727
1650 0.864848
1650 0.937576
1650 0.89697
1650 0.877576
1650 0.933939
1650 0.989697
1650 0.932727
1650 0.915152
1650 0.892727
1650 0.947273
1650 0.972121
1650 0.992121
1650 0.953333
1650 0.929091
1650 0.916364
1650 0.917576
1650 0.912727
1650 0.934545
1650 0.910909
1650 0.986667
1650 0.930303
1650 0.917576
1650 0.884848
1650 0.952727
1650 0.967273
1650 0.929697
1650 0.958182
1650 0.816364
1650 0.936364
1650 0.925455
1650 0.925455
1650 0.995152
1650 0.92
1650 0.949697
1650 0.948485
1650 0.932727
1650 0.990303
1650 0.930909
1650 0.904848
1650 0.950303
1650 0.950909
1650 0.93697
1650 0.958788
1650 0.967879
1650 0.931515
1650 0.915152
1650 0.936364
1650 0.970909
1650 0.970909
1650 0.94
1650 0.976364
1650 0.932727
1650 0.894545
1650 0.977576
1650 0.946061
1650 0.968485
1650 0.889091
1650 0.915758
1650 0.981212
1650 0.953333
1650 0.907273
1650 0.967879
1650 0.984242
1650 0.853333
1650 0.945455
1650 0.976364
1650 0.825455
1650 0.989091
1700 0.929412
1700 0.932353
1700 0.955294
1700 0.967059
1700 0.887059
1700 0.992353
1700 0.937647
1700 0.963529
1700 0.893529
1700 0.96
1700 0.925294
1700 0.96
1700 0.937059
1700 0.931176
1700 0.942941
1700 0.968235
1700 0.94
1700 0.975294
1700 0.894706
1700 0.945882
1700 0.936471
1700 0.986471
1700 0.930588
1700 0.902941
1700 0.929412
1700 0.945882
1700 0.923529
1700 0.967647
1700 0.940588
1700 0.900588
1700 0.921176
1700 0.932353
1700 0.891176
1700 0.950588
1700 0.937647
1700 0.918824
1700 0.948824
1700 0.950588
1700 0.953529
1700 0.898824
1700 0.966471
1700 0.892353
1700 0.997059
1700 0.961176
1700 0.974706
1700 0.971765
1700 0.938824
1700 0.954706
1700 0.984706
1700 0.920588
1700 0.968235
1700 0.92
1700 0.911176
1700 0.907647
1700 0.850588
1700 0.937647
1700 0.97
1700 0.875882
1700 0.954118
1700 0.934706
1700 0.941765
1700 0.851176
1700 0.934118
1700 0.928235
1700 0.961765
1700 0.93
1700 0.929412
1700 0.967647
1700 0.954706
1700 0.971176
1700 0.892941
1700 0.98
1700 0.91
1700 0.992353
1700 0.978824
1750 0.904571
1750 0.914857
1750 0.854286
1750 0.906857
1750 0.910286
1750 0.969714
1750 0.904571
1750 0.914286
1750 0.908
1750 0.945143
1750 1
1750 0.922286
1750 0.892
1750 0.949143
1750 0.902286
1750 0.961714
1750 0.941714
1750 0.98
1750 0.946857
1750 0.96
1750 0.947429
1750 0.966286
1750 0.942286
1750 0.911429
1750 0.878857
1750 0.954286
1750 0.925143
1750 0.963429
1750 0.903429
1750 0.911429
1750 0.942857
1750 0.959429
1750 0.968571
1750 0.977143
1750 0.996571
1750 0.941143
1750 0.984
1750 0.942286
1750 0.892
1750 0.982286
1750 0.991429
1750 0.909143
1750 0.940571
1750 0.905714
1750 0.952
1750 0.942286
1750 0.965714
1750 0.921143
1750 0.984571
1750 0.957143
1750 0.926857
1750 0.966286
1750 0.946286
1750 0.945143
1750 0.951429
1750 0.914857
1750 0.929714
1750 0.946286
1750 0.931429
1750 0.935429
1750 0.952571
1750 0.885714
1750 0.928
1750 0.990857
1750 0.941714
1750 0.945143
1750 0.910857
1750 0.981714
1750 0.958857
1750 0.944571
1750 0.530286
1750 0.965714
1750 0.970857
1750 0.974857
1750 0.870286
1800 0.977222
1800 0.947778
1800 0.905
1800 0.954444
1800 0.932222
1800 0.886667
1800 0.928889
1800 0.947222
1800 0.956111
1800 0.899444
1800 0.979444
1800 0.967222
1800 0.905
1800 0.898889
1800 0.918889
1800 0.947778
1800 0.988333
1800 0.922778
1800 0.926111
1800 0.971667
1800 0.955556
1800 0.947222
1800 0.942778
1800 0.986667
1800 0.918889
1800 0.943333
1800 0.948333
1800 0.955556
1800 0.967222
1800 0.906667
1800 0.936667
1800 0.971667
1800 0.961111
1800 0.965556
1800 0.928333
1800 0.954444
1800 0.856667
1800 0.911111
1800 0.982222
1800 0.93
1800 0.986111
1800 0.956667
1800 0.91
1800 0.981111
1800 0.965
1800 0.975556
1800 0.963889
1800 0.998333
1800 0.982222
1800 0.912778
1800 0.927222
1800 0.929444
1800 0.926111
1800 0.943333
1800 0.952778
1800 0.831111
1800 0.938333
1800 0.924444
1800 0.917222
1800 0.947222
1800 0.914444
1800 0.972222
1800 0.862778
1800 0.960556
1800 0.983333
1800 0.972778
1800 0.941667
1800 0.987222
1800 0.936667
1800 0.932222
1800 0.978889
1800 0.926667
1800 0.919444
1800 0.947778
1800 0.947778
1850 0.913514
1850 0.894054
1850 0.998919
1850 0.960541
1850 0.948649
1850 0.961081
1850 0.935676
1850 0.977838
1850 0.903243
1850 0.907568
1850 0.903243
1850 0.920541
1850 0.983243
1850 0.907568
1850 0.952432
1850 0.951351
1850 0.967568
1850 0.978919
1850 0.966486
1850 0.854054
1850 0.900541
1850 0.999459
1850 0.96
1850 0.862162
1850 0.888108
1850 0.948649
1850 0.991892
1850 0.858378
1850 0.954595
1850 0.946486
1850 0.964324
1850 0.938378
1850 0.923243
1850 0.96
1850 0.937838
1850 0.933514
1850 0.988108
1850 0.994054
1850 0.876757
1850 0.962162
1850 1
1850 0.905946
1850 0.952973
1850 0.967568
1850 0.88973
1850 0.975135
1850 0.892973
1850 0.924865
1850 0.954054
1850 0.960541
1850 0.956216
1850 0.922703
1850 0.928649
1850 0.965405
1850 0.945946
1850 0.953514
1850 0.922703
1850 0.902162
1850 0.96
1850 0.92
1850 0.980541
1850 0.949189
1850 0.935676
1850 0.906486
1850 0.987027
1850 0.923784
1850 0.972973
1850 0.908108
1850 0.931892
1850 0.997297
1850 0.986486
1850 1
1850 0.851351
1850 0.896757
1850 0.978919
1900 0.942632
1900 0.966842
1900 0.987895
1900 0.917368
1900 0.986316
1900 0.927895
1900 0.988947
1900 0.891053
1900 0.997895
1900 0.984211
1900 0.897368
1900 0.889474
1900 0.872632
1900 0.921053
1900 0.931053
1900 0.965263
1900 0.937368
1900 0.943158
1900 0.952632
1900 0.927895
1900 0.948947
1900 0.951579
1900 0.885789
1900 0.928421
1900 0.937368
1900 0.956316
1900 0.838421
1900 0.965263
1900 0.942632
1900 0.918421
1900 0.958421
1900 0.99
1900 0.921579
1900 0.932105
1900 0.957895
1900 0.983684
1900 0.922105
1900 0.967368
1900 0.881579
1900 0.98
1900 0.975789
1900 0.94
1900 0.917368
1900 0.956842
1900 0.891053
1900 0.954211
1900 0.969474
1900 0.902632
1900 0.936842
1900 0.913684
1900 0.933158
1900 0.982632
1900 0.981579
1900 0.9
1900 0.937368
1900 0.996316
1900 0.944737
1900 0.958947
1900 0.909474
1900 0.930526
1900 0.958947
1900 0.96
1900 0.933158
1900 0.938947
1900 0.955263
1900 0.99
1900 0.911053
1900 0.917895
1900 0.964211
1900 0.9
1900 1
1900 0.965263
1900 0.943684
1900 0.957368
1900 0.861053
1950 0.936923
1950 0.974872
1950 0.965641
1950 0.947692
1950 0.913846
1950 0.964103
1950 0.955897
1950 0.931282
1950 0.958462
1950 0.977949
1950 0.949231
1950 0.971795
1950 0.942564
1950 0.912821
1950 0.971795
1950 0.933333
1950 0.918974
1950 0.961026
1950 0.975385
1950 0.946154
1950 0.908205
1950 0.973333
1950 0.929744
1950 0.973846
1950 0.855897
1950 0.953846
1950 0.896923
1950 0.956923
1950 0.893333
1950 0.976923
1950 0.976923
1950 0.945128
1950 0.982564
1950 0.921538
1950 0.970256
1950 0.975385
1950 0.901538
1950 0.968205
1950 0.952308
1950 0.991795
1950 0.968205
1950 0.944103
1950 0.945641
1950 0.957949
1950 0.984615
1950 0.949744
1950 0.975385
1950 0.980513
1950 0.910769
1950 0.959487
1950 0.901538
1950 0.896923
1950 0.958462
1950 0.969231
1950 0.939487
1950 0.970769
1950 0.977436
1950 0.962564
1950 0.908205
1950 0.914872
1950 0.889231
1950 0.982564
1950 0.954872
1950 0.876923
1950 0.918974
1950 0.964103
1950 0.965128
1950 0.922564
1950 0.795897
1950 0.909744
1950 0.966154
1950 0.954872
1950 0.963077
1950 0.959487
1950 0.961026
2000 0.9535
2000 0.967
2000 0.9935
2000 0.927
2000 0.984
2000 0.9525
2000 0.948
2000 0.9635
2000 0.9345
2000 0.9245
2000 0.9455
2000 0.996
2000 0.9715
2000 0.949
2000 0.962
2000 0.944
2000 0.9185
2000 0.959
2000 0.917
2000 0.878
2000 0.978
2000 0.873
2000 0.9545
2000 0.9175
2000 0.9585
2000 0.8975
2000 0.916
2000 0.946
2000 0.9685
2000 0.9405
2000 0.964
2000 0.9255
2000 0.9415
2000 0.9045
2000 0.9915
2000 0.9245
2000 0.965
2000 0.974
2000 0.9815
2000 0.969
2000 0.9815
2000 0.95
2000 0.9185
2000 0.9385
2000 0.9675
2000 0.943
2000 0.8975
2000 0.945
2000 0.965
2000 0.9605
2000 0.988
2000 0.965
2000 0.925
2000 0.958
2000 0.948
2000 0.9485
2000 0.963
2000 0.9545
2000 0.9785
2000 0.9505
2000 0.955
2000 0.9525
2000 0.9105
2000 0.9185
2000 0.954
2000 0.9285
2000 0.9265
2000 0.9725
2000 0.961
2000 0.9565
2000 0.9185
2000 0.9585
2000 0.9865
2000 0.902
2000 0.9545
