50 0.14
50 0.5
50 0.02
50 0.18
50 0.26
50 0.18
50 0.8
50 0.54
50 0.02
50 0.22
50 0.12
50 0.06
50 0.02
50 0.28
50 0
50 0.06
50 0.08
50 0.58
50 0.18
50 0.1
50 0.16
50 0.06
50 0
50 0
50 0.04
50 0.64
50 0.3
50 0.26
50 0.18
50 0.12
50 0
50 0.06
50 0.18
50 0
50 0.1
50 0
50 0.38
50 0.7
50 0.02
50 0
50 0
50 0.2
50 0.14
50 0.16
50 0.26
50 0.4
50 0.18
50 0.7
50 0.4
50 0.28
50 0.48
50 0.16
50 0.06
50 0
50 0.6
50 0.56
50 0.44
50 0.24
50 0
50 0.16
50 0.4
50 0.2
50 0.08
50 0.08
50 0.76
50 0.26
50 0.14
50 0.02
50 0.44
50 0.12
50 0
50 0.56
50 0.52
50 0.76
50 0.1
100 0.3
100 0
100 0.61
100 0.68
100 0.68
100 0.79
100 0.46
100 0.86
100 0.83
100 0.45
100 0.86
100 0.1
100 0.27
100 0.01
100 0.9
100 0.28
100 0.67
100 0.42
100 0.54
100 0.72
100 0.71
100 0.69
100 0.53
100 0.53
100 0.49
100 0.33
100 0
100 0.52
100 0.2
100 0.6
100 0.77
100 0.47
100 0.24
100 0.77
100 0.82
100 0.55
100 0.7
100 0.59
100 0.07
100 0.44
100 0.64
100 0.9
100 0.22
100 0.83
100 0.84
100 0.83
100 0.54
100 0.91
100 0.76
100 0.48
100 0.42
100 0.34
100 0.25
100 0.6
100 0.51
100 0.97
100 0.84
100 0.69
100 0.78
100 0.8
100 0.78
100 0.19
100 0.48
100 0.88
100 0.36
100 0.16
100 0.65
100 0.66
100 0.71
100 0.66
100 0.03
100 0.63
100 0.52
100 0.06
100 0.96
150 0.686667
150 0.6
150 0.746667
150 0.673333
150 0.56
150 0.906667
150 0.746667
150 0.9
150 0.853333
150 0.873333
150 0.973333
150 0.846667
150 0.5
150 0.533333
150 0.72
150 0.7
150 0.973333
150 0.686667
150 0.473333
150 0.826667
150 0.766667
150 0.873333
150 0.64
150 0.306667
150 0.693333
150 0.82
150 0.746667
150 0.813333
150 0.913333
150 0.786667
150 0.76
150 0.753333
150 0.84
150 0.953333
150 0.693333
150 0.566667
150 0.56
150 0.533333
150 0.6
150 0.933333
150 0.913333
150 0.413333
150 0.38
150 0.426667
150 0.286667
150 0.88
150 0.84
150 0.78
150 0.713333
150 0.32
150 0.673333
150 0.593333
150 0.773333
150 0.846667
150 0.76
150 0.726667
150 0.766667
150 0.813333
150 0.433333
150 0.746667
150 0.94
150 0.7
150 0.946667
150 0.74
150 0.88
150 0.76
150 0.873333
150 0.753333
150 0.933333
150 0.566667
150 0.746667
150 0.406667
150 0.726667
150 0.746667
150 0.78
200 0.67
200 0.395
200 0.985
200 0.795
200 0.36
200 0.82
200 0.595
200 0.895
200 0.785
200 0.76
200 0.905
200 0.6
200 0.795
200 0.905
200 0.68
200 0.78
200 0.86
200 0.865
200 0.9
200 0.855
200 0.8
200 0.905
200 0.205
200 0.87
200 0.795
200 0.66
200 0.935
200 0.89
200 0.7
200 0.79
200 0.765
200 0.88
200 0.695
200 0.87
200 0.775
200 0.87
200 0.595
200 0.75
200 0.84
200 0.485
200 0.75
200 0.88
200 0.75
200 0.555
200 0.91
200 0.745
200 0.845
200 0.74
200 0.82
200 0.82
200 0.115
200 0.82
200 0.855
200 0.775
200 0.84
200 0.79
200 0.895
200 0.675
200 0.85
200 0.635
200 0.35
200 0.92
200 0.95
200 0.82
200 0.955
200 0.665
200 0.685
200 0.87
200 0.77
200 0.93
200 0.745
200 0.385
200 0.825
200 0.875
200 0.865
250 0.788
250 0.9
250 0.876
250 0.816
250 0.872
250 0.948
250 0.92
250 0.932
250 0.752
250 0.852
250 0.904
250 0.872
250 0.924
250 0.828
250 0.944
250 0.916
250 0.904
250 0.832
250 0.86
250 0.884
250 0.996
250 0.8
250 0.764
250 0.844
250 0.94
250 0.932
250 0.92
250 0.968
250 0.808
250 0.888
250 0.784
250 0.908
250 0.9
250 0.792
250 0.824
250 0.78
250 0.908
250 0.716
250 0.948
250 0.776
250 0.932
250 0.544
250 0.872
250 0.512
250 0.84
250 0.9
250 0.916
250 0.584
250 0.916
250 0.828
250 0.932
250 0.648
250 0.856
250 0.836
250 0.896
250 0.912
250 0.844
250 0.864
250 0.852
250 0.956
250 0.928
250 0.84
250 0.924
250 0.856
250 0.82
250 0.764
250 0.964
250 0.924
250 0.876
250 0.912
250 0.696
250 0.796
250 0.964
250 0.956
250 0.832
300 0.846667
300 0.956667
300 0.993333
300 0.89
300 0.71
300 0.52
300 0.983333
300 0.896667
300 0.926667
300 0.816667
300 0.91
300 0.83
300 0.883333
300 0.893333
300 0.936667
300 0.893333
300 0.873333
300 0.92
300 0.906667
300 0.863333
300 0.916667
300 0.886667
300 0.866667
300 0.96
300 0.97
300 0.89
300 0.91
300 0.883333
300 0.873333
300 0.95
300 0.823333
300 0.8
300 0.846667
300 0.84
300 0.843333
300 0.953333
300 0.893333
300 0.963333
300 0.956667
300 0.95
300 0.843333
300 0.86
300 0.956667
300 0.783333
300 0.79
300 0.78
300 0.8
300 0.89
300 0.496667
300 1
300 0.676667
300 0.95
300 0.733333
300 0.76
300 0.79
300 0.906667
300 0.976667
300 0.926667
300 0.833333
300 0.89
300 0.91
300 0.816667
300 0.866667
300 0.853333
300 0.813333
300 0.893333
300 0.913333
300 0.9
300 0.896667
300 0.953333
300 0.89
300 0.9
300 0.87
300 0.863333
300 0.843333
350 0.908571
350 0.954286
350 0.885714
350 0.782857
350 0.951429
350 0.654286
350 0.825714
350 0.94
350 0.922857
350 0.982857
350 0.788571
350 0.808571
350 0.86
350 0.971429
350 0.92
350 0.631429
350 0.88
350 0.934286
350 0.788571
350 0.874286
350 1
350 0.774286
350 0.96
350 0.937143
350 0.942857
350 0.934286
350 0.914286
350 0.862857
350 0.897143
350 0.845714
350 0.791429
350 0.988571
350 0.88
350 0.962857
350 0.945714
350 0.902857
350 0.965714
350 0.634286
350 0.862857
350 0.86
350 0.931429
350 0.951429
350 0.902857
350 0.948571
350 0.971429
350 0.905714
350 0.997143
350 0.934286
350 0.885714
350 0.917143
350 0.96
350 0.862857
350 0.982857
350 0.86
350 0.874286
350 0.977143
350 0.937143
350 0.837143
350 0.962857
350 0.871429
350 0.902857
350 0.994286
350 0.937143
350 0.891429
350 0.76
350 0.868571
350 0.94
350 0.951429
350 0.891429
350 0.888571
350 0.965714
350 0.934286
350 0.451429
350 0.9
350 0.865714
400 0.9675
400 0.8175
400 0.9575
400 0.88
400 0.8525
400 0.925
400 0.89
400 0.58
400 0.9625
400 0.9525
400 0.895
400 0.8925
400 0.9575
400 0.855
400 0.915
400 0.8475
400 0.8325
400 0.5975
400 0.9275
400 0.935
400 0.975
400 0.9725
400 0.96
400 0.8025
400 0.9025
400 0.91
400 0.82
400 0.6425
400 0.9
400 0.98
400 0.94
400 0.8625
400 0.8975
400 0.895
400 0.9375
400 0.9675
400 0.8075
400 0.6675
400 0.9225
400 0.9675
400 0.895
400 0.92
400 0.975
400 0.8975
400 0.9225
400 0.985
400 0.9325
400 0.7825
400 0.9525
400 0.93
400 0.9475
400 0.8475
400 0.8775
400 0.87
400 0.87
400 0.9575
400 0.9475
400 0.9575
400 0.965
400 0.8925
400 0.865
400 0.7975
400 0.89
400 0.965
400 0.995
400 0.9475
400 0.8575
400 0.935
400 0.935
400 0.9375
400 0.7925
400 0.865
400 0.91
400 0.9575
400 0.8975
450 0.953333
450 0.977778
450 0.957778
450 0.948889
450 0.824444
450 0.915556
450 0.962222
450 0.913333
450 0.951111
450 0.895556
450 0.937778
450 0.902222
450 0.882222
450 0.946667
450 0.74
450 0.937778
450 0.926667
450 0.906667
450 0.871111
450 0.928889
450 0.886667
450 0.873333
450 1
450 0.986667
450 0.906667
450 0.757778
450 0.96
450 0.708889
450 0.862222
450 0.593333
450 0.955556
450 0.908889
450 0.973333
450 0.98
450 0.877778
450 0.882222
450 0.866667
450 0.942222
450 0.924444
450 0.962222
450 0.971111
450 0.966667
450 0.748889
450 0.984444
450 0.977778
450 0.951111
450 0.944444
450 0.928889
450 0.922222
450 0.995556
450 0.926667
450 0.962222
450 0.922222
450 0.917778
450 1
450 0.944444
450 0.837778
450 0.935556
450 0.926667
450 0.964444
450 0.908889
450 0.873333
450 0.897778
450 0.92
450 0.82
450 0.906667
450 0.906667
450 0.777778
450 0.931111
450 0.94
450 0.855556
450 0.768889
450 0.971111
450 0.866667
450 0.72
500 0.97
500 0.886
500 0.974
500 0.91
500 0.718
500 0.966
500 0.962
500 0.96
500 0.872
500 0.874
500 0.868
500 0.924
500 0.904
500 0.94
500 0.956
500 0.902
500 0.966
500 0.924
500 0.976
500 0.902
500 0.946
500 0.882
500 0.886
500 0.926
500 0.91
500 0.908
500 0.928
500 0.944
500 0.984
500 0.944
500 0.898
500 0.9
500 0.932
500 0.876
500 0.904
500 0.988
500 0.91
500 0.918
500 0.912
500 0.842
500 0.958
500 0.994
500 0.956
500 0.858
500 0.92
500 0.874
500 0.924
500 0.938
500 0.956
500 0.982
500 0.858
500 0.946
500 0.986
500 0.858
500 0.928
500 0.932
500 0.96
500 0.982
500 0.972
500 0.906
500 0.9
500 0.926
500 0.994
500 0.834
500 0.834
500 0.914
500 0.952
500 0.91
500 0.914
500 0.95
500 0.844
500 0.972
500 0.994
500 0.918
500 0.96
550 0.772727
550 0.921818
550 0.938182
550 0.947273
550 0.943636
550 0.958182
550 0.974545
550 0.976364
550 0.9
550 0.998182
550 0.92
550 0.932727
550 0.687273
550 0.932727
550 0.903636
550 0.965455
550 0.832727
550 0.92
550 0.961818
550 0.936364
550 0.92
550 0.841818
550 0.907273
550 0.858182
550 0.938182
550 0.961818
550 0.854545
550 0.858182
550 0.930909
550 0.967273
550 0.9
550 0.883636
550 0.996364
550 0.129091
550 0.778182
550 0.912727
550 0.914545
550 0.909091
550 0.92
550 1
550 0.985455
550 0.890909
550 0.96
550 0.896364
550 0.887273
550 0.947273
550 0.956364
550 0.96
550 0.921818
550 0.910909
550 0.987273
550 0.978182
550 0.961818
550 0.947273
550 0.909091
550 0.970909
550 0.978182
550 0.909091
550 0.932727
550 0.843636
550 0.916364
550 0.905455
550 0.949091
550 0.94
550 0.934545
550 0.958182
550 0.945455
550 0.912727
550 0.927273
550 0.867273
550 0.963636
550 0.892727
550 0.890909
550 0.907273
550 0.956364
600 0.883333
600 0.958333
600 0.985
600 0.801667
600 0.98
600 0.98
600 0.958333
600 0.905
600 0.958333
600 0.913333
600 0.875
600 0.936667
600 0.881667
600 0.931667
600 0.891667
600 0.895
600 0.915
600 0.923333
600 0.956667
600 0.973333
600 0.798333
600 0.898333
600 0.85
600 0.976667
600 0.88
600 0.928333
600 0.913333
600 0.988333
600 0.915
600 0.966667
600 0.876667
600 0.938333
600 0.911667
600 0.903333
600 0.921667
600 0.89
600 0.943333
600 0.903333
600 0.918333
600 0.991667
600 0.858333
600 0.943333
600 0.901667
600 0.903333
600 0.97
600 0.968333
600 0.908333
600 0.81
600 0.905
600 0.925
600 0.986667
600 0.91
600 0.945
600 0.933333
600 0.988333
600 0.91
600 0.941667
600 0.868333
600 0.92
600 0.96
600 0.941667
600 0.94
600 0.971667
600 0.888333
600 0.998333
600 0.953333
600 0.981667
600 0.963333
600 0.938333
600 0.895
600 0.965
600 0.84
600 0.99
600 0.943333
600 0.776667
650 0.986154
650 0.810769
650 0.943077
650 0.975385
650 0.972308
650 0.946154
650 0.915385
650 0.987692
650 0.913846
650 0.970769
650 0.978462
650 0.956923
650 0.950769
650 0.946154
650 0.978462
650 0.892308
650 0.930769
650 0.901538
650 0.950769
650 0.878462
650 0.935385
650 0.916923
650 0.952308
650 0.924615
650 0.853846
650 0.976923
650 0.953846
650 0.981538
650 0.963077
650 0.895385
650 0.881538
650 0.94
650 0.947692
650 0.966154
650 0.909231
650 0.975385
650 0.949231
650 0.992308
650 0.944615
650 0.958462
650 0.952308
650 0.936923
650 0.933846
650 0.963077
650 0.893846
650 0.953846
650 0.972308
650 0.910769
650 0.838462
650 0.932308
650 0.88
650 0.893846
650 0.978462
650 0.964615
650 0.923077
650 0.992308
650 0.889231
650 0.958462
650 0.950769
650 0.901538
650 0.935385
650 0.92
650 0.967692
650 0.884615
650 0.935385
650 0.944615
650 0.944615
650 0.944615
650 0.987692
650 0.967692
650 0.998462
650 0.923077
650 0.970769
650 0.916923
650 0.984615
700 0.95
700 0.921429
700 0.887143
700 0.938571
700 0.965714
700 0.91
700 0.935714
700 0.964286
700 0.958571
700 0.975714
700 0.93
700 0.961429
700 0.97
700 0.942857
700 0.817143
700 0.921429
700 1
700 0.938571
700 0.901429
700 1
700 0.928571
700 0.904286
700 0.944286
700 0.862857
700 0.941429
700 0.93
700 0.95
700 0.904286
700 0.932857
700 0.957143
700 0.977143
700 0.937143
700 0.928571
700 0.914286
700 0.928571
700 0.972857
700 0.972857
700 0.908571
700 0.95
700 0.977143
700 0.954286
700 0.924286
700 0.972857
700 0.951429
700 0.717143
700 0.964286
700 0.921429
700 0.921429
700 0.93
700 0.941429
700 0.844286
700 0.961429
700 0.971429
700 0.94
700 0.81
700 0.91
700 0.951429
700 0.941429
700 0.921429
700 0.91
700 0.851429
700 0.914286
700 0.965714
700 0.711429
700 0.954286
700 0.987143
700 0.988571
700 0.994286
700 0.864286
700 0.881429
700 0.867143
700 0.991429
700 0.9
700 0.907143
700 0.958571
750 0.861333
750 0.989333
750 0.952
750 0.997333
750 0.937333
750 0.936
750 0.862667
750 0.902667
750 0.984
750 0.897333
750 0.804
750 0.965333
750 0.968
750 0.977333
750 0.962667
750 0.956
750 0.937333
750 0.898667
750 0.992
750 0.946667
750 0.978667
750 0.917333
750 0.896
750 0.986667
750 0.934667
750 0.930667
750 0.954667
750 0.926667
750 0.981333
750 0.933333
750 0.937333
750 0.930667
750 0.858667
750 0.921333
750 0.926667
750 0.914667
750 0.850667
750 0.925333
750 0.994667
750 0.812
750 0.976
750 0.722667
750 0.933333
750 0.961333
750 0.974667
750 0.94
750 0.958667
750 0.897333
750 0.981333
750 0.974667
750 0.912
750 0.96
750 0.993333
750 0.953333
750 0.969333
750 0.954667
750 0.961333
750 0.957333
750 0.942667
750 0.889333
750 0.925333
750 0.942667
750 0.898667
750 0.873333
750 0.953333
750 0.922667
750 0.9
750 0.929333
750 0.964
750 0.928
750 0.961333
750 0.965333
750 0.949333
750 0.953333
750 0.913333
800 0.93625
800 0.875
800 0.94875
800 0.98375
800 0.845
800 0.9675
800 0.8475
800 0.8875
800 0.9625
800 0.96625
800 0.88875
800 0.9925
800 0.9725
800 0.87875
800 0.95625
800 0.945
800 0.95625
800 0.97875
800 0.91625
800 0.89
800 0.94625
800 0.945
800 0.99875
800 0.9275
800 0.95875
800 0.91375
800 0.9675
800 0.9275
800 0.97125
800 0.95125
800 0.975
800 0.94875
800 0.96625
800 0.95625
800 0.9925
800 0.95
800 0.91875
800 0.99
800 0.9775
800 0.92
800 0.9575
800 0.96375
800 0.95875
800 0.835
800 0.95125
800 0.98
800 0.97875
800 0.90125
800 0.95
800 0.8975
800 0.9525
800 0.92375
800 0.98375
800 0.89875
800 0.88625
800 0.95
800 0.91125
800 0.935
800 0.95
800 0.9625
800 0.9725
800 0.97625
800 0.82875
800 0.95125
800 0.95375
800 0.93625
800 0.94875
800 0.9575
800 0.8725
800 0.91625
800 0.98875
800 0.95875
800 0.96625
800 1
800 0.95375
850 0.916471
850 0.990588
850 0.884706
850 0.950588
850 0.972941
850 0.924706
850 0.856471
850 0.895294
850 0.847059
850 0.841176
850 0.892941
850 0.976471
850 0.894118
850 0.968235
850 0.998824
850 0.948235
850 0.956471
850 0.990588
850 0.932941
850 0.997647
850 0.925882
850 0.988235
850 0.968235
850 0.916471
850 0.96
850 0.938824
850 0.964706
850 0.964706
850 0.938824
850 0.922353
850 0.948235
850 0.951765
850 0.98
850 0.969412
850 0.952941
850 0.944706
850 0.990588
850 0.941176
850 0.974118
850 0.967059
850 0.894118
850 0.976471
850 0.992941
850 0.971765
850 0.94
850 0.909412
850 0.981176
850 0.985882
850 0.852941
850 0.817647
850 0.948235
850 0.9
850 0.917647
850 0.915294
850 0.965882
850 0.975294
850 0.947059
850 0.962353
850 0.978824
850 0.947059
850 0.892941
850 0.945882
850 0.917647
850 0.948235
850 0.922353
850 0.985882
850 0.987059
850 0.931765
850 0.949412
850 0.94
850 0.976471
850 0.970588
850 0.898824
850 0.955294
850 0.86
900 0.978889
900 0.994444
900 0.962222
900 0.884444
900 0.993333
900 0.933333
900 0.938889
900 0.9
900 0.953333
900 0.972222
900 0.965556
900 0.925556
900 0.98
900 0.976667
900 0.988889
900 0.957778
900 0.978889
900 0.911111
900 0.905556
900 0.948889
900 0.985556
900 0.924444
900 0.898889
900 0.948889
900 0.886667
900 0.868889
900 0.966667
900 0.93
900 0.855556
900 0.924444
900 1
900 0.972222
900 0.966667
900 0.92
900 0.957778
900 0.952222
900 0.932222
900 0.932222
900 0.913333
900 0.961111
900 0.731111
900 0.858889
900 0.986667
900 0.872222
900 0.913333
900 0.951111
900 0.897778
900 0.943333
900 0.934444
900 0.98
900 0.928889
900 0.972222
900 0.89
900 0.945556
900 0.946667
900 0.977778
900 0.931111
900 0.953333
900 0.995556
900 0.968889
900 0.997778
900 0.947778
900 0.955556
900 0.956667
900 0.805556
900 0.958889
900 0.954444
900 0.956667
900 0.972222
900 0.994444
900 0.904444
900 0.941111
900 0.965556
900 0.953333
900 0.941111
950 0.983158
950 0.912632
950 0.991579
950 0.929474
950 0.994737
950 0.973684
950 0.904211
950 0.961053
950 0.942105
950 0.897895
950 0.881053
950 0.944211
950 0.989474
950 0.974737
950 0.984211
950 0.955789
950 0.982105
950 0.910526
950 0.975789
950 0.941053
950 0.913684
950 0.891579
950 0.889474
950 0.969474
950 0.994737
950 0.948421
950 0.912632
950 0.983158
950 0.974737
950 0.951579
950 0.973684
950 0.995789
950 0.94
950 0.98
950 0.978947
950 0.981053
950 0.975789
950 0.926316
950 0.982105
950 0.953684
950 0.921053
950 0.925263
950 0.923158
950 0.953684
950 0.996842
950 0.837895
950 0.949474
950 0.963158
950 0.924211
950 0.987368
950 0.913684
950 0.950526
950 0.951579
950 0.944211
950 0.968421
950 0.932632
950 0.966316
950 0.865263
950 0.977895
950 0.885263
950 0.890526
950 0.941053
950 0.888421
950 0.992632
950 0.946316
950 0.918947
950 0.98
950 0.968421
950 0.857895
950 0.916842
950 0.967368
950 0.881053
950 0.953684
950 0.98
950 0.972632
1000 0.931
1000 0.826
1000 0.952
1000 0.92
1000 0.956
1000 0.9
1000 0.95
1000 0.932
1000 0.975
1000 0.981
1000 0.964
1000 0.923
1000 0.949
1000 0.95
1000 0.952
1000 0.923
1000 0.97
1000 0.95
1000 0.922
1000 0.952
1000 0.921
1000 0.864
1000 0.893
1000 0.964
1000 0.989
1000 0.963
1000 0.934
1000 0.962
1000 0.926
1000 0.963
1000 0.994
1000 0.96
1000 0.958
1000 0.927
1000 0.968
1000 0.956
1000 0.981
1000 0.967
1000 0.945
1000 0.909
1000 0.964
1000 0.961
1000 0.937
1000 0.886
1000 0.996
1000 0.933
1000 0.994
1000 0.999
1000 0.875
1000 0.971
1000 0.995
1000 0.943
1000 0.961
1000 0.9
1000 0.936
1000 0.974
1000 0.93
1000 0.962
1000 0.974
1000 0.991
1000 0.963
1000 0.992
1000 0.952
1000 0.991
1000 0.943
1000 0.956
1000 0.981
1000 0.971
1000 0.904
1000 0.923
1000 0.948
1000 0.956
1000 0.964
1000 0.926
1000 0.982
1050 0.930476
1050 0.993333
1050 0.991429
1050 0.953333
1050 0.735238
1050 0.987619
1050 0.929524
1050 0.975238
1050 0.92381
1050 0.929524
1050 0.914286
1050 0.927619
1050 0.941905
1050 0.980952
1050 0.981905
1050 0.99619
1050 0.951429
1050 0.975238
1050 0.960952
1050 0.926667
1050 0.937143
1050 0.942857
1050 0.90381
1050 0.921905
1050 0.915238
1050 0.835238
1050 0.986667
1050 0.96381
1050 0.959048
1050 0.98381
1050 0.950476
1050 0.969524
1050 0.928571
1050 0.931429
1050 0.942857
1050 0.917143
1050 0.911429
1050 0.944762
1050 0.881905
1050 0.999048
1050 0.917143
1050 0.989524
1050 0.853333
1050 0.939048
1050 0.980952
1050 0.939048
1050 0.981905
1050 0.93619
1050 0.946667
1050 0.952381
1050 0.880952
1050 0.89619
1050 0.981905
1050 0.997143
1050 0.978095
1050 0.909524
1050 0.948571
1050 0.970476
1050 0.99619
1050 0.942857
1050 0.917143
1050 0.927619
1050 0.971429
1050 0.89619
1050 0.949524
1050 0.98
1050 0.969524
1050 0.970476
1050 0.970476
1050 0.932381
1050 0.982857
1050 0.981905
1050 0.948571
1050 0.927619
1050 0.98381
1100 0.897273
1100 0.896364
1100 0.992727
1100 0.997273
1100 0.972727
1100 0.948182
1100 0.904545
1100 0.942727
1100 0.952727
1100 0.979091
1100 0.986364
1100 0.957273
1100 0.931818
1100 0.952727
1100 0.909091
1100 0.965455
1100 0.955455
1100 0.946364
1100 0.971818
1100 0.955455
1100 0.905455
1100 0.94
1100 0.934545
1100 0.906364
1100 0.980909
1100 0.803636
1100 0.940909
1100 0.969091
1100 0.923636
1100 0.867273
1100 0.911818
1100 0.911818
1100 0.999091
1100 0.939091
1100 0.900909
1100 0.958182
1100 0.962727
1100 0.995455
1100 0.961818
1100 0.971818
1100 0.977273
1100 0.978182
1100 0.92
1100 0.961818
1100 0.99
1100 0.984545
1100 0.891818
1100 0.957273
1100 0.939091
1100 0.970909
1100 0.925455
1100 0.987273
1100 0.993636
1100 0.960909
1100 0.868182
1100 0.973636
1100 0.938182
1100 0.93
1100 0.961818
1100 0.989091
1100 0.978182
1100 0.927273
1100 0.932727
1100 0.971818
1100 0.982727
1100 0.895455
1100 0.951818
1100 0.981818
1100 0.932727
1100 0.947273
1100 0.958182
1100 0.912727
1100 0.909091
1100 0.903636
1100 0.82
1150 0.965217
1150 0.897391
1150 0.989565
1150 0.951304
1150 0.98
1150 0.993913
1150 0.946957
1150 0.931304
1150 0.982609
1150 0.971304
1150 0.995652
1150 0.966957
1150 0.989565
1150 0.923478
1150 0.973043
1150 0.986957
1150 0.95913
1150 0.986957
1150 0.928696
1150 0.890435
1150 0.966957
1150 0.95913
1150 0.964348
1150 0.963478
1150 0.966087
1150 0.944348
1150 0.971304
1150 0.936522
1150 0.957391
1150 0.957391
1150 0.973043
1150 0.934783
1150 0.973913
1150 0.938261
1150 0.942609
1150 0.953913
1150 0.988696
1150 0.947826
1150 0.946957
1150 0.946087
1150 0.912174
1150 0.913913
1150 0.966957
1150 0.984348
1150 0.973043
1150 0.829565
1150 0.922609
1150 0.988696
1150 0.943478
1150 0.991304
1150 0.943478
1150 0.927826
1150 0.937391
1150 0.986957
1150 0.942609
1150 0.96087
1150 0.983478
1150 0.971304
1150 0.915652
1150 0.966087
1150 0.927826
1150 0.964348
1150 0.993913
1150 0.767826
1150 0.970435
1150 0.94087
1150 0.953913
1150 0.98
1150 0.945217
1150 0.918261
1150 0.91913
1150 0.97913
1150 0.993043
1150 0.924348
1150 0.911304
1200 0.94
1200 0.956667
1200 0.969167
1200 0.934167
1200 0.9525
1200 0.929167
1200 0.945833
1200 0.911667
1200 0.894167
1200 0.95
1200 0.98
1200 0.878333
1200 0.943333
1200 0.950833
1200 0.955833
1200 0.968333
1200 0.948333
1200 0.929167
1200 0.963333
1200 0.960833
1200 0.9675
1200 0.9325
1200 0.971667
1200 0.935833
1200 0.966667
1200 0.951667
1200 0.964167
1200 0.909167
1200 0.963333
1200 0.9625
1200 0.968333
1200 0.973333
1200 0.945
1200 0.9475
1200 0.9225
1200 0.9725
1200 0.996667
1200 0.985833
1200 0.985833
1200 0.935833
1200 0.954167
1200 0.848333
1200 0.8825
1200 0.880833
1200 0.969167
1200 0.978333
1200 0.926667
1200 0.988333
1200 0.993333
1200 0.949167
1200 0.9625
1200 0.968333
1200 0.983333
1200 0.98
1200 0.926667
1200 0.910833
1200 0.95
1200 0.936667
1200 0.941667
1200 0.963333
1200 0.9625
1200 0.973333
1200 0.9425
1200 0.9575
1200 0.978333
1200 0.981667
1200 0.988333
1200 0.905
1200 0.955
1200 0.93
1200 0.96
1200 0.8875
1200 0.9625
1200 0.9475
1200 0.931667
1250 0.9952
1250 0.9408
1250 0.9528
1250 0.9608
1250 0.9888
1250 0.9608
1250 0.9352
1250 0.9832
1250 0.9192
1250 0.9696
1250 0.9744
1250 0.9696
1250 0.9608
1250 0.9968
1250 0.9464
1250 0.884
1250 0.988
1250 0.9672
1250 0.96
1250 0.928
1250 0.9424
1250 0.9288
1250 0.9408
1250 0.9824
1250 0.9656
1250 0.9496
1250 0.9736
1250 0.9256
1250 0.9496
1250 0.9968
1250 0.9584
1250 0.9232
1250 0.9408
1250 0.964
1250 0.9344
1250 0.984
1250 0.9232
1250 0.9776
1250 0.9952
1250 0.9624
1250 0.988
1250 0.9752
1250 0.9408
1250 0.8728
1250 0.9336
1250 0.9352
1250 0.7712
1250 0.9744
1250 0.9328
1250 0.9648
1250 0.9824
1250 0.9032
1250 0.9312
1250 0.9632
1250 0.992
1250 0.9704
1250 0.9616
1250 0.9784
1250 0.9944
1250 0.9576
1250 0.96
1250 0.9384
1250 0.9448
1250 0.9208
1250 0.9312
1250 0.964
1250 0.9648
1250 0.9736
1250 0.9168
1250 0.9776
1250 0.9216
1250 0.9808
1250 0.9392
1250 0.944
1250 0.9696
1300 0.953846
1300 0.972308
1300 0.997692
1300 0.950769
1300 0.946154
1300 0.95
1300 0.937692
1300 0.957692
1300 0.998462
1300 0.994615
1300 0.896154
1300 0.983846
1300 0.963846
1300 0.897692
1300 0.919231
1300 0.973077
1300 0.929231
1300 0.986154
1300 0.956154
1300 0.939231
1300 0.943846
1300 0.993077
1300 0.888462
1300 0.974615
1300 0.973846
1300 0.953077
1300 0.989231
1300 0.922308
1300 0.969231
1300 0.885385
1300 0.973846
1300 0.961538
1300 0.846923
1300 0.963077
1300 0.984615
1300 0.983077
1300 0.924615
1300 0.99
1300 0.867692
1300 0.956923
1300 0.939231
1300 0.958462
1300 0.948462
1300 0.984615
1300 0.946923
1300 0.916154
1300 0.987692
1300 0.945385
1300 0.932308
1300 0.967692
1300 0.988462
1300 0.926154
1300 0.976154
1300 0.987692
1300 0.996154
1300 0.965385
1300 0.930769
1300 0.905385
1300 0.907692
1300 0.974615
1300 0.933846
1300 0.956154
1300 0.946923
1300 0.910769
1300 0.936154
1300 0.976923
1300 0.947692
1300 0.976154
1300 0.953846
1300 0.941538
1300 0.926154
1300 0.801538
1300 0.95
1300 0.932308
1300 0.994615
1350 0.968889
1350 0.978519
1350 0.968889
1350 0.92963
1350 0.976296
1350 0.959259
1350 0.994815
1350 0.972593
1350 0.940741
1350 0.995556
1350 0.978519
1350 0.959259
1350 0.959259
1350 0.957778
1350 0.940741
1350 0.974815
1350 0.921481
1350 0.92963
1350 0.987407
1350 0.960741
1350 0.922222
1350 0.956296
1350 0.94963
1350 0.954815
1350 0.954074
1350 0.96
1350 0.960741
1350 0.975556
1350 0.956296
1350 0.94963
1350 0.977037
1350 0.941481
1350 0.933333
1350 0.959259
1350 0.972593
1350 0.987407
1350 0.954815
1350 0.997037
1350 0.968889
1350 0.868148
1350 0.977037
1350 0.976296
1350 0.933333
1350 0.948889
1350 0.936296
1350 0.973333
1350 0.896296
1350 0.915556
1350 0.955556
1350 0.985926
1350 0.96
1350 0.997037
1350 0.92
1350 0.92
1350 0.992593
1350 0.96
1350 0.96
1350 0.92963
1350 0.966667
1350 0.92963
1350 0.965185
1350 0.941481
1350 0.971852
1350 0.987407
1350 0.885185
1350 0.945926
1350 0.953333
1350 0.997037
1350 0.928889
1350 0.974074
1350 0.95037
1350 0.940741
1350 0.875556
1350 0.98
1350 0.968889
1350 0.97037
1400 0.931429
1400 0.984286
1400 0.894286
1400 0.99
1400 0.936429
1400 0.976429
1400 0.970714
1400 0.968571
1400 0.936429
1400 0.965
1400 0.962143
1400 0.946429
1400 0.930714
1400 0.991429
1400 0.934286
1400 0.883571
1400 0.918571
1400 0.956429
1400 0.903571
1400 0.955
1400 0.95
1400 0.962143
1400 0.926429
1400 0.955714
1400 0.94
1400 0.909286
1400 0.934286
1400 0.930714
1400 0.948571
1400 0.948571
1400 0.950714
1400 0.967857
1400 0.98
1400 0.961429
1400 0.855714
1400 0.967143
1400 0.946429
1400 0.980714
1400 0.992857
1400 0.908571
1400 0.972857
1400 0.971429
1400 0.973571
1400 0.986429
1400 0.982143
1400 0.927143
1400 0.943571
1400 0.951429
1400 0.955
1400 0.957143
1400 0.963571
1400 0.940714
1400 0.963571
1400 0.938571
1400 0.934286
1400 0.94
1400 0.973571
1400 0.912857
1400 0.958571
1400 0.991429
1400 0.957857
1400 0.952857
1400 0.920714
1400 0.974286
1400 0.917143
1400 0.994286
1400 0.965
1400 0.941429
1400 0.94
1400 0.936429
1400 0.9
1400 0.839286
1400 0.937857
1400 0.987143
1400 0.964286
1450 0.991724
1450 0.96
1450 0.982069
1450 0.983448
1450 0.984828
1450 0.990345
1450 0.917241
1450 0.995172
1450 0.931034
1450 0.931724
1450 0.933103
1450 0.902069
1450 0.993793
1450 0.953793
1450 0.972414
1450 0.951034
1450 0.926897
1450 0.946897
1450 0.988966
1450 0.982759
1450 0.966207
1450 0.942069
1450 0.92069
1450 0.995172
1450 0.946897
1450 0.955172
1450 0.946207
1450 0.98069
1450 0.942759
1450 0.925517
1450 0.943448
1450 0.962759
1450 0.964828
1450 0.935172
1450 0.974483
1450 0.97931
1450 0.98
1450 0.962069
1450 0.943448
1450 0.963448
1450 0.864828
1450 0.989655
1450 0.970345
1450 0.952414
1450 0.948276
1450 0.984138
1450 0.948966
1450 0.991034
1450 0.910345
1450 0.944138
1450 0.901379
1450 0.970345
1450 0.990345
1450 0.92069
1450 0.951724
1450 0.908276
1450 0.957241
1450 0.90069
1450 0.963448
1450 0.932414
1450 0.896552
1450 0.968966
1450 0.925517
1450 0.968276
1450 0.981379
1450 0.937931
1450 0.944828
1450 0.98069
1450 0.915172
1450 0.991724
1450 0.973793
1450 0.97931
1450 0.946897
1450 0.918621
1450 0.967586
1500 0.976667
1500 0.984667
1500 0.956667
1500 0.93
1500 0.968667
1500 0.960667
1500 0.981333
1500 0.939333
1500 0.886
1500 0.946667
1500 0.708
1500 0.953333
1500 0.998
1500 0.954667
1500 0.934667
1500 0.957333
1500 0.909333
1500 0.959333
1500 0.991333
1500 0.956
1500 0.956667
1500 0.966667
1500 0.930667
1500 0.982667
1500 0.966667
1500 0.933333
1500 0.978
1500 0.967333
1500 0.930667
1500 0.945333
1500 0.950667
1500 0.964
1500 0.942
1500 0.966
1500 0.886667
1500 0.984667
1500 0.965333
1500 0.896
1500 0.934
1500 0.98
1500 0.948667
1500 0.900667
1500 0.918
1500 0.918667
1500 0.968
1500 0.960667
1500 0.980667
1500 0.976667
1500 0.992667
1500 0.929333
1500 0.891333
1500 0.938
1500 0.962
1500 0.908
1500 0.886667
1500 0.982667
1500 0.932
1500 0.995333
1500 0.973333
1500 0.974667
1500 0.971333
1500 0.966
1500 0.967333
1500 0.930667
1500 0.961333
1500 0.979333
1500 0.958667
1500 0.931333
1500 0.895333
1500 0.992
1500 0.977333
1500 0.956667
1500 0.996
1500 0.898
1500 0.925333
1550 0.976129
1550 0.916129
1550 0.966452
1550 0.941935
1550 0.957419
1550 0.967742
1550 0.948387
1550 0.870323
1550 0.989677
1550 0.652903
1550 0.969032
1550 0.936129
1550 0.892258
1550 0.967742
1550 0.970968
1550 0.972903
1550 0.95871
1550 0.992903
1550 0.974194
1550 0.94129
1550 0.950968
1550 0.961935
1550 0.927742
1550 0.979355
1550 0.933548
1550 1
1550 0.961935
1550 0.967097
1550 0.934194
1550 0.977419
1550 0.928387
1550 0.975484
1550 0.970323
1550 0.965806
1550 0.96129
1550 0.930968
1550 0.958065
1550 0.894194
1550 0.949677
1550 0.965161
1550 0.946452
1550 0.963871
1550 0.990323
1550 0.908387
1550 0.96
1550 0.961935
1550 0.910323
1550 0.956129
1550 0.889677
1550 0.961935
1550 0.971613
1550 0.961935
1550 0.989677
1550 0.978065
1550 0.981935
1550 0.894839
1550 0.983226
1550 0.96
1550 0.912258
1550 0.905806
1550 0.894839
1550 0.960645
1550 0.959355
1550 0.954839
1550 0.985161
1550 0.981935
1550 0.916774
1550 0.905806
1550 0.959355
1550 0.936774
1550 0.974839
1550 0.982581
1550 0.967097
1550 0.949032
1550 0.984516
1600 0.91875
1600 0.9175
1600 0.993125
1600 0.931875
1600 0.941875
1600 0.9275
1600 0.965625
1600 0.96875
1600 0.9275
1600 0.9725
1600 0.945
1600 0.989375
1600 1
1600 0.906875
1600 0.959375
1600 0.929375
1600 0.970625
1600 0.93125
1600 0.95375
1600 0.9325
1600 0.98375
1600 0.953125
1600 0.979375
1600 0.96
1600 0.94625
1600 0.98125
1600 0.973125
1600 0.994375
1600 0.94375
1600 0.963125
1600 0.996875
1600 0.975
1600 0.968125
1600 0.990625
1600 0.968125
1600 0.976875
1600 0.97625
1600 0.995
1600 0.95125
1600 0.988125
1600 0.94875
1600 0.97875
1600 0.951875
1600 0.958125
1600 0.9875
1600 0.9675
1600 0.95
1600 0.968125
1600 0.9125
1600 0.966875
1600 0.96375
1600 0.945625
1600 0.96125
1600 0.975625
1600 0.936875
1600 0.98125
1600 0.9725
1600 0.993125
1600 0.90875
1600 0.925625
1600 0.974375
1600 0.985
1600 0.931875
1600 0.9525
1600 0.92125
1600 0.905
1600 0.955
1600 0.894375
1600 0.940625
1600 0.98
1600 0.995625
1600 0.94125
1600 0.93875
1600 0.94875
1600 0.869375
1650 0.988485
1650 0.933333
1650 0.833939
1650 0.996364
1650 0.939394
1650 0.986061
1650 0.973333
1650 0.899394
1650 0.973333
1650 0.967879
1650 0.987273
1650 0.955758
1650 0.989697
1650 0.933333
1650 0.930909
1650 0.999394
1650 0.970909
1650 0.932727
1650 0.972121
1650 0.928485
1650 0.933939
1650 0.964848
1650 0.952121
1650 0.949697
1650 0.901818
1650 0.986061
1650 0.970909
1650 0.938788
1650 0.931515
1650 0.933939
1650 0.971515
1650 0.945455
1650 0.970303
1650 0.973333
1650 0.82
1650 0.964242
1650 0.905455
1650 0.936364
1650 0.905455
1650 0.924242
1650 0.921212
1650 0.941818
1650 0.949091
1650 0.911515
1650 0.964848
1650 0.989091
1650 0.981212
1650 0.949091
1650 0.982424
1650 0.940606
1650 0.96
1650 0.968485
1650 0.981212
1650 0.946667
1650 0.977576
1650 0.960606
1650 0.961818
1650 0.95697
1650 0.881212
1650 0.947273
1650 0.984242
1650 0.990303
1650 0.965455
1650 0.901818
1650 0.910303
1650 0.997576
1650 0.930303
1650 0.989697
1650 0.959394
1650 0.958788
1650 0.833333
1650 0.993939
1650 0.977576
1650 0.861212
1650 0.979394
1700 0.907647
1700 0.974118
1700 0.883529
1700 0.998824
1700 0.95
1700 0.967059
1700 0.978235
1700 0.933529
1700 0.898235
1700 0.865882
1700 0.925882
1700 0.941176
1700 0.943529
1700 0.84
1700 0.967647
1700 0.986471
1700 0.938235
1700 0.964118
1700 0.945882
1700 0.928824
1700 0.978824
1700 0.974118
1700 0.991176
1700 0.880588
1700 0.921765
1700 0.974118
1700 0.965294
1700 0.98
1700 0.941765
1700 0.934706
1700 0.939412
1700 0.934118
1700 0.980588
1700 0.940588
1700 0.96
1700 0.924118
1700 0.977059
1700 0.971176
1700 0.97
1700 0.947647
1700 0.971176
1700 0.885294
1700 0.969412
1700 0.904118
1700 0.978824
1700 0.912941
1700 0.942353
1700 0.975294
1700 0.969412
1700 0.931176
1700 0.970588
1700 0.919412
1700 0.944706
1700 0.927647
1700 0.922353
1700 0.954118
1700 0.95
1700 0.861765
1700 0.932941
1700 0.918824
1700 0.975882
1700 0.951765
1700 0.929412
1700 0.972941
1700 0.971765
1700 0.960588
1700 0.949412
1700 0.939412
1700 0.945294
1700 0.995882
1700 0.985294
1700 0.950588
1700 0.984706
1700 0.988235
1700 0.995294
1750 0.945143
1750 0.918286
1750 0.898286
1750 0.951429
1750 0.976571
1750 0.975429
1750 0.974857
1750 0.884571
1750 0.926857
1750 0.904571
1750 0.962286
1750 0.989143
1750 0.990857
1750 0.920571
1750 0.905714
1750 0.964571
1750 0.96
1750 0.970286
1750 0.968
1750 0.98
1750 0.930286
1750 0.970857
1750 0.953714
1750 0.896
1750 0.94
1750 0.982286
1750 0.957714
1750 0.969143
1750 0.977714
1750 0.972
1750 0.997714
1750 0.981714
1750 0.929714
1750 0.972571
1750 0.964
1750 0.990286
1750 0.916571
1750 0.922286
1750 0.987429
1750 0.962857
1750 0.958857
1750 0.974286
1750 0.994286
1750 0.976
1750 0.966857
1750 0.968571
1750 0.927429
1750 0.916571
1750 0.987429
1750 0.962857
1750 0.949714
1750 0.98
1750 0.885143
1750 0.912571
1750 0.936571
1750 0.978857
1750 0.953714
1750 0.912
1750 0.950286
1750 0.985143
1750 0.961143
1750 0.936
1750 0.997714
1750 0.964
1750 0.952
1750 0.968
1750 0.929143
1750 0.922286
1750 0.944
1750 0.941143
1750 0.530286
1750 0.932571
1750 0.971429
1750 0.904571
1750 0.886286
1800 0.97
1800 0.992778
1800 0.962222
1800 0.953333
1800 0.976667
1800 0.965
1800 0.927778
1800 0.921111
1800 0.997778
1800 0.935
1800 0.97
1800 0.948889
1800 0.922222
1800 0.962222
1800 0.992222
1800 0.963333
1800 0.994444
1800 0.954444
1800 0.918889
1800 0.933333
1800 0.996111
1800 0.901667
1800 0.993333
1800 0.947778
1800 0.995
1800 0.924444
1800 0.976667
1800 0.951111
1800 0.948889
1800 0.976111
1800 0.991111
1800 0.933333
1800 0.917778
1800 0.986111
1800 0.973333
1800 0.981667
1800 0.982778
1800 0.976111
1800 0.984444
1800 0.996667
1800 0.949444
1800 0.932778
1800 0.921111
1800 0.982222
1800 0.945
1800 0.962222
1800 0.953889
1800 0.950556
1800 0.991667
1800 0.936667
1800 0.923889
1800 0.938333
1800 0.932222
1800 0.932222
1800 0.950556
1800 0.991111
1800 0.951667
1800 1
1800 0.96
1800 0.988333
1800 0.970556
1800 0.961667
1800 0.955556
1800 0.953333
1800 0.933333
1800 0.923333
1800 0.969444
1800 0.962778
1800 0.903889
1800 0.962778
1800 0.994444
1800 0.966667
1800 0.967778
1800 0.966667
1800 0.989444
1850 0.975135
1850 0.953514
1850 0.903784
1850 0.947027
1850 0.947568
1850 0.879459
1850 0.983243
1850 0.904865
1850 0.900541
1850 0.95027
1850 0.94
1850 0.935676
1850 0.984865
1850 0.950811
1850 0.965405
1850 0.971892
1850 0.995135
1850 0.96973
1850 0.972973
1850 0.952432
1850 0.930811
1850 0.96
1850 0.938919
1850 0.992973
1850 0.904324
1850 0.922162
1850 0.96
1850 0.931892
1850 0.98
1850 0.957297
1850 0.971892
1850 0.937297
1850 0.991351
1850 0.970811
1850 0.938378
1850 0.987568
1850 0.928649
1850 0.996216
1850 0.967568
1850 0.957838
1850 0.92
1850 0.973514
1850 0.968649
1850 0.978919
1850 0.931892
1850 0.979459
1850 0.996757
1850 0.925405
1850 0.945405
1850 0.968108
1850 0.952973
1850 0.964324
1850 0.947027
1850 0.963243
1850 0.938919
1850 0.924865
1850 0.977297
1850 0.921622
1850 0.983243
1850 0.948649
1850 0.965405
1850 0.963243
1850 0.943243
1850 0.922162
1850 0.932432
1850 0.979459
1850 0.991351
1850 0.915676
1850 0.944865
1850 0.898378
1850 0.954595
1850 0.961622
1850 0.916757
1850 0.9
1850 0.967568
1900 0.944211
1900 0.981579
1900 0.967895
1900 0.907368
1900 0.903158
1900 0.951579
1900 0.939474
1900 0.934737
1900 0.949474
1900 0.943158
1900 0.966842
1900 0.982105
1900 0.959474
1900 0.897895
1900 0.975789
1900 0.954737
1900 0.967895
1900 0.983158
1900 0.911579
1900 0.961579
1900 0.952632
1900 0.934211
1900 0.948421
1900 0.916316
1900 0.995789
1900 0.983158
1900 0.967368
1900 0.968421
1900 0.975789
1900 0.977895
1900 0.979474
1900 0.983684
1900 0.938421
1900 0.954211
1900 0.961053
1900 0.951053
1900 0.963684
1900 0.956842
1900 0.977895
1900 0.968947
1900 0.990526
1900 0.994737
1900 0.944211
1900 0.923684
1900 0.951053
1900 0.988947
1900 0.975263
1900 0.933684
1900 0.912632
1900 0.931053
1900 0.98
1900 0.987368
1900 0.971053
1900 0.888947
1900 0.952105
1900 0.983684
1900 0.932105
1900 0.944737
1900 0.948421
1900 0.931053
1900 0.948947
1900 0.963684
1900 0.925789
1900 0.918421
1900 0.959474
1900 0.909474
1900 0.992105
1900 0.930526
1900 0.944211
1900 0.912632
1900 0.953158
1900 0.965789
1900 0.95
1900 0.969474
1900 0.977368
1950 0.990256
1950 0.972821
1950 0.971282
1950 0.921538
1950 0.953846
1950 0.986667
1950 0.946667
1950 0.941026
1950 0.969744
1950 0.985128
1950 0.944103
1950 0.974359
1950 0.990769
1950 0.784615
1950 0.927692
1950 0.944615
1950 0.894359
1950 0.94359
1950 0.967179
1950 0.958974
1950 0.974359
1950 0.976923
1950 0.966667
1950 0.937436
1950 0.957436
1950 0.992308
1950 0.90359
1950 0.917949
1950 0.94
1950 0.949744
1950 0.990769
1950 0.994359
1950 0.973846
1950 0.970769
1950 0.984615
1950 0.951795
1950 0.871795
1950 0.960513
1950 0.982564
1950 0.990769
1950 0.991795
1950 0.987692
1950 0.984615
1950 0.983077
1950 0.986667
1950 0.968205
1950 0.972821
1950 0.957949
1950 0.972821
1950 0.987692
1950 0.927179
1950 0.939487
1950 0.931282
1950 0.978462
1950 0.98359
1950 0.927692
1950 0.961026
1950 0.978462
1950 0.967179
1950 0.982051
1950 0.963077
1950 0.952308
1950 0.941538
1950 0.96
1950 0.944103
1950 0.961538
1950 0.962051
1950 0.954359
1950 0.951282
1950 0.975385
1950 0.973846
1950 0.953333
1950 0.969231
1950 0.988205
1950 0.987179
2000 0.9635
2000 0.994
2000 0.9375
2000 0.9395
2000 0.955
2000 0.9755
2000 0.941
2000 0.954
2000 0.9145
2000 0.905
2000 0.9585
2000 0.9725
2000 0.988
2000 0.9865
2000 0.9485
2000 0.954
2000 0.953
2000 0.968
2000 0.9915
2000 0.9485
2000 0.971
2000 0.9455
2000 0.9875
2000 0.9855
2000 0.981
2000 0.9555
2000 0.9375
2000 0.9465
2000 0.9955
2000 0.9485
2000 0.9725
2000 0.9675
2000 0.965
2000 0.939
2000 0.9855
2000 0.9895
2000 0.961
2000 0.979
2000 0.9385
2000 0.924
2000 0.995
2000 0.9815
2000 0.994
2000 0.9265
2000 0.989
2000 0.978
2000 0.986
2000 0.9335
2000 0.9875
2000 0.9935
2000 0.9895
2000 0.929
2000 0.968
2000 0.9125
2000 0.996
2000 0.961
2000 0.9355
2000 0.9665
2000 0.9885
2000 0.95
2000 0.962
2000 0.969
2000 0.915
2000 0.9735
2000 0.965
2000 0.948
2000 0.94
2000 0.98
2000 0.9585
2000 0.9595
2000 0.9225
2000 0.977
2000 0.972
2000 0.936
2000 0.9825
