50 0.16
50 0.08
50 0
50 0.14
50 0.24
50 0.18
50 0.44
50 0.48
50 0.06
50 0.3
50 0
50 0.32
50 0.22
50 0.24
50 0
50 0.32
50 0.08
50 0.1
50 0.18
50 0.1
50 0
50 0.1
50 0.16
50 0.16
50 0
50 0.58
50 0
50 0.32
50 0.22
50 0.12
50 0.12
50 0.2
50 0.02
50 0.16
50 0.08
50 0
50 0.48
50 0.4
50 0
50 0.02
50 0.14
50 0.2
50 0.14
50 0
50 0.56
50 0.36
50 0.32
50 0.44
50 0.32
50 0.1
50 0.4
50 0
50 0.2
50 0.16
50 0.46
50 0.06
50 0.34
50 0.14
50 0.16
50 0.06
50 0.4
50 0.3
50 0
50 0.12
50 0
50 0.26
50 0.1
50 0.02
50 0.34
50 0.12
50 0.06
50 0.04
50 0.36
50 0.58
50 0.08
100 0.44
100 0
100 0.3
100 0.21
100 0.63
100 0.09
100 0.49
100 0.43
100 0.25
100 0.56
100 0.47
100 0.21
100 0.14
100 0.39
100 0.9
100 0.19
100 0.23
100 0.59
100 0.4
100 0.64
100 0.68
100 0.24
100 0.37
100 0.52
100 0.57
100 0.29
100 0
100 0.44
100 0.28
100 0.09
100 0.47
100 0.44
100 0.3
100 0.42
100 0.41
100 0.37
100 0.7
100 0.55
100 0.01
100 0.44
100 0.32
100 0.05
100 0.4
100 0.29
100 0.69
100 0.59
100 0.53
100 0.22
100 0.07
100 0.74
100 0.29
100 0.4
100 0.22
100 0.31
100 0.51
100 0.93
100 0.66
100 0.48
100 0.33
100 0.14
100 0.68
100 0.29
100 0.51
100 0.53
100 0.59
100 0.09
100 0.21
100 0.04
100 0.37
100 0.7
100 0.02
100 0.62
100 0.31
100 0.04
100 0.75
150 0.286667
150 0.626667
150 0.726667
150 0.66
150 0.586667
150 0.373333
150 0.6
150 0.38
150 0.666667
150 0.246667
150 0.433333
150 0.553333
150 0.313333
150 0.52
150 0.486667
150 0.653333
150 0.666667
150 0.586667
150 0.32
150 0.526667
150 0.253333
150 0.513333
150 0.593333
150 0.133333
150 0.693333
150 0.0733333
150 0.493333
150 0.506667
150 0.54
150 0.706667
150 0.373333
150 0.54
150 0.586667
150 0.76
150 0.7
150 0.366667
150 0.453333
150 0.546667
150 0.393333
150 0.186667
150 0.48
150 0
150 0.846667
150 0.26
150 0.386667
150 0.293333
150 0.433333
150 0.66
150 0.406667
150 0.3
150 0.56
150 0.46
150 0.446667
150 0.62
150 0.573333
150 0.713333
150 0.306667
150 0.366667
150 0.226667
150 0.54
150 0.813333
150 0.653333
150 0.353333
150 0.22
150 0.76
150 0.266667
150 0.46
150 0.346667
150 0.226667
150 0.36
150 0.5
150 0.653333
150 0.7
150 0.433333
150 0.733333
200 0.305
200 0.535
200 0.585
200 0.575
200 0.315
200 0.53
200 0.415
200 0.495
200 0.48
200 0.555
200 0.86
200 0.775
200 0.74
200 0.715
200 0.65
200 0.675
200 0.705
200 0.57
200 0.575
200 0.615
200 0.67
200 0.43
200 0.32
200 0.5
200 0.51
200 0.63
200 0.825
200 0.39
200 0.48
200 0.575
200 0.505
200 0.61
200 0.5
200 0.275
200 0.185
200 0.655
200 0.42
200 0.595
200 0.42
200 0.155
200 0.42
200 0.535
200 0.62
200 0.56
200 0.625
200 0.595
200 0.37
200 0.46
200 0.71
200 0.64
200 0.55
200 0.675
200 0.305
200 0.38
200 0.455
200 0.395
200 0.425
200 0.18
200 0.635
200 0.375
200 0.615
200 0.825
200 0.815
200 0.525
200 0.62
200 0.57
200 0.26
200 0.665
200 0.515
200 0.775
200 0.73
200 0.405
200 0.51
200 0.85
200 0.39
250 0.624
250 0.84
250 0.536
250 0.76
250 0.788
250 0.256
250 0.808
250 0.296
250 0.328
250 0.816
250 0.536
250 0.696
250 0.656
250 0.616
250 0.7
250 0.748
250 0.696
250 0.52
250 0.804
250 0.736
250 0.752
250 0.576
250 0.468
250 0.52
250 0.892
250 0.744
250 0.484
250 0.628
250 0.352
250 0.652
250 0.392
250 0.384
250 0.372
250 0.276
250 0.348
250 0.656
250 0.616
250 0.78
250 0.552
250 0.12
250 0.484
250 0.404
250 0.352
250 0.536
250 0.5
250 0.692
250 0.744
250 0.584
250 0.772
250 0.232
250 0.128
250 0.48
250 0.232
250 0.644
250 0.628
250 0.392
250 0.748
250 0.364
250 0.244
250 0.452
250 0.496
250 0.756
250 0.608
250 0.588
250 0.8
250 0.468
250 0.748
250 0.48
250 0.68
250 0.78
250 0.624
250 0.452
250 0.764
250 0.428
250 0.752
300 0.793333
300 0.483333
300 0.613333
300 0.633333
300 0.366667
300 0.563333
300 0.53
300 0.68
300 0.36
300 0.663333
300 0.736667
300 0.576667
300 0.586667
300 0.58
300 0.583333
300 0.386667
300 0.266667
300 0.443333
300 0.666667
300 0.8
300 0.32
300 0.29
300 0.853333
300 0.756667
300 0.59
300 0.693333
300 0.65
300 0.353333
300 0.523333
300 0.74
300 0.62
300 0.14
300 0.723333
300 0.51
300 0.676667
300 0.736667
300 0.566667
300 0.646667
300 0.423333
300 0.496667
300 0.876667
300 0.603333
300 0.62
300 0.616667
300 0.43
300 0.62
300 0.646667
300 0.41
300 0.543333
300 0.5
300 0.473333
300 0.68
300 0.496667
300 0.503333
300 0.586667
300 0.423333
300 0.393333
300 0.736667
300 0.803333
300 0.613333
300 0.376667
300 0.753333
300 0.613333
300 0.296667
300 0.646667
300 0.386667
300 0.483333
300 0.726667
300 0.583333
300 0.75
300 0.743333
300 0.433333
300 0.633333
300 0.573333
300 0.723333
350 0.422857
350 0.677143
350 0.788571
350 0.545714
350 0.751429
350 0.411429
350 0.497143
350 0.402857
350 0.8
350 0.562857
350 0.74
350 0.742857
350 0.297143
350 0.294286
350 0.742857
350 0.557143
350 0.494286
350 0.605714
350 0.482857
350 0.64
350 0.725714
350 0.554286
350 0.682857
350 0.797143
350 0.465714
350 0.685714
350 0.805714
350 0.688571
350 0.434286
350 0.711429
350 0.605714
350 0.64
350 0.388571
350 0.654286
350 0.777143
350 0.542857
350 0.742857
350 0.357143
350 0.637143
350 0.74
350 0.442857
350 0.597143
350 0.537143
350 0.691429
350 0.334286
350 0.577143
350 0.248571
350 0.84
350 0.571429
350 0.534286
350 0.388571
350 0.594286
350 0.4
350 0.782857
350 0.682857
350 0.72
350 0.882857
350 0.72
350 0.717143
350 0.531429
350 0.814286
350 0.682857
350 0.751429
350 0.688571
350 0.6
350 0.808571
350 0.428571
350 0.274286
350 0.7
350 0.397143
350 0.62
350 0.417143
350 0.174286
350 0.594286
350 0.631429
400 0.7925
400 0.135
400 0.7575
400 0.52
400 0.7175
400 0.57
400 0.6475
400 0.3525
400 0.7825
400 0.7925
400 0.7275
400 0.5125
400 0.75
400 0.8
400 0.755
400 0.68
400 0.6525
400 0.54
400 0.705
400 0.65
400 0.2175
400 0.7725
400 0.625
400 0.5725
400 0.5225
400 0.4325
400 0.2475
400 0.6725
400 0.58
400 0.6375
400 0.7025
400 0.765
400 0.6375
400 0.785
400 0.6425
400 0.7
400 0.68
400 0.17
400 0.8225
400 0.55
400 0.6125
400 0.53
400 0.525
400 0.5825
400 0.7175
400 0.535
400 0.4775
400 0.555
400 0.7275
400 0.73
400 0.64
400 0.6775
400 0.6275
400 0.4975
400 0.6925
400 0.635
400 0.62
400 0.5975
400 0.4275
400 0.7375
400 0.605
400 0.7575
400 0.5575
400 0.335
400 0.7275
400 0.7425
400 0.5975
400 0.6075
400 0.645
400 0.55
400 0.58
400 0.73
400 0.7725
400 0.7025
400 0.1575
450 0.673333
450 0.557778
450 0.264444
450 0.575556
450 0.557778
450 0.622222
450 0.553333
450 0.424444
450 0.813333
450 0.557778
450 0.666667
450 0.748889
450 0.635556
450 0.722222
450 0.424444
450 0.74
450 0.717778
450 0.824444
450 0.755556
450 0.786667
450 0.671111
450 0.642222
450 0.475556
450 0.7
450 0.615556
450 0.413333
450 0.755556
450 0.522222
450 0.564444
450 0.666667
450 0.48
450 0.724444
450 0.753333
450 0.708889
450 0.308889
450 0.76
450 0.542222
450 0.531111
450 0.355556
450 0.648889
450 0.333333
450 0.404444
450 0.575556
450 0.804444
450 0.688889
450 0.82
450 0.688889
450 0.717778
450 0.588889
450 0.495556
450 0.722222
450 0.755556
450 0.784444
450 0.74
450 0.642222
450 0.586667
450 0.497778
450 0.702222
450 0.297778
450 0.711111
450 0.462222
450 0.311111
450 0.786667
450 0.553333
450 0.453333
450 0.591111
450 0.517778
450 0.784444
450 0.504444
450 0.697778
450 0.371111
450 0.753333
450 0.517778
450 0.502222
450 0.631111
500 0.626
500 0.334
500 0.572
500 0.602
500 0.67
500 0.324
500 0.424
500 0.618
500 0.576
500 0.468
500 0.65
500 0.6
500 0.748
500 0.738
500 0.8
500 0.502
500 0.736
500 0.758
500 0.84
500 0.606
500 0.748
500 0.484
500 0.884
500 0.724
500 0.58
500 0.694
500 0.604
500 0.622
500 0.576
500 0.61
500 0.746
500 0.606
500 0.522
500 0.58
500 0.78
500 0.688
500 0.588
500 0.678
500 0.494
500 0.418
500 0.592
500 0.802
500 0.308
500 0.764
500 0.78
500 0.604
500 0.752
500 0.64
500 0.696
500 0.728
500 0.696
500 0.714
500 0.806
500 0.656
500 0.584
500 0.798
500 0.658
500 0.478
500 0.676
500 0.764
500 0.582
500 0.244
500 0.656
500 0.346
500 0.46
500 0.48
500 0.792
500 0.51
500 0.764
500 0.672
500 0.494
500 0.464
500 0.808
500 0.498
500 0.59
550 0.669091
550 0.36
550 0.736364
550 0.452727
550 0.652727
550 0.28
550 0.850909
550 0.452727
550 0.661818
550 0.498182
550 0.738182
550 0.752727
550 0.216364
550 0.5
550 0.850909
550 0.701818
550 0.38
550 0.741818
550 0.614545
550 0.790909
550 0.570909
550 0.743636
550 0.770909
550 0.641818
550 0.734545
550 0.649091
550 0.821818
550 0.694545
550 0.776364
550 0.672727
550 0.798182
550 0.410909
550 0.647273
550 0.112727
550 0.72
550 0.607273
550 0.354545
550 0.610909
550 0.492727
550 0.781818
550 0.818182
550 0.634545
550 0.483636
550 0.501818
550 0.867273
550 0.714545
550 0.329091
550 0.567273
550 0.687273
550 0.592727
550 0.821818
550 0.769091
550 0.743636
550 0.594545
550 0.658182
550 0.605455
550 0.725455
550 0.701818
550 0.56
550 0.447273
550 0.583636
550 0.521818
550 0.212727
550 0.481818
550 0.589091
550 0.418182
550 0.449091
550 0.454545
550 0.596364
550 0.449091
550 0.470909
550 0.670909
550 0.623636
550 0.694545
550 0.543636
600 0.686667
600 0.735
600 0.513333
600 0.726667
600 0.668333
600 0.7
600 0.451667
600 0.838333
600 0.641667
600 0.678333
600 0.65
600 0.786667
600 0.585
600 0.493333
600 0.388333
600 0.705
600 0.691667
600 0.621667
600 0.643333
600 0.696667
600 0.288333
600 0.516667
600 0.695
600 0.693333
600 0.406667
600 0.798333
600 0.686667
600 0.508333
600 0.556667
600 0.348333
600 0.678333
600 0.548333
600 0.638333
600 0.53
600 0.585
600 0.71
600 0.608333
600 0.438333
600 0.751667
600 0.773333
600 0.69
600 0.701667
600 0.608333
600 0.568333
600 0.825
600 0.578333
600 0.41
600 0.66
600 0.74
600 0.603333
600 0.255
600 0.371667
600 0.486667
600 0.768333
600 0.441667
600 0.78
600 0.298333
600 0.608333
600 0.845
600 0.636667
600 0.766667
600 0.656667
600 0.416667
600 0.538333
600 0.738333
600 0.676667
600 0.613333
600 0.591667
600 0.723333
600 0.566667
600 0.771667
600 0.445
600 0.665
600 0.685
600 0.528333
650 0.670769
650 0.263077
650 0.349231
650 0.770769
650 0.636923
650 0.764615
650 0.706154
650 0.513846
650 0.810769
650 0.7
650 0.567692
650 0.293846
650 0.641538
650 0.646154
650 0.553846
650 0.46
650 0.647692
650 0.555385
650 0.838462
650 0.624615
650 0.663077
650 0.735385
650 0.667692
650 0.786154
650 0.646154
650 0.798462
650 0.576923
650 0.693846
650 0.698462
650 0.661538
650 0.689231
650 0.827692
650 0.743077
650 0.741538
650 0.532308
650 0.655385
650 0.364615
650 0.843077
650 0.721538
650 0.598462
650 0.623077
650 0.636923
650 0.687692
650 0.407692
650 0.653846
650 0.592308
650 0.644615
650 0.6
650 0.763077
650 0.569231
650 0.715385
650 0.638462
650 0.632308
650 0.778462
650 0.638462
650 0.447692
650 0.707692
650 0.58
650 0.341538
650 0.681538
650 0.755385
650 0.716923
650 0.583077
650 0.650769
650 0.673846
650 0.423077
650 0.478462
650 0.403077
650 0.84
650 0.575385
650 0.810769
650 0.333846
650 0.716923
650 0.607692
650 0.566154
700 0.722857
700 0.631429
700 0.511429
700 0.548571
700 0.587143
700 0.482857
700 0.644286
700 0.744286
700 0.791429
700 0.71
700 0.744286
700 0.647143
700 0.794286
700 0.61
700 0.804286
700 0.564286
700 0.572857
700 0.461429
700 0.534286
700 0.642857
700 0.72
700 0.752857
700 0.767143
700 0.557143
700 0.748571
700 0.46
700 0.142857
700 0.661429
700 0.582857
700 0.774286
700 0.762857
700 0.61
700 0.801429
700 0.407143
700 0.705714
700 0.83
700 0.275714
700 0.715714
700 0.614286
700 0.758571
700 0.721429
700 0.38
700 0.811429
700 0.725714
700 0.562857
700 0.712857
700 0.488571
700 0.407143
700 0.687143
700 0.377143
700 0.451429
700 0.744286
700 0.48
700 0.641429
700 0.441429
700 0.784286
700 0.671429
700 0.4
700 0.644286
700 0.705714
700 0.672857
700 0.73
700 0.755714
700 0.668571
700 0.752857
700 0.777143
700 0.704286
700 0.698571
700 0.692857
700 0.178571
700 0.822857
700 0.725714
700 0.65
700 0.705714
700 0.617143
750 0.584
750 0.696
750 0.502667
750 0.458667
750 0.729333
750 0.814667
750 0.564
750 0.42
750 0.661333
750 0.698667
750 0.726667
750 0.432
750 0.713333
750 0.674667
750 0.510667
750 0.693333
750 0.528
750 0.601333
750 0.674667
750 0.868
750 0.728
750 0.566667
750 0.642667
750 0.188
750 0.789333
750 0.754667
750 0.728
750 0.669333
750 0.408
750 0.746667
750 0.525333
750 0.766667
750 0.684
750 0.406667
750 0.642667
750 0.705333
750 0.804
750 0.670667
750 0.58
750 0.578667
750 0.430667
750 0.642667
750 0.792
750 0.618667
750 0.609333
750 0.198667
750 0.741333
750 0.566667
750 0.433333
750 0.538667
750 0.758667
750 0.62
750 0.486667
750 0.645333
750 0.798667
750 0.601333
750 0.438667
750 0.597333
750 0.572
750 0.604
750 0.761333
750 0.770667
750 0.692
750 0.568
750 0.644
750 0.666667
750 0.616
750 0.766667
750 0.673333
750 0.588
750 0.724
750 0.404
750 0.792
750 0.742667
750 0.732
800 0.84
800 0.41
800 0.37625
800 0.69125
800 0.80625
800 0.59875
800 0.54125
800 0.755
800 0.81375
800 0.625
800 0.785
800 0.64625
800 0.555
800 0.56
800 0.8425
800 0.7125
800 0.595
800 0.61625
800 0.65875
800 0.8125
800 0.75875
800 0.71125
800 0.59875
800 0.72375
800 0.5575
800 0.855
800 0.2675
800 0.7775
800 0.645
800 0.4525
800 0.51125
800 0.5
800 0.61875
800 0.71875
800 0.81
800 0.60125
800 0.69
800 0.64
800 0.7025
800 0.81125
800 0.68
800 0.73625
800 0.4575
800 0.55125
800 0.73875
800 0.69
800 0.7
800 0.6225
800 0.48125
800 0.5825
800 0.70125
800 0.68375
800 0.6
800 0.68625
800 0.69375
800 0.4625
800 0.7875
800 0.69375
800 0.7
800 0.65875
800 0.79875
800 0.51625
800 0.48875
800 0.62625
800 0.5775
800 0.67375
800 0.665
800 0.76375
800 0.5775
800 0.77
800 0.60375
800 0.24375
800 0.21375
800 0.4875
800 0.78875
850 0.721176
850 0.615294
850 0.790588
850 0.668235
850 0.707059
850 0.723529
850 0.783529
850 0.684706
850 0.717647
850 0.434118
850 0.675294
850 0.565882
850 0.769412
850 0.630588
850 0.497647
850 0.744706
850 0.732941
850 0.417647
850 0.750588
850 0.711765
850 0.612941
850 0.825882
850 0.695294
850 0.554118
850 0.655294
850 0.72
850 0.738824
850 0.367059
850 0.758824
850 0.725882
850 0.465882
850 0.561176
850 0.836471
850 0.745882
850 0.492941
850 0.72
850 0.637647
850 0.502353
850 0.569412
850 0.530588
850 0.529412
850 0.735294
850 0.632941
850 0.743529
850 0.738824
850 0.775294
850 0.215294
850 0.796471
850 0.524706
850 0.732941
850 0.743529
850 0.668235
850 0.817647
850 0.683529
850 0.664706
850 0.76
850 0.687059
850 0.382353
850 0.743529
850 0.830588
850 0.414118
850 0.808235
850 0.763529
850 0.72
850 0.649412
850 0.777647
850 0.632941
850 0.596471
850 0.78
850 0.592941
850 0.715294
850 0.744706
850 0.707059
850 0.772941
850 0.457647
900 0.542222
900 0.726667
900 0.548889
900 0.713333
900 0.765556
900 0.834444
900 0.618889
900 0.58
900 0.651111
900 0.753333
900 0.56
900 0.797778
900 0.351111
900 0.58
900 0.667778
900 0.695556
900 0.592222
900 0.767778
900 0.358889
900 0.787778
900 0.791111
900 0.781111
900 0.624444
900 0.625556
900 0.767778
900 0.74
900 0.448889
900 0.533333
900 0.514444
900 0.7
900 0.59
900 0.67
900 0.735556
900 0.5
900 0.335556
900 0.612222
900 0.864444
900 0.426667
900 0.465556
900 0.494444
900 0.716667
900 0.326667
900 0.611111
900 0.448889
900 0.725556
900 0.635556
900 0.588889
900 0.668889
900 0.613333
900 0.754444
900 0.422222
900 0.477778
900 0.512222
900 0.782222
900 0.54
900 0.681111
900 0.383333
900 0.594444
900 0.735556
900 0.657778
900 0.77
900 0.537778
900 0.681111
900 0.683333
900 0.628889
900 0.793333
900 0.784444
900 0.634444
900 0.835556
900 0.573333
900 0.722222
900 0.758889
900 0.59
900 0.562222
900 0.752222
950 0.674737
950 0.756842
950 0.757895
950 0.747368
950 0.726316
950 0.632632
950 0.407368
950 0.665263
950 0.246316
950 0.751579
950 0.750526
950 0.746316
950 0.765263
950 0.72
950 0.571579
950 0.670526
950 0.474737
950 0.627368
950 0.622105
950 0.677895
950 0.743158
950 0.592632
950 0.490526
950 0.589474
950 0.661053
950 0.781053
950 0.408421
950 0.609474
950 0.818947
950 0.601053
950 0.612632
950 0.667368
950 0.450526
950 0.8
950 0.553684
950 0.688421
950 0.685263
950 0.504211
950 0.64
950 0.777895
950 0.674737
950 0.718947
950 0.630526
950 0.643158
950 0.467368
950 0.654737
950 0.783158
950 0.782105
950 0.804211
950 0.842105
950 0.707368
950 0.632632
950 0.606316
950 0.663158
950 0.764211
950 0.64
950 0.757895
950 0.613684
950 0.608421
950 0.531579
950 0.638947
950 0.595789
950 0.706316
950 0.447368
950 0.696842
950 0.491579
950 0.54
950 0.604211
950 0.731579
950 0.753684
950 0.74
950 0.578947
950 0.858947
950 0.727368
950 0.770526
1000 0.741
1000 0.707
1000 0.739
1000 0.61
1000 0.723
1000 0.312
1000 0.653
1000 0.839
1000 0.533
1000 0.522
1000 0.687
1000 0.549
1000 0.8
1000 0.748
1000 0.513
1000 0.909
1000 0.49
1000 0.547
1000 0.749
1000 0.815
1000 0.804
1000 0.676
1000 0.453
1000 0.646
1000 0.637
1000 0.675
1000 0.68
1000 0.731
1000 0.733
1000 0.537
1000 0.624
1000 0.747
1000 0.811
1000 0.715
1000 0.517
1000 0.767
1000 0.72
1000 0.696
1000 0.751
1000 0.759
1000 0.766
1000 0.757
1000 0.756
1000 0.589
1000 0.565
1000 0.728
1000 0.423
1000 0.766
1000 0.49
1000 0.661
1000 0.454
1000 0.543
1000 0.764
1000 0.65
1000 0.777
1000 0.792
1000 0.671
1000 0.667
1000 0.676
1000 0.617
1000 0.677
1000 0.512
1000 0.626
1000 0.538
1000 0.773
1000 0.727
1000 0.522
1000 0.634
1000 0.715
1000 0.808
1000 0.768
1000 0.523
1000 0.57
1000 0.653
1000 0.742
1050 0.699048
1050 0.466667
1050 0.568571
1050 0.666667
1050 0.217143
1050 0.492381
1050 0.784762
1050 0.361905
1050 0.704762
1050 0.767619
1050 0.673333
1050 0.821905
1050 0.779048
1050 0.666667
1050 0.710476
1050 0.433333
1050 0.649524
1050 0.80381
1050 0.602857
1050 0.605714
1050 0.815238
1050 0.607619
1050 0.398095
1050 0.69619
1050 0.409524
1050 0.687619
1050 0.834286
1050 0.65619
1050 0.819048
1050 0.604762
1050 0.738095
1050 0.515238
1050 0.270476
1050 0.767619
1050 0.80381
1050 0.699048
1050 0.658095
1050 0.735238
1050 0.268571
1050 0.74
1050 0.65619
1050 0.448571
1050 0.618095
1050 0.74
1050 0.777143
1050 0.539048
1050 0.72381
1050 0.594286
1050 0.622857
1050 0.475238
1050 0.433333
1050 0.48
1050 0.710476
1050 0.778095
1050 0.42
1050 0.895238
1050 0.797143
1050 0.713333
1050 0.7
1050 0.652381
1050 0.59619
1050 0.566667
1050 0.740952
1050 0.488571
1050 0.837143
1050 0.729524
1050 0.661905
1050 0.779048
1050 0.591429
1050 0.55619
1050 0.738095
1050 0.688571
1050 0.702857
1050 0.682857
1050 0.575238
1100 0.750909
1100 0.796364
1100 0.743636
1100 0.599091
1100 0.776364
1100 0.763636
1100 0.645455
1100 0.614545
1100 0.770909
1100 0.595455
1100 0.522727
1100 0.751818
1100 0.525455
1100 0.865455
1100 0.749091
1100 0.570909
1100 0.376364
1100 0.791818
1100 0.5
1100 0.765455
1100 0.803636
1100 0.367273
1100 0.639091
1100 0.602727
1100 0.436364
1100 0.800909
1100 0.760909
1100 0.689091
1100 0.709091
1100 0.726364
1100 0.754545
1100 0.620909
1100 0.642727
1100 0.683636
1100 0.65
1100 0.669091
1100 0.782727
1100 0.499091
1100 0.762727
1100 0.586364
1100 0.823636
1100 0.541818
1100 0.558182
1100 0.697273
1100 0.356364
1100 0.647273
1100 0.518182
1100 0.745455
1100 0.639091
1100 0.751818
1100 0.689091
1100 0.82
1100 0.329091
1100 0.697273
1100 0.347273
1100 0.542727
1100 0.678182
1100 0.84
1100 0.47
1100 0.583636
1100 0.701818
1100 0.470909
1100 0.767273
1100 0.565455
1100 0.771818
1100 0.679091
1100 0.5
1100 0.692727
1100 0.73
1100 0.742727
1100 0.680909
1100 0.464545
1100 0.429091
1100 0.595455
1100 0.373636
1150 0.778261
1150 0.46
1150 0.804348
1150 0.547826
1150 0.735652
1150 0.72087
1150 0.757391
1150 0.645217
1150 0.790435
1150 0.73913
1150 0.746087
1150 0.68
1150 0.686957
1150 0.727826
1150 0.529565
1150 0.828696
1150 0.566957
1150 0.564348
1150 0.82
1150 0.735652
1150 0.53913
1150 0.64
1150 0.761739
1150 0.761739
1150 0.502609
1150 0.770435
1150 0.653043
1150 0.768696
1150 0.52
1150 0.669565
1150 0.807826
1150 0.826087
1150 0.608696
1150 0.68
1150 0.692174
1150 0.62087
1150 0.568696
1150 0.672174
1150 0.791304
1150 0.621739
1150 0.681739
1150 0.642609
1150 0.806087
1150 0.613043
1150 0.586957
1150 0.491304
1150 0.670435
1150 0.694783
1150 0.561739
1150 0.532174
1150 0.768696
1150 0.669565
1150 0.576522
1150 0.468696
1150 0.75913
1150 0.604348
1150 0.721739
1150 0.469565
1150 0.633043
1150 0.773913
1150 0.755652
1150 0.725217
1150 0.65913
1150 0.572174
1150 0.827826
1150 0.817391
1150 0.731304
1150 0.788696
1150 0.633043
1150 0.613913
1150 0.588696
1150 0.773043
1150 0.571304
1150 0.713913
1150 0.663478
1200 0.74
1200 0.596667
1200 0.7225
1200 0.701667
1200 0.656667
1200 0.710833
1200 0.6175
1200 0.615
1200 0.690833
1200 0.505833
1200 0.815
1200 0.763333
1200 0.789167
1200 0.696667
1200 0.631667
1200 0.689167
1200 0.7625
1200 0.659167
1200 0.61
1200 0.635
1200 0.678333
1200 0.5725
1200 0.751667
1200 0.534167
1200 0.815
1200 0.6575
1200 0.7175
1200 0.720833
1200 0.421667
1200 0.85
1200 0.778333
1200 0.5475
1200 0.793333
1200 0.811667
1200 0.720833
1200 0.81
1200 0.6875
1200 0.743333
1200 0.728333
1200 0.6675
1200 0.501667
1200 0.520833
1200 0.665
1200 0.7575
1200 0.740833
1200 0.7
1200 0.520833
1200 0.793333
1200 0.48
1200 0.624167
1200 0.665
1200 0.710833
1200 0.604167
1200 0.805833
1200 0.419167
1200 0.7375
1200 0.619167
1200 0.64
1200 0.7975
1200 0.781667
1200 0.8475
1200 0.766667
1200 0.55
1200 0.704167
1200 0.741667
1200 0.726667
1200 0.6325
1200 0.728333
1200 0.740833
1200 0.660833
1200 0.5425
1200 0.484167
1200 0.808333
1200 0.450833
1200 0.68
1250 0.8576
1250 0.76
1250 0.7608
1250 0.5608
1250 0.8088
1250 0.6384
1250 0.6384
1250 0.7704
1250 0.5448
1250 0.6304
1250 0.7336
1250 0.76
1250 0.7272
1250 0.624
1250 0.5968
1250 0.7952
1250 0.6416
1250 0.7536
1250 0.7824
1250 0.736
1250 0.5792
1250 0.5696
1250 0.7456
1250 0.5704
1250 0.6008
1250 0.7416
1250 0.5408
1250 0.5648
1250 0.8256
1250 0.728
1250 0.5512
1250 0.812
1250 0.7856
1250 0.6648
1250 0.4776
1250 0.5976
1250 0.8048
1250 0.756
1250 0.4608
1250 0.748
1250 0.8712
1250 0.7736
1250 0.7568
1250 0.64
1250 0.6776
1250 0.4952
1250 0.5208
1250 0.4272
1250 0.7344
1250 0.7216
1250 0.4528
1250 0.8272
1250 0.7392
1250 0.564
1250 0.7064
1250 0.7056
1250 0.6624
1250 0.6536
1250 0.8048
1250 0.6552
1250 0.7664
1250 0.7304
1250 0.5
1250 0.7248
1250 0.5648
1250 0.7224
1250 0.7344
1250 0.532
1250 0.8112
1250 0.5896
1250 0.7744
1250 0.5816
1250 0.4392
1250 0.792
1250 0.7744
1300 0.71
1300 0.514615
1300 0.713077
1300 0.380769
1300 0.688462
1300 0.633077
1300 0.72
1300 0.603846
1300 0.426154
1300 0.593846
1300 0.746154
1300 0.586154
1300 0.740769
1300 0.774615
1300 0.647692
1300 0.728462
1300 0.644615
1300 0.67
1300 0.747692
1300 0.728462
1300 0.788462
1300 0.565385
1300 0.655385
1300 0.655385
1300 0.788462
1300 0.758462
1300 0.685385
1300 0.489231
1300 0.679231
1300 0.660769
1300 0.776154
1300 0.748462
1300 0.538462
1300 0.623846
1300 0.547692
1300 0.587692
1300 0.650769
1300 0.736923
1300 0.889231
1300 0.408462
1300 0.647692
1300 0.567692
1300 0.702308
1300 0.820769
1300 0.59
1300 0.600769
1300 0.806923
1300 0.847692
1300 0.750769
1300 0.863077
1300 0.678462
1300 0.622308
1300 0.728462
1300 0.544615
1300 0.599231
1300 0.797692
1300 0.736923
1300 0.688462
1300 0.740769
1300 0.726923
1300 0.579231
1300 0.713846
1300 0.646154
1300 0.748462
1300 0.512308
1300 0.761538
1300 0.790769
1300 0.353846
1300 0.626154
1300 0.609231
1300 0.567692
1300 0.640769
1300 0.757692
1300 0.646154
1300 0.746154
1350 0.616296
1350 0.500741
1350 0.742963
1350 0.533333
1350 0.818519
1350 0.548889
1350 0.774074
1350 0.726667
1350 0.804444
1350 0.534074
1350 0.738519
1350 0.557778
1350 0.652593
1350 0.743704
1350 0.788148
1350 0.521481
1350 0.444444
1350 0.692593
1350 0.642222
1350 0.792593
1350 0.760741
1350 0.556296
1350 0.677037
1350 0.55037
1350 0.762222
1350 0.712593
1350 0.537778
1350 0.545185
1350 0.659259
1350 0.701481
1350 0.786667
1350 0.72
1350 0.625185
1350 0.787407
1350 0.702963
1350 0.68
1350 0.591852
1350 0.712593
1350 0.603704
1350 0.845926
1350 0.63037
1350 0.679259
1350 0.656296
1350 0.760741
1350 0.662963
1350 0.734815
1350 0.867407
1350 0.754074
1350 0.662222
1350 0.568889
1350 0.440741
1350 0.72963
1350 0.72963
1350 0.644444
1350 0.525926
1350 0.613333
1350 0.617778
1350 0.519259
1350 0.674074
1350 0.538519
1350 0.722222
1350 0.691111
1350 0.434815
1350 0.296296
1350 0.45037
1350 0.68
1350 0.745926
1350 0.634815
1350 0.640741
1350 0.705926
1350 0.737778
1350 0.801481
1350 0.54963
1350 0.748889
1350 0.73037
1400 0.712143
1400 0.662857
1400 0.698571
1400 0.794286
1400 0.639286
1400 0.755
1400 0.623571
1400 0.710714
1400 0.460714
1400 0.645714
1400 0.805
1400 0.720714
1400 0.65
1400 0.673571
1400 0.528571
1400 0.688571
1400 0.685714
1400 0.597143
1400 0.637857
1400 0.545714
1400 0.617857
1400 0.749286
1400 0.589286
1400 0.738571
1400 0.528571
1400 0.657143
1400 0.48
1400 0.660714
1400 0.657143
1400 0.821429
1400 0.687143
1400 0.729286
1400 0.798571
1400 0.664286
1400 0.476429
1400 0.812143
1400 0.486429
1400 0.47
1400 0.647143
1400 0.651429
1400 0.22
1400 0.842857
1400 0.800714
1400 0.725
1400 0.732143
1400 0.755
1400 0.708571
1400 0.725714
1400 0.731429
1400 0.619286
1400 0.618571
1400 0.381429
1400 0.81
1400 0.732143
1400 0.557857
1400 0.737857
1400 0.820714
1400 0.787143
1400 0.632857
1400 0.576429
1400 0.697857
1400 0.484286
1400 0.868571
1400 0.862143
1400 0.522143
1400 0.507143
1400 0.776429
1400 0.728571
1400 0.696429
1400 0.723571
1400 0.585714
1400 0.554286
1400 0.723571
1400 0.751429
1400 0.801429
1450 0.648276
1450 0.768966
1450 0.732414
1450 0.702069
1450 0.82
1450 0.456552
1450 0.671724
1450 0.691034
1450 0.762759
1450 0.586897
1450 0.695862
1450 0.44069
1450 0.75931
1450 0.695862
1450 0.704138
1450 0.211724
1450 0.771034
1450 0.755862
1450 0.726207
1450 0.668276
1450 0.735172
1450 0.704138
1450 0.406207
1450 0.464138
1450 0.394483
1450 0.598621
1450 0.706897
1450 0.452414
1450 0.688966
1450 0.836552
1450 0.775172
1450 0.791034
1450 0.756552
1450 0.735862
1450 0.577241
1450 0.774483
1450 0.90069
1450 0.575862
1450 0.731034
1450 0.653793
1450 0.743448
1450 0.711034
1450 0.797241
1450 0.788966
1450 0.528276
1450 0.738621
1450 0.71931
1450 0.724828
1450 0.731034
1450 0.527586
1450 0.657241
1450 0.869655
1450 0.796552
1450 0.43931
1450 0.888966
1450 0.666897
1450 0.535172
1450 0.7
1450 0.751034
1450 0.657241
1450 0.664138
1450 0.526897
1450 0.772414
1450 0.714483
1450 0.664138
1450 0.695172
1450 0.581379
1450 0.462069
1450 0.706897
1450 0.731724
1450 0.702759
1450 0.669655
1450 0.618621
1450 0.758621
1450 0.755862
1500 0.468667
1500 0.348
1500 0.75
1500 0.562
1500 0.618
1500 0.69
1500 0.591333
1500 0.704667
1500 0.424
1500 0.769333
1500 0.670667
1500 0.625333
1500 0.568667
1500 0.718
1500 0.484
1500 0.665333
1500 0.787333
1500 0.493333
1500 0.493333
1500 0.701333
1500 0.764667
1500 0.831333
1500 0.666667
1500 0.604
1500 0.654
1500 0.652667
1500 0.634667
1500 0.74
1500 0.654667
1500 0.711333
1500 0.687333
1500 0.743333
1500 0.706
1500 0.731333
1500 0.786
1500 0.746667
1500 0.725333
1500 0.734
1500 0.753333
1500 0.660667
1500 0.620667
1500 0.770667
1500 0.661333
1500 0.750667
1500 0.788667
1500 0.677333
1500 0.480667
1500 0.752667
1500 0.704
1500 0.680667
1500 0.678
1500 0.516
1500 0.710667
1500 0.782
1500 0.606667
1500 0.761333
1500 0.777333
1500 0.760667
1500 0.858667
1500 0.417333
1500 0.724
1500 0.782667
1500 0.636667
1500 0.788667
1500 0.767333
1500 0.786
1500 0.769333
1500 0.563333
1500 0.577333
1500 0.766667
1500 0.481333
1500 0.634667
1500 0.717333
1500 0.429333
1500 0.735333
1550 0.521935
1550 0.552258
1550 0.544516
1550 0.743871
1550 0.463226
1550 0.715484
1550 0.61871
1550 0.822581
1550 0.756129
1550 0.667742
1550 0.744516
1550 0.61871
1550 0.683871
1550 0.576774
1550 0.659355
1550 0.67871
1550 0.73871
1550 0.725161
1550 0.678065
1550 0.559355
1550 0.701935
1550 0.780645
1550 0.771613
1550 0.545161
1550 0.701935
1550 0.590968
1550 0.789032
1550 0.799355
1550 0.684516
1550 0.590968
1550 0.630968
1550 0.645161
1550 0.707742
1550 0.736774
1550 0.635484
1550 0.761935
1550 0.523226
1550 0.679355
1550 0.688387
1550 0.625806
1550 0.636129
1550 0.619355
1550 0.49871
1550 0.747097
1550 0.703226
1550 0.767097
1550 0.504516
1550 0.903226
1550 0.716774
1550 0.706452
1550 0.725806
1550 0.438065
1550 0.79871
1550 0.807742
1550 0.724516
1550 0.68129
1550 0.752903
1550 0.670323
1550 0.752258
1550 0.641935
1550 0.697419
1550 0.678065
1550 0.668387
1550 0.507097
1550 0.545806
1550 0.427097
1550 0.619355
1550 0.804516
1550 0.749677
1550 0.405161
1550 0.256774
1550 0.54129
1550 0.399355
1550 0.400645
1550 0.659355
1600 0.805
1600 0.730625
1600 0.700625
1600 0.6675
1600 0.595625
1600 0.621875
1600 0.625625
1600 0.491875
1600 0.82375
1600 0.683125
1600 0.493125
1600 0.8425
1600 0.63625
1600 0.595
1600 0.778125
1600 0.644375
1600 0.571875
1600 0.7825
1600 0.76
1600 0.783125
1600 0.76
1600 0.705
1600 0.76375
1600 0.865625
1600 0.69
1600 0.818125
1600 0.756875
1600 0.715625
1600 0.693125
1600 0.795
1600 0.763125
1600 0.706875
1600 0.724375
1600 0.714375
1600 0.355625
1600 0.6825
1600 0.540625
1600 0.625
1600 0.510625
1600 0.435
1600 0.775625
1600 0.71625
1600 0.865
1600 0.6375
1600 0.779375
1600 0.623125
1600 0.65
1600 0.798125
1600 0.681875
1600 0.646875
1600 0.848125
1600 0.7475
1600 0.719375
1600 0.254375
1600 0.781875
1600 0.78375
1600 0.6375
1600 0.6975
1600 0.776875
1600 0.674375
1600 0.755
1600 0.6625
1600 0.878125
1600 0.760625
1600 0.72625
1600 0.52625
1600 0.66375
1600 0.705625
1600 0.660625
1600 0.565625
1600 0.345
1600 0.34
1600 0.525625
1600 0.72375
1600 0.51125
1650 0.478182
1650 0.713333
1650 0.675758
1650 0.698182
1650 0.631515
1650 0.37697
1650 0.607879
1650 0.590303
1650 0.744848
1650 0.807273
1650 0.678788
1650 0.782424
1650 0.671515
1650 0.602424
1650 0.749091
1650 0.815152
1650 0.631515
1650 0.701818
1650 0.687879
1650 0.820606
1650 0.754545
1650 0.609091
1650 0.777576
1650 0.65697
1650 0.518182
1650 0.650909
1650 0.773333
1650 0.664242
1650 0.536364
1650 0.623636
1650 0.813333
1650 0.56303
1650 0.754545
1650 0.550909
1650 0.792727
1650 0.755758
1650 0.589091
1650 0.591515
1650 0.507273
1650 0.688485
1650 0.754545
1650 0.804242
1650 0.807879
1650 0.690909
1650 0.590303
1650 0.743636
1650 0.650909
1650 0.76
1650 0.627273
1650 0.68303
1650 0.52303
1650 0.520606
1650 0.71697
1650 0.631515
1650 0.788485
1650 0.511515
1650 0.577576
1650 0.631515
1650 0.486061
1650 0.815152
1650 0.622424
1650 0.716364
1650 0.670909
1650 0.653939
1650 0.732121
1650 0.438182
1650 0.723636
1650 0.874545
1650 0.559394
1650 0.693333
1650 0.726061
1650 0.729697
1650 0.695758
1650 0.553333
1650 0.777576
1700 0.766471
1700 0.480588
1700 0.699412
1700 0.850588
1700 0.465294
1700 0.498235
1700 0.777059
1700 0.432941
1700 0.788235
1700 0.68
1700 0.595882
1700 0.768824
1700 0.745882
1700 0.675294
1700 0.718824
1700 0.567059
1700 0.676471
1700 0.534706
1700 0.674706
1700 0.528235
1700 0.792941
1700 0.538235
1700 0.451176
1700 0.609412
1700 0.847059
1700 0.528235
1700 0.434118
1700 0.766471
1700 0.732941
1700 0.610588
1700 0.777647
1700 0.435294
1700 0.76
1700 0.781176
1700 0.754118
1700 0.681176
1700 0.779412
1700 0.67
1700 0.628235
1700 0.498235
1700 0.711765
1700 0.707647
1700 0.593529
1700 0.594706
1700 0.842353
1700 0.768824
1700 0.659412
1700 0.731765
1700 0.682941
1700 0.714118
1700 0.580588
1700 0.592353
1700 0.588824
1700 0.624706
1700 0.638235
1700 0.728235
1700 0.814118
1700 0.761765
1700 0.598824
1700 0.515294
1700 0.695294
1700 0.750588
1700 0.601765
1700 0.457059
1700 0.837059
1700 0.750588
1700 0.327647
1700 0.565882
1700 0.624706
1700 0.651176
1700 0.564706
1700 0.456471
1700 0.639412
1700 0.756471
1700 0.469412
1750 0.613143
1750 0.802857
1750 0.734286
1750 0.749714
1750 0.798857
1750 0.567429
1750 0.466286
1750 0.726286
1750 0.801714
1750 0.683429
1750 0.785714
1750 0.736571
1750 0.666286
1750 0.662857
1750 0.620571
1750 0.503429
1750 0.636
1750 0.521714
1750 0.451429
1750 0.494286
1750 0.625714
1750 0.588571
1750 0.516571
1750 0.653143
1750 0.660571
1750 0.633714
1750 0.607429
1750 0.82
1750 0.790857
1750 0.773143
1750 0.577714
1750 0.652
1750 0.605143
1750 0.743429
1750 0.606286
1750 0.646857
1750 0.466286
1750 0.710286
1750 0.696571
1750 0.693714
1750 0.690286
1750 0.796571
1750 0.707429
1750 0.663429
1750 0.665143
1750 0.728571
1750 0.6
1750 0.587429
1750 0.816
1750 0.658857
1750 0.665143
1750 0.838286
1750 0.744
1750 0.651429
1750 0.778286
1750 0.721714
1750 0.654286
1750 0.702286
1750 0.773714
1750 0.818286
1750 0.442857
1750 0.644571
1750 0.694857
1750 0.801714
1750 0.696
1750 0.724
1750 0.712571
1750 0.807429
1750 0.641714
1750 0.519429
1750 0.430286
1750 0.724
1750 0.689714
1750 0.525714
1750 0.613714
1800 0.589444
1800 0.778889
1800 0.76
1800 0.473889
1800 0.702778
1800 0.667222
1800 0.778333
1800 0.697778
1800 0.826111
1800 0.76
1800 0.747778
1800 0.735
1800 0.646111
1800 0.48
1800 0.732778
1800 0.837222
1800 0.697778
1800 0.703889
1800 0.724444
1800 0.643889
1800 0.657778
1800 0.702222
1800 0.497778
1800 0.678333
1800 0.671111
1800 0.816111
1800 0.729444
1800 0.758333
1800 0.459444
1800 0.392778
1800 0.441667
1800 0.831667
1800 0.798333
1800 0.563333
1800 0.731667
1800 0.581111
1800 0.559444
1800 0.607222
1800 0.805
1800 0.715
1800 0.677222
1800 0.621667
1800 0.658333
1800 0.662222
1800 0.685556
1800 0.821667
1800 0.647778
1800 0.710556
1800 0.687222
1800 0.727222
1800 0.767222
1800 0.436111
1800 0.689444
1800 0.438333
1800 0.612222
1800 0.606111
1800 0.685556
1800 0.73
1800 0.666111
1800 0.455
1800 0.587222
1800 0.741111
1800 0.768333
1800 0.560556
1800 0.747222
1800 0.781111
1800 0.610556
1800 0.837222
1800 0.85
1800 0.56
1800 0.76
1800 0.732222
1800 0.765
1800 0.686667
1800 0.655
1850 0.728649
1850 0.763243
1850 0.765405
1850 0.708649
1850 0.687568
1850 0.639459
1850 0.433514
1850 0.75027
1850 0.765946
1850 0.656757
1850 0.743784
1850 0.670811
1850 0.696757
1850 0.611351
1850 0.736757
1850 0.723784
1850 0.758919
1850 0.777297
1850 0.642162
1850 0.696757
1850 0.62973
1850 0.565405
1850 0.635135
1850 0.696757
1850 0.517838
1850 0.566486
1850 0.718378
1850 0.504865
1850 0.493514
1850 0.609189
1850 0.347568
1850 0.495135
1850 0.668108
1850 0.581081
1850 0.905946
1850 0.811892
1850 0.794595
1850 0.761081
1850 0.744865
1850 0.859459
1850 0.680541
1850 0.734054
1850 0.806486
1850 0.308108
1850 0.605405
1850 0.337297
1850 0.719459
1850 0.451351
1850 0.507027
1850 0.732432
1850 0.683784
1850 0.682162
1850 0.721081
1850 0.656757
1850 0.808649
1850 0.425946
1850 0.801622
1850 0.632973
1850 0.693514
1850 0.742162
1850 0.707568
1850 0.688649
1850 0.788649
1850 0.734054
1850 0.72
1850 0.842703
1850 0.736757
1850 0.483243
1850 0.678378
1850 0.765946
1850 0.691351
1850 0.678378
1850 0.358919
1850 0.716757
1850 0.777297
1900 0.784211
1900 0.816842
1900 0.713684
1900 0.761579
1900 0.742632
1900 0.621579
1900 0.606842
1900 0.785789
1900 0.549474
1900 0.786842
1900 0.712105
1900 0.727895
1900 0.782632
1900 0.440526
1900 0.678421
1900 0.604211
1900 0.668421
1900 0.676842
1900 0.762632
1900 0.595263
1900 0.705263
1900 0.591579
1900 0.57
1900 0.525789
1900 0.648947
1900 0.825263
1900 0.455789
1900 0.29
1900 0.672632
1900 0.684211
1900 0.643684
1900 0.834211
1900 0.649474
1900 0.649474
1900 0.638947
1900 0.792632
1900 0.752105
1900 0.756842
1900 0.790526
1900 0.851053
1900 0.818947
1900 0.707368
1900 0.508421
1900 0.763158
1900 0.733158
1900 0.793684
1900 0.710526
1900 0.633684
1900 0.614211
1900 0.33
1900 0.786842
1900 0.821579
1900 0.574211
1900 0.668421
1900 0.816842
1900 0.53
1900 0.692632
1900 0.764737
1900 0.804737
1900 0.735789
1900 0.718947
1900 0.821053
1900 0.688421
1900 0.597895
1900 0.862632
1900 0.730526
1900 0.792105
1900 0.801579
1900 0.400526
1900 0.663684
1900 0.702105
1900 0.573158
1900 0.578947
1900 0.781579
1900 0.608421
1950 0.590256
1950 0.444615
1950 0.562564
1950 0.825128
1950 0.746667
1950 0.826154
1950 0.446154
1950 0.730769
1950 0.624103
1950 0.806154
1950 0.654359
1950 0.751795
1950 0.783077
1950 0.366667
1950 0.343077
1950 0.824615
1950 0.722051
1950 0.614359
1950 0.730256
1950 0.583077
1950 0.784615
1950 0.737949
1950 0.707692
1950 0.561026
1950 0.652308
1950 0.755897
1950 0.610769
1950 0.776923
1950 0.641538
1950 0.677436
1950 0.710769
1950 0.609231
1950 0.631795
1950 0.807179
1950 0.698462
1950 0.471282
1950 0.697436
1950 0.763077
1950 0.615385
1950 0.655897
1950 0.626667
1950 0.541026
1950 0.661538
1950 0.4
1950 0.781538
1950 0.782051
1950 0.46359
1950 0.62359
1950 0.715385
1950 0.574872
1950 0.737949
1950 0.558462
1950 0.754872
1950 0.808718
1950 0.629744
1950 0.649744
1950 0.6
1950 0.785641
1950 0.708205
1950 0.692821
1950 0.669744
1950 0.637436
1950 0.564615
1950 0.642564
1950 0.708718
1950 0.505128
1950 0.786667
1950 0.804615
1950 0.714359
1950 0.841026
1950 0.570769
1950 0.672821
1950 0.74359
1950 0.377436
1950 0.517949
2000 0.6555
2000 0.7525
2000 0.785
2000 0.71
2000 0.7865
2000 0.7635
2000 0.5935
2000 0.682
2000 0.679
2000 0.5095
2000 0.593
2000 0.784
2000 0.702
2000 0.7395
2000 0.6125
2000 0.714
2000 0.809
2000 0.648
2000 0.5445
2000 0.717
2000 0.7595
2000 0.75
2000 0.562
2000 0.6225
2000 0.7805
2000 0.746
2000 0.7755
2000 0.7445
2000 0.837
2000 0.596
2000 0.817
2000 0.5415
2000 0.6795
2000 0.5805
2000 0.647
2000 0.6505
2000 0.757
2000 0.3495
2000 0.7585
2000 0.6165
2000 0.8065
2000 0.7925
2000 0.74
2000 0.707
2000 0.6305
2000 0.6445
2000 0.7315
2000 0.7185
2000 0.6465
2000 0.7055
2000 0.814
2000 0.6215
2000 0.646
2000 0.799
2000 0.7075
2000 0.6255
2000 0.537
2000 0.4735
2000 0.656
2000 0.69
2000 0.7405
2000 0.7215
2000 0.5375
2000 0.5375
2000 0.638
2000 0.7085
2000 0.7305
2000 0.4675
2000 0.648
2000 0.808
2000 0.746
2000 0.5695
2000 0.7655
2000 0.4535
2000 0.713
