50 0.02
50 0.5
50 0.02
50 0.18
50 0
50 0.18
50 0.32
50 0.54
50 0
50 0.22
50 0.12
50 0.34
50 0
50 0.44
50 0.16
50 0.2
50 0.08
50 0.58
50 0.02
50 0.02
50 0
50 0.14
50 0.68
50 0
50 0.06
50 0.64
50 0.06
50 0.68
50 0.36
50 0.24
50 0.16
50 0.12
50 0.02
50 0.34
50 0
50 0.3
50 0.38
50 0.7
50 0.02
50 0
50 0
50 0.14
50 0
50 0.74
50 0.56
50 0.44
50 0.22
50 0.68
50 0.28
50 0.2
50 0.48
50 0.08
50 0.46
50 0.1
50 0.62
50 0
50 0.4
50 0
50 0.08
50 0
50 0.4
50 0.32
50 0.2
50 0.24
50 0.7
50 0.08
50 0
50 0.02
50 0.48
50 0.14
50 0.08
50 0
50 0.2
50 0.76
50 0.14
100 0.3
100 0.01
100 0.41
100 0.7
100 0.86
100 0.74
100 0.52
100 0.83
100 0.87
100 0.48
100 0.86
100 0.55
100 0.27
100 0.08
100 0.9
100 0.15
100 0.67
100 0.42
100 0.32
100 0.72
100 0.71
100 0.67
100 0.52
100 0.54
100 0.53
100 0.61
100 0.19
100 0.51
100 0.2
100 0.6
100 0.75
100 0.45
100 0.28
100 0.76
100 0.82
100 0.55
100 0.7
100 0.6
100 0.04
100 0.55
100 0.85
100 0.28
100 0.29
100 0.83
100 0.77
100 0.72
100 0.52
100 0.88
100 0.76
100 0.48
100 0.44
100 0.35
100 0.42
100 0.63
100 0.55
100 0.97
100 0.85
100 0.82
100 0.8
100 0.8
100 0.78
100 0.18
100 0.51
100 0.89
100 0.36
100 0.16
100 0.65
100 0.66
100 0.71
100 0.65
100 0.03
100 0.64
100 0.53
100 0.08
100 0.96
150 0.593333
150 0.62
150 0.693333
150 0.813333
150 0.6
150 0.906667
150 0.906667
150 0.92
150 0.84
150 0.886667
150 0.886667
150 0.846667
150 0.493333
150 0.506667
150 0.886667
150 0.686667
150 0.92
150 0.626667
150 0.686667
150 0.8
150 0.793333
150 0.96
150 0.586667
150 0.58
150 0.92
150 0.82
150 0.386667
150 0.873333
150 0.913333
150 0.826667
150 0.74
150 0.813333
150 0.82
150 0.973333
150 0.693333
150 0.573333
150 0.553333
150 0.566667
150 0.486667
150 0.866667
150 0.906667
150 0.373333
150 0.48
150 0.886667
150 0.286667
150 0.893333
150 0.873333
150 0.813333
150 0.8
150 0.346667
150 0.673333
150 0.473333
150 0.74
150 0.86
150 0.8
150 0.74
150 0.78
150 0.813333
150 0.4
150 0.72
150 0.88
150 0.813333
150 0.94
150 0.553333
150 0.84
150 0.746667
150 0.873333
150 0.373333
150 0.946667
150 0.566667
150 0.733333
150 0.44
150 0.746667
150 0.746667
150 0.806667
200 0.655
200 0.385
200 1
200 0.855
200 0.725
200 0.85
200 0.585
200 0.925
200 0.75
200 0.765
200 0.905
200 0.595
200 0.765
200 0.91
200 0.695
200 0.805
200 0.85
200 0.89
200 0.84
200 0.855
200 0.77
200 0.895
200 0.6
200 0.895
200 0.8
200 0.86
200 0.955
200 0.59
200 0.94
200 0.78
200 0.775
200 0.88
200 0.785
200 0.935
200 0.69
200 0.89
200 0.54
200 0.725
200 0.91
200 0.485
200 0.745
200 0.91
200 0.85
200 0.84
200 0.925
200 0.855
200 0.835
200 0.75
200 0.83
200 0.835
200 0.145
200 0.89
200 0.865
200 0.73
200 0.925
200 0.915
200 0.94
200 0.615
200 0.91
200 0.75
200 0.455
200 0.905
200 0.975
200 0.82
200 0.765
200 0.665
200 0.635
200 0.83
200 0.86
200 0.94
200 0.915
200 0.435
200 0.875
200 0.855
200 0.675
250 0.788
250 0.908
250 0.896
250 0.764
250 0.872
250 0.904
250 0.976
250 0.944
250 0.752
250 0.856
250 0.86
250 0.852
250 0.856
250 0.844
250 0.824
250 0.956
250 0.916
250 0.532
250 0.856
250 0.888
250 0.952
250 0.788
250 0.736
250 0.796
250 0.92
250 0.9
250 0.948
250 0.976
250 0.812
250 0.952
250 0.768
250 0.888
250 0.944
250 0.9
250 0.832
250 0.796
250 0.972
250 0.736
250 0.924
250 0.78
250 0.62
250 0.896
250 0.892
250 0.492
250 0.868
250 0.912
250 0.944
250 0.604
250 0.92
250 0.904
250 0.904
250 0.624
250 0.832
250 0.74
250 0.892
250 0.96
250 0.844
250 0.924
250 0.864
250 0.936
250 0.908
250 0.84
250 0.86
250 0.868
250 0.796
250 0.864
250 0.868
250 0.948
250 0.836
250 0.936
250 0.784
250 0.828
250 0.988
250 0.976
250 0.856
300 0.896667
300 0.94
300 0.77
300 0.95
300 0.99
300 0.923333
300 0.883333
300 0.903333
300 0.956667
300 0.876667
300 0.973333
300 0.81
300 0.79
300 0.87
300 0.913333
300 0.753333
300 0.936667
300 0.943333
300 0.95
300 0.87
300 0.933333
300 0.886667
300 0.933333
300 0.966667
300 0.966667
300 0.906667
300 0.906667
300 0.86
300 0.933333
300 0.82
300 0.826667
300 0.8
300 0.863333
300 0.876667
300 0.9
300 0.933333
300 0.916667
300 0.966667
300 0.96
300 0.976667
300 0.91
300 0.93
300 0.97
300 0.916667
300 0.826667
300 0.793333
300 0.816667
300 0.916667
300 0.503333
300 0.93
300 0.91
300 0.92
300 0.803333
300 0.763333
300 0.81
300 0.96
300 0.98
300 0.856667
300 0.856667
300 0.95
300 0.906667
300 0.963333
300 0.923333
300 0.863333
300 0.996667
300 0.946667
300 0.943333
300 0.83
300 0.95
300 0.98
300 0.906667
300 0.936667
300 0.913333
300 0.896667
300 0.916667
350 0.908571
350 0.951429
350 0.997143
350 0.834286
350 0.994286
350 0.562857
350 0.771429
350 0.937143
350 0.994286
350 0.965714
350 0.82
350 0.848571
350 0.962857
350 0.968571
350 0.922857
350 0.86
350 0.888571
350 0.868571
350 0.891429
350 0.877143
350 0.902857
350 0.797143
350 0.951429
350 0.977143
350 0.954286
350 0.951429
350 0.954286
350 0.88
350 0.902857
350 0.86
350 0.78
350 0.917143
350 0.882857
350 1
350 0.882857
350 0.94
350 0.971429
350 0.594286
350 0.837143
350 0.905714
350 0.934286
350 0.802857
350 0.917143
350 0.96
350 0.934286
350 0.931429
350 0.994286
350 0.974286
350 0.914286
350 0.988571
350 0.842857
350 0.931429
350 0.957143
350 0.948571
350 0.825714
350 0.965714
350 0.891429
350 0.885714
350 0.977143
350 0.957143
350 0.991429
350 0.845714
350 0.948571
350 0.942857
350 0.751429
350 0.888571
350 0.925714
350 0.968571
350 0.994286
350 0.897143
350 0.997143
350 0.957143
350 0.951429
350 0.997143
350 0.905714
400 0.9875
400 0.85
400 0.9425
400 0.77
400 0.75
400 0.925
400 0.91
400 0.6525
400 0.995
400 0.965
400 0.9325
400 0.9125
400 0.9675
400 0.8125
400 0.885
400 0.8925
400 0.9475
400 0.585
400 0.93
400 0.8975
400 0.9625
400 0.9625
400 0.9125
400 0.785
400 0.9975
400 0.9375
400 0.845
400 0.7225
400 0.87
400 0.935
400 0.945
400 0.9375
400 0.9
400 0.8475
400 0.9775
400 0.9675
400 0.9
400 0.6675
400 0.92
400 0.9425
400 0.98
400 0.9425
400 0.9975
400 0.9325
400 0.9625
400 0.945
400 0.9125
400 0.825
400 0.9725
400 0.9525
400 0.9475
400 0.99
400 0.9625
400 0.8925
400 0.8525
400 0.9575
400 0.985
400 0.9625
400 0.94
400 0.96
400 0.8625
400 0.98
400 0.9225
400 0.935
400 0.8775
400 0.99
400 0.8925
400 0.9325
400 0.925
400 0.985
400 0.875
400 0.8475
400 0.9275
400 0.975
400 0.905
450 1
450 0.962222
450 0.982222
450 0.973333
450 0.997778
450 0.928889
450 0.977778
450 0.968889
450 0.931111
450 0.913333
450 0.886667
450 0.84
450 0.897778
450 0.975556
450 0.724444
450 0.942222
450 0.848889
450 0.968889
450 0.88
450 0.931111
450 0.94
450 0.748889
450 0.891111
450 0.993333
450 0.928889
450 0.848889
450 0.986667
450 0.931111
450 0.931111
450 0.597778
450 0.897778
450 0.933333
450 0.953333
450 0.995556
450 0.871111
450 0.915556
450 0.942222
450 0.92
450 0.957778
450 0.96
450 0.957778
450 0.94
450 0.817778
450 0.997778
450 0.94
450 0.993333
450 0.988889
450 0.975556
450 0.917778
450 1
450 0.942222
450 0.973333
450 0.94
450 0.96
450 0.96
450 0.924444
450 0.886667
450 0.997778
450 0.926667
450 0.975556
450 0.757778
450 0.937778
450 0.971111
450 0.908889
450 0.875556
450 0.993333
450 0.884444
450 0.775556
450 0.984444
450 0.98
450 0.937778
450 0.826667
450 0.953333
450 0.944444
450 0.708889
500 0.994
500 0.898
500 0.994
500 0.956
500 0.736
500 0.97
500 0.96
500 0.936
500 0.866
500 0.936
500 0.886
500 0.986
500 0.886
500 0.942
500 0.954
500 0.99
500 0.97
500 0.938
500 0.986
500 0.862
500 0.94
500 0.832
500 0.878
500 0.902
500 0.97
500 0.948
500 0.944
500 0.962
500 0.972
500 0.992
500 0.924
500 0.894
500 0.948
500 0.918
500 0.916
500 0.986
500 0.944
500 0.996
500 0.96
500 0.808
500 0.958
500 0.964
500 0.96
500 0.886
500 0.996
500 0.954
500 0.914
500 0.988
500 0.99
500 0.99
500 0.862
500 0.962
500 0.992
500 0.878
500 0.958
500 0.966
500 0.936
500 0.956
500 0.962
500 0.974
500 0.91
500 0.912
500 0.986
500 0.832
500 0.96
500 0.908
500 0.918
500 0.884
500 0.974
500 0.986
500 0.964
500 0.966
500 0.968
500 0.966
500 0.928
550 0.801818
550 0.994545
550 0.987273
550 0.994545
550 0.954545
550 0.965455
550 0.981818
550 0.952727
550 0.996364
550 0.972727
550 0.978182
550 0.929091
550 0.696364
550 0.952727
550 0.941818
550 0.992727
550 0.892727
550 0.947273
550 0.970909
550 0.963636
550 0.956364
550 0.854545
550 0.909091
550 0.894545
550 0.987273
550 0.98
550 0.878182
550 0.936364
550 0.921818
550 0.96
550 0.96
550 0.992727
550 0.96
550 0
550 0.834545
550 0.925455
550 0.98
550 0.921818
550 0.952727
550 0.930909
550 0.914545
550 0.909091
550 0.907273
550 1
550 0.998182
550 0.956364
550 0.969091
550 0.941818
550 0.994545
550 0.947273
550 0.969091
550 0.950909
550 0.829091
550 0.901818
550 0.945455
550 0.910909
550 1
550 0.823636
550 0.910909
550 0.834545
550 0.952727
550 0.969091
550 0.978182
550 0.998182
550 0.94
550 0.965455
550 0.972727
550 0.96
550 0.992727
550 0.972727
550 0.952727
550 0.969091
550 0.930909
550 0.994545
550 0.921818
600 0.951667
600 0.993333
600 0.89
600 0.933333
600 0.938333
600 0.923333
600 0.97
600 0.995
600 0.93
600 0.911667
600 0.836667
600 0.966667
600 0.911667
600 0.961667
600 0.991667
600 0.92
600 0.951667
600 0.9
600 0.988333
600 0.945
600 0.883333
600 0.923333
600 0.968333
600 0.986667
600 0.893333
600 0.995
600 0.986667
600 0.986667
600 0.961667
600 0.936667
600 0.901667
600 0.975
600 0.955
600 0.926667
600 0.918333
600 0.92
600 0.976667
600 0.903333
600 0.903333
600 0.95
600 0.898333
600 0.956667
600 0.92
600 0.885
600 0.965
600 0.966667
600 0.97
600 0.935
600 0.918333
600 0.865
600 0.975
600 0.963333
600 0.991667
600 0.95
600 0.99
600 0.928333
600 0.896667
600 0.851667
600 0.975
600 0.983333
600 0.978333
600 0.956667
600 0.925
600 0.995
600 0.988333
600 0.968333
600 0.981667
600 0.925
600 0.938333
600 0.931667
600 0.91
600 0.91
600 0.971667
600 0.976667
600 0.83
650 0.94
650 0.915385
650 0.996923
650 0.975385
650 0.924615
650 0.870769
650 0.964615
650 0.941538
650 0.932308
650 0.956923
650 0.936923
650 0.943077
650 0.984615
650 0.993846
650 0.969231
650 0.98
650 0.923077
650 0.756923
650 0.975385
650 0.947692
650 0.915385
650 0.896923
650 0.943077
650 0.938462
650 0.903077
650 0.912308
650 0.889231
650 0.943077
650 0.964615
650 0.903077
650 0.923077
650 0.953846
650 0.98
650 0.973846
650 0.929231
650 0.923077
650 0.823077
650 1
650 0.950769
650 0.950769
650 0.941538
650 0.972308
650 0.984615
650 0.983077
650 0.913846
650 0.996923
650 0.901538
650 0.961538
650 0.990769
650 0.987692
650 0.901538
650 0.958462
650 0.963077
650 0.987692
650 0.92
650 0.995385
650 0.947692
650 0.984615
650 0.970769
650 0.953846
650 0.946154
650 0.924615
650 0.94
650 0.903077
650 0.846154
650 1
650 0.953846
650 0.961538
650 0.94
650 0.970769
650 0.98
650 0.96
650 0.993846
650 0.953846
650 0.987692
700 0.95
700 0.994286
700 0.982857
700 0.941429
700 0.958571
700 0.967143
700 0.89
700 0.978571
700 0.991429
700 0.962857
700 0.955714
700 0.995714
700 0.964286
700 0.974286
700 0.945714
700 0.922857
700 0.901429
700 0.997143
700 0.961429
700 0.964286
700 0.951429
700 0.954286
700 0.935714
700 0.994286
700 0.958571
700 0.992857
700 0.957143
700 0.931429
700 0.98
700 0.978571
700 0.958571
700 0.941429
700 0.95
700 0.967143
700 0.911429
700 0.981429
700 0.997143
700 1
700 0.974286
700 0.924286
700 0.957143
700 0.994286
700 0.991429
700 0.974286
700 0.717143
700 0.937143
700 0.877143
700 0.957143
700 0.967143
700 0.994286
700 0.847143
700 0.977143
700 0.952857
700 0.907143
700 0.871429
700 0.945714
700 0.995714
700 0.921429
700 0.977143
700 0.917143
700 0.935714
700 0.905714
700 0.978571
700 0.891429
700 0.957143
700 0.96
700 0.97
700 0.954286
700 0.988571
700 0.942857
700 0.99
700 1
700 0.93
700 0.851429
700 0.972857
750 0.933333
750 0.92
750 0.974667
750 0.997333
750 0.992
750 0.982667
750 0.990667
750 0.993333
750 0.98
750 0.893333
750 0.850667
750 0.908
750 0.944
750 0.901333
750 0.976
750 0.954667
750 0.944
750 0.924
750 0.956
750 1
750 0.976
750 0.916
750 0.888
750 0.986667
750 0.910667
750 0.964
750 0.989333
750 0.941333
750 0.982667
750 0.94
750 0.950667
750 0.918667
750 0.929333
750 0.92
750 0.977333
750 0.897333
750 0.936
750 0.986667
750 0.986667
750 0.972
750 0.98
750 0.833333
750 0.989333
750 0.952
750 0.961333
750 0.924
750 0.988
750 0.972
750 0.982667
750 0.984
750 0.929333
750 0.977333
750 0.993333
750 0.948
750 0.986667
750 0.94
750 0.969333
750 0.988
750 0.977333
750 0.948
750 1
750 0.909333
750 0.954667
750 0.846667
750 0.973333
750 0.882667
750 0.894667
750 0.974667
750 0.986667
750 0.98
750 0.968
750 0.965333
750 0.913333
750 0.932
750 0.946667
800 0.99
800 0.7875
800 0.99625
800 0.96625
800 0.97
800 0.93
800 0.9125
800 0.93625
800 0.97625
800 0.95
800 0.9775
800 0.92375
800 0.9975
800 0.985
800 0.9625
800 0.90375
800 0.98375
800 0.93
800 0.9075
800 0.98875
800 0.985
800 0.92625
800 0.90625
800 0.98875
800 0.9725
800 0.9975
800 0.9675
800 0.99375
800 0.94625
800 0.98625
800 0.9875
800 0.97
800 0.8825
800 0.9925
800 0.96125
800 0.89625
800 0.895
800 0.96875
800 0.89125
800 0.985
800 0.9625
800 0.98125
800 0.9875
800 0.79625
800 0.92625
800 0.9325
800 0.9975
800 0.93625
800 0.9725
800 0.9125
800 0.92375
800 0.925
800 0.96875
800 0.995
800 0.86625
800 0.95
800 0.965
800 0.93875
800 0.995
800 0.975
800 1
800 0.9975
800 0.88375
800 0.9525
800 0.9875
800 0.95625
800 0.94625
800 0.97375
800 0.935
800 0.975
800 0.96625
800 0.9325
800 0.93125
800 0.9975
800 0.93
850 0.927059
850 0.988235
850 0.975294
850 0.964706
850 1
850 0.954118
850 0.987059
850 0.925882
850 0.832941
850 0.996471
850 0.972941
850 0.977647
850 0.92
850 0.950588
850 0.989412
850 0.969412
850 0.988235
850 0.997647
850 0.949412
850 0.997647
850 0.958824
850 0.978824
850 0.943529
850 0.851765
850 0.971765
850 0.874118
850 0.990588
850 0.985882
850 0.988235
850 0.947059
850 0.930588
850 0.985882
850 0.992941
850 0.936471
850 0.947059
850 0.982353
850 0.974118
850 0.938824
850 0.911765
850 0.967059
850 0.952941
850 0.98
850 0.965882
850 0.988235
850 0.997647
850 0.935294
850 0.957647
850 0.888235
850 0.861176
850 0.861176
850 0.948235
850 0.949412
850 0.948235
850 0.989412
850 0.975294
850 0.968235
850 0.957647
850 0.984706
850 0.998824
850 0.964706
850 0.982353
850 0.968235
850 0.923529
850 0.971765
850 0.991765
850 0.987059
850 0.976471
850 0.975294
850 0.961176
850 0.964706
850 0.988235
850 0.910588
850 0.921176
850 0.990588
850 0.96
900 0.958889
900 0.994444
900 0.991111
900 0.983333
900 0.988889
900 0.994444
900 0.926667
900 0.932222
900 0.994444
900 0.981111
900 0.958889
900 0.967778
900 0.996667
900 0.98
900 0.986667
900 0.993333
900 0.98
900 0.98
900 0.968889
900 0.953333
900 0.991111
900 0.984444
900 0.885556
900 0.973333
900 0.926667
900 0.944444
900 0.981111
900 0.982222
900 0.987778
900 0.981111
900 0.987778
900 0.912222
900 0.97
900 0.975556
900 0.991111
900 0.98
900 0.937778
900 0.983333
900 0.946667
900 0.986667
900 0.766667
900 0.915556
900 0.983333
900 0.927778
900 0.994444
900 0.974444
900 0.986667
900 0.983333
900 0.967778
900 0.982222
900 0.976667
900 0.993333
900 0.865556
900 0.992222
900 0.951111
900 0.965556
900 0.928889
900 0.954444
900 0.975556
900 0.974444
900 0.951111
900 0.994444
900 0.954444
900 0.988889
900 0.856667
900 0.995556
900 0.97
900 0.935556
900 0.982222
900 0.963333
900 0.982222
900 0.961111
900 0.995556
900 0.998889
900 0.991111
950 0.977895
950 1
950 0.991579
950 0.949474
950 0.931579
950 0.922105
950 0.828421
950 0.990526
950 0.946316
950 0.924211
950 0.956842
950 0.970526
950 0.92
950 0.978947
950 0.949474
950 0.953684
950 0.981053
950 0.977895
950 0.969474
950 0.932632
950 0.888421
950 0.923158
950 0.936842
950 0.956842
950 0.965263
950 0.961053
950 0.944211
950 0.988421
950 0.981053
950 0.975789
950 0.994737
950 0.968421
950 0.98
950 0.976842
950 0.942105
950 0.981053
950 0.949474
950 0.886316
950 0.974737
950 0.937895
950 0.952632
950 0.978947
950 0.937895
950 0.990526
950 0.986316
950 0.861053
950 0.991579
950 1
950 0.971579
950 0.987368
950 0.956842
950 0.976842
950 0.952632
950 0.975789
950 0.985263
950 0.915789
950 0.929474
950 0.922105
950 0.971579
950 0.966316
950 0.855789
950 0.973684
950 0.963158
950 0.989474
950 0.995789
950 0.967368
950 0.953684
950 0.969474
950 0.990526
950 0.990526
950 0.994737
950 0.890526
950 0.996842
950 0.955789
950 0.989474
1000 0.987
1000 1
1000 0.956
1000 0.98
1000 0.983
1000 0.883
1000 0.923
1000 0.962
1000 0.999
1000 0.968
1000 0.954
1000 0.969
1000 0.966
1000 0.978
1000 0.927
1000 0.995
1000 0.963
1000 0.987
1000 0.996
1000 0.95
1000 0.932
1000 0.993
1000 0.947
1000 0.994
1000 0.976
1000 0.99
1000 0.904
1000 0.988
1000 0.903
1000 0.977
1000 0.995
1000 0.961
1000 0.978
1000 0.923
1000 0.947
1000 0.965
1000 0.983
1000 0.951
1000 0.934
1000 0.967
1000 0.953
1000 0.976
1000 0.971
1000 0.89
1000 0.968
1000 0.988
1000 0.997
1000 0.98
1000 0.975
1000 0.967
1000 0.95
1000 0.939
1000 0.957
1000 0.981
1000 0.987
1000 0.99
1000 0.992
1000 0.935
1000 0.996
1000 0.976
1000 0.957
1000 0.999
1000 0.955
1000 0.992
1000 0.959
1000 0.938
1000 0.99
1000 0.945
1000 0.898
1000 0.957
1000 0.992
1000 0.938
1000 0.955
1000 0.978
1000 0.969
1050 0.906667
1050 0.931429
1050 0.987619
1050 0.964762
1050 0.86381
1050 0.977143
1050 0.98381
1050 0.974286
1050 0.97619
1050 0.920952
1050 0.944762
1050 0.94
1050 0.930476
1050 0.953333
1050 0.972381
1050 0.99619
1050 0.985714
1050 0.930476
1050 0.96381
1050 0.953333
1050 0.995238
1050 0.97619
1050 0.981905
1050 0.866667
1050 0.973333
1050 0.911429
1050 0.92381
1050 0.991429
1050 0.982857
1050 0.967619
1050 0.947619
1050 0.966667
1050 0.953333
1050 0.942857
1050 0.986667
1050 0.92
1050 0.990476
1050 0.969524
1050 0.96
1050 0.961905
1050 0.94381
1050 0.995238
1050 0.882857
1050 0.891429
1050 0.910476
1050 0.96381
1050 0.988571
1050 0.952381
1050 0.96
1050 0.978095
1050 0.946667
1050 0.965714
1050 0.981905
1050 0.939048
1050 0.984762
1050 0.988571
1050 0.977143
1050 0.982857
1050 0.969524
1050 0.972381
1050 0.901905
1050 0.94
1050 0.997143
1050 0.986667
1050 0.99619
1050 0.945714
1050 0.973333
1050 0.972381
1050 0.991429
1050 0.982857
1050 0.978095
1050 0.958095
1050 0.965714
1050 0.998095
1050 0.99619
1100 1
1100 0.941818
1100 0.988182
1100 0.958182
1100 0.998182
1100 0.986364
1100 0.93
1100 0.951818
1100 0.967273
1100 0.983636
1100 0.999091
1100 0.99
1100 0.969091
1100 0.961818
1100 0.983636
1100 0.997273
1100 0.999091
1100 0.971818
1100 0.883636
1100 0.946364
1100 0.918182
1100 0.990909
1100 0.98
1100 0.969091
1100 0.975455
1100 0.971818
1100 0.989091
1100 0.990909
1100 0.993636
1100 0.942727
1100 0.996364
1100 0.99
1100 0.939091
1100 0.940909
1100 0.948182
1100 0.956364
1100 0.924545
1100 0.910909
1100 0.99
1100 0.950909
1100 1
1100 0.98
1100 0.942727
1100 0.969091
1100 0.984545
1100 0.994545
1100 0.947273
1100 0.954545
1100 0.99
1100 0.985455
1100 0.987273
1100 1
1100 0.992727
1100 0.980909
1100 0.868182
1100 0.995455
1100 0.983636
1100 0.992727
1100 0.958182
1100 0.980909
1100 0.961818
1100 0.998182
1100 0.987273
1100 0.987273
1100 0.97
1100 0.990909
1100 0.974545
1100 0.959091
1100 0.952727
1100 0.945455
1100 0.916364
1100 0.978182
1100 0.996364
1100 0.972727
1100 0.85
1150 0.96087
1150 0.902609
1150 0.989565
1150 0.98087
1150 0.991304
1150 0.982609
1150 0.950435
1150 0.95913
1150 0.996522
1150 0.971304
1150 0.935652
1150 0.991304
1150 0.971304
1150 0.973043
1150 0.986087
1150 0.992174
1150 0.973913
1150 0.908696
1150 0.964348
1150 0.934783
1150 0.993913
1150 0.933043
1150 0.945217
1150 0.96
1150 0.973043
1150 0.927826
1150 0.996522
1150 0.969565
1150 0.968696
1150 0.971304
1150 0.975652
1150 0.973913
1150 0.997391
1150 0.937391
1150 0.96087
1150 0.969565
1150 0.938261
1150 0.89913
1150 0.966957
1150 0.971304
1150 0.857391
1150 0.991304
1150 0.94
1150 0.990435
1150 0.994783
1150 0.833043
1150 0.975652
1150 0.94
1150 0.965217
1150 0.953913
1150 1
1150 0.947826
1150 0.994783
1150 0.996522
1150 0.967826
1150 0.996522
1150 0.985217
1150 0.985217
1150 0.94087
1150 1
1150 0.929565
1150 0.953913
1150 0.967826
1150 0.988696
1150 0.950435
1150 0.998261
1150 0.94
1150 0.97913
1150 0.994783
1150 0.989565
1150 0.997391
1150 0.996522
1150 0.970435
1150 0.88
1150 0.989565
1200 0.9675
1200 0.931667
1200 0.984167
1200 0.96
1200 0.925833
1200 0.94
1200 0.948333
1200 0.968333
1200 0.935
1200 0.983333
1200 0.9275
1200 0.9575
1200 0.994167
1200 0.9925
1200 0.9825
1200 0.943333
1200 0.97
1200 0.9725
1200 0.991667
1200 0.991667
1200 0.9625
1200 0.983333
1200 0.993333
1200 0.989167
1200 0.946667
1200 0.991667
1200 0.9875
1200 0.948333
1200 0.923333
1200 0.993333
1200 0.96
1200 0.994167
1200 0.961667
1200 0.953333
1200 0.921667
1200 0.9925
1200 0.970833
1200 0.966667
1200 0.931667
1200 0.958333
1200 0.964167
1200 0.85
1200 0.966667
1200 0.946667
1200 0.990833
1200 0.950833
1200 0.9975
1200 0.960833
1200 0.988333
1200 0.976667
1200 0.9625
1200 0.9825
1200 0.980833
1200 0.985833
1200 0.991667
1200 0.985
1200 0.9575
1200 0.981667
1200 0.95
1200 0.9525
1200 0.999167
1200 0.971667
1200 0.939167
1200 0.981667
1200 0.963333
1200 0.955833
1200 0.945833
1200 0.99
1200 0.973333
1200 0.985833
1200 0.944167
1200 0.926667
1200 0.956667
1200 0.959167
1200 0.994167
1250 0.9864
1250 0.9432
1250 0.9928
1250 0.9152
1250 0.988
1250 0.9864
1250 0.9552
1250 0.9872
1250 0.9624
1250 0.9744
1250 0.94
1250 0.9448
1250 0.9528
1250 0.9968
1250 0.9712
1250 0.9384
1250 0.964
1250 0.964
1250 0.996
1250 0.9944
1250 0.9048
1250 0.9432
1250 0.9592
1250 0.9888
1250 0.9936
1250 0.9928
1250 0.9352
1250 0.9376
1250 0.916
1250 0.956
1250 0.9952
1250 0.916
1250 0.9768
1250 0.9464
1250 0.9736
1250 0.9696
1250 0.956
1250 0.9776
1250 0.9632
1250 0.9536
1250 0.9936
1250 0.9784
1250 0.9264
1250 0.9704
1250 0.9744
1250 0.9536
1250 0.988
1250 0.9704
1250 0.9144
1250 0.964
1250 0.9768
1250 0.9808
1250 0.956
1250 0.9664
1250 0.944
1250 0.9664
1250 0.9896
1250 0.9696
1250 0.9464
1250 0.996
1250 0.9896
1250 0.9288
1250 0.9632
1250 0.9896
1250 0.9312
1250 0.9872
1250 0.9336
1250 0.9528
1250 0.9472
1250 0.992
1250 0.9208
1250 0.9616
1250 0.9848
1250 0.9336
1250 0.992
1300 0.991538
1300 0.994615
1300 0.952308
1300 0.914615
1300 0.993846
1300 0.970769
1300 0.973846
1300 0.994615
1300 0.954615
1300 0.992308
1300 0.947692
1300 0.971538
1300 0.917692
1300 0.935385
1300 0.944615
1300 0.976923
1300 0.946154
1300 0.986154
1300 0.975385
1300 0.960769
1300 0.982308
1300 0.956923
1300 0.926154
1300 0.990769
1300 0.963846
1300 0.956154
1300 0.977692
1300 0.958462
1300 0.993077
1300 0.877692
1300 0.986154
1300 0.970769
1300 0.936154
1300 0.969231
1300 0.953846
1300 0.978462
1300 0.983077
1300 0.975385
1300 0.993077
1300 0.953077
1300 0.997692
1300 0.973846
1300 0.960769
1300 0.992308
1300 0.883846
1300 0.961538
1300 0.963846
1300 0.964615
1300 0.946154
1300 0.981538
1300 0.977692
1300 0.974615
1300 0.993077
1300 0.96
1300 0.943846
1300 0.923077
1300 0.978462
1300 0.974615
1300 0.956923
1300 0.975385
1300 0.963077
1300 0.982308
1300 0.936154
1300 0.993077
1300 0.998462
1300 0.958462
1300 0.980769
1300 0.969231
1300 0.956923
1300 0.988462
1300 0.951538
1300 0.983846
1300 0.983846
1300 0.929231
1300 0.996154
1350 0.942963
1350 0.986667
1350 0.962963
1350 0.971111
1350 0.946667
1350 0.997778
1350 0.988889
1350 0.957037
1350 0.946667
1350 0.955556
1350 0.986667
1350 0.955556
1350 0.939259
1350 0.896296
1350 0.912593
1350 0.984444
1350 0.954074
1350 0.976296
1350 0.931111
1350 0.974815
1350 0.97037
1350 0.993333
1350 0.937037
1350 0.907407
1350 0.991111
1350 0.993333
1350 0.975556
1350 0.993333
1350 0.923704
1350 0.994815
1350 0.985926
1350 0.963704
1350 0.941481
1350 0.97037
1350 0.934074
1350 0.979259
1350 0.974074
1350 0.972593
1350 0.941481
1350 0.999259
1350 0.908889
1350 0.976296
1350 0.964444
1350 0.942963
1350 0.999259
1350 0.99037
1350 0.962222
1350 0.947407
1350 0.995556
1350 0.997037
1350 0.959259
1350 0.972593
1350 0.98
1350 0.992593
1350 0.991852
1350 0.917778
1350 0.967407
1350 0.942222
1350 0.997037
1350 0.997778
1350 0.928148
1350 0.98963
1350 0.992593
1350 0.842963
1350 0.931111
1350 0.991111
1350 0.994815
1350 0.959259
1350 0.981481
1350 0.962963
1350 0.997037
1350 0.967407
1350 0.937037
1350 0.995556
1350 0.985926
1400 0.945
1400 0.975
1400 0.919286
1400 0.948571
1400 0.973571
1400 0.986429
1400 0.973571
1400 0.982143
1400 0.994286
1400 0.896429
1400 0.942857
1400 0.995
1400 0.998571
1400 0.992143
1400 0.935
1400 0.912143
1400 0.944286
1400 0.972143
1400 0.975
1400 0.989286
1400 0.94
1400 0.996429
1400 0.982143
1400 0.959286
1400 0.899286
1400 0.985714
1400 0.962143
1400 0.942143
1400 0.966429
1400 0.973571
1400 0.996429
1400 0.95
1400 0.95
1400 0.923571
1400 0.931429
1400 0.967857
1400 0.948571
1400 0.952857
1400 0.976429
1400 0.985714
1400 0.959286
1400 0.948571
1400 1
1400 0.922857
1400 0.987857
1400 0.982143
1400 0.963571
1400 0.97
1400 1
1400 0.986429
1400 0.986429
1400 0.992143
1400 0.900714
1400 0.947857
1400 0.962857
1400 0.994286
1400 0.956429
1400 0.927857
1400 0.972857
1400 0.975714
1400 0.967143
1400 0.940714
1400 0.981429
1400 0.98
1400 0.942857
1400 0.994286
1400 0.965714
1400 0.987143
1400 0.943571
1400 0.984286
1400 0.979286
1400 0.863571
1400 0.96
1400 0.942857
1400 0.992143
1450 0.988966
1450 0.978621
1450 0.97931
1450 0.997241
1450 0.985517
1450 0.993103
1450 0.944138
1450 0.992414
1450 0.968966
1450 0.969655
1450 0.986207
1450 0.993793
1450 0.988276
1450 0.942069
1450 0.968276
1450 0.995172
1450 0.970345
1450 0.956552
1450 0.950345
1450 0.98069
1450 0.966207
1450 0.954483
1450 0.962069
1450 0.932414
1450 0.994483
1450 0.985517
1450 0.973793
1450 0.984828
1450 0.982759
1450 0.994483
1450 0.986897
1450 0.934483
1450 0.971034
1450 0.934483
1450 0.977241
1450 0.973793
1450 0.992414
1450 0.982069
1450 0.909655
1450 0.971724
1450 0.964828
1450 0.943448
1450 0.952414
1450 0.96
1450 0.978621
1450 0.967586
1450 0.969655
1450 0.954483
1450 0.951034
1450 0.975172
1450 0.988966
1450 0.989655
1450 0.938621
1450 0.907586
1450 0.973793
1450 0.937241
1450 0.976552
1450 0.985517
1450 0.996552
1450 0.930345
1450 0.955172
1450 0.994483
1450 0.934483
1450 0.989655
1450 0.937931
1450 0.982759
1450 0.964138
1450 0.972414
1450 0.973793
1450 0.968966
1450 0.973103
1450 0.962759
1450 0.97931
1450 0.988966
1450 0.964828
1500 0.965333
1500 0.994
1500 0.958
1500 0.994667
1500 0.982667
1500 0.958
1500 0.978667
1500 0.942
1500 0.964
1500 0.954667
1500 0.774667
1500 0.891333
1500 0.934667
1500 0.966667
1500 0.922
1500 0.974667
1500 0.97
1500 0.956
1500 0.995333
1500 0.996
1500 0.971333
1500 0.99
1500 0.949333
1500 0.996667
1500 0.979333
1500 0.990667
1500 0.949333
1500 0.973333
1500 0.942
1500 0.905333
1500 0.997333
1500 0.989333
1500 0.998667
1500 0.976
1500 0.980667
1500 0.985333
1500 0.985333
1500 0.889333
1500 0.96
1500 0.969333
1500 0.992
1500 0.998
1500 0.954667
1500 1
1500 0.986667
1500 0.998
1500 0.984667
1500 0.963333
1500 0.969333
1500 0.952
1500 0.994667
1500 0.975333
1500 0.962667
1500 0.938667
1500 0.997333
1500 0.992
1500 0.995333
1500 0.994667
1500 0.982667
1500 0.984667
1500 0.972
1500 0.894
1500 0.979333
1500 0.99
1500 0.993333
1500 0.988
1500 0.976667
1500 0.956
1500 0.896
1500 0.982667
1500 0.964667
1500 0.967333
1500 0.96
1500 0.953333
1500 0.984
1550 0.977419
1550 0.937419
1550 0.976129
1550 0.983871
1550 0.960645
1550 0.96129
1550 0.990323
1550 0.964516
1550 0.99871
1550 0.938065
1550 0.990323
1550 0.991613
1550 0.987742
1550 0.960645
1550 0.976774
1550 0.993548
1550 0.950968
1550 0.96129
1550 0.972903
1550 0.950968
1550 0.98
1550 0.961935
1550 0.949677
1550 0.987097
1550 0.957419
1550 0.993548
1550 0.953548
1550 0.947742
1550 0.994194
1550 0.989677
1550 0.996129
1550 0.975484
1550 0.951613
1550 0.963226
1550 0.989677
1550 0.943871
1550 0.932903
1550 0.954194
1550 0.963871
1550 0.978065
1550 0.996129
1550 0.969032
1550 0.96
1550 0.965806
1550 1
1550 0.957419
1550 0.996129
1550 0.97871
1550 0.971613
1550 0.992258
1550 0.985161
1550 0.972258
1550 0.98129
1550 0.970323
1550 0.995484
1550 0.989032
1550 0.971613
1550 0.964516
1550 0.962581
1550 0.993548
1550 0.929032
1550 0.990323
1550 0.956774
1550 0.985161
1550 0.98
1550 0.98
1550 0.890968
1550 0.943226
1550 0.934839
1550 1
1550 0.992903
1550 0.994839
1550 0.997419
1550 0.957419
1550 0.993548
1600 0.94875
1600 0.9225
1600 0.958125
1600 0.970625
1600 0.98375
1600 0.936875
1600 0.965
1600 0.995625
1600 0.955625
1600 0.966875
1600 0.974375
1600 0.9975
1600 0.988125
1600 0.99875
1600 0.990625
1600 0.99625
1600 0.976875
1600 0.934375
1600 0.98875
1600 0.96125
1600 0.98
1600 0.99625
1600 0.965
1600 0.995
1600 0.965
1600 0.990625
1600 0.9775
1600 0.996875
1600 0.95125
1600 0.998125
1600 0.99
1600 0.975
1600 0.981875
1600 0.938125
1600 0.9575
1600 0.96
1600 0.984375
1600 0.979375
1600 0.940625
1600 0.98375
1600 0.98375
1600 1
1600 0.96625
1600 0.99625
1600 0.9975
1600 0.971875
1600 0.943125
1600 0.985
1600 0.9825
1600 0.949375
1600 0.996875
1600 0.98875
1600 0.983125
1600 0.963125
1600 0.965625
1600 0.989375
1600 0.995
1600 0.976875
1600 0.91875
1600 1
1600 0.951875
1600 0.975
1600 0.984375
1600 0.98625
1600 0.99
1600 0.99375
1600 0.999375
1600 0.9725
1600 0.97875
1600 0.9775
1600 0.9325
1600 0.99
1600 0.9375
1600 0.99875
1600 0.94
1650 0.997576
1650 0.945455
1650 0.880606
1650 0.981212
1650 0.967273
1650 0.937576
1650 0.958788
1650 0.964242
1650 0.973333
1650 0.991515
1650 0.99697
1650 0.97697
1650 0.970303
1650 0.993333
1650 0.951515
1650 0.955758
1650 0.995758
1650 0.927879
1650 0.993333
1650 0.978182
1650 0.977576
1650 0.996364
1650 0.948485
1650 0.990909
1650 0.919394
1650 0.961818
1650 0.987273
1650 0.981818
1650 0.946667
1650 0.927273
1650 0.969697
1650 0.955152
1650 0.954545
1650 0.967879
1650 0.914545
1650 0.989091
1650 0.990909
1650 0.94303
1650 0.966061
1650 0.981818
1650 0.97697
1650 0.969091
1650 0.959394
1650 0.989091
1650 0.960606
1650 0.974545
1650 0.953939
1650 0.949091
1650 0.988485
1650 0.955758
1650 0.973939
1650 0.948485
1650 0.937576
1650 0.93697
1650 0.949091
1650 0.972727
1650 0.941212
1650 0.982424
1650 0.978788
1650 0.955152
1650 0.995758
1650 0.950303
1650 0.985455
1650 0.928485
1650 0.937576
1650 0.989091
1650 0.958788
1650 0.952727
1650 0.967273
1650 0.934545
1650 0.872727
1650 0.940606
1650 0.977576
1650 0.956364
1650 0.989091
1700 0.958824
1700 0.978235
1700 0.885882
1700 0.942941
1700 0.982353
1700 0.958824
1700 0.981765
1700 0.916471
1700 0.998824
1700 0.930588
1700 0.933529
1700 0.988235
1700 0.957647
1700 0.961176
1700 0.984706
1700 0.97
1700 0.97
1700 0.972941
1700 0.963529
1700 0.961765
1700 0.982353
1700 0.968235
1700 0.978235
1700 0.934118
1700 0.941176
1700 0.999412
1700 0.998235
1700 0.992941
1700 0.923529
1700 0.992941
1700 0.957059
1700 0.962353
1700 0.961765
1700 0.997059
1700 0.960588
1700 0.967059
1700 0.991765
1700 0.973529
1700 0.968824
1700 0.966471
1700 0.968824
1700 0.885294
1700 0.997059
1700 0.954118
1700 0.945294
1700 0.973529
1700 0.990588
1700 0.982353
1700 0.997059
1700 0.989412
1700 0.998824
1700 0.948235
1700 0.971176
1700 0.939412
1700 0.955294
1700 0.954118
1700 0.964118
1700 0.884118
1700 1
1700 0.946471
1700 0.985882
1700 0.985294
1700 0.992941
1700 0.988824
1700 0.969412
1700 0.978235
1700 0.974706
1700 0.997647
1700 0.975294
1700 0.995882
1700 0.987059
1700 0.985294
1700 0.96
1700 0.982941
1700 0.971176
1750 0.989143
1750 0.966857
1750 0.942857
1750 0.960571
1750 0.949714
1750 1
1750 0.980571
1750 0.908571
1750 0.937143
1750 0.980571
1750 0.968571
1750 0.996
1750 0.976571
1750 0.991429
1750 0.984571
1750 0.948
1750 0.941143
1750 0.996
1750 0.934286
1750 0.994857
1750 0.954286
1750 0.989143
1750 0.948571
1750 0.950857
1750 0.909714
1750 0.962286
1750 0.973143
1750 0.969714
1750 0.950286
1750 0.993714
1750 0.996
1750 0.942286
1750 0.946857
1750 0.994286
1750 0.945143
1750 0.996
1750 0.970857
1750 0.959429
1750 0.937143
1750 0.997714
1750 0.951429
1750 0.973714
1750 0.982857
1750 0.995429
1750 0.953143
1750 0.998857
1750 0.989714
1750 0.944
1750 0.948571
1750 0.992
1750 0.970857
1750 0.964
1750 0.924
1750 0.977143
1750 0.960571
1750 0.944571
1750 0.993714
1750 0.952
1750 0.96
1750 0.992
1750 0.971429
1750 1
1750 0.972571
1750 0.985143
1750 0.955429
1750 0.994286
1750 0.985143
1750 0.986286
1750 0.995429
1750 0.996
1750 0.521143
1750 0.967429
1750 0.984571
1750 0.948571
1750 0.953143
1800 0.971111
1800 0.936667
1800 0.971111
1800 0.921667
1800 0.964444
1800 0.966667
1800 0.942222
1800 0.955556
1800 0.988333
1800 0.958889
1800 0.960556
1800 0.933333
1800 0.997778
1800 0.963333
1800 0.999444
1800 0.968889
1800 0.983889
1800 0.988889
1800 0.977778
1800 0.996111
1800 0.990556
1800 0.998333
1800 0.999444
1800 0.989444
1800 0.955556
1800 0.929444
1800 0.952222
1800 0.954444
1800 0.988889
1800 0.997222
1800 0.986111
1800 0.999444
1800 0.959444
1800 0.964444
1800 0.928333
1800 0.938333
1800 0.952222
1800 0.993333
1800 0.984444
1800 0.959444
1800 0.972222
1800 0.988889
1800 0.954444
1800 0.982222
1800 0.969444
1800 0.988333
1800 0.993889
1800 0.99
1800 0.972778
1800 0.986667
1800 0.999444
1800 0.92
1800 0.961111
1800 0.976667
1800 0.963333
1800 0.997222
1800 0.96
1800 0.981667
1800 0.991667
1800 0.951111
1800 0.965
1800 0.965556
1800 0.965
1800 0.951667
1800 0.952222
1800 0.982222
1800 0.931111
1800 0.964444
1800 0.968889
1800 0.971667
1800 0.993333
1800 0.994444
1800 0.979444
1800 0.995556
1800 0.980556
1850 0.924865
1850 0.985946
1850 0.994595
1850 1
1850 0.98973
1850 0.982162
1850 0.956216
1850 0.956757
1850 0.947568
1850 0.933514
1850 0.927027
1850 0.950811
1850 0.984324
1850 0.917297
1850 0.976216
1850 0.912432
1850 0.992973
1850 0.971351
1850 1
1850 0.917838
1850 0.954054
1850 0.942703
1850 1
1850 0.892432
1850 0.984865
1850 0.957297
1850 0.984324
1850 0.946486
1850 0.972432
1850 0.990811
1850 0.991351
1850 0.966486
1850 0.954595
1850 0.96
1850 0.957838
1850 0.947027
1850 0.975135
1850 0.997838
1850 0.967568
1850 0.972432
1850 0.957838
1850 0.982162
1850 0.980541
1850 0.976216
1850 0.986486
1850 0.993514
1850 0.928108
1850 0.974054
1850 0.960541
1850 0.968649
1850 0.999459
1850 0.999459
1850 0.983784
1850 0.949189
1850 0.970811
1850 0.94973
1850 0.975135
1850 0.971351
1850 0.996757
1850 0.971351
1850 0.987568
1850 0.973514
1850 0.997297
1850 0.986486
1850 0.972973
1850 0.993514
1850 0.942162
1850 0.997838
1850 0.995676
1850 0.962703
1850 0.987568
1850 0.994054
1850 0.916757
1850 0.903243
1850 0.947568
1900 0.948947
1900 0.993684
1900 0.990526
1900 0.971579
1900 0.994737
1900 0.982105
1900 0.907895
1900 0.958421
1900 0.961053
1900 0.958947
1900 0.991579
1900 0.897895
1900 0.983158
1900 0.972632
1900 0.997895
1900 0.968947
1900 0.987895
1900 0.946842
1900 0.998421
1900 0.991053
1900 0.985789
1900 0.955263
1900 0.988947
1900 0.933684
1900 0.995789
1900 0.998421
1900 0.99
1900 0.995789
1900 0.992632
1900 0.966842
1900 0.962632
1900 0.967895
1900 0.987895
1900 0.954211
1900 0.973684
1900 0.977895
1900 0.96
1900 0.986316
1900 0.999474
1900 0.960526
1900 0.976316
1900 0.983158
1900 0.92
1900 0.954211
1900 0.954737
1900 0.982632
1900 0.988421
1900 0.961579
1900 0.875263
1900 0.966316
1900 0.976316
1900 0.989474
1900 0.988947
1900 0.986842
1900 0.976842
1900 0.981579
1900 0.989474
1900 0.992105
1900 0.954211
1900 0.952105
1900 0.975263
1900 0.960526
1900 0.996316
1900 0.988947
1900 0.974211
1900 0.926316
1900 0.991053
1900 0.958947
1900 0.961579
1900 0.973158
1900 0.974737
1900 0.996842
1900 0.984211
1900 0.978421
1900 0.992105
1950 0.989231
1950 0.978974
1950 0.991282
1950 0.985641
1950 0.957949
1950 0.987179
1950 0.926154
1950 0.950256
1950 0.995897
1950 0.985128
1950 0.996923
1950 0.932821
1950 0.978974
1950 0.944615
1950 0.989231
1950 0.967179
1950 1
1950 0.977949
1950 0.962564
1950 0.93641
1950 0.955385
1950 0.996923
1950 0.962051
1950 0.969231
1950 0.954872
1950 0.989744
1950 0.993846
1950 0.958974
1950 0.921538
1950 0.989231
1950 0.984615
1950 0.991795
1950 0.984103
1950 0.963077
1950 0.973333
1950 0.904103
1950 0.928718
1950 0.993846
1950 0.932821
1950 0.991282
1950 0.944615
1950 0.946667
1950 0.971795
1950 0.957436
1950 0.968205
1950 0.958974
1950 0.957949
1950 0.975897
1950 0.977949
1950 0.987692
1950 0.934359
1950 0.941538
1950 0.962564
1950 0.998462
1950 0.994872
1950 0.966154
1950 0.987179
1950 0.96
1950 0.928718
1950 0.988718
1950 0.966667
1950 0.980513
1950 0.973846
1950 0.962564
1950 0.954359
1950 0.95641
1950 0.969231
1950 0.99641
1950 0.955897
1950 0.966154
1950 0.97641
1950 0.94359
1950 0.975897
1950 0.987692
1950 0.979487
2000 0.9405
2000 0.9595
2000 0.991
2000 0.9665
2000 0.946
2000 0.992
2000 0.9625
2000 0.9505
2000 0.9525
2000 0.9405
2000 0.965
2000 0.9875
2000 0.989
2000 0.954
2000 0.959
2000 0.986
2000 0.96
2000 0.973
2000 0.9615
2000 0.991
2000 0.9825
2000 0.9485
2000 0.997
2000 0.929
2000 0.9615
2000 0.9735
2000 0.9965
2000 0.9935
2000 0.992
2000 0.965
2000 0.992
2000 0.9665
2000 0.9985
2000 0.988
2000 0.989
2000 0.982
2000 0.9825
2000 0.994
2000 0.9945
2000 0.9805
2000 0.995
2000 0.975
2000 0.9925
2000 0.979
2000 0.933
2000 0.9945
2000 0.957
2000 1
2000 0.9855
2000 0.9625
2000 0.994
2000 0.9485
2000 0.9625
2000 0.9625
2000 0.954
2000 0.975
2000 0.9615
2000 0.956
2000 0.984
2000 1
2000 0.996
2000 0.998
2000 0.9235
2000 0.996
2000 0.986
2000 0.958
2000 0.946
2000 0.99
2000 0.99
2000 0.963
2000 0.9295
2000 0.991
2000 0.977
2000 0.9975
2000 0.984
