50 0.02
50 0.5
50 0.02
50 0.58
50 0.42
50 0.5
50 0.44
50 0.54
50 0
50 0.36
50 0.16
50 0.16
50 0
50 0.12
50 0.16
50 0.2
50 0.36
50 0.58
50 0.24
50 0
50 0.16
50 0.04
50 0.02
50 0
50 0.06
50 0.64
50 0.36
50 0.32
50 0.34
50 0.14
50 0.4
50 0
50 0
50 0.14
50 0.28
50 0
50 0
50 0.62
50 0.28
50 0
50 0.04
50 0.14
50 0.2
50 0.78
50 0.18
50 0.44
50 0.18
50 0.46
50 0.24
50 0.2
50 0.6
50 0
50 0.26
50 0.24
50 0.34
50 0.08
50 0.4
50 0.02
50 0.1
50 0.02
50 0.36
50 0.28
50 0.04
50 0.06
50 0.74
50 0.28
50 0.1
50 0.08
50 0.06
50 0
50 0.06
50 0.32
50 0.2
50 0.64
50 0.08
100 0.36
100 0.07
100 0.28
100 0.13
100 0.66
100 0.69
100 0.66
100 0.37
100 0.17
100 0.36
100 0.8
100 0.78
100 0.41
100 0.21
100 0.87
100 0.14
100 0.58
100 0.57
100 0.19
100 0.7
100 0.64
100 0.7
100 0.5
100 0.5
100 0.44
100 0.2
100 0.37
100 0.52
100 0.29
100 0.33
100 0.42
100 0.37
100 0.61
100 0.74
100 0.73
100 0.46
100 0.58
100 0.56
100 0.1
100 0.36
100 0.61
100 0.15
100 0.49
100 0.79
100 0.67
100 0.76
100 0.5
100 0.13
100 0
100 0.4
100 0
100 0.68
100 0.44
100 0.52
100 0.55
100 0.7
100 0.75
100 0.72
100 0.64
100 0.76
100 0.69
100 0.17
100 0.55
100 0.38
100 0.38
100 0.15
100 0.61
100 0.4
100 0.64
100 0.66
100 0.59
100 0.62
100 0.59
100 0.08
100 0.75
150 0.513333
150 0.713333
150 0.82
150 0.573333
150 0.42
150 0.773333
150 0.54
150 0.3
150 0.7
150 0.0133333
150 0.64
150 0.773333
150 0.413333
150 0.48
150 0.553333
150 0.653333
150 0.753333
150 0.4
150 0.626667
150 0.76
150 0.76
150 0.78
150 0.493333
150 0.306667
150 0.753333
150 0.58
150 0.58
150 0.486667
150 0.84
150 0.746667
150 0.646667
150 0.64
150 0.753333
150 0.786667
150 0.606667
150 0.426667
150 0.36
150 0.526667
150 0.34
150 0.553333
150 0.78
150 0.486667
150 0.24
150 0.32
150 0.34
150 0.766667
150 0.0333333
150 0.513333
150 0.753333
150 0.253333
150 0.533333
150 0.453333
150 0.406667
150 0.533333
150 0.453333
150 0.713333
150 0.373333
150 0.453333
150 0.3
150 0.666667
150 0.7
150 0.66
150 0.813333
150 0.5
150 0.5
150 0.593333
150 0.693333
150 0.326667
150 0.76
150 0.4
150 0.726667
150 0.34
150 0.84
150 0.673333
150 0.72
200 0.59
200 0.38
200 0.745
200 0.72
200 0.705
200 0.31
200 0.37
200 0.875
200 0.69
200 0.125
200 0.745
200 0.57
200 0.515
200 0.79
200 0.725
200 0.745
200 0.61
200 0.685
200 0.71
200 0.745
200 0.725
200 0.785
200 0.635
200 0.68
200 0.64
200 0.57
200 0.65
200 0.775
200 0.555
200 0.53
200 0.68
200 0.49
200 0.505
200 0.43
200 0.58
200 0.615
200 0.33
200 0.525
200 0.745
200 0.475
200 0.69
200 0.8
200 0.28
200 0.455
200 0.825
200 0.625
200 0.54
200 0.535
200 0.82
200 0.63
200 0.04
200 0.61
200 0.65
200 0.66
200 0.42
200 0.46
200 0.595
200 0.675
200 0.655
200 0.585
200 0.4
200 0.655
200 0.855
200 0.8
200 0.775
200 0.69
200 0.255
200 0.6
200 0.535
200 0.91
200 0.675
200 0.34
200 0.615
200 0.645
200 0.65
250 0.668
250 0.628
250 0.536
250 0.724
250 0.492
250 0.608
250 0.756
250 0.684
250 0.436
250 0.784
250 0.844
250 0.776
250 0.688
250 0.488
250 0.608
250 0.724
250 0.764
250 0.564
250 0.84
250 0.896
250 0.732
250 0.712
250 0.452
250 0.512
250 0.756
250 0.744
250 0.732
250 0.6
250 0.624
250 0.828
250 0.652
250 0.684
250 0.776
250 0.684
250 0.704
250 0.456
250 0.8
250 0.788
250 0.672
250 0.644
250 0.48
250 0.636
250 0.616
250 0.28
250 0.736
250 0.848
250 0.82
250 0.56
250 0.856
250 0.612
250 0.852
250 0.512
250 0.388
250 0.528
250 0.664
250 0.856
250 0.636
250 0.524
250 0.684
250 0.444
250 0.496
250 0.712
250 0.6
250 0.812
250 0.716
250 0.58
250 0.688
250 0.648
250 0.832
250 0.676
250 0.336
250 0.492
250 0.756
250 0.632
250 0.788
300 0.743333
300 0.713333
300 0.526667
300 0.803333
300 0.37
300 0.6
300 0.583333
300 0.353333
300 0.793333
300 0.7
300 0.756667
300 0.286667
300 0.716667
300 0.73
300 0.49
300 0.54
300 0.336667
300 0.563333
300 0.703333
300 0.656667
300 0.576667
300 0.41
300 0.883333
300 0.826667
300 0.62
300 0.756667
300 0.81
300 0.433333
300 0.623333
300 0.706667
300 0.716667
300 0.72
300 0.45
300 0.73
300 0.74
300 0.626667
300 0.613333
300 0.846667
300 0.436667
300 0.79
300 0.83
300 0.506667
300 0.793333
300 0.73
300 0.546667
300 0.616667
300 0.83
300 0.416667
300 0.57
300 0.783333
300 0.63
300 0.75
300 0.44
300 0.74
300 0.75
300 0.69
300 0.64
300 0.796667
300 0.746667
300 0.82
300 0.59
300 0.776667
300 0.75
300 0.746667
300 0.543333
300 0.776667
300 0.806667
300 0.46
300 0.866667
300 0.833333
300 0.866667
300 0.783333
300 0.816667
300 0.813333
300 0.813333
350 0.565714
350 0.84
350 0.717143
350 0.582857
350 0.534286
350 0.345714
350 0.708571
350 0.708571
350 0.834286
350 0.385714
350 0.84
350 0.745714
350 0.848571
350 0.788571
350 0.742857
350 0.66
350 0.465714
350 0.58
350 0.694286
350 0.465714
350 0.777143
350 0.642857
350 0.731429
350 0.797143
350 0.731429
350 0.848571
350 0.717143
350 0.717143
350 0.751429
350 0.705714
350 0.731429
350 0.814286
350 0.454286
350 0.811429
350 0.64
350 0.717143
350 0.72
350 0.548571
350 0.777143
350 0.765714
350 0.457143
350 0.748571
350 0.882857
350 0.771429
350 0.917143
350 0.525714
350 0.597143
350 0.465714
350 0.668571
350 0.742857
350 0.714286
350 0.351429
350 0.671429
350 0.791429
350 0.837143
350 0.542857
350 0.777143
350 0.648571
350 0.677143
350 0.694286
350 0.822857
350 0.702857
350 0.72
350 0.771429
350 0.66
350 0.602857
350 0.688571
350 0.685714
350 0.737143
350 0.76
350 0.674286
350 0.774286
350 0.488571
350 0.774286
350 0.765714
400 0.8075
400 0.535
400 0.7225
400 0.71
400 0.725
400 0.49
400 0.77
400 0.6325
400 0.825
400 0.6125
400 0.78
400 0.7625
400 0.7025
400 0.7175
400 0.625
400 0.7675
400 0.805
400 0.5625
400 0.58
400 0.7225
400 0.5175
400 0.79
400 0.78
400 0.5325
400 0.765
400 0.5525
400 0.5225
400 0.5725
400 0.7575
400 0.83
400 0.73
400 0.7175
400 0.745
400 0.695
400 0.3775
400 0.7075
400 0.7775
400 0.6425
400 0.8325
400 0.715
400 0.785
400 0.8075
400 0.78
400 0.77
400 0.7875
400 0.7275
400 0.33
400 0.7575
400 0.8275
400 0.8975
400 0.615
400 0.745
400 0.7725
400 0.3875
400 0.8075
400 0.8175
400 0.7975
400 0.5425
400 0.59
400 0.7875
400 0.7375
400 0.8
400 0.7425
400 0.775
400 0.7075
400 0.61
400 0.7
400 0.8325
400 0.7775
400 0.7475
400 0.81
400 0.8075
400 0.7625
400 0.9575
400 0.8375
450 0.793333
450 0.857778
450 0.742222
450 0.531111
450 0.777778
450 0.715556
450 0.713333
450 0.695556
450 0.824444
450 0.651111
450 0.726667
450 0.742222
450 0.704444
450 0.815556
450 0.648889
450 0.566667
450 0.608889
450 0.755556
450 0.74
450 0.682222
450 0.608889
450 0.66
450 0.802222
450 0.822222
450 0.693333
450 0.72
450 0.473333
450 0.653333
450 0.782222
450 0.746667
450 0.744444
450 0.637778
450 0.833333
450 0.782222
450 0.704444
450 0.751111
450 0.713333
450 0.651111
450 0.624444
450 0.806667
450 0.593333
450 0.744444
450 0.682222
450 0.715556
450 0.697778
450 0.748889
450 0.693333
450 0.815556
450 0.453333
450 0.737778
450 0.417778
450 0.642222
450 0.702222
450 0.757778
450 0.697778
450 0.808889
450 0.58
450 0.853333
450 0.666667
450 0.784444
450 0.564444
450 0.773333
450 0.848889
450 0.777778
450 0.555556
450 0.791111
450 0.806667
450 0.691111
450 0.731111
450 0.791111
450 0.197778
450 0.742222
450 0.713333
450 0.617778
450 0.773333
500 0.798
500 0.706
500 0.75
500 0.872
500 0.728
500 0.764
500 0.896
500 0.88
500 0.76
500 0.818
500 0.76
500 0.746
500 0.78
500 0.764
500 0.79
500 0.802
500 0.812
500 0.552
500 0.794
500 0.758
500 0.766
500 0.676
500 0.838
500 0.704
500 0.74
500 0.57
500 0.85
500 0.86
500 0.612
500 0.756
500 0.718
500 0.806
500 0.766
500 0.762
500 0.79
500 0.598
500 0.714
500 0.578
500 0.72
500 0.72
500 0.73
500 0.6
500 0.866
500 0.564
500 0.756
500 0.722
500 0.678
500 0.54
500 0.812
500 0.626
500 0.386
500 0.762
500 0.736
500 0.724
500 0.638
500 0.802
500 0.796
500 0.64
500 0.822
500 0.752
500 0.584
500 0.438
500 0.72
500 0.572
500 0.748
500 0.82
500 0.776
500 0.844
500 0.862
500 0.878
500 0.694
500 0.788
500 0.64
500 0.766
500 0.712
550 0.638182
550 0.741818
550 0.878182
550 0.747273
550 0.747273
550 0.703636
550 0.645455
550 0.703636
550 0.901818
550 0.829091
550 0.649091
550 0.796364
550 0.278182
550 0.770909
550 0.88
550 0.587273
550 0.627273
550 0.843636
550 0.729091
550 0.796364
550 0.781818
550 0.630909
550 0.763636
550 0.794545
550 0.767273
550 0.654545
550 0.745455
550 0.741818
550 0.770909
550 0.736364
550 0.727273
550 0.767273
550 0.832727
550 0
550 0.705455
550 0.683636
550 0.470909
550 0.763636
550 0.818182
550 0.763636
550 0.809091
550 0.850909
550 0.736364
550 0.714545
550 0.78
550 0.554545
550 0.541818
550 0.714545
550 0.852727
550 0.603636
550 0.821818
550 0.707273
550 0.518182
550 0.434545
550 0.652727
550 0.809091
550 0.750909
550 0.632727
550 0.812727
550 0.672727
550 0.687273
550 0.758182
550 0.730909
550 0.712727
550 0.903636
550 0.643636
550 0.843636
550 0.665455
550 0.496364
550 0.561818
550 0.454545
550 0.709091
550 0.750909
550 0.745455
550 0.547273
600 0.586667
600 0.783333
600 0.733333
600 0.605
600 0.811667
600 0.62
600 0.766667
600 0.833333
600 0.745
600 0.805
600 0.795
600 0.78
600 0.7
600 0.723333
600 0.726667
600 0.773333
600 0.696667
600 0.743333
600 0.755
600 0.631667
600 0.481667
600 0.791667
600 0.853333
600 0.825
600 0.683333
600 0.776667
600 0.77
600 0.856667
600 0.76
600 0.726667
600 0.706667
600 0.788333
600 0.62
600 0.646667
600 0.715
600 0.768333
600 0.766667
600 0.691667
600 0.703333
600 0.71
600 0.44
600 0.765
600 0.711667
600 0.778333
600 0.76
600 0.705
600 0.711667
600 0.588333
600 0.443333
600 0.816667
600 0.441667
600 0.626667
600 0.476667
600 0.721667
600 0.796667
600 0.883333
600 0.791667
600 0.33
600 0.713333
600 0.741667
600 0.796667
600 0.798333
600 0.506667
600 0.86
600 0.761667
600 0.786667
600 0.851667
600 0.845
600 0.573333
600 0.811667
600 0.758333
600 0.763333
600 0.685
600 0.851667
600 0.523333
650 0.790769
650 0.644615
650 0.72
650 0.653846
650 0.641538
650 0.801538
650 0.663077
650 0.804615
650 0.715385
650 0.686154
650 0.667692
650 0.556923
650 0.736923
650 0.793846
650 0.572308
650 0.807692
650 0.815385
650 0.663077
650 0.833846
650 0.86
650 0.655385
650 0.430769
650 0.773846
650 0.901538
650 0.816923
650 0.870769
650 0.663077
650 0.735385
650 0.718462
650 0.816923
650 0.812308
650 0.766154
650 0.78
650 0.772308
650 0.624615
650 0.683077
650 0.54
650 0.887692
650 0.844615
650 0.829231
650 0.824615
650 0.813846
650 0.795385
650 0.846154
650 0.726154
650 0.815385
650 0.755385
650 0.490769
650 0.436923
650 0.835385
650 0.610769
650 0.769231
650 0.767692
650 0.767692
650 0.793846
650 0.736923
650 0.770769
650 0.653846
650 0.833846
650 0.492308
650 0.787692
650 0.807692
650 0.641538
650 0.746154
650 0.698462
650 0.766154
650 0.669231
650 0.747692
650 0.533846
650 0.784615
650 0.810769
650 0.753846
650 0.858462
650 0.833846
650 0.806154
700 0.792857
700 0.811429
700 0.685714
700 0.741429
700 0.788571
700 0.704286
700 0.817143
700 0.764286
700 0.858571
700 0.755714
700 0.835714
700 0.758571
700 0.832857
700 0.861429
700 0.647143
700 0.798571
700 0.785714
700 0.562857
700 0.641429
700 0.554286
700 0.748571
700 0.76
700 0.708571
700 0.657143
700 0.818571
700 0.748571
700 0.714286
700 0.857143
700 0.792857
700 0.81
700 0.897143
700 0.648571
700 0.76
700 0.498571
700 0.751429
700 0.761429
700 0.784286
700 0.741429
700 0.768571
700 0.555714
700 0.687143
700 0.537143
700 0.761429
700 0.808571
700 0.632857
700 0.777143
700 0.544286
700 0.641429
700 0.794286
700 0.688571
700 0.787143
700 0.828571
700 0.807143
700 0.768571
700 0.778571
700 0.798571
700 0.8
700 0.78
700 0.792857
700 0.76
700 0.72
700 0.597143
700 0.82
700 0.565714
700 0.83
700 0.85
700 0.765714
700 0.807143
700 0.687143
700 0.764286
700 0.811429
700 0.615714
700 0.804286
700 0.707143
700 0.832857
750 0.853333
750 0.796
750 0.753333
750 0.648
750 0.845333
750 0.764
750 0.654667
750 0.72
750 0.648
750 0.637333
750 0.48
750 0.801333
750 0.689333
750 0.853333
750 0.730667
750 0.788
750 0.417333
750 0.684
750 0.744
750 0.718667
750 0.852
750 0.748
750 0.793333
750 0.816
750 0.793333
750 0.848
750 0.514667
750 0.586667
750 0.589333
750 0.810667
750 0.609333
750 0.785333
750 0.766667
750 0.745333
750 0.812
750 0.694667
750 0.68
750 0.802667
750 0.712
750 0.668
750 0.845333
750 0.5
750 0.761333
750 0.821333
750 0.624
750 0.745333
750 0.818667
750 0.674667
750 0.554667
750 0.741333
750 0.785333
750 0.777333
750 0.536
750 0.818667
750 0.730667
750 0.833333
750 0.546667
750 0.812
750 0.737333
750 0.789333
750 0.737333
750 0.712
750 0.781333
750 0.550667
750 0.794667
750 0.757333
750 0.765333
750 0.837333
750 0.921333
750 0.773333
750 0.725333
750 0.756
750 0.870667
750 0.788
750 0.833333
800 0.79625
800 0.66
800 0.7325
800 0.8
800 0.59625
800 0.72875
800 0.80625
800 0.78
800 0.9125
800 0.72375
800 0.7425
800 0.7625
800 0.83125
800 0.77625
800 0.725
800 0.56125
800 0.75625
800 0.75125
800 0.72625
800 0.655
800 0.755
800 0.85125
800 0.83125
800 0.7825
800 0.83625
800 0.8
800 0.8225
800 0.84875
800 0.6675
800 0.6975
800 0.72625
800 0.8175
800 0.81625
800 0.7875
800 0.78125
800 0.73375
800 0.7525
800 0.84375
800 0.87
800 0.81625
800 0.745
800 0.6425
800 0.72875
800 0.79875
800 0.82125
800 0.8025
800 0.7575
800 0.71375
800 0.6075
800 0.64375
800 0.70875
800 0.755
800 0.76625
800 0.4275
800 0.73125
800 0.8025
800 0.7125
800 0.82
800 0.80875
800 0.8125
800 0.76
800 0.80125
800 0.7175
800 0.67
800 0.76875
800 0.6975
800 0.46875
800 0.72
800 0.79125
800 0.7875
800 0.5575
800 0.59125
800 0.7775
800 0.71875
800 0.775
850 0.857647
850 0.736471
850 0.781176
850 0.792941
850 0.657647
850 0.734118
850 0.748235
850 0.808235
850 0.803529
850 0.450588
850 0.818824
850 0.788235
850 0.738824
850 0.767059
850 0.702353
850 0.685882
850 0.757647
850 0.634118
850 0.792941
850 0.727059
850 0.814118
850 0.832941
850 0.82
850 0.717647
850 0.855294
850 0.747059
850 0.794118
850 0.684706
850 0.857647
850 0.757647
850 0.721176
850 0.743529
850 0.830588
850 0.58
850 0.749412
850 0.798824
850 0.748235
850 0.735294
850 0.784706
850 0.68
850 0.750588
850 0.762353
850 0.730588
850 0.794118
850 0.687059
850 0.843529
850 0.788235
850 0.710588
850 0.487059
850 0.754118
850 0.783529
850 0.757647
850 0.736471
850 0.802353
850 0.66
850 0.64
850 0.538824
850 0.502353
850 0.716471
850 0.703529
850 0.743529
850 0.684706
850 0.871765
850 0.808235
850 0.696471
850 0.795294
850 0.64
850 0.763529
850 0.778824
850 0.807059
850 0.86
850 0.76
850 0.807059
850 0.661176
850 0.455294
900 0.826667
900 0.766667
900 0.814444
900 0.767778
900 0.568889
900 0.737778
900 0.667778
900 0.841111
900 0.725556
900 0.835556
900 0.785556
900 0.734444
900 0.722222
900 0.712222
900 0.834444
900 0.788889
900 0.388889
900 0.807778
900 0.484444
900 0.646667
900 0.824444
900 0.781111
900 0.838889
900 0.775556
900 0.742222
900 0.471111
900 0.606667
900 0.772222
900 0.675556
900 0.623333
900 0.744444
900 0.738889
900 0.74
900 0.671111
900 0.34
900 0.753333
900 0.822222
900 0.768889
900 0.61
900 0.784444
900 0.626667
900 0.734444
900 0.71
900 0.766667
900 0.784444
900 0.752222
900 0.881111
900 0.677778
900 0.831111
900 0.81
900 0.771111
900 0.734444
900 0.741111
900 0.494444
900 0.785556
900 0.761111
900 0.538889
900 0.727778
900 0.804444
900 0.621111
900 0.762222
900 0.796667
900 0.747778
900 0.791111
900 0.701111
900 0.915556
900 0.786667
900 0.652222
900 0.846667
900 0.832222
900 0.731111
900 0.842222
900 0.726667
900 0.802222
900 0.824444
950 0.846316
950 0.767368
950 0.666316
950 0.647368
950 0.78
950 0.82
950 0.785263
950 0.664211
950 0.711579
950 0.810526
950 0.686316
950 0.734737
950 0.781053
950 0.593684
950 0.854737
950 0.8
950 0.817895
950 0.606316
950 0.714737
950 0.804211
950 0.791579
950 0.558947
950 0.836842
950 0.785263
950 0.804211
950 0.731579
950 0.691579
950 0.803158
950 0.829474
950 0.636842
950 0.837895
950 0.741053
950 0.8
950 0.890526
950 0.798947
950 0.753684
950 0.789474
950 0.674737
950 0.775789
950 0.798947
950 0.721053
950 0.796842
950 0.809474
950 0.728421
950 0.834737
950 0.777895
950 0.758947
950 0.498947
950 0.832632
950 0.757895
950 0.814737
950 0.577895
950 0.747368
950 0.841053
950 0.751579
950 0.690526
950 0.828421
950 0.797895
950 0.806316
950 0.811579
950 0.623158
950 0.852632
950 0.744211
950 0.618947
950 0.670526
950 0.754737
950 0.482105
950 0.792632
950 0.814737
950 0.642105
950 0.801053
950 0.795789
950 0.766316
950 0.687368
950 0.754737
1000 0.906
1000 0.677
1000 0.73
1000 0.776
1000 0.764
1000 0.79
1000 0.68
1000 0.789
1000 0.72
1000 0.542
1000 0.763
1000 0.805
1000 0.735
1000 0.628
1000 0.66
1000 0.669
1000 0.76
1000 0.762
1000 0.874
1000 0.743
1000 0.8
1000 0.792
1000 0.778
1000 0.914
1000 0.794
1000 0.779
1000 0.756
1000 0.893
1000 0.83
1000 0.634
1000 0.737
1000 0.856
1000 0.596
1000 0.712
1000 0.72
1000 0.877
1000 0.723
1000 0.734
1000 0.779
1000 0.738
1000 0.626
1000 0.813
1000 0.878
1000 0.826
1000 0.703
1000 0.787
1000 0.773
1000 0.849
1000 0.733
1000 0.697
1000 0.771
1000 0.659
1000 0.707
1000 0.751
1000 0.751
1000 0.76
1000 0.871
1000 0.832
1000 0.804
1000 0.837
1000 0.783
1000 0.688
1000 0.788
1000 0.799
1000 0.83
1000 0.796
1000 0.761
1000 0.735
1000 0.803
1000 0.768
1000 0.621
1000 0.752
1000 0.858
1000 0.778
1000 0.664
1050 0.808571
1050 0.826667
1050 0.858095
1050 0.771429
1050 0.625714
1050 0.773333
1050 0.76
1050 0.687619
1050 0.777143
1050 0.73619
1050 0.709524
1050 0.730476
1050 0.580952
1050 0.809524
1050 0.869524
1050 0.73619
1050 0.775238
1050 0.664762
1050 0.761905
1050 0.835238
1050 0.859048
1050 0.78381
1050 0.794286
1050 0.486667
1050 0.853333
1050 0.812381
1050 0.860952
1050 0.825714
1050 0.753333
1050 0.794286
1050 0.804762
1050 0.77619
1050 0.711429
1050 0.817143
1050 0.78381
1050 0.712381
1050 0.778095
1050 0.708571
1050 0.717143
1050 0.815238
1050 0.793333
1050 0.842857
1050 0.718095
1050 0.74
1050 0.717143
1050 0.704762
1050 0.634286
1050 0.732381
1050 0.557143
1050 0.779048
1050 0.729524
1050 0.62381
1050 0.681905
1050 0.738095
1050 0.78
1050 0.813333
1050 0.719048
1050 0.773333
1050 0.811429
1050 0.76381
1050 0.720952
1050 0.646667
1050 0.814286
1050 0.761905
1050 0.69619
1050 0.790476
1050 0.789524
1050 0.76381
1050 0.717143
1050 0.701905
1050 0.772381
1050 0.658095
1050 0.750476
1050 0.794286
1050 0.673333
1100 0.769091
1100 0.833636
1100 0.817273
1100 0.78
1100 0.868182
1100 0.811818
1100 0.760909
1100 0.815455
1100 0.735455
1100 0.658182
1100 0.731818
1100 0.778182
1100 0.817273
1100 0.765455
1100 0.77
1100 0.784545
1100 0.701818
1100 0.821818
1100 0.642727
1100 0.806364
1100 0.82
1100 0.77
1100 0.879091
1100 0.778182
1100 0.72
1100 0.83
1100 0.690909
1100 0.794545
1100 0.809091
1100 0.795455
1100 0.726364
1100 0.709091
1100 0.768182
1100 0.756364
1100 0.776364
1100 0.747273
1100 0.614545
1100 0.828182
1100 0.725455
1100 0.892727
1100 0.801818
1100 0.764545
1100 0.702727
1100 0.699091
1100 0.74
1100 0.786364
1100 0.783636
1100 0.727273
1100 0.802727
1100 0.779091
1100 0.65
1100 0.746364
1100 0.801818
1100 0.569091
1100 0.768182
1100 0.765455
1100 0.789091
1100 0.776364
1100 0.588182
1100 0.819091
1100 0.776364
1100 0.715455
1100 0.709091
1100 0.846364
1100 0.688182
1100 0.683636
1100 0.72
1100 0.805455
1100 0.782727
1100 0.677273
1100 0.764545
1100 0.833636
1100 0.673636
1100 0.768182
1100 0.436364
1150 0.823478
1150 0.744348
1150 0.774783
1150 0.884348
1150 0.835652
1150 0.821739
1150 0.832174
1150 0.668696
1150 0.571304
1150 0.806087
1150 0.730435
1150 0.809565
1150 0.798261
1150 0.795652
1150 0.775652
1150 0.797391
1150 0.774783
1150 0.635652
1150 0.811304
1150 0.792174
1150 0.773913
1150 0.812174
1150 0.762609
1150 0.734783
1150 0.821739
1150 0.785217
1150 0.609565
1150 0.754783
1150 0.653043
1150 0.828696
1150 0.667826
1150 0.73913
1150 0.734783
1150 0.777391
1150 0.806957
1150 0.805217
1150 0.789565
1150 0.773043
1150 0.773043
1150 0.787826
1150 0.630435
1150 0.674783
1150 0.785217
1150 0.825217
1150 0.863478
1150 0.623478
1150 0.797391
1150 0.748696
1150 0.792174
1150 0.741739
1150 0.822609
1150 0.591304
1150 0.738261
1150 0.49913
1150 0.851304
1150 0.785217
1150 0.807826
1150 0.785217
1150 0.798261
1150 0.734783
1150 0.763478
1150 0.757391
1150 0.768696
1150 0.744348
1150 0.769565
1150 0.755652
1150 0.746087
1150 0.795652
1150 0.833913
1150 0.767826
1150 0.762609
1150 0.87913
1150 0.714783
1150 0.773913
1150 0.678261
1200 0.858333
1200 0.728333
1200 0.650833
1200 0.791667
1200 0.831667
1200 0.759167
1200 0.81
1200 0.824167
1200 0.7625
1200 0.46
1200 0.7175
1200 0.8875
1200 0.85
1200 0.808333
1200 0.795833
1200 0.733333
1200 0.768333
1200 0.748333
1200 0.81
1200 0.7575
1200 0.7175
1200 0.843333
1200 0.748333
1200 0.805
1200 0.786667
1200 0.845
1200 0.686667
1200 0.749167
1200 0.835
1200 0.849167
1200 0.8125
1200 0.746667
1200 0.79
1200 0.755833
1200 0.7325
1200 0.833333
1200 0.824167
1200 0.859167
1200 0.7525
1200 0.781667
1200 0.835
1200 0.618333
1200 0.720833
1200 0.843333
1200 0.770833
1200 0.815833
1200 0.676667
1200 0.780833
1200 0.778333
1200 0.698333
1200 0.6425
1200 0.8125
1200 0.886667
1200 0.8675
1200 0.845
1200 0.765833
1200 0.76
1200 0.684167
1200 0.849167
1200 0.816667
1200 0.845833
1200 0.776667
1200 0.864167
1200 0.814167
1200 0.850833
1200 0.823333
1200 0.586667
1200 0.793333
1200 0.776667
1200 0.754167
1200 0.830833
1200 0.83
1200 0.659167
1200 0.8275
1200 0.666667
1250 0.7584
1250 0.7776
1250 0.7552
1250 0.756
1250 0.836
1250 0.6952
1250 0.784
1250 0.7992
1250 0.8104
1250 0.8752
1250 0.804
1250 0.8128
1250 0.748
1250 0.8344
1250 0.7072
1250 0.7392
1250 0.8248
1250 0.7376
1250 0.5624
1250 0.7536
1250 0.7296
1250 0.6064
1250 0.7744
1250 0.6144
1250 0.5696
1250 0.6664
1250 0.7408
1250 0.7064
1250 0.6752
1250 0.8208
1250 0.8784
1250 0.7912
1250 0.7824
1250 0.652
1250 0.7632
1250 0.7616
1250 0.8648
1250 0.8504
1250 0.7984
1250 0.7952
1250 0.6976
1250 0.716
1250 0.8328
1250 0.8304
1250 0.8264
1250 0.8568
1250 0.6896
1250 0.7184
1250 0.7488
1250 0.6264
1250 0.7488
1250 0.8464
1250 0.772
1250 0.7768
1250 0.7928
1250 0.5848
1250 0.8112
1250 0.556
1250 0.7832
1250 0.7624
1250 0.8264
1250 0.6968
1250 0.8112
1250 0.768
1250 0.7968
1250 0.796
1250 0.7808
1250 0.8472
1250 0.6688
1250 0.7904
1250 0.684
1250 0.9072
1250 0.7896
1250 0.852
1250 0.8104
1300 0.711538
1300 0.792308
1300 0.774615
1300 0.765385
1300 0.711538
1300 0.626923
1300 0.773846
1300 0.78
1300 0.619231
1300 0.826923
1300 0.723846
1300 0.707692
1300 0.739231
1300 0.632308
1300 0.762308
1300 0.83
1300 0.813077
1300 0.716923
1300 0.744615
1300 0.873846
1300 0.796923
1300 0.816923
1300 0.674615
1300 0.740769
1300 0.741538
1300 0.667692
1300 0.745385
1300 0.575385
1300 0.755385
1300 0.69
1300 0.708462
1300 0.802308
1300 0.778462
1300 0.716154
1300 0.728462
1300 0.900769
1300 0.745385
1300 0.808462
1300 0.59
1300 0.703077
1300 0.568462
1300 0.713846
1300 0.808462
1300 0.836923
1300 0.806154
1300 0.804615
1300 0.646154
1300 0.773077
1300 0.769231
1300 0.775385
1300 0.860769
1300 0.81
1300 0.685385
1300 0.795385
1300 0.786154
1300 0.831538
1300 0.551538
1300 0.836154
1300 0.786154
1300 0.717692
1300 0.767692
1300 0.666923
1300 0.787692
1300 0.816923
1300 0.723846
1300 0.768462
1300 0.882308
1300 0.846923
1300 0.686154
1300 0.813846
1300 0.806923
1300 0.693077
1300 0.754615
1300 0.766923
1300 0.661538
1350 0.767407
1350 0.759259
1350 0.742222
1350 0.765926
1350 0.67037
1350 0.838519
1350 0.843704
1350 0.768148
1350 0.801481
1350 0.76
1350 0.831111
1350 0.691852
1350 0.824444
1350 0.794815
1350 0.857037
1350 0.762963
1350 0.712593
1350 0.768889
1350 0.762222
1350 0.822963
1350 0.734815
1350 0.753333
1350 0.704444
1350 0.619259
1350 0.694074
1350 0.772593
1350 0.78
1350 0.839259
1350 0.837778
1350 0.777037
1350 0.719259
1350 0.767407
1350 0.767407
1350 0.843704
1350 0.766667
1350 0.80963
1350 0.680741
1350 0.798519
1350 0.755556
1350 0.662963
1350 0.765185
1350 0.685926
1350 0.757037
1350 0.857778
1350 0.768889
1350 0.752593
1350 0.764444
1350 0.747407
1350 0.831111
1350 0.761481
1350 0.724444
1350 0.782222
1350 0.528148
1350 0.625185
1350 0.751111
1350 0.803704
1350 0.627407
1350 0.856296
1350 0.812593
1350 0.800741
1350 0.813333
1350 0.822963
1350 0.837037
1350 0.74963
1350 0.773333
1350 0.724444
1350 0.894815
1350 0.779259
1350 0.781481
1350 0.80963
1350 0.663704
1350 0.863704
1350 0.691111
1350 0.911852
1350 0.859259
1400 0.873571
1400 0.645
1400 0.766429
1400 0.765
1400 0.804286
1400 0.73
1400 0.757143
1400 0.832143
1400 0.830714
1400 0.730714
1400 0.820714
1400 0.807143
1400 0.842857
1400 0.636429
1400 0.767857
1400 0.583571
1400 0.798571
1400 0.825714
1400 0.692857
1400 0.865714
1400 0.775714
1400 0.845
1400 0.847857
1400 0.852143
1400 0.728571
1400 0.83
1400 0.784286
1400 0.817143
1400 0.774286
1400 0.81
1400 0.76
1400 0.732857
1400 0.742143
1400 0.738571
1400 0.719286
1400 0.823571
1400 0.727143
1400 0.870714
1400 0.847143
1400 0.865714
1400 0.786429
1400 0.748571
1400 0.818571
1400 0.727857
1400 0.841429
1400 0.823571
1400 0.778571
1400 0.866429
1400 0.7
1400 0.843571
1400 0.882143
1400 0.85
1400 0.8
1400 0.714286
1400 0.824286
1400 0.703571
1400 0.737857
1400 0.703571
1400 0.822857
1400 0.754286
1400 0.565714
1400 0.856429
1400 0.812857
1400 0.687143
1400 0.772857
1400 0.540714
1400 0.740714
1400 0.869286
1400 0.815
1400 0.764286
1400 0.757143
1400 0.676429
1400 0.737143
1400 0.822857
1400 0.792857
1450 0.781379
1450 0.823448
1450 0.794483
1450 0.825517
1450 0.793103
1450 0.828966
1450 0.792414
1450 0.774483
1450 0.822069
1450 0.875862
1450 0.786897
1450 0.722069
1450 0.750345
1450 0.795862
1450 0.818621
1450 0.782759
1450 0.813103
1450 0.831724
1450 0.777241
1450 0.793793
1450 0.851724
1450 0.753103
1450 0.813103
1450 0.574483
1450 0.722759
1450 0.782069
1450 0.837241
1450 0.710345
1450 0.744828
1450 0.734483
1450 0.846207
1450 0.672414
1450 0.793793
1450 0.837241
1450 0.84
1450 0.729655
1450 0.566207
1450 0.808966
1450 0.63931
1450 0.72
1450 0.732414
1450 0.534483
1450 0.635862
1450 0.889655
1450 0.704138
1450 0.757241
1450 0.792414
1450 0.826897
1450 0.707586
1450 0.738621
1450 0.786207
1450 0.718621
1450 0.845517
1450 0.79931
1450 0.596552
1450 0.804138
1450 0.888966
1450 0.708966
1450 0.76069
1450 0.748966
1450 0.782069
1450 0.674483
1450 0.84069
1450 0.837931
1450 0.655862
1450 0.710345
1450 0.576552
1450 0.626207
1450 0.76
1450 0.805517
1450 0.693103
1450 0.797241
1450 0.834483
1450 0.857931
1450 0.904828
1500 0.775333
1500 0.838
1500 0.655333
1500 0.748
1500 0.736
1500 0.801333
1500 0.738667
1500 0.706
1500 0.435333
1500 0.77
1500 0.678
1500 0.693333
1500 0.773333
1500 0.842667
1500 0.756667
1500 0.832
1500 0.860667
1500 0.622
1500 0.729333
1500 0.856667
1500 0.771333
1500 0.766667
1500 0.734667
1500 0.746
1500 0.745333
1500 0.818
1500 0.677333
1500 0.839333
1500 0.774
1500 0.818
1500 0.79
1500 0.795333
1500 0.737333
1500 0.816667
1500 0.846
1500 0.813333
1500 0.769333
1500 0.608
1500 0.701333
1500 0.807333
1500 0.790667
1500 0.893333
1500 0.796667
1500 0.776667
1500 0.774667
1500 0.792667
1500 0.726667
1500 0.766
1500 0.814
1500 0.794667
1500 0.848667
1500 0.785333
1500 0.566
1500 0.860667
1500 0.86
1500 0.790667
1500 0.699333
1500 0.885333
1500 0.693333
1500 0.845333
1500 0.714
1500 0.645333
1500 0.814
1500 0.838667
1500 0.704667
1500 0.81
1500 0.766667
1500 0.87
1500 0.776667
1500 0.796667
1500 0.779333
1500 0.908667
1500 0.695333
1500 0.757333
1500 0.87
1550 0.633548
1550 0.603226
1550 0.78129
1550 0.833548
1550 0.64129
1550 0.768387
1550 0.778065
1550 0.843871
1550 0.799355
1550 0.634839
1550 0.775484
1550 0.757419
1550 0.877419
1550 0.790323
1550 0.785161
1550 0.815484
1550 0.764516
1550 0.813548
1550 0.728387
1550 0.796129
1550 0.805806
1550 0.724516
1550 0.751613
1550 0.719355
1550 0.623226
1550 0.742581
1550 0.743226
1550 0.678065
1550 0.805806
1550 0.493548
1550 0.760645
1550 0.827742
1550 0.793548
1550 0.798065
1550 0.462581
1550 0.803871
1550 0.782581
1550 0.798065
1550 0.803871
1550 0.759355
1550 0.634194
1550 0.863226
1550 0.810323
1550 0.807742
1550 0.590968
1550 0.76
1550 0.727742
1550 0.823226
1550 0.73871
1550 0.75871
1550 0.803871
1550 0.705161
1550 0.807742
1550 0.70129
1550 0.869032
1550 0.728387
1550 0.71871
1550 0.80129
1550 0.652258
1550 0.763226
1550 0.82129
1550 0.757419
1550 0.832258
1550 0.729032
1550 0.650323
1550 0.807742
1550 0.721935
1550 0.861935
1550 0.730968
1550 0.791613
1550 0.714839
1550 0.754194
1550 0.829677
1550 0.845806
1550 0.780645
1600 0.6475
1600 0.764375
1600 0.763125
1600 0.864375
1600 0.904375
1600 0.766875
1600 0.813125
1600 0.7625
1600 0.7475
1600 0.633125
1600 0.830625
1600 0.6825
1600 0.839375
1600 0.64125
1600 0.798125
1600 0.854375
1600 0.610625
1600 0.71875
1600 0.770625
1600 0.846875
1600 0.505625
1600 0.87125
1600 0.803125
1600 0.71
1600 0.768125
1600 0.67125
1600 0.72375
1600 0.776875
1600 0.63125
1600 0.783125
1600 0.8025
1600 0.885
1600 0.84875
1600 0.79625
1600 0.76
1600 0.8275
1600 0.74
1600 0.655
1600 0.77125
1600 0.86125
1600 0.75875
1600 0.75
1600 0.781875
1600 0.71625
1600 0.771875
1600 0.871875
1600 0.826875
1600 0.82875
1600 0.798125
1600 0.785625
1600 0.73125
1600 0.815625
1600 0.803125
1600 0.815
1600 0.745
1600 0.66375
1600 0.718125
1600 0.849375
1600 0.774375
1600 0.796875
1600 0.744375
1600 0.82
1600 0.87625
1600 0.805625
1600 0.6775
1600 0.805625
1600 0.8225
1600 0.844375
1600 0.6425
1600 0.854375
1600 0.7125
1600 0.87125
1600 0.765
1600 0.7675
1600 0.6975
1650 0.78303
1650 0.847273
1650 0.829091
1650 0.832121
1650 0.757576
1650 0.813939
1650 0.76303
1650 0.726061
1650 0.602424
1650 0.747879
1650 0.646667
1650 0.698788
1650 0.750303
1650 0.785455
1650 0.783636
1650 0.767273
1650 0.712121
1650 0.84
1650 0.737576
1650 0.800606
1650 0.700606
1650 0.689697
1650 0.735152
1650 0.723636
1650 0.690909
1650 0.728485
1650 0.775758
1650 0.748485
1650 0.806061
1650 0.767879
1650 0.787879
1650 0.630909
1650 0.850303
1650 0.793939
1650 0.826667
1650 0.777576
1650 0.775758
1650 0.722424
1650 0.765455
1650 0.541818
1650 0.792727
1650 0.846667
1650 0.840606
1650 0.719394
1650 0.792727
1650 0.828485
1650 0.850303
1650 0.769091
1650 0.773939
1650 0.66
1650 0.822424
1650 0.755758
1650 0.797576
1650 0.528485
1650 0.718788
1650 0.65697
1650 0.77697
1650 0.766667
1650 0.736364
1650 0.62303
1650 0.79697
1650 0.786061
1650 0.757576
1650 0.508485
1650 0.747273
1650 0.685455
1650 0.789091
1650 0.860606
1650 0.826667
1650 0.704848
1650 0.720606
1650 0.86
1650 0.681212
1650 0.713333
1650 0.626667
1700 0.734118
1700 0.655294
1700 0.808235
1700 0.735294
1700 0.601176
1700 0.827647
1700 0.69
1700 0.793529
1700 0.780588
1700 0.778824
1700 0.652941
1700 0.818824
1700 0.775882
1700 0.611765
1700 0.807647
1700 0.813529
1700 0.761176
1700 0.694706
1700 0.82
1700 0.807647
1700 0.845294
1700 0.838235
1700 0.778824
1700 0.622353
1700 0.845294
1700 0.774706
1700 0.791765
1700 0.742353
1700 0.792353
1700 0.887059
1700 0.77
1700 0.753529
1700 0.775882
1700 0.621765
1700 0.813529
1700 0.815882
1700 0.749412
1700 0.776471
1700 0.784118
1700 0.816471
1700 0.788824
1700 0.781765
1700 0.543529
1700 0.551176
1700 0.724118
1700 0.678235
1700 0.745882
1700 0.784706
1700 0.838235
1700 0.798235
1700 0.774118
1700 0.757647
1700 0.861176
1700 0.845882
1700 0.798824
1700 0.917059
1700 0.805882
1700 0.595882
1700 0.781765
1700 0.832941
1700 0.674118
1700 0.825882
1700 0.823529
1700 0.901765
1700 0.811176
1700 0.848824
1700 0.665294
1700 0.603529
1700 0.813529
1700 0.784706
1700 0.74
1700 0.743529
1700 0.727647
1700 0.897059
1700 0.855882
1750 0.8
1750 0.773143
1750 0.803429
1750 0.766857
1750 0.829714
1750 0.742857
1750 0.713714
1750 0.658857
1750 0.802286
1750 0.790286
1750 0.706286
1750 0.668
1750 0.852
1750 0.881714
1750 0.739429
1750 0.802857
1750 0.808571
1750 0.718857
1750 0.796
1750 0.802286
1750 0.782286
1750 0.793714
1750 0.746286
1750 0.704571
1750 0.730286
1750 0.852
1750 0.799429
1750 0.854286
1750 0.810857
1750 0.687429
1750 0.677143
1750 0.78
1750 0.648571
1750 0.739429
1750 0.794286
1750 0.797143
1750 0.783429
1750 0.752
1750 0.716571
1750 0.780571
1750 0.802857
1750 0.750857
1750 0.738857
1750 0.805714
1750 0.798286
1750 0.823429
1750 0.832571
1750 0.765143
1750 0.873714
1750 0.781143
1750 0.692571
1750 0.779429
1750 0.795429
1750 0.688571
1750 0.812
1750 0.619429
1750 0.760571
1750 0.810857
1750 0.806286
1750 0.766286
1750 0.648
1750 0.831429
1750 0.811429
1750 0.747429
1750 0.812571
1750 0.792571
1750 0.654857
1750 0.804
1750 0.736571
1750 0.797714
1750 0.694857
1750 0.804
1750 0.686857
1750 0.782286
1750 0.787429
1800 0.835556
1800 0.632222
1800 0.795556
1800 0.756111
1800 0.73
1800 0.799444
1800 0.784444
1800 0.814444
1800 0.79
1800 0.763333
1800 0.813889
1800 0.809444
1800 0.708333
1800 0.809444
1800 0.812222
1800 0.786111
1800 0.677778
1800 0.842222
1800 0.691667
1800 0.797778
1800 0.682778
1800 0.846111
1800 0.625
1800 0.775
1800 0.789444
1800 0.708333
1800 0.790556
1800 0.848889
1800 0.792222
1800 0.856667
1800 0.668889
1800 0.797222
1800 0.843333
1800 0.796667
1800 0.704444
1800 0.682222
1800 0.638889
1800 0.740556
1800 0.691667
1800 0.719444
1800 0.778889
1800 0.64
1800 0.61
1800 0.907222
1800 0.762222
1800 0.779444
1800 0.65
1800 0.724444
1800 0.825
1800 0.766111
1800 0.865
1800 0.736667
1800 0.818333
1800 0.797778
1800 0.621111
1800 0.707778
1800 0.708333
1800 0.830556
1800 0.719444
1800 0.792222
1800 0.724444
1800 0.655556
1800 0.825556
1800 0.816111
1800 0.732778
1800 0.834444
1800 0.866111
1800 0.816667
1800 0.788333
1800 0.811667
1800 0.826111
1800 0.698889
1800 0.782222
1800 0.78
1800 0.702222
1850 0.75027
1850 0.661081
1850 0.644865
1850 0.853514
1850 0.715676
1850 0.684865
1850 0.618919
1850 0.803243
1850 0.819459
1850 0.84
1850 0.802162
1850 0.772432
1850 0.775676
1850 0.866486
1850 0.841622
1850 0.785946
1850 0.778378
1850 0.732432
1850 0.830811
1850 0.761081
1850 0.872432
1850 0.768649
1850 0.887568
1850 0.736216
1850 0.827027
1850 0.856216
1850 0.810811
1850 0.784865
1850 0.632432
1850 0.72973
1850 0.735676
1850 0.816216
1850 0.821622
1850 0.847568
1850 0.780541
1850 0.795135
1850 0.827568
1850 0.748108
1850 0.677838
1850 0.739459
1850 0.578378
1850 0.776216
1850 0.746486
1850 0.755135
1850 0.774054
1850 0.832432
1850 0.703243
1850 0.691892
1850 0.898378
1850 0.796216
1850 0.758378
1850 0.839459
1850 0.781622
1850 0.871351
1850 0.740541
1850 0.816216
1850 0.853514
1850 0.711892
1850 0.816216
1850 0.747568
1850 0.817838
1850 0.782703
1850 0.828649
1850 0.770811
1850 0.769189
1850 0.855676
1850 0.82973
1850 0.764865
1850 0.698919
1850 0.714054
1850 0.677297
1850 0.875135
1850 0.249189
1850 0.781081
1850 0.892973
1900 0.814211
1900 0.751053
1900 0.827368
1900 0.661053
1900 0.71
1900 0.788947
1900 0.747895
1900 0.762632
1900 0.828421
1900 0.731053
1900 0.628947
1900 0.694737
1900 0.86
1900 0.726842
1900 0.766842
1900 0.722632
1900 0.777895
1900 0.771579
1900 0.849474
1900 0.837368
1900 0.793158
1900 0.692632
1900 0.796316
1900 0.629474
1900 0.761053
1900 0.815789
1900 0.812632
1900 0.847895
1900 0.817368
1900 0.680526
1900 0.801579
1900 0.810526
1900 0.784211
1900 0.682632
1900 0.702632
1900 0.708947
1900 0.771053
1900 0.847368
1900 0.787368
1900 0.721579
1900 0.762632
1900 0.797895
1900 0.680526
1900 0.742632
1900 0.773158
1900 0.665263
1900 0.857368
1900 0.752632
1900 0.784211
1900 0.750526
1900 0.797895
1900 0.789474
1900 0.698421
1900 0.754737
1900 0.896842
1900 0.754211
1900 0.817895
1900 0.865789
1900 0.708421
1900 0.868421
1900 0.635263
1900 0.801053
1900 0.77
1900 0.695789
1900 0.776316
1900 0.730526
1900 0.833684
1900 0.735789
1900 0.826316
1900 0.73
1900 0.775263
1900 0.671053
1900 0.824211
1900 0.731579
1900 0.784211
1950 0.74359
1950 0.864103
1950 0.790769
1950 0.852308
1950 0.789231
1950 0.729744
1950 0.719487
1950 0.793333
1950 0.761026
1950 0.734359
1950 0.773846
1950 0.712821
1950 0.841538
1950 0.60359
1950 0.769231
1950 0.775897
1950 0.795385
1950 0.765128
1950 0.819487
1950 0.813846
1950 0.795385
1950 0.777949
1950 0.75641
1950 0.792308
1950 0.857436
1950 0.848205
1950 0.786667
1950 0.791795
1950 0.809744
1950 0.761026
1950 0.765641
1950 0.767179
1950 0.887692
1950 0.752308
1950 0.773846
1950 0.425128
1950 0.604103
1950 0.830769
1950 0.82
1950 0.804103
1950 0.831282
1950 0.838974
1950 0.801538
1950 0.651795
1950 0.688718
1950 0.825128
1950 0.848718
1950 0.811795
1950 0.778974
1950 0.766154
1950 0.888205
1950 0.823077
1950 0.659487
1950 0.77641
1950 0.803077
1950 0.819487
1950 0.807179
1950 0.789744
1950 0.777436
1950 0.761026
1950 0.771795
1950 0.810769
1950 0.754359
1950 0.854872
1950 0.785641
1950 0.8
1950 0.777949
1950 0.801538
1950 0.757949
1950 0.644103
1950 0.695897
1950 0.794872
1950 0.814359
1950 0.716923
1950 0.757436
2000 0.7615
2000 0.794
2000 0.802
2000 0.649
2000 0.795
2000 0.7915
2000 0.8295
2000 0.8245
2000 0.7425
2000 0.735
2000 0.7465
2000 0.767
2000 0.885
2000 0.795
2000 0.692
2000 0.6345
2000 0.8875
2000 0.8315
2000 0.7195
2000 0.7775
2000 0.8365
2000 0.8095
2000 0.8395
2000 0.7215
2000 0.8715
2000 0.714
2000 0.8165
2000 0.917
2000 0.8395
2000 0.732
2000 0.8005
2000 0.731
2000 0.808
2000 0.694
2000 0.83
2000 0.7625
2000 0.8295
2000 0.7845
2000 0.8415
2000 0.785
2000 0.824
2000 0.737
2000 0.8055
2000 0.7425
2000 0.7775
2000 0.843
2000 0.8
2000 0.8465
2000 0.821
2000 0.807
2000 0.8705
2000 0.8315
2000 0.723
2000 0.729
2000 0.8775
2000 0.698
2000 0.8525
2000 0.8025
2000 0.81
2000 0.8325
2000 0.8165
2000 0.7775
2000 0.789
2000 0.796
2000 0.773
2000 0.823
2000 0.728
2000 0.646
2000 0.797
2000 0.6895
2000 0.829
2000 0.816
2000 0.8015
2000 0.7925
2000 0.8455
