50 0.16
50 0.2
50 0.02
50 0
50 0.44
50 0.18
50 0.32
50 0.36
50 0.02
50 0.22
50 0.22
50 0.24
50 0.04
50 0.08
50 0.12
50 0
50 0
50 0
50 0.02
50 0.02
50 0.06
50 0.12
50 0.22
50 0.16
50 0.16
50 0.64
50 0.06
50 0.22
50 0.48
50 0.26
50 0.2
50 0.06
50 0.02
50 0.02
50 0
50 0.06
50 0.38
50 0
50 0.18
50 0
50 0.14
50 0.3
50 0.08
50 0.44
50 0.06
50 0.04
50 0.18
50 0.2
50 0.32
50 0.2
50 0.48
50 0
50 0
50 0.38
50 0.66
50 0.34
50 0.24
50 0.16
50 0.08
50 0
50 0.4
50 0.22
50 0.06
50 0
50 0.76
50 0.3
50 0.18
50 0
50 0.5
50 0
50 0.04
50 0.02
50 0.2
50 0.78
50 0.14
100 0.26
100 0.25
100 0.42
100 0.7
100 0.86
100 0.86
100 0.57
100 0.84
100 0.82
100 0.47
100 0.86
100 0.54
100 0.27
100 0.41
100 0.92
100 0.15
100 0.58
100 0.43
100 0.25
100 0.71
100 0.72
100 0.31
100 0.58
100 0.78
100 0.53
100 0.34
100 0.35
100 0.52
100 0.84
100 0.63
100 0.76
100 0.45
100 0.27
100 0.76
100 0.81
100 0.48
100 0.7
100 0
100 0.21
100 0.5
100 0.6
100 0.95
100 0.22
100 0.83
100 0.82
100 0.72
100 0.52
100 0.36
100 0.72
100 0.7
100 0.41
100 0.34
100 0.41
100 0.37
100 0.51
100 0.97
100 0.84
100 0.05
100 0.83
100 0.8
100 0.78
100 0.35
100 0.57
100 0
100 0.42
100 0.15
100 0.65
100 0.64
100 0.71
100 0.73
100 0.55
100 0.64
100 0.25
100 0.06
100 0.89
150 0.726667
150 0.613333
150 0.906667
150 0.76
150 0.56
150 0.906667
150 0.92
150 0.933333
150 0.753333
150 0.86
150 0.826667
150 0.9
150 0.493333
150 0.54
150 0.893333
150 0.74
150 0.92
150 0.686667
150 0.693333
150 0.826667
150 0.8
150 0.9
150 0.62
150 0.28
150 0.82
150 0.76
150 0.386667
150 0.826667
150 0.886667
150 0.84
150 0.74
150 0.766667
150 0.826667
150 0.0933333
150 0.693333
150 0.586667
150 0.78
150 0.646667
150 0.513333
150 0.933333
150 0.86
150 0.453333
150 0.466667
150 0.446667
150 0.273333
150 0.88
150 0.873333
150 0.833333
150 0.8
150 0.326667
150 0.726667
150 0.493333
150 0.766667
150 0.853333
150 0.206667
150 0.706667
150 0.766667
150 0.813333
150 0.4
150 0.713333
150 0.913333
150 0.813333
150 0.92
150 0.766667
150 0.853333
150 0.746667
150 0.913333
150 0.646667
150 0.946667
150 0.02
150 0.74
150 0.44
150 0.746667
150 0.753333
150 0.78
200 0.685
200 0.365
200 0.985
200 0.835
200 0.23
200 0.77
200 0.665
200 0.875
200 0.76
200 0.035
200 0.905
200 0.555
200 0.81
200 0.91
200 0.72
200 0.805
200 0.825
200 0.855
200 0.91
200 0.855
200 0.785
200 0.89
200 0.595
200 0.86
200 0.83
200 0.665
200 0.9
200 0.82
200 0.955
200 0.77
200 0.75
200 0.89
200 0.805
200 0.905
200 0.73
200 0.885
200 0.495
200 0.665
200 0.92
200 0.485
200 0.77
200 0.905
200 0.73
200 0.61
200 0.91
200 0.825
200 0.915
200 0.73
200 0.85
200 0.965
200 0.425
200 0.865
200 0.86
200 0.73
200 0.825
200 0.895
200 0.975
200 0.63
200 0.955
200 0.345
200 0.475
200 0.905
200 0.905
200 0.83
200 0.87
200 0.665
200 0.69
200 0.825
200 0.87
200 0.94
200 0.915
200 0.595
200 0.94
200 0.85
200 0.845
250 0.764
250 0.92
250 0.912
250 0.8
250 0.852
250 0.928
250 0.844
250 0.908
250 0.688
250 0.856
250 0.86
250 0.828
250 0.912
250 0.956
250 0.848
250 0.976
250 0.952
250 0.544
250 0.844
250 0.9
250 0.904
250 0.804
250 0.764
250 0.788
250 0.964
250 0.932
250 0.932
250 0.968
250 0.76
250 0.904
250 0.776
250 0.928
250 0.88
250 0.776
250 0.968
250 0.7
250 0.924
250 0.76
250 0.928
250 0.696
250 0.68
250 0.82
250 0.92
250 0.52
250 0.868
250 0.908
250 0.936
250 0.584
250 0.92
250 0.896
250 0.912
250 0.612
250 0.816
250 0.804
250 0.896
250 0.948
250 0.828
250 0.816
250 0.856
250 0.956
250 0.912
250 0.888
250 0.888
250 0.856
250 0.812
250 0.924
250 0.84
250 0.96
250 0.856
250 0.88
250 0.78
250 0.736
250 0.944
250 0.96
250 0.824
300 0.876667
300 0.903333
300 0.953333
300 0.866667
300 0.68
300 0.89
300 0.816667
300 0.89
300 0.903333
300 0.876667
300 0.9
300 0.843333
300 0.843333
300 0.893333
300 0.943333
300 0.78
300 0.896667
300 0.933333
300 0.916667
300 0.85
300 0.75
300 0.89
300 0.813333
300 0.95
300 0.976667
300 0.923333
300 0.92
300 0.853333
300 0.93
300 0.96
300 0.8
300 0.8
300 0.893333
300 0.84
300 0.886667
300 0.923333
300 0.95
300 0.966667
300 0.99
300 0.95
300 0.9
300 0.856667
300 0.99
300 0.833333
300 0.916667
300 0.73
300 0.89
300 0.916667
300 0.513333
300 0.87
300 0.75
300 0.91
300 0.76
300 0.73
300 0.813333
300 0.973333
300 0.963333
300 0.97
300 0.846667
300 0.846667
300 0.923333
300 0.763333
300 0.893333
300 0.796667
300 0.98
300 0.973333
300 0.933333
300 0.83
300 0.923333
300 0.936667
300 0.913333
300 0.883333
300 0.796667
300 0.816667
300 0.903333
350 0.888571
350 0.965714
350 0.968571
350 0.665714
350 0.962857
350 0.594286
350 0.748571
350 0.797143
350 0.988571
350 0.991429
350 0.86
350 0.811429
350 0.897143
350 0.905714
350 0.922857
350 0.802857
350 0.905714
350 0.911429
350 0.891429
350 0.94
350 0.96
350 0.794286
350 0.934286
350 0.991429
350 0.9
350 0.908571
350 0.891429
350 0.882857
350 0.88
350 0.882857
350 0.86
350 0.988571
350 0.894286
350 0.885714
350 0.965714
350 0.928571
350 0.994286
350 0.582857
350 0.871429
350 0.862857
350 0.831429
350 0.908571
350 0.917143
350 0.945714
350 0.971429
350 0.945714
350 0.982857
350 0.977143
350 0.934286
350 0.894286
350 0.851429
350 0.928571
350 0.902857
350 0.817143
350 0.86
350 0.954286
350 0.957143
350 0.874286
350 0.968571
350 0.917143
350 0.871429
350 0.788571
350 0.957143
350 0.937143
350 0.745714
350 0.88
350 0.971429
350 0.917143
350 0.962857
350 0.871429
350 0.934286
350 0.965714
350 0.885714
350 0.862857
350 0.917143
400 0.9725
400 0.81
400 0.935
400 0.7375
400 0.845
400 0.9025
400 0.91
400 0.6
400 0.9175
400 0.8
400 0.8925
400 0.93
400 0.8575
400 0.8375
400 0.8575
400 0.87
400 0.93
400 0.54
400 0.8825
400 0.8875
400 0.9475
400 0.9625
400 0.7725
400 0.775
400 0.9375
400 0.9425
400 0.8425
400 0.6875
400 0.9425
400 0.94
400 0.9725
400 0.84
400 0.875
400 0.835
400 0.925
400 0.9675
400 0.835
400 0.68
400 0.9325
400 0.925
400 0.98
400 0.9375
400 0.9425
400 0.8875
400 0.925
400 0.905
400 0.9
400 0.7525
400 0.9775
400 0.9575
400 0.885
400 0.9475
400 0.93
400 0.8825
400 0.8525
400 0.905
400 0.9975
400 0.95
400 0.9225
400 0.94
400 0.84
400 0.86
400 0.9275
400 0.945
400 0.9875
400 0.94
400 0.845
400 0.9175
400 0.875
400 0.95
400 0.78
400 0.8575
400 0.92
400 0.95
400 0.9175
450 0.9
450 0.924444
450 0.944444
450 0.96
450 0.822222
450 0.933333
450 0.98
450 0.948889
450 0.884444
450 0.86
450 0.9
450 0.855556
450 0.888889
450 0.946667
450 0.746667
450 0.92
450 0.951111
450 0.828889
450 0.848889
450 0.904444
450 0.917778
450 0.697778
450 0.882222
450 0.977778
450 0.891111
450 0.857778
450 0.906667
450 0.96
450 0.975556
450 0.588889
450 0.917778
450 0.924444
450 0.955556
450 0.988889
450 0.868889
450 0.935556
450 0.915556
450 0.913333
450 0.957778
450 0.997778
450 0.911111
450 0.957778
450 0.931111
450 0.942222
450 0.917778
450 0.951111
450 0.877778
450 0.935556
450 0.922222
450 0.968889
450 0.94
450 0.986667
450 0.877778
450 0.917778
450 0.88
450 0.908889
450 0.868889
450 0.973333
450 0.955556
450 0.975556
450 0.724444
450 0.875556
450 0.897778
450 0.855556
450 0.835556
450 0.891111
450 0.871111
450 0.933333
450 0.882222
450 0.98
450 0.882222
450 0.826667
450 0.973333
450 0.911111
450 0.666667
500 0.94
500 0.928
500 0.976
500 0.946
500 0.766
500 0.916
500 0.932
500 0.894
500 0.918
500 0.936
500 0.946
500 0.908
500 0.842
500 0.932
500 0.97
500 0.958
500 0.968
500 0.924
500 0.946
500 0.902
500 0.962
500 0.868
500 0.892
500 0.864
500 0.842
500 0.902
500 0.994
500 0.96
500 0.9
500 0.984
500 0.97
500 0.89
500 0.948
500 0.908
500 0.87
500 0.874
500 0.924
500 0.942
500 0.934
500 0.818
500 0.968
500 0.962
500 0.902
500 0.952
500 0.848
500 0.926
500 0.968
500 0.946
500 0.974
500 0.97
500 0.88
500 0.892
500 0.846
500 0.862
500 0.864
500 0.92
500 0.954
500 0.948
500 0.962
500 0.974
500 0.96
500 0.942
500 0.968
500 0.934
500 0.942
500 0.908
500 0.882
500 0.85
500 0.952
500 0.926
500 0.836
500 0.904
500 0.902
500 0.988
500 0.962
550 0.787273
550 0.978182
550 0.950909
550 0.952727
550 0.892727
550 0.943636
550 0.925455
550 0.978182
550 0.936364
550 0.963636
550 0.865455
550 0.912727
550 0.665455
550 0.921818
550 0.909091
550 0.945455
550 0.867273
550 0.909091
550 0.961818
550 0.889091
550 0.918182
550 0.821818
550 0.892727
550 0.9
550 0.976364
550 0.98
550 0.852727
550 0.954545
550 0.938182
550 0.914545
550 0.941818
550 0.878182
550 0.94
550 0.112727
550 0.916364
550 0.852727
550 0.947273
550 0.887273
550 0.978182
550 0.996364
550 0.878182
550 0.870909
550 0.898182
550 0.958182
550 0.954545
550 0.96
550 0.721818
550 0.92
550 0.96
550 0.887273
550 0.934545
550 0.978182
550 0.82
550 0.921818
550 0.792727
550 0.805455
550 0.96
550 0.898182
550 0.912727
550 0.807273
550 0.947273
550 0.903636
550 0.996364
550 0.983636
550 0.954545
550 0.958182
550 0.972727
550 0.901818
550 0.876364
550 0.854545
550 0.938182
550 0.894545
550 0.894545
550 0.943636
550 0.950909
600 0.948333
600 0.918333
600 0.993333
600 0.811667
600 0.95
600 0.976667
600 0.881667
600 0.966667
600 0.865
600 0.88
600 0.868333
600 0.921667
600 0.845
600 0.941667
600 0.936667
600 0.92
600 0.893333
600 0.923333
600 0.988333
600 0.94
600 0.92
600 0.951667
600 0.971667
600 0.971667
600 0.863333
600 0.931667
600 0.975
600 0.943333
600 0.961667
600 0.926667
600 0.861667
600 0.946667
600 0.985
600 0.895
600 0.858333
600 0.928333
600 0.906667
600 0.928333
600 0.95
600 0.956667
600 0.92
600 0.955
600 0.901667
600 0.885
600 0.925
600 0.93
600 0.96
600 0.851667
600 0.861667
600 0.855
600 0.998333
600 0.971667
600 0.956667
600 0.95
600 0.985
600 0.945
600 0.948333
600 0.888333
600 0.916667
600 0.958333
600 0.926667
600 0.958333
600 0.918333
600 0.983333
600 0.988333
600 0.973333
600 0.951667
600 0.945
600 0.925
600 0.926667
600 0.915
600 0.871667
600 0.93
600 0.941667
600 0.843333
650 0.929231
650 0.921538
650 0.88
650 0.881538
650 0.881538
650 0.861538
650 0.895385
650 0.956923
650 0.912308
650 0.952308
650 0.869231
650 0.96
650 0.936923
650 0.853846
650 0.904615
650 0.944615
650 0.913846
650 0.736923
650 0.892308
650 0.896923
650 0.938462
650 0.904615
650 0.964615
650 0.916923
650 0.936923
650 0.935385
650 0.926154
650 0.981538
650 0.987692
650 0.923077
650 0.923077
650 0.936923
650 0.901538
650 0.923077
650 0.924615
650 0.926154
650 0.956923
650 0.936923
650 0.887692
650 0.94
650 1
650 0.898462
650 0.921538
650 0.963077
650 0.901538
650 0.932308
650 0.850769
650 0.952308
650 0.932308
650 0.932308
650 0.930769
650 0.890769
650 0.966154
650 0.906154
650 0.918462
650 0.964615
650 0.921538
650 0.924615
650 0.872308
650 0.84
650 0.901538
650 0.855385
650 0.947692
650 0.983077
650 0.870769
650 0.946154
650 0.936923
650 0.966154
650 0.952308
650 0.916923
650 0.992308
650 0.930769
650 0.936923
650 0.933846
650 0.989231
700 0.944286
700 0.944286
700 0.97
700 0.928571
700 0.927143
700 0.89
700 0.882857
700 0.921429
700 0.981429
700 0.905714
700 0.93
700 0.945714
700 0.942857
700 0.918571
700 0.862857
700 0.928571
700 0.84
700 0.938571
700 0.891429
700 0.997143
700 0.937143
700 1
700 0.941429
700 0.937143
700 0.921429
700 0.972857
700 0.95
700 0.971429
700 0.904286
700 0.932857
700 0.912857
700 0.957143
700 0.941429
700 0.95
700 0.878571
700 0.974286
700 0.958571
700 0.967143
700 0.964286
700 0.968571
700 0.928571
700 0.642857
700 0.974286
700 0.974286
700 0.761429
700 0.99
700 0.822857
700 0.962857
700 0.962857
700 0.975714
700 0.835714
700 0.985714
700 0.95
700 0.937143
700 0.797143
700 0.921429
700 0.928571
700 0.955714
700 0.948571
700 0.937143
700 0.957143
700 0.91
700 0.955714
700 0.877143
700 0.988571
700 0.938571
700 0.928571
700 0.924286
700 0.98
700 0.907143
700 0.957143
700 0.972857
700 0.931429
700 0.974286
700 0.972857
750 0.982667
750 0.992
750 0.958667
750 0.950667
750 0.958667
750 0.94
750 0.973333
750 0.86
750 0.976
750 0.894667
750 0.757333
750 0.926667
750 0.966667
750 0.96
750 0.945333
750 0.949333
750 0.934667
750 0.889333
750 0.972
750 0.953333
750 0.976
750 0.952
750 0.934667
750 0.961333
750 0.952
750 0.958667
750 0.961333
750 0.942667
750 0.945333
750 0.997333
750 0.965333
750 0.948
750 0.950667
750 0.945333
750 0.945333
750 0.905333
750 0.994667
750 0.950667
750 0.986667
750 0.972
750 0.936
750 0.782667
750 0.948
750 0.918667
750 0.888
750 0.928
750 0.998667
750 0.944
750 0.912
750 0.933333
750 0.924
750 0.921333
750 0.902667
750 0.946667
750 0.994667
750 0.961333
750 0.976
750 0.992
750 0.957333
750 0.917333
750 0.908
750 0.882667
750 0.918667
750 0.874667
750 0.9
750 0.872
750 0.913333
750 0.941333
750 0.906667
750 0.981333
750 0.904
750 0.978667
750 0.989333
750 0.928
750 0.945333
800 0.935
800 0.96875
800 0.95125
800 0.98375
800 0.98375
800 0.91
800 0.83125
800 0.95625
800 0.96
800 0.94625
800 0.88625
800 0.95625
800 0.95
800 0.89625
800 0.9675
800 0.9425
800 0.90375
800 0.9075
800 0.92375
800 0.975
800 0.965
800 0.9475
800 0.915
800 0.9325
800 0.96
800 0.985
800 0.875
800 0.9375
800 0.90875
800 0.97125
800 0.98125
800 0.90875
800 0.9075
800 0.94875
800 0.9475
800 0.97875
800 0.9775
800 0.9575
800 0.9875
800 0.9075
800 0.93625
800 0.94625
800 0.925
800 0.83625
800 0.8975
800 0.9475
800 0.96875
800 0.9375
800 0.97
800 0.94875
800 0.8975
800 0.8875
800 0.96875
800 0.93625
800 0.82875
800 0.95875
800 0.9325
800 0.95625
800 0.98625
800 0.93125
800 0.97125
800 0.9425
800 0.9675
800 0.94
800 0.9525
800 0.91125
800 0.9425
800 0.97125
800 0.92375
800 0.9125
800 0.96625
800 0.9325
800 0.97625
800 0.95375
800 0.955
850 0.876471
850 0.958824
850 0.989412
850 0.949412
850 0.967059
850 0.925882
850 0.935294
850 0.976471
850 0.821176
850 0.895294
850 0.958824
850 1
850 0.937647
850 0.96
850 0.983529
850 0.930588
850 0.930588
850 0.962353
850 0.951765
850 0.858824
850 0.950588
850 0.929412
850 0.962353
850 0.905882
850 0.958824
850 0.927059
850 0.988235
850 0.970588
850 0.963529
850 0.947059
850 0.851765
850 0.94
850 0.992941
850 0.992941
850 0.929412
850 0.917647
850 0.970588
850 0.901176
850 0.911765
850 0.977647
850 0.928235
850 0.943529
850 0.944706
850 0.949412
850 0.968235
850 0.965882
850 0.958824
850 0.961176
850 0.977647
850 0.894118
850 0.983529
850 0.912941
850 0.958824
850 0.982353
850 0.971765
850 0.991765
850 0.954118
850 0.937647
850 0.969412
850 0.944706
850 0.922353
850 0.894118
850 0.935294
850 0.944706
850 0.941176
850 0.963529
850 0.985882
850 0.967059
850 0.945882
850 0.972941
850 0.938824
850 0.931765
850 0.911765
850 0.977647
850 0.944706
900 0.952222
900 0.922222
900 0.96
900 0.934444
900 0.97
900 0.946667
900 0.952222
900 0.896667
900 0.946667
900 0.966667
900 0.964444
900 0.966667
900 0.892222
900 0.951111
900 0.897778
900 0.985556
900 0.963333
900 0.96
900 0.895556
900 0.931111
900 0.98
900 0.934444
900 0.908889
900 0.934444
900 0.897778
900 0.844444
900 0.936667
900 0.954444
900 0.906667
900 0.973333
900 0.934444
900 0.927778
900 0.752222
900 0.946667
900 0.977778
900 0.931111
900 0.934444
900 0.93
900 0.916667
900 0.983333
900 0.784444
900 0.966667
900 0.981111
900 0.896667
900 0.978889
900 0.952222
900 0.955556
900 0.976667
900 0.962222
900 0.98
900 0.993333
900 0.966667
900 0.848889
900 0.986667
900 0.961111
900 0.977778
900 0.916667
900 0.916667
900 0.984444
900 0.97
900 0.997778
900 0.946667
900 0.938889
900 0.975556
900 0.845556
900 0.928889
900 0.991111
900 0.967778
900 0.981111
900 0.916667
900 0.896667
900 0.968889
900 0.948889
900 0.973333
900 0.915556
950 0.977895
950 0.96
950 0.962105
950 0.923158
950 0.936842
950 0.882105
950 0.942105
950 0.922105
950 0.890526
950 0.911579
950 0.918947
950 0.916842
950 0.947368
950 0.974737
950 0.971579
950 0.94
950 0.957895
950 0.936842
950 0.96
950 0.996842
950 0.9
950 0.936842
950 0.931579
950 0.975789
950 0.956842
950 0.933684
950 0.904211
950 0.958947
950 0.977895
950 0.943158
950 0.971579
950 0.932632
950 0.942105
950 0.995789
950 0.986316
950 0.961053
950 0.958947
950 0.866316
950 0.969474
950 0.953684
950 0.924211
950 0.997895
950 0.922105
950 0.988421
950 0.964211
950 0.830526
950 0.915789
950 0.947368
950 0.927368
950 0.989474
950 0.954737
950 0.944211
950 0.966316
950 0.954737
950 0.963158
950 0.937895
950 0.927368
950 0.995789
950 0.916842
950 0.935789
950 0.875789
950 0.921053
950 0.947368
950 1
950 0.963158
950 0.96
950 0.987368
950 0.967368
950 0.892632
950 0.905263
950 0.978947
950 0.896842
950 0.984211
950 0.970526
950 0.989474
1000 0.945
1000 0.887
1000 0.934
1000 0.958
1000 0.969
1000 0.872
1000 0.937
1000 0.956
1000 0.967
1000 0.81
1000 0.974
1000 0.934
1000 0.961
1000 0.98
1000 0.925
1000 0.97
1000 0.971
1000 0.928
1000 0.918
1000 0.943
1000 0.919
1000 0.839
1000 0.983
1000 0.885
1000 0.928
1000 0.979
1000 0.92
1000 0.927
1000 0.857
1000 0.937
1000 0.982
1000 0.934
1000 0.974
1000 0.926
1000 0.947
1000 0.931
1000 0.958
1000 0.947
1000 0.941
1000 0.902
1000 0.918
1000 0.946
1000 0.979
1000 0.916
1000 0.931
1000 0.9
1000 0.997
1000 0.961
1000 0.975
1000 0.895
1000 0.935
1000 0.93
1000 0.95
1000 0.987
1000 0.981
1000 0.968
1000 0.963
1000 0.919
1000 0.972
1000 0.974
1000 0.936
1000 0.936
1000 0.87
1000 0.961
1000 0.916
1000 0.947
1000 0.984
1000 0.948
1000 0.885
1000 0.967
1000 0.953
1000 0.989
1000 0.911
1000 0.962
1000 0.948
1050 0.960952
1050 0.919048
1050 0.98381
1050 0.977143
1050 0.684762
1050 0.970476
1050 0.940952
1050 0.952381
1050 0.919048
1050 0.939048
1050 0.928571
1050 0.992381
1050 0.944762
1050 0.949524
1050 0.954286
1050 0.978095
1050 0.974286
1050 0.954286
1050 0.979048
1050 0.96
1050 0.908571
1050 0.971429
1050 0.937143
1050 0.864762
1050 0.944762
1050 0.922857
1050 0.972381
1050 0.96381
1050 0.980952
1050 0.952381
1050 0.941905
1050 0.981905
1050 0.92
1050 0.94381
1050 0.942857
1050 0.951429
1050 0.912381
1050 0.900952
1050 0.9
1050 0.961905
1050 0.97619
1050 0.930476
1050 0.965714
1050 0.839048
1050 0.900952
1050 0.897143
1050 0.904762
1050 0.995238
1050 0.924762
1050 0.9
1050 0.989524
1050 0.902857
1050 0.972381
1050 0.930476
1050 0.950476
1050 0.926667
1050 0.926667
1050 0.981905
1050 0.964762
1050 0.986667
1050 0.867619
1050 0.907619
1050 1
1050 0.975238
1050 0.971429
1050 0.975238
1050 0.974286
1050 0.978095
1050 0.992381
1050 0.982857
1050 0.949524
1050 0.962857
1050 0.977143
1050 0.953333
1050 0.942857
1100 0.95
1100 0.92
1100 0.979091
1100 0.964545
1100 0.977273
1100 0.980909
1100 0.976364
1100 0.96
1100 0.961818
1100 0.977273
1100 0.968182
1100 0.985455
1100 0.993636
1100 0.980909
1100 0.913636
1100 0.979091
1100 0.965455
1100 0.944545
1100 0.967273
1100 0.975455
1100 0.944545
1100 0.924545
1100 0.946364
1100 0.946364
1100 0.934545
1100 0.925455
1100 0.950909
1100 0.941818
1100 0.935455
1100 0.9
1100 0.912727
1100 0.943636
1100 0.925455
1100 0.906364
1100 0.874545
1100 0.97
1100 0.980909
1100 0.946364
1100 0.933636
1100 0.97
1100 0.944545
1100 0.988182
1100 0.959091
1100 0.918182
1100 0.94
1100 0.926364
1100 0.923636
1100 0.948182
1100 0.960909
1100 0.967273
1100 0.874545
1100 0.964545
1100 0.993636
1100 0.944545
1100 0.886364
1100 0.977273
1100 0.965455
1100 0.954545
1100 0.983636
1100 0.972727
1100 0.978182
1100 0.942727
1100 0.964545
1100 0.982727
1100 0.990909
1100 0.891818
1100 0.918182
1100 0.978182
1100 0.927273
1100 0.940909
1100 0.966364
1100 0.974545
1100 0.955455
1100 0.941818
1100 0.806364
1150 0.890435
1150 0.936522
1150 0.857391
1150 0.958261
1150 0.924348
1150 0.986087
1150 0.918261
1150 0.89913
1150 0.954783
1150 0.977391
1150 0.943478
1150 0.947826
1150 0.982609
1150 0.905217
1150 0.977391
1150 0.953043
1150 0.96087
1150 0.844348
1150 0.907826
1150 0.976522
1150 0.92
1150 0.945217
1150 0.958261
1150 0.917391
1150 0.97913
1150 0.975652
1150 0.951304
1150 0.890435
1150 0.905217
1150 0.98087
1150 0.971304
1150 0.998261
1150 0.94087
1150 0.930435
1150 0.98087
1150 0.968696
1150 0.998261
1150 0.942609
1150 0.952174
1150 0.94
1150 0.915652
1150 0.905217
1150 0.958261
1150 0.997391
1150 0.962609
1150 0.887826
1150 0.947826
1150 0.963478
1150 0.932174
1150 0.966957
1150 0.936522
1150 0.948696
1150 0.909565
1150 0.950435
1150 0.936522
1150 0.953913
1150 0.956522
1150 0.96087
1150 0.96087
1150 0.944348
1150 0.94087
1150 0.987826
1150 0.913913
1150 0.774783
1150 0.886957
1150 0.922609
1150 0.995652
1150 0.984348
1150 0.95913
1150 0.985217
1150 0.925217
1150 0.92087
1150 0.949565
1150 0.905217
1150 0.917391
1200 0.948333
1200 0.938333
1200 0.935833
1200 0.998333
1200 0.98
1200 0.955833
1200 0.923333
1200 0.986667
1200 0.946667
1200 0.980833
1200 0.9025
1200 0.8825
1200 0.9725
1200 0.901667
1200 0.911667
1200 0.9075
1200 0.9675
1200 0.935833
1200 0.9775
1200 0.906667
1200 0.95
1200 0.944167
1200 0.960833
1200 0.915833
1200 0.9725
1200 0.9675
1200 0.885833
1200 0.93
1200 0.970833
1200 0.954167
1200 0.958333
1200 0.919167
1200 0.933333
1200 0.963333
1200 0.978333
1200 0.94
1200 0.951667
1200 0.919167
1200 0.9925
1200 0.911667
1200 0.935
1200 0.821667
1200 0.924167
1200 0.9525
1200 0.97
1200 0.988333
1200 0.974167
1200 0.971667
1200 0.995
1200 0.966667
1200 0.978333
1200 0.9475
1200 0.96
1200 0.981667
1200 0.958333
1200 0.905833
1200 0.9225
1200 0.984167
1200 0.929167
1200 0.911667
1200 0.978333
1200 0.93
1200 0.9175
1200 0.945
1200 0.985833
1200 0.875
1200 0.934167
1200 0.93
1200 0.944167
1200 0.87
1200 0.950833
1200 0.875833
1200 0.890833
1200 0.969167
1200 0.930833
1250 0.9576
1250 0.916
1250 0.9024
1250 0.9344
1250 0.9552
1250 0.9848
1250 0.9344
1250 0.9576
1250 0.9072
1250 0.9376
1250 0.9448
1250 0.9824
1250 0.9528
1250 0.9776
1250 0.9736
1250 0.9672
1250 0.9776
1250 0.9296
1250 0.984
1250 0.9544
1250 0.908
1250 0.936
1250 0.8792
1250 0.944
1250 0.952
1250 0.9944
1250 0.9104
1250 0.9448
1250 0.9152
1250 0.912
1250 0.9888
1250 0.9016
1250 0.9888
1250 0.9888
1250 0.9576
1250 0.9376
1250 0.9552
1250 0.96
1250 0.9776
1250 0.9512
1250 0.9456
1250 0.9568
1250 0.9648
1250 0.8752
1250 0.9288
1250 0.928
1250 0.9352
1250 0.7984
1250 0.8936
1250 0.9536
1250 0.9824
1250 0.8968
1250 0.9152
1250 0.9264
1250 0.9456
1250 0.9336
1250 0.928
1250 0.96
1250 0.9744
1250 0.9672
1250 0.9616
1250 0.9376
1250 0.9376
1250 0.9976
1250 0.9344
1250 0.9288
1250 0.948
1250 0.9904
1250 0.9216
1250 0.9936
1250 0.9264
1250 0.964
1250 0.9584
1250 0.932
1250 0.984
1300 0.945385
1300 0.972308
1300 0.94
1300 0.898462
1300 0.946154
1300 0.926154
1300 0.941538
1300 0.922308
1300 0.98
1300 0.988462
1300 0.946154
1300 0.943077
1300 0.961538
1300 0.940769
1300 0.949231
1300 0.902308
1300 0.987692
1300 0.983846
1300 0.911538
1300 0.968462
1300 0.925385
1300 0.903846
1300 0.854615
1300 0.960769
1300 0.909231
1300 0.923846
1300 0.986923
1300 0.904615
1300 0.955385
1300 0.984615
1300 0.995385
1300 0.971538
1300 0.938462
1300 0.988462
1300 0.990769
1300 0.96
1300 0.975385
1300 0.986923
1300 0.967692
1300 0.903077
1300 0.971538
1300 0.95
1300 0.926154
1300 0.984615
1300 0.916923
1300 0.946154
1300 0.92
1300 0.965385
1300 0.911538
1300 0.913846
1300 0.986154
1300 0.94
1300 0.987692
1300 0.919231
1300 0.966154
1300 0.960769
1300 0.951538
1300 0.965385
1300 0.891538
1300 0.972308
1300 0.933077
1300 0.950769
1300 0.902308
1300 0.942308
1300 0.953077
1300 0.964615
1300 0.97
1300 0.951538
1300 0.993077
1300 0.948462
1300 0.939231
1300 0.764615
1300 0.978462
1300 0.919231
1300 0.955385
1350 0.911111
1350 0.982963
1350 0.954815
1350 0.957037
1350 0.922963
1350 0.920741
1350 0.972593
1350 0.957778
1350 1
1350 0.954815
1350 0.92963
1350 0.938519
1350 0.980741
1350 0.865926
1350 0.951852
1350 0.937037
1350 0.968889
1350 0.93037
1350 0.801481
1350 0.942222
1350 0.965926
1350 0.902963
1350 0.952593
1350 0.938519
1350 0.948889
1350 0.955556
1350 1
1350 0.982222
1350 0.956296
1350 0.966667
1350 0.922963
1350 0.891111
1350 0.936296
1350 0.965185
1350 0.911852
1350 0.936296
1350 0.938519
1350 0.962963
1350 0.932593
1350 0.925926
1350 0.991852
1350 0.945926
1350 0.98
1350 0.966667
1350 0.937037
1350 0.965926
1350 0.953333
1350 0.94
1350 0.94963
1350 0.96
1350 0.965185
1350 0.943704
1350 0.981481
1350 0.991111
1350 0.92
1350 0.94963
1350 0.97037
1350 0.932593
1350 0.945185
1350 0.96963
1350 1
1350 0.94963
1350 0.92
1350 0.88
1350 0.925185
1350 0.973333
1350 0.9
1350 0.977037
1350 0.995556
1350 0.954074
1350 0.974815
1350 0.948148
1350 0.922222
1350 0.968148
1350 0.921481
1400 0.988571
1400 0.881429
1400 0.921429
1400 0.942143
1400 0.976429
1400 0.977857
1400 0.95
1400 0.962857
1400 0.980714
1400 0.874286
1400 0.937857
1400 0.959286
1400 0.983571
1400 0.927143
1400 0.960714
1400 0.922143
1400 0.967143
1400 0.942143
1400 0.944286
1400 0.979286
1400 0.927143
1400 0.950714
1400 0.969286
1400 0.97
1400 0.992143
1400 0.916429
1400 0.831429
1400 0.949286
1400 0.996429
1400 0.999286
1400 0.919286
1400 0.965
1400 0.942143
1400 0.981429
1400 0.916429
1400 0.970714
1400 0.998571
1400 0.939286
1400 0.975
1400 0.939286
1400 1
1400 0.980714
1400 0.977857
1400 0.981429
1400 0.951429
1400 0.93
1400 0.95
1400 0.954286
1400 0.912857
1400 0.962143
1400 0.922143
1400 0.89
1400 0.947857
1400 0.965714
1400 0.965714
1400 0.982857
1400 0.930714
1400 0.986429
1400 0.953571
1400 0.945714
1400 0.937143
1400 0.965
1400 0.96
1400 0.965714
1400 0.94
1400 0.901429
1400 0.918571
1400 0.991429
1400 0.9
1400 0.922143
1400 0.972857
1400 0.867857
1400 0.966429
1400 0.988571
1400 0.980714
1450 0.94
1450 0.955862
1450 0.935862
1450 0.977931
1450 0.965517
1450 0.92069
1450 0.923448
1450 0.864828
1450 0.916552
1450 0.945517
1450 0.968276
1450 0.96
1450 0.874483
1450 0.967586
1450 0.972414
1450 0.951034
1450 0.94069
1450 0.967586
1450 0.993793
1450 0.94069
1450 0.948966
1450 0.973103
1450 0.95931
1450 0.924138
1450 0.926897
1450 0.881379
1450 0.92069
1450 0.921379
1450 0.989655
1450 0.957241
1450 0.896552
1450 0.948966
1450 0.96069
1450 0.96
1450 0.973793
1450 0.963448
1450 0.992414
1450 0.951724
1450 0.923448
1450 0.909655
1450 0.913793
1450 0.98
1450 0.957931
1450 0.933793
1450 0.977241
1450 0.956552
1450 0.993103
1450 0.982069
1450 0.949655
1450 0.951724
1450 0.977241
1450 0.947586
1450 0.998621
1450 0.901379
1450 0.961379
1450 0.934483
1450 0.995862
1450 0.910345
1450 0.975862
1450 0.942759
1450 0.891724
1450 0.93931
1450 0.950345
1450 0.945517
1450 0.916552
1450 0.941379
1450 0.913103
1450 0.965517
1450 0.847586
1450 0.955172
1450 1
1450 0.982759
1450 0.871034
1450 0.991724
1450 0.966207
1500 0.949333
1500 0.972667
1500 0.952667
1500 0.981333
1500 0.892
1500 0.952667
1500 0.940667
1500 0.916
1500 0.884
1500 0.912
1500 0.745333
1500 0.98
1500 0.94
1500 0.92
1500 0.980667
1500 0.986
1500 0.890667
1500 0.928667
1500 0.976
1500 0.934
1500 0.967333
1500 0.939333
1500 0.980667
1500 0.984667
1500 0.952667
1500 0.942
1500 0.97
1500 0.949333
1500 0.945333
1500 0.937333
1500 0.97
1500 0.945333
1500 0.982
1500 0.99
1500 0.966
1500 0.952
1500 0.919333
1500 0.86
1500 0.919333
1500 0.954667
1500 0.948667
1500 0.996667
1500 0.936
1500 0.928
1500 0.975333
1500 0.906
1500 0.944
1500 0.926
1500 0.920667
1500 0.981333
1500 0.937333
1500 0.956667
1500 0.989333
1500 0.958667
1500 0.917333
1500 0.956
1500 0.948
1500 0.988
1500 0.991333
1500 0.951333
1500 0.928
1500 0.9
1500 0.942
1500 0.925333
1500 0.988
1500 0.970667
1500 0.994667
1500 0.967333
1500 0.945333
1500 0.949333
1500 0.931333
1500 0.958667
1500 0.9
1500 0.900667
1500 0.877333
1550 0.944516
1550 0.940645
1550 0.958065
1550 1
1550 0.982581
1550 0.966452
1550 0.956774
1550 0.884516
1550 0.918065
1550 0.604516
1550 0.947097
1550 0.905806
1550 0.862581
1550 0.984516
1550 0.945161
1550 0.947742
1550 0.952903
1550 0.942581
1550 0.952258
1550 0.940645
1550 0.923871
1550 0.947742
1550 0.927097
1550 0.952903
1550 0.976129
1550 0.966452
1550 0.923871
1550 0.983871
1550 0.968387
1550 0.978065
1550 0.935484
1550 0.967097
1550 0.975484
1550 0.938065
1550 0.994194
1550 0.930968
1550 0.972903
1550 0.937419
1550 0.932903
1550 0.969677
1550 0.972903
1550 0.953548
1550 0.963226
1550 0.903871
1550 0.945806
1550 0.932903
1550 0.980645
1550 0.952903
1550 0.97871
1550 0.944516
1550 0.977419
1550 0.996774
1550 0.967097
1550 0.981935
1550 0.974194
1550 0.95871
1550 0.945161
1550 0.989677
1550 0.932258
1550 0.899355
1550 0.885806
1550 0.937419
1550 0.955484
1550 0.949032
1550 0.925806
1550 0.970323
1550 0.96129
1550 0.916774
1550 0.95871
1550 0.958065
1550 0.946452
1550 0.942581
1550 0.945806
1550 0.974194
1550 0.962581
1600 0.880625
1600 0.94
1600 0.938125
1600 0.911875
1600 0.946875
1600 0.93
1600 0.88125
1600 0.93
1600 0.965625
1600 0.965
1600 0.945
1600 0.99625
1600 0.935
1600 0.925
1600 0.994375
1600 0.99125
1600 0.98125
1600 0.9275
1600 0.990625
1600 0.97875
1600 1
1600 0.920625
1600 0.995625
1600 0.973125
1600 0.9175
1600 0.941875
1600 0.9625
1600 0.9525
1600 0.925625
1600 0.955625
1600 0.959375
1600 0.96375
1600 0.915
1600 0.926875
1600 0.9575
1600 0.964375
1600 0.966875
1600 0.96875
1600 0.964375
1600 0.976875
1600 0.93
1600 0.993125
1600 0.963125
1600 0.890625
1600 0.9125
1600 0.955625
1600 0.945
1600 0.97625
1600 0.884375
1600 0.9875
1600 0.949375
1600 0.9375
1600 0.98375
1600 0.949375
1600 0.934375
1600 0.97375
1600 0.948125
1600 0.96
1600 0.930625
1600 0.955625
1600 0.955625
1600 0.910625
1600 0.903125
1600 0.9
1600 0.921875
1600 0.91125
1600 0.96875
1600 0.93875
1600 0.955625
1600 0.963125
1600 0.943125
1600 0.925625
1600 0.945
1600 0.93
1600 0.9825
1650 0.955152
1650 0.963636
1650 0.892727
1650 0.966061
1650 0.995758
1650 0.993333
1650 0.942424
1650 0.907879
1650 0.963636
1650 0.952727
1650 0.998182
1650 0.966667
1650 0.957576
1650 0.901212
1650 0.937576
1650 0.931515
1650 0.992727
1650 0.926061
1650 0.946667
1650 0.989091
1650 0.963636
1650 0.964848
1650 0.90303
1650 0.987273
1650 0.961818
1650 0.940606
1650 0.953333
1650 0.975758
1650 0.96
1650 0.91697
1650 0.990303
1650 0.929091
1650 0.993333
1650 0.963636
1650 0.877576
1650 0.966061
1650 0.946667
1650 0.937576
1650 0.978182
1650 0.955152
1650 0.971515
1650 0.903636
1650 0.960606
1650 0.935152
1650 0.969091
1650 0.995758
1650 0.969091
1650 0.927879
1650 0.946667
1650 0.976364
1650 0.938182
1650 0.963636
1650 0.935152
1650 0.929091
1650 0.968485
1650 0.96303
1650 0.955152
1650 0.967273
1650 0.969091
1650 0.967273
1650 0.997576
1650 0.998182
1650 0.9
1650 0.973333
1650 0.888485
1650 0.935152
1650 0.930303
1650 0.926667
1650 0.96303
1650 0.940606
1650 0.841212
1650 0.931515
1650 0.972727
1650 0.855758
1650 0.978788
1700 0.97
1700 0.988235
1700 0.885882
1700 0.994118
1700 0.961765
1700 0.966471
1700 0.93
1700 0.909412
1700 0.921176
1700 0.94
1700 0.949412
1700 0.964706
1700 0.881765
1700 0.981765
1700 0.931765
1700 0.937059
1700 0.947647
1700 0.941176
1700 0.915882
1700 0.961176
1700 0.987647
1700 0.928235
1700 0.908235
1700 0.915882
1700 0.920588
1700 0.958235
1700 0.974706
1700 0.98
1700 0.954706
1700 0.913529
1700 0.946471
1700 0.954118
1700 0.963529
1700 0.978235
1700 0.960588
1700 0.990588
1700 0.942941
1700 0.96
1700 0.855294
1700 0.947059
1700 0.914118
1700 0.920588
1700 0.956471
1700 0.93
1700 0.980588
1700 0.821176
1700 0.955882
1700 0.942353
1700 0.958824
1700 0.938235
1700 0.982941
1700 0.924118
1700 0.986471
1700 0.955882
1700 0.964118
1700 0.967647
1700 0.939412
1700 0.874706
1700 0.904118
1700 0.940588
1700 0.958824
1700 0.974706
1700 0.981176
1700 0.936471
1700 0.970588
1700 0.972353
1700 0.912353
1700 0.958824
1700 0.945882
1700 0.98
1700 0.939412
1700 0.911765
1700 0.922353
1700 0.969412
1700 0.991765
1750 0.931429
1750 0.949143
1750 0.953143
1750 0.961714
1750 0.960571
1750 0.942286
1750 0.942857
1750 0.896571
1750 0.917143
1750 0.980571
1750 0.951429
1750 0.935429
1750 0.968
1750 0.972571
1750 0.942857
1750 0.950857
1750 0.956571
1750 0.961143
1750 0.96
1750 0.946857
1750 0.902286
1750 0.979429
1750 0.958857
1750 0.882286
1750 0.934286
1750 0.921714
1750 0.901714
1750 0.925143
1750 0.953714
1750 0.993143
1750 0.884
1750 0.898286
1750 0.974857
1750 0.985714
1750 0.982286
1750 0.939429
1750 0.933143
1750 0.924571
1750 0.933714
1750 0.958286
1750 0.960571
1750 0.998286
1750 0.946857
1750 0.989143
1750 0.982857
1750 0.970857
1750 0.960571
1750 0.939429
1750 0.935429
1750 0.929143
1750 0.958286
1750 0.956
1750 0.945143
1750 0.944
1750 0.946286
1750 0.944
1750 0.933143
1750 0.914857
1750 0.934857
1750 0.992
1750 0.968
1750 0.947429
1750 0.949143
1750 0.958857
1750 0.966857
1750 0.906857
1750 0.977143
1750 0.954286
1750 0.955429
1750 0.96
1750 0.521143
1750 0.968
1750 0.926857
1750 0.969714
1750 0.842857
1800 0.93
1800 0.978333
1800 0.921667
1800 0.953889
1800 0.964444
1800 0.966667
1800 0.955
1800 0.952222
1800 0.997778
1800 0.938889
1800 0.915556
1800 0.948333
1800 0.985556
1800 0.961667
1800 0.930556
1800 0.993333
1800 0.933333
1800 0.943889
1800 0.978333
1800 1
1800 0.93
1800 0.904444
1800 0.957222
1800 0.932222
1800 0.956667
1800 0.992222
1800 0.976667
1800 0.977222
1800 0.906667
1800 0.871667
1800 0.984444
1800 0.949444
1800 0.936667
1800 0.989444
1800 0.975556
1800 0.914444
1800 0.904444
1800 0.939444
1800 0.984444
1800 0.851667
1800 0.932222
1800 0.958889
1800 0.997778
1800 0.983333
1800 0.951111
1800 0.978889
1800 0.957778
1800 0.913333
1800 0.938889
1800 0.955556
1800 0.968889
1800 0.948889
1800 0.953889
1800 0.946667
1800 0.915556
1800 0.935556
1800 0.996111
1800 0.914444
1800 0.986111
1800 0.918889
1800 0.965556
1800 0.953333
1800 0.991111
1800 0.932222
1800 0.886111
1800 0.978333
1800 0.959444
1800 0.977222
1800 0.931667
1800 0.971667
1800 0.943889
1800 0.947222
1800 0.954444
1800 0.989444
1800 0.991111
1850 0.998919
1850 0.914595
1850 0.974595
1850 0.965946
1850 0.954054
1850 0.961622
1850 0.931892
1850 0.898378
1850 0.915676
1850 0.931351
1850 0.915135
1850 0.905405
1850 0.97027
1850 0.912432
1850 0.934054
1850 0.941081
1850 0.956757
1850 0.951351
1850 0.947568
1850 0.958378
1850 0.987568
1850 0.918919
1850 0.947027
1850 0.911892
1850 0.940541
1850 0.982162
1850 0.991892
1850 0.917297
1850 0.918919
1850 0.959459
1850 0.977297
1850 0.960541
1850 0.928649
1850 0.984324
1850 0.950811
1850 0.989189
1850 0.949189
1850 0.952973
1850 0.954595
1850 0.959459
1850 0.981081
1850 0.983243
1850 0.95027
1850 0.995676
1850 0.971892
1850 0.955135
1850 0.947027
1850 0.980541
1850 0.951351
1850 0.96
1850 0.945946
1850 0.942703
1850 0.947027
1850 0.983243
1850 0.944324
1850 0.951892
1850 0.965946
1850 0.954054
1850 0.927568
1850 0.947027
1850 0.972973
1850 0.963784
1850 0.944865
1850 0.938919
1850 0.958378
1850 0.980541
1850 0.90973
1850 0.942703
1850 0.935135
1850 0.970811
1850 0.919459
1850 0.981622
1850 0.947568
1850 0.900541
1850 0.994054
1900 0.915263
1900 0.967368
1900 0.963158
1900 0.891053
1900 0.950526
1900 0.957895
1900 0.916842
1900 0.932632
1900 0.997895
1900 0.964737
1900 0.992105
1900 0.924737
1900 0.956316
1900 0.935789
1900 0.982105
1900 0.949474
1900 0.935789
1900 0.995263
1900 0.899474
1900 0.947368
1900 0.930526
1900 0.95
1900 0.946842
1900 0.893158
1900 0.983684
1900 0.928421
1900 0.944737
1900 0.947895
1900 0.949474
1900 0.967368
1900 0.97
1900 0.931053
1900 0.923158
1900 0.968947
1900 0.972632
1900 0.986316
1900 0.973158
1900 0.951579
1900 0.956316
1900 0.945789
1900 0.978421
1900 0.981579
1900 0.946842
1900 0.988947
1900 0.935789
1900 0.944737
1900 0.995789
1900 0.986842
1900 0.974737
1900 0.916316
1900 0.963158
1900 0.948421
1900 0.964737
1900 0.936842
1900 0.979474
1900 0.976842
1900 0.912105
1900 0.932105
1900 0.959474
1900 0.963684
1900 0.997368
1900 0.961053
1900 0.916316
1900 0.976842
1900 0.956842
1900 0.937895
1900 0.936316
1900 0.947368
1900 0.984737
1900 0.949474
1900 0.918947
1900 0.946842
1900 0.944737
1900 0.985263
1900 0.945789
1950 0.990256
1950 0.975385
1950 0.946154
1950 0.979487
1950 0.958462
1950 0.975897
1950 0.950256
1950 0.944103
1950 0.995385
1950 0.972821
1950 0.992308
1950 0.974872
1950 0.935385
1950 0.923077
1950 0.957436
1950 0.92359
1950 0.980513
1950 0.922564
1950 0.941026
1950 0.98
1950 0.994872
1950 0.931795
1950 0.956923
1950 0.952308
1950 0.930256
1950 0.968205
1950 0.954359
1950 0.958462
1950 0.897436
1950 0.98359
1950 0.973846
1950 0.946154
1950 0.931282
1950 0.994872
1950 0.985641
1950 0.974872
1950 0.864615
1950 0.961026
1950 0.93641
1950 0.949744
1950 0.955385
1950 0.895897
1950 0.935897
1950 0.98
1950 0.96
1950 0.905128
1950 0.964615
1950 0.970256
1950 0.968205
1950 0.932821
1950 0.949231
1950 0.960513
1950 0.897949
1950 0.958462
1950 0.924615
1950 0.968718
1950 0.978974
1950 0.981026
1950 0.955897
1950 0.944103
1950 0.926154
1950 0.975385
1950 0.971282
1950 0.936923
1950 0.98359
1950 0.909231
1950 0.919487
1950 0.994872
1950 0.908205
1950 0.955385
1950 0.989744
1950 0.937436
1950 0.995897
1950 0.953846
1950 0.96359
2000 0.972
2000 0.965
2000 0.941
2000 0.9415
2000 0.946
2000 0.917
2000 0.9935
2000 0.9545
2000 0.963
2000 0.886
2000 0.9435
2000 0.96
2000 0.9915
2000 0.943
2000 0.982
2000 0.975
2000 0.985
2000 0.9975
2000 0.962
2000 0.9505
2000 0.9985
2000 0.9025
2000 0.989
2000 0.9785
2000 0.947
2000 0.94
2000 0.9055
2000 0.9405
2000 0.8975
2000 0.925
2000 0.9925
2000 0.9305
2000 0.951
2000 0.9905
2000 0.9785
2000 0.986
2000 0.9855
2000 0.965
2000 0.922
2000 0.9665
2000 0.914
2000 0.9695
2000 0.958
2000 0.977
2000 0.962
2000 0.9505
2000 0.942
2000 0.8905
2000 0.922
2000 0.975
2000 0.9845
2000 0.959
2000 0.945
2000 0.958
2000 0.931
2000 0.9605
2000 0.942
2000 0.9455
2000 0.946
2000 0.904
2000 0.9705
2000 0.9565
2000 0.9255
2000 0.92
2000 0.9755
2000 0.989
2000 0.8505
2000 0.994
2000 0.9285
2000 0.97
2000 0.939
2000 0.9215
2000 0.974
2000 0.9265
2000 0.983
