50 0.14
50 0.5
50 0.02
50 0.18
50 0.26
50 0.18
50 0.8
50 0.76
50 0.02
50 0.36
50 0.12
50 0.22
50 0.36
50 0.04
50 0.16
50 0.06
50 0.08
50 0.46
50 0.06
50 0.02
50 0.16
50 0.06
50 0.38
50 0
50 0.2
50 0.64
50 0.22
50 0.74
50 0.18
50 0.12
50 0.24
50 0.14
50 0.02
50 0.14
50 0
50 0
50 0
50 0.7
50 0.18
50 0
50 0
50 0.2
50 0
50 0.74
50 0.5
50 0.4
50 0.18
50 0.92
50 0.38
50 0.2
50 0.48
50 0.08
50 0.46
50 0
50 0.66
50 0.4
50 0.44
50 0
50 0.38
50 0
50 0.4
50 0.32
50 0.32
50 0.08
50 0.4
50 0.42
50 0
50 0.26
50 0.5
50 0.12
50 0
50 0.18
50 0.2
50 0.1
50 0.08
100 0.22
100 0
100 0.43
100 0.23
100 0.76
100 0.82
100 0.53
100 0.8
100 0.82
100 0.46
100 0.86
100 0.12
100 0.27
100 0.42
100 0.9
100 0.14
100 0.67
100 0.38
100 0.32
100 0.7
100 0.67
100 0.71
100 0.57
100 0.53
100 0.51
100 0.37
100 0
100 0.51
100 0.2
100 0.6
100 0.75
100 0.47
100 0.22
100 0.76
100 0.81
100 0.54
100 0.73
100 0.06
100 0.19
100 0.44
100 0.7
100 0.08
100 0.28
100 0.83
100 0.7
100 0.72
100 0.18
100 0.86
100 0.73
100 0.48
100 0.18
100 0.34
100 0.69
100 0.63
100 0.55
100 0.97
100 0.46
100 0
100 0.81
100 0.8
100 0.21
100 0.58
100 0.48
100 0.9
100 0.25
100 0.16
100 0.64
100 0.66
100 0.68
100 0.66
100 0.55
100 0.63
100 0.53
100 0.07
100 0.84
150 0.686667
150 0.58
150 0.726667
150 0.686667
150 0.613333
150 0.893333
150 0.906667
150 0.913333
150 0.866667
150 0.886667
150 0.893333
150 0.946667
150 0.5
150 0.526667
150 0.686667
150 0.713333
150 0.96
150 0.626667
150 0.466667
150 0.806667
150 0.8
150 0.8
150 0.64
150 0.28
150 0.986667
150 0.286667
150 0.386667
150 0.886667
150 0.94
150 0.78
150 0.82
150 0.753333
150 0.84
150 0.96
150 0.706667
150 0.593333
150 0.753333
150 0.653333
150 0.553333
150 0.88
150 0.853333
150 0.42
150 0.38
150 0.926667
150 0.273333
150 0.88
150 0.853333
150 0.78
150 0.72
150 0.32
150 0.64
150 0.546667
150 0.746667
150 0.853333
150 0
150 0.773333
150 0.753333
150 0.813333
150 0.42
150 0.72
150 0.82
150 0.72
150 0.953333
150 0.693333
150 0.84
150 0.74
150 0.933333
150 0.293333
150 0.94
150 0.433333
150 0.22
150 0.446667
150 0.726667
150 0.746667
150 0.06
200 0.675
200 0.41
200 0.985
200 0.74
200 0.355
200 0.39
200 0.64
200 0.88
200 0.78
200 0.745
200 0.89
200 0.57
200 0.765
200 0.885
200 0.675
200 0.75
200 0.845
200 0.86
200 0.935
200 0.855
200 0.75
200 0.985
200 0.08
200 0.85
200 0.825
200 0.84
200 0.955
200 0.58
200 0.66
200 0.805
200 0.72
200 0.88
200 0.795
200 0.88
200 0.7
200 0.915
200 0.505
200 0.725
200 0.925
200 0.505
200 0.705
200 0.92
200 0.77
200 0.52
200 0.9
200 0.77
200 0.85
200 0.715
200 0.8
200 0.835
200 0.7
200 0.875
200 0.865
200 0.77
200 0.95
200 0.87
200 0.91
200 0.725
200 0.895
200 0.87
200 0.475
200 0.88
200 0.95
200 0.84
200 0.735
200 0.67
200 0.665
200 0.825
200 0.825
200 0.93
200 0.915
200 0.41
200 0.845
200 0.95
200 0.78
250 0.744
250 0.912
250 0.92
250 0.76
250 0.884
250 0.904
250 0.804
250 0.924
250 0.812
250 0.832
250 0.824
250 0.872
250 0.884
250 0.828
250 0.848
250 0.94
250 0.964
250 0.88
250 0.888
250 0.904
250 0.904
250 0.768
250 0.748
250 0.784
250 0.956
250 0.9
250 0.904
250 0.984
250 0.756
250 0.828
250 0.788
250 0.916
250 0.896
250 0.8
250 0.824
250 0.72
250 0.908
250 0.772
250 0.908
250 0.808
250 0.796
250 0.864
250 0.976
250 0.496
250 0.988
250 0.92
250 0.932
250 0.788
250 0.908
250 0.896
250 0.912
250 0.652
250 0.716
250 0.74
250 0.892
250 0.972
250 0.916
250 0.904
250 0.848
250 0.952
250 0.92
250 0.824
250 0.884
250 0.852
250 0.652
250 0.972
250 0.864
250 0.94
250 0.86
250 0.988
250 0.8
250 0.728
250 0.924
250 0.92
250 0.816
300 0.863333
300 0.986667
300 0.923333
300 0.996667
300 0.79
300 0.573333
300 0.9
300 0.676667
300 0.92
300 0.866667
300 0.933333
300 0.81
300 0.806667
300 0.88
300 0.9
300 0.756667
300 0.896667
300 0.923333
300 0.933333
300 0.863333
300 0.796667
300 0.873333
300 0.833333
300 0.96
300 0.95
300 0.92
300 0.916667
300 0.86
300 0.896667
300 0.953333
300 0.816667
300 0.826667
300 0.803333
300 0.86
300 0.85
300 0.93
300 0.91
300 0.926667
300 0.98
300 0.976667
300 0.926667
300 0.883333
300 0.933333
300 0.853333
300 0.943333
300 0.74
300 0.833333
300 0.853333
300 0.526667
300 0.893333
300 0.793333
300 0.916667
300 0.71
300 0.733333
300 0.803333
300 0.903333
300 0.95
300 0.933333
300 0.823333
300 0.926667
300 0.89
300 0.873333
300 0.93
300 0.83
300 0.956667
300 0.943333
300 0.976667
300 0.893333
300 0.923333
300 0.923333
300 0.936667
300 0.92
300 0.92
300 0.88
300 0.866667
350 0.94
350 0.951429
350 0.968571
350 0.8
350 0.98
350 0.668571
350 0.74
350 0.962857
350 0.977143
350 0.98
350 0.865714
350 0.897143
350 0.9
350 0.914286
350 0.98
350 0.811429
350 0.897143
350 0.834286
350 0.8
350 0.877143
350 0.914286
350 0.768571
350 0.934286
350 0.968571
350 0.922857
350 0.928571
350 0.942857
350 0.88
350 0.902857
350 0.894286
350 0.765714
350 0.988571
350 0.894286
350 0.9
350 0.88
350 0.92
350 0.974286
350 0.585714
350 0.931429
350 0.885714
350 0.888571
350 0.888571
350 0.931429
350 0.962857
350 0.982857
350 0.922857
350 0.914286
350 0.84
350 0.8
350 0.942857
350 0.891429
350 0.877143
350 0.991429
350 0.871429
350 0.9
350 0.931429
350 0.968571
350 0.888571
350 0.94
350 0.808571
350 0.974286
350 0.845714
350 0.957143
350 0.902857
350 0.648571
350 0.905714
350 0.934286
350 0.825714
350 0.985714
350 0.885714
350 0.968571
350 0.965714
350 0.994286
350 0.805714
350 0.874286
400 0.935
400 0.825
400 0.9675
400 0.715
400 0.86
400 0.955
400 0.91
400 0.63
400 1
400 0.965
400 0.9775
400 0.9075
400 0.87
400 0.73
400 0.8675
400 0.9125
400 0.8825
400 0.5725
400 0.94
400 0.91
400 0.9625
400 0.895
400 0.96
400 0.8025
400 0.9925
400 0.9225
400 0.945
400 0.7275
400 0.9175
400 1
400 0.9175
400 0.8975
400 0.875
400 0.86
400 0.995
400 0.9675
400 0.92
400 0.665
400 0.9175
400 0.935
400 0.9275
400 0.965
400 0.905
400 0.8775
400 0.9225
400 0.9125
400 0.89
400 0.805
400 0.98
400 0.965
400 0.955
400 0.9225
400 0.95
400 0.8725
400 0.835
400 0.9225
400 0.9575
400 0.9175
400 0.92
400 0.9575
400 0.855
400 0.89
400 0.8975
400 0.8975
400 0.9
400 0.955
400 0.8575
400 0.975
400 0.9575
400 0.9875
400 0.83
400 0.845
400 0.9425
400 0.975
400 0.9075
450 0.96
450 0.942222
450 0.92
450 1
450 0.957778
450 0.917778
450 0.946667
450 0.931111
450 0.913333
450 0.897778
450 0.946667
450 0.86
450 0.917778
450 0.98
450 0.748889
450 0.902222
450 0.902222
450 0.84
450 0.871111
450 0.982222
450 0.922222
450 0.746667
450 0.997778
450 0.94
450 0.888889
450 0.86
450 0.993333
450 0.98
450 0.948889
450 0.6
450 0.96
450 0.884444
450 0.988889
450 0.946667
450 0.904444
450 0.846667
450 0.928889
450 0.944444
450 0.942222
450 0.973333
450 0.937778
450 0.937778
450 0.757778
450 0.991111
450 0.931111
450 0.94
450 0.922222
450 0.86
450 0.913333
450 1
450 0.957778
450 0.86
450 0.908889
450 0.897778
450 0.977778
450 0.977778
450 0.84
450 0.935556
450 0.931111
450 0.975556
450 0.784444
450 0.94
450 0.935556
450 0.96
450 0.973333
450 0.893333
450 0.891111
450 0.737778
450 0.706667
450 0.908889
450 0.902222
450 0.8
450 0.935556
450 0.8
450 0.711111
500 0.956
500 0.892
500 0.988
500 0.926
500 0.762
500 0.95
500 0.914
500 0.902
500 0.872
500 0.96
500 0.868
500 0.87
500 0.954
500 0.954
500 0.976
500 0.93
500 0.972
500 0.928
500 0.958
500 0.824
500 0.952
500 0.926
500 0.904
500 0.898
500 0.85
500 0.924
500 0.922
500 0.99
500 0.992
500 0.984
500 0.902
500 0.894
500 0.958
500 0.952
500 0.858
500 0.974
500 0.88
500 0.942
500 0.932
500 0.958
500 0.962
500 0.978
500 0.918
500 0.936
500 0.918
500 0.934
500 0.946
500 0.96
500 0.928
500 0.978
500 0.89
500 0.946
500 0.952
500 0.828
500 0.854
500 0.936
500 0.974
500 0.956
500 0.964
500 0.98
500 0.882
500 0.928
500 0.97
500 0.846
500 0.988
500 0.926
500 0.918
500 0.846
500 0.966
500 0.916
500 0.926
500 0.978
500 0.95
500 0.946
500 0.964
550 0.774545
550 0.950909
550 0.92
550 0.936364
550 0.945455
550 0.967273
550 0.901818
550 0.987273
550 0.934545
550 0.945455
550 0.983636
550 0.925455
550 0.654545
550 0.945455
550 0.903636
550 0.92
550 0.858182
550 0.890909
550 0.961818
550 0.896364
550 0.9
550 0.830909
550 0.969091
550 0.910909
550 0.985455
550 0.992727
550 0.896364
550 0.865455
550 0.954545
550 0.967273
550 0.912727
550 0.938182
550 0.967273
550 0.0363636
550 0.78
550 0.88
550 0.912727
550 0.910909
550 0.916364
550 0.938182
550 0.867273
550 0.941818
550 0.932727
550 0.98
550 0.938182
550 0.952727
550 0.918182
550 0.936364
550 0.883636
550 0.94
550 0.969091
550 0.88
550 0.914545
550 0.918182
550 0.84
550 0.796364
550 0.994545
550 0.907273
550 0.916364
550 0.738182
550 0.916364
550 0.923636
550 0.978182
550 0.996364
550 0.967273
550 0.978182
550 0.930909
550 0.956364
550 0.949091
550 0.994545
550 0.943636
550 0.930909
550 0.889091
550 0.890909
550 0.96
600 0.955
600 0.878333
600 0.938333
600 0.96
600 0.92
600 0.98
600 0.896667
600 0.941667
600 0.873333
600 0.871667
600 0.865
600 0.931667
600 0.865
600 0.916667
600 0.935
600 0.913333
600 0.983333
600 0.871667
600 0.966667
600 0.998333
600 0.968333
600 0.945
600 0.97
600 0.971667
600 0.903333
600 0.956667
600 0.973333
600 0.941667
600 0.946667
600 0.946667
600 0.871667
600 0.946667
600 0.935
600 0.936667
600 0.915
600 0.953333
600 0.958333
600 0.873333
600 0.93
600 0.991667
600 0.981667
600 0.981667
600 0.933333
600 0.991667
600 0.965
600 0.973333
600 0.928333
600 0.981667
600 0.926667
600 0.863333
600 0.946667
600 0.891667
600 0.941667
600 0.948333
600 0.906667
600 0.983333
600 0.953333
600 0.926667
600 0.923333
600 0.988333
600 0.871667
600 0.958333
600 0.97
600 0.955
600 0.941667
600 0.97
600 0.981667
600 0.94
600 0.933333
600 0.93
600 0.903333
600 0.931667
600 0.921667
600 0.95
600 0.798333
650 0.975385
650 0.847692
650 0.907692
650 0.964615
650 0.973846
650 0.930769
650 0.923077
650 0.924615
650 0.932308
650 0.981538
650 0.88
650 0.98
650 0.98
650 0.946154
650 0.933846
650 0.912308
650 0.961538
650 0.913846
650 0.969231
650 0.903077
650 0.930769
650 0.896923
650 0.983077
650 0.913846
650 0.966154
650 0.973846
650 0.927692
650 0.993846
650 0.972308
650 0.916923
650 0.913846
650 0.987692
650 0.903077
650 0.958462
650 0.964615
650 0.975385
650 0.956923
650 0.983077
650 0.829231
650 0.967692
650 0.983077
650 0.936923
650 0.983077
650 0.943077
650 0.907692
650 0.961538
650 0.892308
650 0.918462
650 0.989231
650 0.898462
650 0.915385
650 0.910769
650 0.995385
650 0.987692
650 0.910769
650 0.972308
650 0.86
650 0.946154
650 0.933846
650 0.941538
650 0.921538
650 0.946154
650 0.923077
650 0.887692
650 0.878462
650 0.972308
650 0.946154
650 0.926154
650 0.932308
650 0.950769
650 0.950769
650 0.952308
650 0.986154
650 0.955385
650 0.895385
700 0.955714
700 0.942857
700 0.88
700 0.928571
700 0.968571
700 0.935714
700 0.875714
700 0.968571
700 0.955714
700 0.998571
700 0.964286
700 0.978571
700 0.971429
700 0.897143
700 0.894286
700 0.912857
700 0.838571
700 0.895714
700 0.978571
700 0.924286
700 0.938571
700 0.97
700 0.981429
700 0.944286
700 0.98
700 0.962857
700 0.962857
700 0.947143
700 0.905714
700 0.98
700 0.912857
700 0.961429
700 0.954286
700 0.954286
700 0.931429
700 0.965714
700 0.972857
700 0.948571
700 0.941429
700 0.901429
700 0.968571
700 0.998571
700 0.98
700 0.995714
700 0.77
700 0.955714
700 0.887143
700 0.902857
700 0.961429
700 0.961429
700 0.955714
700 0.99
700 0.93
700 0.96
700 0.771429
700 0.925714
700 0.995714
700 0.897143
700 0.968571
700 0.911429
700 0.932857
700 0.882857
700 0.89
700 0.715714
700 0.955714
700 0.945714
700 0.981429
700 0.945714
700 0.981429
700 0.914286
700 0.98
700 0.977143
700 0.942857
700 0.904286
700 0.957143
750 0.954667
750 0.913333
750 0.946667
750 0.973333
750 0.945333
750 0.982667
750 0.973333
750 0.954667
750 0.985333
750 0.901333
750 0.969333
750 0.986667
750 0.972
750 0.98
750 0.953333
750 0.948
750 0.850667
750 0.926667
750 0.965333
750 0.910667
750 0.993333
750 0.892
750 0.94
750 0.966667
750 0.970667
750 0.948
750 0.954667
750 0.916
750 0.868
750 0.94
750 0.934667
750 0.953333
750 0.952
750 0.930667
750 0.98
750 0.910667
750 0.842667
750 0.862667
750 0.934667
750 1
750 0.954667
750 0.858667
750 0.926667
750 0.986667
750 0.934667
750 0.913333
750 0.924
750 0.985333
750 0.978667
750 0.990667
750 0.936
750 0.970667
750 0.925333
750 0.982667
750 0.992
750 0.974667
750 0.945333
750 1
750 0.973333
750 0.906667
750 0.913333
750 0.917333
750 0.917333
750 0.88
750 0.9
750 0.926667
750 0.924
750 0.902667
750 0.981333
750 0.988
750 0.932
750 0.973333
750 0.952
750 0.945333
750 0.94
800 0.95625
800 0.855
800 0.9775
800 0.9375
800 0.96
800 0.93
800 0.865
800 0.9875
800 0.9625
800 0.95875
800 0.91
800 0.96875
800 0.985
800 1
800 0.94875
800 0.91125
800 0.95125
800 0.91
800 0.965
800 0.96875
800 0.995
800 0.91875
800 0.9125
800 0.97875
800 0.93625
800 0.97125
800 0.9425
800 0.9675
800 0.90625
800 0.8875
800 0.99625
800 0.9025
800 0.9275
800 0.94125
800 0.95625
800 0.96625
800 0.99375
800 0.9925
800 0.98
800 0.99375
800 0.97625
800 0.885
800 0.93125
800 0.86625
800 0.94
800 0.96125
800 0.99125
800 0.9025
800 0.96625
800 0.8975
800 0.95625
800 0.92625
800 0.95875
800 0.9575
800 0.93125
800 0.93125
800 0.9425
800 0.89625
800 0.93375
800 0.95625
800 0.9525
800 0.96375
800 1
800 0.98375
800 0.99875
800 0.925
800 0.93
800 0.9675
800 0.995
800 0.97625
800 0.9875
800 0.90375
800 0.98
800 0.945
800 0.93125
850 0.942353
850 0.963529
850 0.957647
850 0.955294
850 0.969412
850 0.874118
850 0.936471
850 0.992941
850 0.852941
850 0.901176
850 0.88
850 0.98
850 0.935294
850 0.964706
850 0.96
850 0.994118
850 0.985882
850 0.982353
850 0.882353
850 0.971765
850 0.954118
850 0.967059
850 0.909412
850 0.902353
850 0.958824
850 0.965882
850 0.924706
850 0.952941
850 0.935294
850 0.927059
850 0.987059
850 0.965882
850 0.994118
850 0.896471
850 0.941176
850 0.905882
850 0.970588
850 0.905882
850 0.943529
850 0.890588
850 0.894118
850 0.956471
850 0.991765
850 0.969412
850 0.969412
850 0.958824
850 0.957647
850 0.967059
850 0.855294
850 0.922353
850 0.997647
850 0.934118
850 0.875294
850 0.957647
850 0.961176
850 0.907059
850 0.954118
850 0.965882
850 0.994118
850 0.887059
850 0.955294
850 0.952941
850 0.911765
850 0.996471
850 0.947059
850 0.975294
850 0.949412
850 0.941176
850 0.948235
850 0.941176
850 0.945882
850 0.914118
850 0.92
850 0.998824
850 0.995294
900 0.994444
900 0.964444
900 0.967778
900 0.971111
900 0.962222
900 0.937778
900 0.994444
900 0.857778
900 0.955556
900 0.977778
900 0.971111
900 0.966667
900 0.982222
900 0.955556
900 0.99
900 0.963333
900 0.934444
900 0.937778
900 0.871111
900 0.944444
900 0.993333
900 0.934444
900 0.953333
900 0.931111
900 0.902222
900 0.745556
900 0.888889
900 0.887778
900 0.944444
900 0.902222
900 0.968889
900 0.917778
900 0.91
900 0.941111
900 0.998889
900 0.965556
900 0.926667
900 0.985556
900 0.955556
900 0.914444
900 0.751111
900 0.848889
900 0.933333
900 0.841111
900 0.908889
900 0.978889
900 0.986667
900 0.985556
900 0.99
900 0.975556
900 0.976667
900 0.988889
900 0.847778
900 0.957778
900 0.954444
900 0.943333
900 0.947778
900 0.982222
900 0.98
900 0.943333
900 0.95
900 0.865556
900 0.896667
900 0.973333
900 0.818889
900 0.974444
900 0.93
900 0.935556
900 0.981111
900 0.948889
900 0.966667
900 0.992222
900 0.966667
900 0.966667
900 0.951111
950 0.973684
950 0.94
950 0.947368
950 0.972632
950 0.970526
950 0.911579
950 0.888421
950 0.942105
950 0.950526
950 0.898947
950 0.813684
950 0.995789
950 0.934737
950 0.972632
950 0.990526
950 0.952632
950 0.955789
950 0.998947
950 0.975789
950 0.957895
950 0.904211
950 0.935789
950 0.930526
950 0.986316
950 0.992632
950 0.978947
950 0.927368
950 0.984211
950 0.986316
950 0.971579
950 0.971579
950 0.949474
950 0.993684
950 0.982105
950 0.914737
950 0.953684
950 0.986316
950 0.944211
950 0.961053
950 0.96
950 0.912632
950 0.927368
950 0.904211
950 0.946316
950 0.990526
950 0.749474
950 0.962105
950 0.992632
950 0.967368
950 0.993684
950 0.926316
950 0.952632
950 0.993684
950 0.911579
950 0.990526
950 0.910526
950 0.937895
950 0.944211
950 0.968421
950 0.972632
950 0.908421
950 0.966316
950 0.889474
950 0.981053
950 0.949474
950 0.971579
950 0.969474
950 0.976842
950 0.973684
950 0.995789
950 0.911579
950 0.890526
950 0.955789
950 0.952632
950 0.967368
1000 0.939
1000 0.92
1000 0.959
1000 0.96
1000 0.991
1000 0.928
1000 0.955
1000 0.984
1000 1
1000 0.939
1000 0.968
1000 0.937
1000 0.973
1000 0.948
1000 0.941
1000 0.989
1000 0.972
1000 0.98
1000 0.941
1000 0.957
1000 0.998
1000 0.89
1000 0.987
1000 0.999
1000 0.949
1000 0.957
1000 0.914
1000 0.962
1000 0.858
1000 0.939
1000 0.99
1000 0.964
1000 0.985
1000 0.956
1000 0.942
1000 0.995
1000 0.98
1000 0.94
1000 0.917
1000 0.998
1000 0.988
1000 0.938
1000 0.965
1000 0.884
1000 0.977
1000 0.907
1000 0.989
1000 0.924
1000 0.946
1000 0.961
1000 0.948
1000 0.909
1000 0.949
1000 0.964
1000 0.967
1000 0.953
1000 0.927
1000 0.962
1000 0.975
1000 0.988
1000 0.918
1000 0.885
1000 0.936
1000 0.992
1000 0.925
1000 0.989
1000 0.971
1000 0.982
1000 0.901
1000 0.917
1000 0.994
1000 0.928
1000 0.979
1000 0.971
1000 0.932
1050 0.914286
1050 0.974286
1050 0.969524
1050 0.987619
1050 0.800952
1050 0.960952
1050 0.927619
1050 0.884762
1050 0.891429
1050 0.89619
1050 0.900952
1050 0.937143
1050 0.941905
1050 0.979048
1050 0.932381
1050 0.931429
1050 0.987619
1050 0.941905
1050 0.972381
1050 0.942857
1050 0.941905
1050 0.981905
1050 0.92
1050 0.854286
1050 0.919048
1050 0.844762
1050 0.972381
1050 0.978095
1050 0.971429
1050 0.952381
1050 0.948571
1050 0.929524
1050 0.935238
1050 0.953333
1050 0.987619
1050 0.908571
1050 0.927619
1050 0.967619
1050 0.880952
1050 0.990476
1050 0.959048
1050 0.945714
1050 0.998095
1050 0.873333
1050 0.924762
1050 0.962857
1050 0.959048
1050 0.957143
1050 0.985714
1050 0.94
1050 0.96381
1050 0.992381
1050 0.958095
1050 0.930476
1050 0.953333
1050 0.9
1050 0.958095
1050 0.98381
1050 0.952381
1050 0.964762
1050 0.884762
1050 0.987619
1050 0.957143
1050 0.922857
1050 0.98381
1050 0.942857
1050 0.937143
1050 0.904762
1050 0.966667
1050 0.980952
1050 0.919048
1050 0.981905
1050 0.953333
1050 0.954286
1050 0.95619
1100 0.99
1100 0.894545
1100 0.990909
1100 0.994545
1100 0.972727
1100 0.953636
1100 0.908182
1100 0.961818
1100 0.959091
1100 0.916364
1100 0.985455
1100 0.97
1100 0.993636
1100 0.935455
1100 0.945455
1100 0.981818
1100 0.977273
1100 0.96
1100 0.967273
1100 0.973636
1100 0.945455
1100 0.984545
1100 0.988182
1100 0.948182
1100 0.965455
1100 0.901818
1100 0.925455
1100 0.992727
1100 0.989091
1100 0.998182
1100 0.926364
1100 0.881818
1100 0.955455
1100 0.956364
1100 0.855455
1100 0.937273
1100 0.963636
1100 0.944545
1100 0.989091
1100 0.982727
1100 0.957273
1100 0.993636
1100 1
1100 0.959091
1100 0.93
1100 0.991818
1100 0.954545
1100 0.966364
1100 0.969091
1100 0.993636
1100 0.92
1100 0.969091
1100 0.917273
1100 0.973636
1100 0.895455
1100 0.931818
1100 0.977273
1100 0.984545
1100 0.986364
1100 0.976364
1100 0.948182
1100 0.931818
1100 0.935455
1100 0.975455
1100 0.973636
1100 0.959091
1100 0.930909
1100 0.944545
1100 0.959091
1100 0.943636
1100 0.951818
1100 0.948182
1100 0.988182
1100 0.981818
1100 0.836364
1150 0.945217
1150 0.938261
1150 0.958261
1150 0.997391
1150 0.973043
1150 0.941739
1150 0.947826
1150 0.950435
1150 0.932174
1150 0.95913
1150 0.988696
1150 0.904348
1150 0.933913
1150 0.896522
1150 0.943478
1150 0.996522
1150 0.922609
1150 0.84
1150 0.964348
1150 0.964348
1150 0.966957
1150 0.944348
1150 0.973043
1150 0.954783
1150 0.95913
1150 0.924348
1150 0.99913
1150 0.943478
1150 0.986957
1150 0.953043
1150 0.952174
1150 0.935652
1150 0.951304
1150 0.962609
1150 0.983478
1150 0.957391
1150 0.938261
1150 0.913913
1150 0.93913
1150 0.934783
1150 0.877391
1150 0.94
1150 0.953043
1150 0.98087
1150 0.981739
1150 0.886087
1150 0.989565
1150 0.952174
1150 0.92
1150 0.94087
1150 0.99913
1150 0.914783
1150 0.951304
1150 0.944348
1150 0.925217
1150 0.971304
1150 0.992174
1150 0.984348
1150 0.993913
1150 0.973913
1150 0.930435
1150 0.987826
1150 0.98
1150 0.937391
1150 0.929565
1150 0.984348
1150 0.926087
1150 0.987826
1150 0.946087
1150 0.949565
1150 0.986087
1150 0.976522
1150 0.986957
1150 0.954783
1150 0.946087
1200 0.990833
1200 0.905
1200 0.969167
1200 0.950833
1200 0.95
1200 0.928333
1200 0.8875
1200 0.995
1200 0.935
1200 0.9375
1200 0.875833
1200 0.91
1200 0.944167
1200 0.946667
1200 0.976667
1200 0.985833
1200 0.98
1200 0.941667
1200 0.9525
1200 0.985833
1200 0.975833
1200 0.989167
1200 0.980833
1200 0.9875
1200 0.941667
1200 0.9525
1200 0.971667
1200 0.879167
1200 0.961667
1200 0.911667
1200 0.9625
1200 0.973333
1200 0.96
1200 0.998333
1200 0.9475
1200 0.9375
1200 0.99
1200 0.985
1200 0.9475
1200 0.925833
1200 0.958333
1200 0.826667
1200 0.975
1200 1
1200 0.9725
1200 0.978333
1200 0.990833
1200 0.968333
1200 0.989167
1200 0.995833
1200 0.994167
1200 0.904167
1200 0.9675
1200 0.953333
1200 0.960833
1200 0.950833
1200 1
1200 0.983333
1200 0.919167
1200 0.97
1200 0.9975
1200 0.980833
1200 0.89
1200 0.961667
1200 0.9625
1200 0.946667
1200 0.923333
1200 0.903333
1200 0.990833
1200 0.941667
1200 0.994167
1200 0.87
1200 0.920833
1200 0.9525
1200 0.976667
1250 0.9592
1250 0.956
1250 0.94
1250 0.9144
1250 0.9672
1250 0.944
1250 0.9248
1250 0.9984
1250 0.9112
1250 0.9504
1250 0.9752
1250 0.9976
1250 0.9416
1250 0.892
1250 0.9624
1250 0.9184
1250 0.9584
1250 0.8848
1250 0.9952
1250 0.996
1250 0.9536
1250 0.944
1250 0.9456
1250 1
1250 0.9504
1250 0.9608
1250 0.9672
1250 0.9264
1250 0.9624
1250 0.9264
1250 0.9704
1250 0.9056
1250 0.9904
1250 0.9808
1250 0.9848
1250 0.936
1250 0.9512
1250 0.9944
1250 0.9536
1250 0.9296
1250 0.9936
1250 0.9872
1250 0.9072
1250 0.9896
1250 0.9392
1250 0.9728
1250 0.9176
1250 0.9488
1250 0.9128
1250 0.9704
1250 0.9456
1250 0.9608
1250 0.9464
1250 0.9976
1250 0.956
1250 0.9824
1250 0.9728
1250 0.9728
1250 0.936
1250 0.996
1250 0.9584
1250 0.9296
1250 0.912
1250 0.9856
1250 0.9544
1250 0.9808
1250 0.94
1250 0.9896
1250 0.9584
1250 0.996
1250 0.8856
1250 0.9464
1250 0.948
1250 0.9464
1250 0.9696
1300 0.847692
1300 0.969231
1300 0.955385
1300 0.971538
1300 0.994615
1300 0.992308
1300 0.947692
1300 0.956154
1300 0.969231
1300 0.992308
1300 0.960769
1300 0.966154
1300 0.888462
1300 0.890769
1300 0.963846
1300 0.863846
1300 0.937692
1300 0.947692
1300 0.946923
1300 0.961538
1300 0.97
1300 0.978462
1300 0.865385
1300 0.974615
1300 0.984615
1300 0.921538
1300 0.986923
1300 0.916923
1300 0.978462
1300 0.868462
1300 0.989231
1300 0.973846
1300 0.895385
1300 0.969231
1300 0.989231
1300 0.975385
1300 0.984615
1300 0.950769
1300 0.976923
1300 0.954615
1300 0.982308
1300 0.95
1300 0.980769
1300 0.983846
1300 0.887692
1300 0.969231
1300 0.943077
1300 0.95
1300 0.907692
1300 0.940769
1300 0.986154
1300 0.949231
1300 0.969231
1300 0.928462
1300 0.970769
1300 0.966923
1300 0.956923
1300 0.935385
1300 0.934615
1300 0.995385
1300 0.973846
1300 0.959231
1300 0.986154
1300 0.948462
1300 0.913077
1300 0.992308
1300 0.957692
1300 0.983846
1300 0.926923
1300 0.983077
1300 0.947692
1300 0.949231
1300 0.925385
1300 0.962308
1300 0.96
1350 0.968889
1350 0.977037
1350 0.997037
1350 0.986667
1350 0.957037
1350 0.913333
1350 0.931852
1350 0.980741
1350 0.943704
1350 0.965926
1350 0.938519
1350 0.958519
1350 0.952593
1350 0.865926
1350 0.967407
1350 0.99037
1350 0.962222
1350 0.959259
1350 0.941481
1350 0.941481
1350 0.998519
1350 0.951852
1350 0.92
1350 0.902222
1350 0.964444
1350 0.982963
1350 0.959259
1350 0.998519
1350 0.991111
1350 0.991111
1350 0.947407
1350 0.98
1350 0.933333
1350 0.96963
1350 0.951852
1350 0.98
1350 0.941481
1350 0.954815
1350 0.964444
1350 0.980741
1350 0.976296
1350 0.988889
1350 0.971852
1350 0.922222
1350 0.994074
1350 0.98
1350 0.866667
1350 0.931111
1350 0.963704
1350 0.994074
1350 0.980741
1350 0.993333
1350 0.987407
1350 0.988148
1350 0.926667
1350 0.953333
1350 0.92963
1350 0.965926
1350 0.916296
1350 0.99037
1350 0.937778
1350 0.997037
1350 0.967407
1350 0.846667
1350 0.917778
1350 0.885926
1350 0.966667
1350 0.948889
1350 0.951852
1350 0.922963
1350 0.995556
1350 0.965926
1350 0.935556
1350 0.979259
1350 0.963704
1400 1
1400 0.922143
1400 0.921429
1400 0.99
1400 0.962857
1400 0.982857
1400 0.954286
1400 0.946429
1400 0.93
1400 0.966429
1400 0.952857
1400 0.98
1400 0.950714
1400 0.99
1400 0.955714
1400 0.975
1400 0.99
1400 0.953571
1400 0.985
1400 0.98
1400 0.952143
1400 0.977857
1400 0.952143
1400 0.965
1400 0.958571
1400 0.925714
1400 0.915
1400 0.923571
1400 0.972143
1400 0.994286
1400 0.965714
1400 0.982857
1400 0.960714
1400 0.949286
1400 0.952857
1400 0.957143
1400 0.914286
1400 0.952143
1400 0.935
1400 0.932143
1400 0.974286
1400 0.948571
1400 0.980714
1400 0.922857
1400 0.976429
1400 0.963571
1400 0.948571
1400 0.965714
1400 0.955
1400 0.960714
1400 0.964286
1400 0.972857
1400 0.927857
1400 0.985714
1400 0.991429
1400 0.942857
1400 0.99
1400 0.945
1400 0.94
1400 0.969286
1400 0.94
1400 0.947857
1400 0.976429
1400 0.991429
1400 0.952143
1400 0.916429
1400 0.962143
1400 0.966429
1400 0.963571
1400 0.987857
1400 0.997143
1400 0.957857
1400 0.955714
1400 0.992143
1400 0.964286
1450 0.92
1450 0.986897
1450 0.984138
1450 0.977241
1450 0.962759
1450 0.978621
1450 0.948276
1450 0.997241
1450 0.925517
1450 0.922759
1450 0.997241
1450 0.954483
1450 0.935862
1450 0.922759
1450 0.963448
1450 0.935172
1450 0.942759
1450 0.930345
1450 0.974483
1450 0.953103
1450 0.948276
1450 1
1450 0.907586
1450 0.976552
1450 0.993793
1450 0.957241
1450 0.951724
1450 0.933103
1450 0.924828
1450 0.995172
1450 0.966207
1450 0.951034
1450 0.986207
1450 0.975862
1450 0.974483
1450 0.96069
1450 0.969655
1450 0.982759
1450 0.873103
1450 0.935862
1450 0.931724
1450 0.943448
1450 0.95931
1450 0.975862
1450 0.93931
1450 0.949655
1450 0.996552
1450 0.935862
1450 0.909655
1450 0.968276
1450 0.992414
1450 0.955862
1450 0.990345
1450 0.886897
1450 0.957931
1450 0.901379
1450 0.995172
1450 0.896552
1450 0.976552
1450 0.908966
1450 0.955172
1450 0.985517
1450 0.943448
1450 0.97931
1450 0.96069
1450 0.996552
1450 0.967586
1450 0.967586
1450 0.94069
1450 0.996552
1450 0.946897
1450 0.96
1450 0.92
1450 0.977931
1450 0.977931
1500 0.953333
1500 0.932667
1500 0.972
1500 0.994
1500 0.987333
1500 0.984
1500 0.969333
1500 0.935333
1500 0.863333
1500 0.946
1500 0.722
1500 0.958
1500 0.994
1500 0.908667
1500 0.976
1500 0.978
1500 0.976
1500 0.992667
1500 0.938667
1500 0.942667
1500 0.970667
1500 0.954667
1500 0.946667
1500 0.961333
1500 0.970667
1500 0.925333
1500 0.982667
1500 0.972667
1500 0.874667
1500 0.935333
1500 0.958667
1500 0.997333
1500 0.936
1500 0.958
1500 0.930667
1500 0.924
1500 0.932
1500 0.886
1500 0.982667
1500 0.992667
1500 0.991333
1500 0.994667
1500 0.995333
1500 0.931333
1500 0.988
1500 0.984667
1500 0.996
1500 0.974
1500 0.97
1500 0.987333
1500 0.946
1500 0.97
1500 0.981333
1500 0.985333
1500 0.926667
1500 0.960667
1500 0.980667
1500 0.975333
1500 0.995333
1500 0.956
1500 0.954667
1500 0.951333
1500 0.932
1500 0.963333
1500 0.978667
1500 0.975333
1500 0.92
1500 0.936
1500 0.970667
1500 0.97
1500 0.969333
1500 0.96
1500 0.940667
1500 0.93
1500 0.970667
1550 0.941935
1550 0.976774
1550 0.976129
1550 0.948387
1550 0.911613
1550 0.983871
1550 0.933548
1550 0.976774
1550 0.933548
1550 0.729032
1550 0.915484
1550 0.81871
1550 0.878065
1550 0.934839
1550 0.99871
1550 0.983871
1550 0.992903
1550 0.996774
1550 0.982581
1550 0.968387
1550 0.967742
1550 0.974194
1550 0.939355
1550 0.985161
1550 0.887742
1550 0.956774
1550 0.96129
1550 0.964516
1550 0.996129
1550 0.956774
1550 0.895484
1550 0.985806
1550 0.947742
1550 0.980645
1550 0.946452
1550 0.976774
1550 0.994194
1550 0.991613
1550 1
1550 0.953548
1550 0.963226
1550 0.964516
1550 0.981935
1550 0.916774
1550 0.870323
1550 0.955484
1550 0.923226
1550 0.951613
1550 0.969677
1550 0.966452
1550 0.975484
1550 0.944516
1550 0.959355
1550 0.963871
1550 0.967097
1550 0.985806
1550 0.931613
1550 0.999355
1550 0.952903
1550 0.953548
1550 0.967742
1550 0.94129
1550 0.988387
1550 0.979355
1550 0.970323
1550 0.994839
1550 0.87871
1550 0.941935
1550 0.987742
1550 0.990323
1550 0.994194
1550 0.959355
1550 0.995484
1550 0.956129
1550 0.996774
1600 1
1600 0.986875
1600 0.933125
1600 0.923125
1600 1
1600 0.94875
1600 0.9725
1600 0.95625
1600 0.976875
1600 0.950625
1600 0.974375
1600 0.948125
1600 0.928125
1600 0.94375
1600 0.96875
1600 0.9375
1600 0.9225
1600 0.934375
1600 0.92
1600 0.93625
1600 0.975625
1600 0.95
1600 0.995
1600 0.940625
1600 0.978125
1600 0.9625
1600 0.980625
1600 0.985
1600 0.92875
1600 0.944375
1600 0.94875
1600 0.975
1600 0.94
1600 0.938125
1600 0.96
1600 0.983125
1600 0.939375
1600 0.958125
1600 0.95375
1600 0.975
1600 0.955
1600 0.933125
1600 0.951875
1600 0.95125
1600 0.96125
1600 0.9725
1600 0.923125
1600 0.9825
1600 0.973125
1600 0.96
1600 0.949375
1600 0.96
1600 0.9175
1600 0.995
1600 0.98375
1600 0.98625
1600 0.94875
1600 0.9525
1600 0.9425
1600 0.945
1600 0.99625
1600 0.955
1600 0.98
1600 0.98
1600 0.990625
1600 0.98875
1600 0.999375
1600 0.956875
1600 0.98
1600 0.995
1600 0.97
1600 0.945
1600 0.9725
1600 0.936875
1600 0.9575
1650 0.951515
1650 0.989697
1650 0.904848
1650 0.999394
1650 0.978788
1650 0.973939
1650 0.945455
1650 0.958788
1650 0.986667
1650 0.985455
1650 0.922424
1650 0.946061
1650 0.988485
1650 0.905455
1650 0.998788
1650 0.973939
1650 0.986061
1650 0.995152
1650 0.852727
1650 0.989091
1650 0.930909
1650 0.975152
1650 0.995152
1650 0.997576
1650 0.958182
1650 0.953333
1650 0.965455
1650 0.989697
1650 0.982424
1650 0.924848
1650 0.947273
1650 0.998182
1650 0.957576
1650 0.972121
1650 0.94
1650 0.95697
1650 0.921212
1650 0.937576
1650 0.892121
1650 0.954545
1650 0.992727
1650 0.955152
1650 0.925455
1650 0.952121
1650 0.964848
1650 0.933333
1650 0.950303
1650 0.973939
1650 0.949697
1650 0.983636
1650 0.908485
1650 0.972727
1650 0.940606
1650 0.947879
1650 0.97697
1650 0.947273
1650 0.950909
1650 0.970909
1650 0.969091
1650 0.933333
1650 0.924242
1650 0.998182
1650 0.890303
1650 0.95697
1650 0.911515
1650 0.96
1650 0.917576
1650 0.986667
1650 0.99697
1650 0.959394
1650 0.816364
1650 0.924848
1650 0.95697
1650 0.919394
1650 0.958182
1700 0.957059
1700 0.960588
1700 0.955294
1700 0.968824
1700 0.970588
1700 0.929412
1700 0.951176
1700 0.96
1700 0.917647
1700 0.998824
1700 0.934118
1700 1
1700 0.927647
1700 0.993529
1700 0.957059
1700 1
1700 0.988235
1700 0.917647
1700 0.930588
1700 0.960588
1700 0.975294
1700 0.93
1700 0.954118
1700 0.924706
1700 0.981176
1700 0.981176
1700 0.992353
1700 0.98
1700 0.985294
1700 0.955882
1700 0.98
1700 0.942941
1700 0.974706
1700 0.968824
1700 0.965294
1700 0.963529
1700 0.981765
1700 0.905882
1700 0.924118
1700 0.960588
1700 0.956471
1700 0.924118
1700 0.898824
1700 0.952941
1700 0.941176
1700 1
1700 0.954706
1700 0.94
1700 0.987059
1700 0.971176
1700 0.899412
1700 0.978235
1700 0.981176
1700 0.960588
1700 0.962941
1700 0.992353
1700 0.94
1700 0.935294
1700 0.912941
1700 0.998824
1700 0.889412
1700 0.934118
1700 0.972353
1700 0.977059
1700 0.95
1700 0.981765
1700 0.957647
1700 0.967647
1700 0.979412
1700 0.978824
1700 0.977059
1700 0.942353
1700 0.957059
1700 0.945294
1700 0.963529
1750 0.947429
1750 0.934857
1750 0.895429
1750 0.945143
1750 0.993714
1750 0.937714
1750 0.953143
1750 0.887429
1750 0.984571
1750 0.934857
1750 0.952571
1750 0.914857
1750 0.965714
1750 0.984571
1750 0.882857
1750 0.933143
1750 0.959429
1750 0.991429
1750 0.992
1750 0.970286
1750 0.949714
1750 0.942286
1750 0.985714
1750 0.902286
1750 0.950286
1750 0.960571
1750 0.907429
1750 0.978857
1750 0.992571
1750 0.966857
1750 0.974857
1750 0.946286
1750 0.957143
1750 0.996
1750 0.993714
1750 0.968
1750 0.961714
1750 0.941714
1750 0.934286
1750 0.993143
1750 0.957143
1750 0.978857
1750 0.979429
1750 0.972571
1750 0.981143
1750 0.941143
1750 0.977143
1750 0.931429
1750 0.961143
1750 0.940571
1750 0.981143
1750 0.974857
1750 0.928571
1750 0.994857
1750 0.933143
1750 0.938857
1750 0.956571
1750 0.943429
1750 0.955429
1750 0.971429
1750 0.968571
1750 0.934286
1750 0.932
1750 0.947429
1750 0.969143
1750 0.966286
1750 0.982286
1750 0.959429
1750 0.921143
1750 0.975429
1750 0.530286
1750 0.948
1750 0.977143
1750 0.983429
1750 0.869714
1800 0.958333
1800 0.988889
1800 0.965
1800 0.917222
1800 0.941111
1800 0.967778
1800 0.934444
1800 0.93
1800 0.942222
1800 0.936667
1800 0.969444
1800 0.998333
1800 0.927222
1800 0.968333
1800 0.956667
1800 0.988333
1800 0.989444
1800 0.963889
1800 0.973333
1800 0.993889
1800 0.975
1800 0.992222
1800 0.917222
1800 0.982222
1800 1
1800 0.920556
1800 0.988333
1800 0.953889
1800 0.956667
1800 0.980556
1800 0.956667
1800 0.986111
1800 0.951111
1800 0.971667
1800 0.921667
1800 0.914444
1800 0.960556
1800 0.956111
1800 0.963889
1800 0.898889
1800 0.958889
1800 0.968333
1800 0.948889
1800 0.997778
1800 0.978333
1800 0.981667
1800 0.980556
1800 0.984444
1800 0.993333
1800 0.95
1800 0.981667
1800 0.969444
1800 0.946111
1800 0.996111
1800 1
1800 0.986111
1800 0.912778
1800 0.968333
1800 0.94
1800 0.936111
1800 0.962222
1800 0.953333
1800 0.948889
1800 0.997222
1800 0.96
1800 0.95
1800 0.965556
1800 0.95
1800 0.963333
1800 0.970556
1800 0.927778
1800 0.935
1800 0.957222
1800 0.987222
1800 0.968333
1850 0.967027
1850 0.955676
1850 0.944324
1850 0.97027
1850 0.984324
1850 0.954054
1850 0.986486
1850 0.974054
1850 0.94973
1850 0.915135
1850 0.936757
1850 0.931892
1850 0.956216
1850 0.975676
1850 0.931892
1850 0.994595
1850 0.979459
1850 0.942162
1850 0.952432
1850 0.842162
1850 0.942162
1850 0.972432
1850 0.92
1850 0.928108
1850 0.986486
1850 0.924324
1850 0.982703
1850 0.932973
1850 0.95027
1850 0.902703
1850 0.997297
1850 0.991351
1850 0.928108
1850 0.932973
1850 0.909189
1850 0.998378
1850 0.925405
1850 0.99027
1850 0.946486
1850 0.947027
1850 0.974054
1850 0.972973
1850 0.95027
1850 0.938378
1850 0.885405
1850 0.951351
1850 0.912432
1850 0.973514
1850 0.962162
1850 0.982703
1850 0.923784
1850 0.924865
1850 0.955135
1850 0.976757
1850 0.916757
1850 0.959459
1850 0.955135
1850 0.971351
1850 0.98
1850 0.977838
1850 0.991351
1850 0.977838
1850 0.955135
1850 0.986486
1850 0.975676
1850 0.995135
1850 0.933514
1850 0.952432
1850 0.945946
1850 0.901622
1850 0.981622
1850 0.991892
1850 0.922162
1850 0.909189
1850 0.97027
1900 0.977895
1900 0.977368
1900 0.974737
1900 0.976842
1900 0.964211
1900 0.960526
1900 0.965263
1900 0.924211
1900 0.94
1900 0.982105
1900 0.995263
1900 0.980526
1900 0.888947
1900 0.970526
1900 1
1900 0.966316
1900 0.941053
1900 0.957895
1900 0.952632
1900 0.970526
1900 0.941579
1900 0.950526
1900 0.972632
1900 0.936316
1900 0.888947
1900 0.934737
1900 0.963684
1900 0.946316
1900 0.970526
1900 0.948947
1900 0.905263
1900 0.953158
1900 0.989474
1900 0.983684
1900 0.978947
1900 0.984211
1900 0.963158
1900 0.993684
1900 0.977368
1900 0.967895
1900 0.963158
1900 0.922105
1900 0.944211
1900 0.961579
1900 0.99
1900 0.951579
1900 0.936316
1900 0.920526
1900 0.955263
1900 0.943684
1900 0.986316
1900 0.984211
1900 0.975263
1900 0.908421
1900 0.954211
1900 0.981579
1900 0.998947
1900 0.935263
1900 0.944737
1900 0.943684
1900 0.954737
1900 0.938947
1900 0.954211
1900 0.983684
1900 0.981053
1900 0.864737
1900 0.94
1900 0.914211
1900 0.974211
1900 0.928947
1900 0.977895
1900 0.94
1900 0.985789
1900 0.978947
1900 0.965789
1950 0.996923
1950 0.974872
1950 0.966154
1950 0.965128
1950 0.999487
1950 0.984615
1950 0.993333
1950 0.940513
1950 0.976923
1950 0.958974
1950 0.986154
1950 0.970769
1950 0.962564
1950 0.930256
1950 0.983077
1950 0.973846
1950 1
1950 0.929744
1950 0.988718
1950 0.954359
1950 0.989744
1950 0.960513
1950 0.986154
1950 0.962564
1950 0.93641
1950 0.986154
1950 0.964615
1950 0.992308
1950 0.955385
1950 0.974359
1950 0.992821
1950 0.95641
1950 0.970256
1950 0.97641
1950 0.994359
1950 0.922564
1950 0.937949
1950 0.970256
1950 0.968205
1950 0.946667
1950 0.969231
1950 0.977949
1950 0.963077
1950 0.974359
1950 0.959487
1950 0.940513
1950 0.990256
1950 0.981538
1950 0.968205
1950 0.986667
1950 0.932821
1950 0.985641
1950 0.925641
1950 0.997949
1950 0.944103
1950 0.978462
1950 0.975897
1950 0.978462
1950 0.951795
1950 0.987692
1950 0.993333
1950 0.946667
1950 0.94359
1950 0.933846
1950 0.949744
1950 0.954359
1950 0.974872
1950 0.961026
1950 0.902564
1950 0.987179
1950 0.996923
1950 0.91641
1950 0.972308
1950 0.973846
1950 0.98359
2000 0.9645
2000 0.947
2000 0.9855
2000 0.9645
2000 0.996
2000 0.9975
2000 0.9735
2000 0.9345
2000 0.9505
2000 0.9515
2000 0.957
2000 0.9725
2000 0.9535
2000 0.9875
2000 0.9945
2000 0.9865
2000 0.9465
2000 0.9935
2000 0.903
2000 0.99
2000 0.9985
2000 0.9295
2000 0.987
2000 0.9325
2000 0.957
2000 0.9985
2000 0.953
2000 0.982
2000 0.965
2000 0.9455
2000 0.9725
2000 0.959
2000 0.9705
2000 0.9865
2000 0.967
2000 0.985
2000 0.9775
2000 0.959
2000 0.9175
2000 0.9475
2000 0.9345
2000 0.986
2000 0.955
2000 0.9645
2000 0.98
2000 0.938
2000 0.969
2000 0.9735
2000 0.9385
2000 0.9935
2000 0.98
2000 0.984
2000 0.9575
2000 0.993
2000 0.938
2000 0.955
2000 1
2000 0.9705
2000 0.97
2000 0.96
2000 0.9635
2000 0.9975
2000 0.9415
2000 0.976
2000 0.968
2000 0.9405
2000 0.992
2000 0.939
2000 0.9385
2000 0.9945
2000 0.9195
2000 0.954
2000 0.9375
2000 0.9385
2000 0.9815
