50 0.04
50 0.5
50 0
50 0.18
50 0
50 0.16
50 0.32
50 0.76
50 0.26
50 0.3
50 0.12
50 0.04
50 0.02
50 0.24
50 0.16
50 0.14
50 0.44
50 0.58
50 0
50 0.42
50 0.16
50 0.02
50 0
50 0
50 0.2
50 0.64
50 0.36
50 0.34
50 0
50 0.28
50 0
50 0.34
50 0.06
50 0.34
50 0.1
50 0.06
50 0.02
50 0.7
50 0.02
50 0.02
50 0
50 0.42
50 0
50 0.74
50 0.16
50 0.2
50 0.18
50 0.1
50 0.34
50 0.28
50 0.48
50 0.1
50 0.02
50 0.16
50 0.2
50 0.58
50 0.4
50 0
50 0
50 0.1
50 0.42
50 0.2
50 0.08
50 0.08
50 0.76
50 0.28
50 0.1
50 0.26
50 0.1
50 0
50 0.12
50 0.16
50 0.2
50 0.1
50 0.16
100 0.26
100 0.04
100 0.55
100 0.7
100 0.55
100 0.91
100 0.48
100 0.83
100 0.84
100 0.22
100 0.86
100 0.54
100 0.27
100 0.12
100 0.9
100 0.59
100 0.62
100 0.5
100 0.31
100 0.71
100 0.69
100 0.72
100 0.67
100 0.51
100 0.56
100 0.33
100 0.19
100 0.57
100 0.2
100 0.6
100 0.74
100 0.45
100 0.27
100 0.76
100 0.81
100 0.54
100 0.7
100 0.59
100 0.04
100 0.45
100 0.72
100 0.23
100 0.23
100 0.83
100 0.79
100 0.83
100 0.52
100 0.41
100 0.73
100 0.48
100 0.01
100 0.34
100 0.41
100 0.15
100 0.55
100 0.97
100 0.84
100 0.81
100 0.75
100 0.8
100 0.79
100 0.59
100 0.46
100 0.87
100 0.44
100 0.17
100 0.65
100 0.64
100 0.72
100 0.65
100 0.3
100 0.63
100 0.32
100 0.07
100 0.36
150 0.573333
150 0.0333333
150 0.946667
150 0.76
150 0.14
150 0.893333
150 0.793333
150 0.293333
150 0.806667
150 0.86
150 0.893333
150 0.866667
150 0.493333
150 0.506667
150 0.693333
150 0.786667
150 0.913333
150 0.66
150 0.506667
150 0.833333
150 0.826667
150 0.873333
150 0.66
150 0.58
150 0.946667
150 0.82
150 0.26
150 0.78
150 0.853333
150 0.84
150 0.746667
150 0.766667
150 0.82
150 0.953333
150 0.693333
150 0.573333
150 0.74
150 0.6
150 0.513333
150 0.88
150 0.846667
150 0.58
150 0.52
150 0.426667
150 0.3
150 0.826667
150 0.873333
150 0.813333
150 0.8
150 0.346667
150 0.726667
150 0.473333
150 0.746667
150 0.86
150 0.8
150 0.733333
150 0.753333
150 0.78
150 0.413333
150 0.706667
150 0.826667
150 0.733333
150 0.92
150 0.753333
150 0.84
150 0.76
150 0.566667
150 0.706667
150 0.94
150 0.433333
150 0.746667
150 0.46
150 0.726667
150 0.746667
150 0.786667
200 0.68
200 0.36
200 0.965
200 0.77
200 0.23
200 0.8
200 0.735
200 0.895
200 0.76
200 0.04
200 0.895
200 0.55
200 0.915
200 0.665
200 0.705
200 0.735
200 0.865
200 0.86
200 0.925
200 0.815
200 0.805
200 0.875
200 0.59
200 0.87
200 0.795
200 0.825
200 0.965
200 0.85
200 0.72
200 0.825
200 0.725
200 0.88
200 0.78
200 0.92
200 0.525
200 0.87
200 0.56
200 0.695
200 0.935
200 0.5
200 0.71
200 0.88
200 0.835
200 0.565
200 0.9
200 0.71
200 0.845
200 0.735
200 0.835
200 0.965
200 0.175
200 0.87
200 0.88
200 0.715
200 0.925
200 0.925
200 0.86
200 0.685
200 0.92
200 0.775
200 0.485
200 0.68
200 0.92
200 0.82
200 0.765
200 0.67
200 0.715
200 0.87
200 0.88
200 0.92
200 0.87
200 0.41
200 0.88
200 0.925
200 0.645
250 0.88
250 0.904
250 0.888
250 0.744
250 0.872
250 0.908
250 0.908
250 0.924
250 0.716
250 0.844
250 0.892
250 0.872
250 0.9
250 0.848
250 0.968
250 0.972
250 0.996
250 0.552
250 0.868
250 0.864
250 0.952
250 0.848
250 0.764
250 0.86
250 0.948
250 0.932
250 0.952
250 0.98
250 0.78
250 0.86
250 0.744
250 0.912
250 0.664
250 0.888
250 0.78
250 0.776
250 0.928
250 0.78
250 0.956
250 0.804
250 0.832
250 0.916
250 0.956
250 0.52
250 0.828
250 0.924
250 0.88
250 0.624
250 0.908
250 0.872
250 0.904
250 0.664
250 0.728
250 0.784
250 0.924
250 0.92
250 0.812
250 0.884
250 0.888
250 0.952
250 0.816
250 0.848
250 0.948
250 0.852
250 0.812
250 0.976
250 0.84
250 0.804
250 0.828
250 0.928
250 0.752
250 0.74
250 0.948
250 0.96
250 0.856
300 0.933333
300 0.973333
300 0.883333
300 0.896667
300 0.776667
300 0.536667
300 0.84
300 0.906667
300 0.943333
300 0.866667
300 0.933333
300 0.813333
300 0.853333
300 0.886667
300 0.98
300 0.753333
300 0.853333
300 0.92
300 0.87
300 0.886667
300 0.94
300 0.9
300 0.796667
300 0.95
300 0.95
300 0.923333
300 0.896667
300 0.86
300 0.903333
300 0.926667
300 0.753333
300 0.846667
300 0.81
300 0.86
300 0.866667
300 0.906667
300 0.923333
300 0.953333
300 0.993333
300 0.876667
300 0.91
300 0.9
300 0.943333
300 0.823333
300 0.72
300 0.743333
300 0.746667
300 0.853333
300 0.48
300 0.953333
300 0.803333
300 0.94
300 0.726667
300 0.723333
300 0.886667
300 0.953333
300 0.886667
300 0.786667
300 0.846667
300 0.81
300 0.883333
300 0.92
300 1
300 0.81
300 0.916667
300 0.98
300 0.956667
300 0.836667
300 0.906667
300 0.93
300 0.943333
300 0.973333
300 0.873333
300 0.886667
300 0.93
350 0.92
350 0.96
350 0.934286
350 0.782857
350 0.988571
350 0.594286
350 0.768571
350 0.948571
350 0.9
350 0.834286
350 0.777143
350 0.82
350 0.965714
350 0.928571
350 0.92
350 0.614286
350 0.894286
350 0.871429
350 0.805714
350 0.857143
350 0.934286
350 0.814286
350 0.957143
350 0.917143
350 0.962857
350 0.877143
350 0.962857
350 0.862857
350 0.894286
350 0.848571
350 0.774286
350 0.997143
350 0.902857
350 0.888571
350 0.84
350 0.908571
350 0.974286
350 0.582857
350 0.874286
350 0.868571
350 0.848571
350 0.9
350 0.911429
350 0.965714
350 0.948571
350 0.991429
350 0.888571
350 0.777143
350 0.865714
350 0.925714
350 0.86
350 0.894286
350 0.954286
350 0.831429
350 0.848571
350 0.965714
350 0.92
350 0.82
350 0.948571
350 0.882857
350 0.971429
350 0.842857
350 0.948571
350 0.94
350 0.717143
350 0.88
350 0.951429
350 0.891429
350 0.968571
350 0.885714
350 0.957143
350 0.951429
350 0.937143
350 0.862857
350 0.848571
400 0.9875
400 0.94
400 0.995
400 0.8575
400 0.775
400 0.935
400 0.905
400 0.6575
400 0.9725
400 0.965
400 0.915
400 0.9225
400 0.9625
400 0.775
400 0.9125
400 0.87
400 0.9075
400 0.0775
400 0.9175
400 0.88
400 0.9625
400 0.9325
400 0.86
400 0.7275
400 0.9125
400 0.9225
400 0.9325
400 0.64
400 0.9075
400 0.9475
400 0.975
400 0.8025
400 0.895
400 0.8775
400 0.925
400 0.935
400 0.85
400 0.6625
400 0.9375
400 0.945
400 0.9225
400 0.92
400 0.92
400 0.89
400 0.9175
400 0.9425
400 0.9
400 0.8425
400 0.94
400 0.96
400 0.8275
400 0.855
400 0.7925
400 0.9325
400 0.8625
400 0.9225
400 0.9725
400 0.9375
400 0.945
400 0.9575
400 0.855
400 0.8175
400 0.995
400 0.9475
400 0.9325
400 0.8925
400 0.865
400 0.93
400 0.89
400 0.9025
400 0.885
400 0.8775
400 0.8925
400 0.97
400 0.91
450 0.931111
450 0.922222
450 0.973333
450 0.96
450 0.935556
450 0.937778
450 1
450 0.9
450 0.957778
450 0.904444
450 0.92
450 0.866667
450 0.851111
450 0.944444
450 0.666667
450 0.935556
450 0.884444
450 0.862222
450 0.855556
450 0.906667
450 0.917778
450 0.975556
450 0.82
450 0.937778
450 0.902222
450 0.74
450 0.973333
450 0.766667
450 0.94
450 0.597778
450 0.886667
450 0.884444
450 0.973333
450 0.935556
450 0.888889
450 0.906667
450 0.942222
450 0.922222
450 0.922222
450 0.942222
450 0.98
450 0.913333
450 0.802222
450 0.913333
450 0.94
450 0.94
450 0.84
450 0.944444
450 0.953333
450 0.973333
450 0.915556
450 0.808889
450 0.931111
450 0.906667
450 0.966667
450 0.944444
450 0.84
450 0.951111
450 0.931111
450 0.948889
450 0.842222
450 0.942222
450 0.962222
450 0.931111
450 0.822222
450 0.891111
450 0.975556
450 0.784444
450 0.868889
450 0.975556
450 0.893333
450 0.835556
450 0.975556
450 0.795556
450 0.764444
500 0.962
500 0.89
500 0.992
500 0.972
500 0.74
500 0.918
500 0.952
500 0.974
500 0.906
500 0.982
500 0.826
500 0.874
500 0.888
500 0.972
500 0.962
500 0.8
500 0.922
500 0.91
500 0.952
500 0.776
500 0.984
500 0.944
500 0.892
500 0.96
500 0.908
500 0.922
500 0.938
500 0.95
500 0.966
500 0.988
500 0.888
500 0.89
500 0.916
500 0.878
500 0.942
500 0.998
500 0.862
500 0.94
500 0.986
500 0.812
500 0.956
500 0.966
500 0.932
500 0.992
500 0.906
500 0.976
500 0.962
500 0.938
500 0.94
500 0.982
500 0.844
500 0.86
500 0.904
500 0.994
500 0.856
500 0.932
500 0.98
500 0.938
500 0.926
500 0.974
500 0.95
500 0.888
500 0.952
500 0.842
500 0.802
500 0.906
500 0.892
500 0.88
500 0.964
500 0.918
500 0.946
500 0.924
500 0.938
500 0.948
500 0.962
550 0.794545
550 0.949091
550 0.914545
550 0.923636
550 0.918182
550 0.936364
550 0.961818
550 0.987273
550 0.938182
550 0.947273
550 0.867273
550 0.914545
550 0.94
550 0.98
550 0.947273
550 0.96
550 0.845455
550 0.901818
550 0.989091
550 0.885455
550 0.945455
550 0.856364
550 0.883636
550 0.94
550 0.978182
550 0.923636
550 0.849091
550 0.978182
550 0.910909
550 0.938182
550 0.950909
550 0.907273
550 0.976364
550 0.112727
550 0.78
550 0.921818
550 0.96
550 0.923636
550 0.969091
550 0.910909
550 0.958182
550 0.856364
550 0.947273
550 0.912727
550 0.950909
550 0.972727
550 0.967273
550 0.898182
550 0.974545
550 0.74
550 0.963636
550 0.965455
550 0.941818
550 0.923636
550 0.823636
550 0.936364
550 0.972727
550 0.914545
550 1
550 0.701818
550 0.930909
550 0.954545
550 0.963636
550 0.994545
550 1
550 0.998182
550 0.930909
550 0.947273
550 0.921818
550 0.781818
550 0.94
550 0.947273
550 0.881818
550 0.929091
550 0.936364
600 0.946667
600 0.953333
600 0.9
600 0.99
600 0.921667
600 0.975
600 0.955
600 0.978333
600 0.893333
600 0.876667
600 0.785
600 0.905
600 0.98
600 0.935
600 0.865
600 0.881667
600 0.986667
600 0.838333
600 0.956667
600 0.995
600 0.943333
600 0.91
600 0.951667
600 0.955
600 0.935
600 0.948333
600 0.925
600 0.94
600 0.93
600 0.981667
600 0.871667
600 0.99
600 0.961667
600 0.921667
600 0.895
600 0.965
600 0.946667
600 0.946667
600 0.951667
600 0.99
600 0.961667
600 0.928333
600 0.925
600 0.948333
600 0.98
600 0.955
600 0.933333
600 0.885
600 0.935
600 0.918333
600 0.936667
600 0.92
600 0.951667
600 0.966667
600 0.975
600 0.941667
600 0.921667
600 0.871667
600 0.93
600 0.933333
600 0.95
600 0.971667
600 0.938333
600 0.975
600 0.923333
600 0.953333
600 0.97
600 0.925
600 0.993333
600 0.926667
600 0.988333
600 0.896667
600 0.958333
600 0.961667
600 0.83
650 0.916923
650 0.858462
650 0.92
650 0.996923
650 0.86
650 0.852308
650 0.918462
650 0.927692
650 0.9
650 0.94
650 0.909231
650 0.929231
650 0.918462
650 0.904615
650 0.758462
650 0.964615
650 0.926154
650 0.790769
650 0.958462
650 0.94
650 0.913846
650 0.887692
650 0.969231
650 0.944615
650 0.909231
650 0.88
650 0.921538
650 0.950769
650 0.94
650 0.903077
650 0.867692
650 0.970769
650 0.935385
650 0.98
650 0.906154
650 0.935385
650 0.92
650 0.927692
650 0.84
650 0.94
650 0.967692
650 0.946154
650 0.918462
650 1
650 0.856923
650 0.918462
650 0.932308
650 0.975385
650 0.963077
650 0.921538
650 0.896923
650 0.909231
650 0.969231
650 0.986154
650 0.927692
650 0.955385
650 0.9
650 0.956923
650 0.929231
650 0.936923
650 0.947692
650 0.953846
650 0.906154
650 0.963077
650 0.855385
650 0.983077
650 0.835385
650 0.956923
650 0.981538
650 0.94
650 0.955385
650 0.930769
650 0.975385
650 0.956923
650 0.938462
700 0.864286
700 0.98
700 0.911429
700 0.922857
700 0.95
700 0.898571
700 0.974286
700 0.952857
700 0.955714
700 0.952857
700 0.965714
700 0.948571
700 0.911429
700 0.991429
700 0.898571
700 0.891429
700 0.815714
700 0.931429
700 0.928571
700 0.987143
700 0.952857
700 0.954286
700 0.944286
700 0.89
700 0.961429
700 0.967143
700 0.958571
700 0.924286
700 0.935714
700 0.964286
700 0.938571
700 0.925714
700 0.965714
700 0.962857
700 0.871429
700 0.994286
700 0.994286
700 0.852857
700 0.93
700 0.932857
700 0.904286
700 0.92
700 0.895714
700 0.977143
700 0.761429
700 0.991429
700 0.877143
700 0.941429
700 0.947143
700 0.954286
700 0.894286
700 0.875714
700 0.984286
700 0.898571
700 0.947143
700 0.932857
700 0.931429
700 0.991429
700 0.93
700 0.942857
700 0.92
700 0.917143
700 0.982857
700 0.705714
700 0.947143
700 0.921429
700 0.931429
700 0.941429
700 0.96
700 0.94
700 0.947143
700 0.991429
700 0.911429
700 0.82
700 0.947143
750 0.932
750 0.962667
750 0.962667
750 0.993333
750 0.948
750 0.945333
750 0.938667
750 0.970667
750 0.985333
750 0.884
750 0.834667
750 0.981333
750 0.962667
750 0.972
750 0.974667
750 0.964
750 0.886667
750 1
750 0.928
750 0.908
750 0.970667
750 0.933333
750 0.889333
750 0.937333
750 0.881333
750 0.926667
750 0.934667
750 0.948
750 0.898667
750 0.932
750 0.888
750 0.912
750 0.918667
750 0.921333
750 0.974667
750 0.921333
750 0.886667
750 0.922667
750 0.862667
750 0.941333
750 0.964
750 0.762667
750 0.981333
750 0.906667
750 0.936
750 0.873333
750 0.926667
750 0.921333
750 0.910667
750 0.969333
750 0.965333
750 0.965333
750 0.934667
750 0.949333
750 0.922667
750 0.968
750 0.958667
750 0.924
750 0.912
750 0.948
750 0.893333
750 0.892
750 0.906667
750 0.801333
750 0.968
750 0.953333
750 0.830667
750 0.970667
750 0.913333
750 0.928
750 0.932
750 0.978667
750 0.877333
750 0.932
750 0.898667
800 0.95125
800 0.8
800 1
800 0.98125
800 0.955
800 0.9575
800 0.83125
800 0.9925
800 0.945
800 0.90125
800 0.87625
800 0.94875
800 0.955
800 0.995
800 0.90125
800 0.88
800 0.9425
800 0.90875
800 0.8825
800 0.90125
800 0.91875
800 0.95625
800 0.92125
800 0.96
800 0.93625
800 0.90625
800 0.9475
800 0.93875
800 0.91875
800 0.96625
800 0.96375
800 0.9075
800 0.95875
800 0.97875
800 0.98875
800 0.96375
800 0.91125
800 0.9675
800 0.94125
800 0.99125
800 0.92875
800 0.92375
800 0.89125
800 0.77875
800 0.9425
800 0.92375
800 0.98125
800 0.8775
800 0.98625
800 0.91375
800 0.92375
800 0.87875
800 0.96125
800 0.96125
800 0.88625
800 0.93625
800 0.9225
800 0.92875
800 0.98125
800 0.9425
800 0.96875
800 0.97625
800 0.94
800 0.96625
800 0.9875
800 0.94
800 0.97625
800 0.9475
800 0.94125
800 0.9875
800 0.995
800 0.90875
800 0.86375
800 0.9275
800 0.93125
850 0.922353
850 0.910588
850 0.955294
850 0.94
850 0.956471
850 0.943529
850 0.915294
850 0.924706
850 0.891765
850 0.976471
850 0.878824
850 0.976471
850 0.929412
850 0.991765
850 0.976471
850 0.918824
850 0.947059
850 0.918824
850 0.951765
850 0.923529
850 0.895294
850 0.988235
850 0.962353
850 0.896471
850 0.962353
850 0.904706
850 0.964706
850 0.975294
850 0.970588
850 0.921176
850 0.905882
850 0.922353
850 0.938824
850 0.921176
850 0.941176
850 0.917647
850 0.976471
850 0.895294
850 0.957647
850 0.950588
850 0.962353
850 0.962353
850 0.969412
850 0.961176
850 0.925882
850 0.978824
850 0.984706
850 0.989412
850 0.903529
850 0.937647
850 0.903529
850 0.911765
850 0.916471
850 0.922353
850 0.972941
850 0.994118
850 0.964706
850 0.965882
850 0.954118
850 0.922353
850 0.909412
850 0.957647
850 0.927059
850 0.965882
850 0.977647
850 0.964706
850 0.978824
850 0.890588
850 0.963529
850 0.929412
850 0.983529
850 0.943529
850 0.985882
850 0.985882
850 0.951765
900 0.96
900 0.952222
900 0.946667
900 0.971111
900 0.957778
900 0.93
900 0.933333
900 0.902222
900 0.933333
900 0.934444
900 0.956667
900 0.968889
900 0.945556
900 0.995556
900 0.988889
900 0.99
900 0.932222
900 0.942222
900 0.876667
900 0.935556
900 0.972222
900 0.976667
900 0.907778
900 0.943333
900 0.835556
900 0.872222
900 0.992222
900 0.918889
900 0.851111
900 0.985556
900 0.922222
900 0.942222
900 0.801111
900 0.895556
900 0.963333
900 0.911111
900 0.974444
900 0.953333
900 0.954444
900 0.973333
900 0.771111
900 0.882222
900 0.988889
900 0.898889
900 0.938889
900 0.898889
900 0.978889
900 0.963333
900 0.936667
900 0.986667
900 0.848889
900 0.893333
900 0.886667
900 0.94
900 0.896667
900 0.948889
900 0.944444
900 0.94
900 0.9
900 0.965556
900 0.964444
900 0.93
900 0.994444
900 0.975556
900 0.837778
900 0.986667
900 0.928889
900 0.923333
900 0.951111
900 0.996667
900 0.995556
900 0.927778
900 0.928889
900 0.912222
900 0.936667
950 0.985263
950 0.986316
950 0.904211
950 0.969474
950 0.943158
950 0.949474
950 0.904211
950 0.897895
950 0.96
950 0.931579
950 0.816842
950 0.986316
950 0.905263
950 0.985263
950 0.946316
950 0.933684
950 0.906316
950 0.938947
950 0.948421
950 0.937895
950 0.873684
950 0.984211
950 0.890526
950 0.992632
950 0.968421
950 0.984211
950 0.932632
950 0.988421
950 0.954737
950 0.921053
950 0.937895
950 0.956842
950 0.975789
950 0.98
950 0.94
950 0.989474
950 0.977895
950 0.954737
950 0.981053
950 0.915789
950 0.898947
950 0.906316
950 0.965263
950 0.934737
950 0.982105
950 0.856842
950 0.993684
950 0.950526
950 0.937895
950 0.975789
950 0.856842
950 0.989474
950 0.949474
950 0.935789
950 0.978947
950 0.954737
950 0.906316
950 0.945263
950 0.925263
950 0.948421
950 0.874737
950 0.88
950 0.954737
950 0.966316
950 0.971579
950 0.946316
950 0.985263
950 0.968421
950 0.968421
950 0.876842
950 0.986316
950 0.883158
950 0.992632
950 0.970526
950 0.969474
1000 0.949
1000 0.892
1000 0.958
1000 0.95
1000 0.995
1000 0.987
1000 0.959
1000 0.947
1000 0.988
1000 0.966
1000 0.99
1000 0.97
1000 0.988
1000 0.92
1000 0.953
1000 0.935
1000 0.987
1000 0.962
1000 0.931
1000 0.937
1000 0.942
1000 0.909
1000 0.908
1000 0.949
1000 0.923
1000 0.944
1000 0.914
1000 0.933
1000 0.905
1000 0.933
1000 0.961
1000 0.922
1000 0.995
1000 0.914
1000 0.981
1000 0.946
1000 0.925
1000 0.945
1000 0.951
1000 0.886
1000 0.957
1000 0.953
1000 0.917
1000 0.93
1000 0.968
1000 0.998
1000 0.937
1000 0.947
1000 0.983
1000 0.984
1000 0.944
1000 0.96
1000 0.95
1000 0.98
1000 0.913
1000 0.962
1000 0.945
1000 0.951
1000 0.952
1000 0.969
1000 0.942
1000 0.942
1000 0.87
1000 0.965
1000 0.891
1000 0.951
1000 0.984
1000 0.948
1000 0.908
1000 0.968
1000 0.978
1000 0.925
1000 0.976
1000 0.962
1000 0.935
1050 0.930476
1050 0.954286
1050 0.969524
1050 0.972381
1050 0.74381
1050 0.942857
1050 0.942857
1050 0.989524
1050 0.891429
1050 0.902857
1050 0.974286
1050 0.89619
1050 0.924762
1050 0.980952
1050 0.953333
1050 0.975238
1050 0.98381
1050 0.988571
1050 0.973333
1050 0.93619
1050 0.961905
1050 0.965714
1050 0.99619
1050 0.921905
1050 0.874286
1050 0.87619
1050 0.894286
1050 0.939048
1050 0.947619
1050 0.953333
1050 0.962857
1050 0.972381
1050 0.92381
1050 0.953333
1050 0.902857
1050 0.837143
1050 0.935238
1050 0.930476
1050 0.90381
1050 0.94
1050 0.946667
1050 0.910476
1050 0.848571
1050 0.934286
1050 0.877143
1050 0.939048
1050 0.938095
1050 0.917143
1050 0.938095
1050 0.972381
1050 0.969524
1050 0.895238
1050 1
1050 0.913333
1050 0.937143
1050 0.948571
1050 0.933333
1050 0.979048
1050 0.98381
1050 0.947619
1050 0.882857
1050 0.92381
1050 0.947619
1050 0.92
1050 0.931429
1050 0.944762
1050 0.95619
1050 0.952381
1050 0.960952
1050 0.969524
1050 0.948571
1050 0.975238
1050 0.959048
1050 0.933333
1050 0.95619
1100 0.941818
1100 0.922727
1100 0.971818
1100 0.953636
1100 0.982727
1100 0.940909
1100 0.908182
1100 0.914545
1100 0.977273
1100 0.917273
1100 0.962727
1100 0.965455
1100 0.973636
1100 0.893636
1100 0.961818
1100 0.983636
1100 0.920909
1100 0.964545
1100 0.879091
1100 0.967273
1100 0.929091
1100 0.987273
1100 0.960909
1100 0.976364
1100 0.975455
1100 0.959091
1100 0.912727
1100 0.957273
1100 0.956364
1100 0.980909
1100 0.943636
1100 0.990909
1100 0.933636
1100 0.961818
1100 0.920909
1100 0.956364
1100 0.921818
1100 0.964545
1100 0.938182
1100 0.976364
1100 0.977273
1100 0.973636
1100 0.949091
1100 0.947273
1100 0.971818
1100 0.945455
1100 0.936364
1100 0.977273
1100 0.978182
1100 0.926364
1100 0.967273
1100 0.981818
1100 0.958182
1100 0.995455
1100 0.922727
1100 0.975455
1100 0.936364
1100 0.969091
1100 0.985455
1100 0.944545
1100 0.938182
1100 0.986364
1100 0.964545
1100 0.988182
1100 0.931818
1100 0.910909
1100 0.96
1100 0.99
1100 0.956364
1100 0.948182
1100 0.944545
1100 0.946364
1100 0.971818
1100 0.934545
1100 0.790909
1150 0.948696
1150 0.916522
1150 0.950435
1150 0.911304
1150 0.968696
1150 0.993913
1150 0.925217
1150 0.931304
1150 0.915652
1150 0.971304
1150 0.930435
1150 0.944348
1150 0.996522
1150 0.944348
1150 0.958261
1150 0.928696
1150 0.966957
1150 0.882609
1150 0.935652
1150 0.967826
1150 0.95913
1150 0.937391
1150 0.962609
1150 0.937391
1150 0.966087
1150 0.954783
1150 0.985217
1150 0.933043
1150 0.931304
1150 0.941739
1150 0.96087
1150 0.94
1150 0.96087
1150 0.986087
1150 0.883478
1150 0.977391
1150 0.891304
1150 0.927826
1150 0.975652
1150 0.927826
1150 0.877391
1150 0.92087
1150 0.971304
1150 0.967826
1150 0.991304
1150 0.889565
1150 0.95913
1150 0.938261
1150 0.968696
1150 0.92
1150 0.912174
1150 0.952174
1150 0.993913
1150 0.948696
1150 0.965217
1150 0.96
1150 0.947826
1150 0.956522
1150 0.872174
1150 0.963478
1150 0.88087
1150 0.953913
1150 0.910435
1150 0.93913
1150 0.913913
1150 0.957391
1150 0.897391
1150 0.992174
1150 0.952174
1150 0.963478
1150 0.993913
1150 0.926087
1150 0.949565
1150 0.952174
1150 0.94087
1200 0.925833
1200 0.978333
1200 0.9975
1200 0.865
1200 0.938333
1200 0.929167
1200 0.944167
1200 0.975
1200 0.895833
1200 0.930833
1200 0.985833
1200 0.895
1200 0.968333
1200 0.919167
1200 0.976667
1200 0.895
1200 0.961667
1200 0.9525
1200 0.954167
1200 0.974167
1200 0.956667
1200 0.895
1200 0.9925
1200 0.890833
1200 0.951667
1200 0.944167
1200 0.903333
1200 0.890833
1200 0.969167
1200 0.969167
1200 0.935833
1200 0.9625
1200 0.9375
1200 0.900833
1200 0.905
1200 0.995
1200 0.954167
1200 0.986667
1200 0.9275
1200 0.871667
1200 0.989167
1200 0.840833
1200 0.926667
1200 0.9625
1200 0.965833
1200 0.9375
1200 0.959167
1200 0.980833
1200 0.915
1200 0.945
1200 0.965833
1200 0.969167
1200 0.950833
1200 0.991667
1200 0.974167
1200 0.956667
1200 0.970833
1200 0.946667
1200 0.9025
1200 0.919167
1200 0.948333
1200 0.935
1200 0.918333
1200 0.958333
1200 0.885833
1200 0.904167
1200 0.93
1200 0.950833
1200 0.9975
1200 0.986667
1200 0.9075
1200 0.914167
1200 0.960833
1200 0.985833
1200 0.940833
1250 0.9944
1250 0.9408
1250 0.9888
1250 0.8984
1250 0.9936
1250 0.9208
1250 0.9152
1250 0.9584
1250 0.896
1250 0.992
1250 0.9512
1250 0.9808
1250 0.9576
1250 0.9264
1250 0.9904
1250 0.8928
1250 0.9536
1250 0.9568
1250 0.9432
1250 0.9512
1250 0.8984
1250 0.9512
1250 0.956
1250 0.948
1250 0.9384
1250 0.9472
1250 0.9656
1250 0.9456
1250 0.9176
1250 0.9488
1250 0.9744
1250 0.94
1250 0.9568
1250 0.932
1250 0.9736
1250 0.9544
1250 0.988
1250 0.9656
1250 0.9704
1250 0.9296
1250 0.944
1250 0.9664
1250 0.9576
1250 0.9944
1250 0.8888
1250 0.956
1250 0.9928
1250 0.944
1250 0.9896
1250 0.956
1250 0.9848
1250 0.9472
1250 0.9352
1250 0.9984
1250 0.944
1250 0.9768
1250 0.8952
1250 0.9904
1250 0.932
1250 0.9736
1250 0.9872
1250 0.94
1250 0.8872
1250 0.9648
1250 0.9032
1250 0.984
1250 0.9216
1250 0.936
1250 0.9016
1250 0.988
1250 0.8456
1250 0.9888
1250 0.9952
1250 0.9976
1250 0.992
1300 0.973077
1300 0.949231
1300 0.954615
1300 0.929231
1300 0.912308
1300 0.935385
1300 0.886154
1300 0.969231
1300 0.962308
1300 0.988462
1300 0.932308
1300 0.966154
1300 0.93
1300 0.916923
1300 0.983846
1300 0.955385
1300 0.996154
1300 0.953846
1300 0.93
1300 0.979231
1300 0.971538
1300 0.986923
1300 0.995385
1300 0.945385
1300 0.930769
1300 0.928462
1300 0.982308
1300 0.939231
1300 0.927692
1300 0.938462
1300 0.961538
1300 0.978462
1300 0.953846
1300 0.98
1300 0.983077
1300 0.986923
1300 0.929231
1300 0.983077
1300 0.924615
1300 0.782308
1300 0.984615
1300 0.968462
1300 0.949231
1300 0.987692
1300 0.865385
1300 0.95
1300 0.999231
1300 0.904615
1300 0.927692
1300 0.914615
1300 0.987692
1300 0.927692
1300 0.907692
1300 0.973077
1300 0.932308
1300 0.931538
1300 0.931538
1300 0.945385
1300 0.956923
1300 0.973846
1300 0.926923
1300 0.915385
1300 0.917692
1300 0.960769
1300 0.951538
1300 0.992308
1300 0.98
1300 0.966154
1300 0.956923
1300 0.93
1300 0.974615
1300 0.813077
1300 0.963077
1300 0.978462
1300 0.978462
1350 0.924444
1350 0.932593
1350 0.923704
1350 0.948148
1350 0.964444
1350 0.923704
1350 0.986667
1350 0.935556
1350 0.957778
1350 0.965185
1350 0.944444
1350 0.994815
1350 0.982963
1350 0.914815
1350 0.91037
1350 0.984444
1350 0.928889
1350 0.982963
1350 0.902222
1350 0.954815
1350 0.923704
1350 0.939259
1350 0.944444
1350 0.942222
1350 0.973333
1350 0.977037
1350 0.919259
1350 0.931111
1350 0.951111
1350 0.957778
1350 0.993333
1350 0.921481
1350 0.92963
1350 0.937778
1350 0.902963
1350 0.95037
1350 0.965185
1350 0.945185
1350 0.93037
1350 0.93037
1350 0.957778
1350 0.951111
1350 0.958519
1350 0.954074
1350 0.968889
1350 0.985926
1350 0.928889
1350 0.948889
1350 0.974074
1350 0.97037
1350 0.98963
1350 0.951852
1350 0.985926
1350 0.959259
1350 0.878519
1350 0.942222
1350 0.946667
1350 0.934815
1350 0.899259
1350 0.914074
1350 0.932593
1350 0.994815
1350 0.973333
1350 0.811111
1350 0.905926
1350 0.920741
1350 0.921481
1350 0.941481
1350 0.968889
1350 0.917037
1350 0.971111
1350 0.938519
1350 0.997778
1350 0.961481
1350 0.925185
1400 0.988571
1400 0.921429
1400 0.934286
1400 0.927143
1400 0.942857
1400 0.964286
1400 0.936429
1400 0.878571
1400 0.951429
1400 0.944286
1400 0.965714
1400 0.991429
1400 0.93
1400 0.961429
1400 0.939286
1400 0.921429
1400 0.950714
1400 0.989286
1400 0.965
1400 0.967143
1400 0.925
1400 0.957143
1400 0.956429
1400 0.957143
1400 0.965714
1400 0.905
1400 0.854286
1400 0.996429
1400 0.986429
1400 0.990714
1400 0.988571
1400 0.951429
1400 0.935714
1400 0.949286
1400 0.915714
1400 0.981429
1400 0.932857
1400 0.957857
1400 0.976429
1400 0.952143
1400 0.967857
1400 0.945
1400 0.992857
1400 0.98
1400 0.95
1400 0.973571
1400 0.954286
1400 0.969286
1400 0.955714
1400 0.927143
1400 0.986429
1400 0.903571
1400 0.892857
1400 0.933571
1400 0.909286
1400 0.988571
1400 0.917143
1400 0.964286
1400 0.901429
1400 0.962143
1400 0.95
1400 0.960714
1400 0.981429
1400 0.946429
1400 0.934286
1400 0.882857
1400 0.938571
1400 0.996429
1400 0.927857
1400 0.94
1400 0.98
1400 0.967143
1400 0.965714
1400 0.966429
1400 0.93
1450 0.957931
1450 0.988276
1450 0.926207
1450 0.988966
1450 0.984828
1450 0.933103
1450 0.985517
1450 0.98069
1450 0.968276
1450 0.901379
1450 0.884138
1450 0.895172
1450 0.853793
1450 0.972414
1450 0.972414
1450 0.956552
1450 0.922759
1450 0.892414
1450 0.957931
1450 0.962069
1450 0.995172
1450 0.950345
1450 0.929655
1450 0.995172
1450 0.912414
1450 0.96069
1450 0.965517
1450 0.946207
1450 0.93931
1450 0.923448
1450 0.952414
1450 0.955862
1450 0.95931
1450 0.976552
1450 0.965517
1450 0.968966
1450 0.933793
1450 0.971034
1450 0.889655
1450 0.96069
1450 0.942069
1450 0.982069
1450 0.942069
1450 0.973793
1450 0.982759
1450 0.933103
1450 0.961379
1450 0.962069
1450 0.943448
1450 0.922759
1450 0.981379
1450 0.946207
1450 0.998621
1450 0.971034
1450 0.961379
1450 0.87931
1450 0.986897
1450 0.982069
1450 0.955172
1450 0.946207
1450 0.961379
1450 0.95931
1450 0.937241
1450 0.931034
1450 0.986207
1450 0.894483
1450 0.981379
1450 0.968276
1450 0.933793
1450 0.998621
1450 0.951724
1450 0.963448
1450 0.95931
1450 0.903448
1450 0.966207
1500 0.976667
1500 0.962667
1500 0.998667
1500 0.978667
1500 0.939333
1500 0.978
1500 0.903333
1500 0.945333
1500 0.891333
1500 0.906
1500 0.788
1500 0.862
1500 0.936667
1500 0.919333
1500 0.964
1500 0.967333
1500 0.894667
1500 0.969333
1500 0.929333
1500 0.936
1500 0.934667
1500 0.96
1500 0.904667
1500 0.983333
1500 0.932
1500 0.956
1500 0.886667
1500 0.980667
1500 0.894
1500 0.955333
1500 0.992667
1500 0.96
1500 0.930667
1500 0.956
1500 0.938667
1500 0.908
1500 0.98
1500 0.826667
1500 0.955333
1500 0.963333
1500 0.954
1500 0.958667
1500 0.944667
1500 0.964667
1500 0.93
1500 0.940667
1500 0.986
1500 0.993333
1500 0.9
1500 0.933333
1500 0.888
1500 0.912
1500 0.946667
1500 0.951333
1500 0.97
1500 0.974
1500 0.918667
1500 0.935333
1500 0.994
1500 0.955333
1500 0.943333
1500 0.878667
1500 0.985333
1500 0.972667
1500 0.988
1500 0.859333
1500 0.998
1500 0.935333
1500 0.985333
1500 0.982667
1500 0.93
1500 0.964
1500 0.938
1500 0.976667
1500 0.970667
1550 0.956774
1550 0.989032
1550 0.97871
1550 0.981935
1550 0.890968
1550 0.95871
1550 0.960645
1550 0.967097
1550 0.990323
1550 0.751613
1550 0.916774
1550 0.915484
1550 0.968387
1550 0.906452
1550 0.976129
1550 0.938065
1550 0.964516
1550 0.953548
1550 0.933548
1550 0.955484
1550 0.903871
1550 0.918065
1550 0.930323
1550 0.965161
1550 0.958065
1550 0.957419
1550 0.924516
1550 0.923226
1550 0.995484
1550 0.962581
1550 0.958065
1550 0.974839
1550 0.998065
1550 0.965161
1550 0.945161
1550 0.922581
1550 0.970323
1550 0.867742
1550 0.934194
1550 0.941935
1550 0.95871
1550 0.962581
1550 0.945161
1550 0.91871
1550 0.931613
1550 0.930968
1550 0.98129
1550 0.93871
1550 0.950323
1550 0.954839
1550 0.987742
1550 0.977419
1550 0.993548
1550 0.98
1550 0.967742
1550 0.992903
1550 0.969032
1550 0.912903
1550 0.939355
1550 0.934194
1550 0.916774
1550 0.938065
1550 0.989032
1550 0.934839
1550 0.984516
1550 0.979355
1550 0.873548
1550 0.942581
1550 0.952258
1550 0.963226
1550 0.919355
1550 0.97871
1550 0.945806
1550 0.952903
1550 0.899355
1600 0.95
1600 0.934375
1600 0.944375
1600 0.956875
1600 0.99625
1600 0.904375
1600 0.975625
1600 0.96875
1600 0.961875
1600 0.933125
1600 0.934375
1600 0.9475
1600 0.953125
1600 0.965
1600 0.94625
1600 0.938125
1600 0.911875
1600 0.94375
1600 0.9275
1600 0.894375
1600 0.970625
1600 0.92875
1600 0.975625
1600 0.939375
1600 0.946875
1600 0.99125
1600 0.97375
1600 0.94625
1600 0.92625
1600 0.938125
1600 0.960625
1600 0.98125
1600 0.944375
1600 0.96
1600 0.926875
1600 0.97875
1600 0.9075
1600 0.981875
1600 0.955
1600 0.97
1600 0.95875
1600 0.9025
1600 0.966875
1600 0.925625
1600 0.954375
1600 0.968125
1600 0.925625
1600 0.989375
1600 0.9825
1600 0.94
1600 0.946875
1600 0.97625
1600 0.93
1600 0.958125
1600 0.956875
1600 0.99375
1600 0.966875
1600 0.95875
1600 0.94875
1600 0.969375
1600 0.955625
1600 0.895
1600 0.949375
1600 0.98
1600 0.89875
1600 0.984375
1600 0.973125
1600 0.921875
1600 0.97125
1600 0.921875
1600 0.87
1600 0.96125
1600 0.94375
1600 0.944375
1600 0.864375
1650 0.976364
1650 0.943636
1650 0.901818
1650 0.940606
1650 0.957576
1650 0.846061
1650 0.944242
1650 0.932121
1650 0.984242
1650 0.959394
1650 0.969697
1650 0.987273
1650 0.966667
1650 0.958788
1650 0.967273
1650 0.904242
1650 0.951515
1650 0.921818
1650 0.995152
1650 0.978182
1650 0.988485
1650 0.919394
1650 0.912727
1650 0.987273
1650 0.929091
1650 0.945455
1650 0.952727
1650 0.970909
1650 0.966667
1650 0.952121
1650 0.924848
1650 0.978788
1650 0.986061
1650 0.961212
1650 0.988485
1650 0.977576
1650 0.950909
1650 0.999394
1650 0.96
1650 0.920606
1650 0.915152
1650 0.938182
1650 0.953939
1650 0.963636
1650 0.941818
1650 0.989697
1650 0.950909
1650 0.935152
1650 0.89697
1650 0.986667
1650 0.996364
1650 0.979394
1650 0.933333
1650 0.968485
1650 0.978788
1650 0.947879
1650 0.961212
1650 0.976364
1650 0.986667
1650 0.849697
1650 0.949091
1650 0.961818
1650 0.927273
1650 0.941818
1650 0.912727
1650 0.952121
1650 0.910303
1650 0.988485
1650 0.979394
1650 0.95697
1650 0.978182
1650 0.917576
1650 0.978788
1650 0.906667
1650 0.930909
1700 0.954706
1700 0.997647
1700 0.911765
1700 0.948824
1700 0.948824
1700 0.994118
1700 0.951765
1700 0.927647
1700 0.952941
1700 0.989412
1700 0.944706
1700 0.987059
1700 0.968824
1700 0.878235
1700 0.980588
1700 0.952353
1700 0.967647
1700 0.955882
1700 0.937059
1700 0.912353
1700 0.980588
1700 0.940588
1700 0.963529
1700 0.912353
1700 0.964118
1700 0.957647
1700 0.949412
1700 0.990588
1700 0.923529
1700 0.935882
1700 0.96
1700 0.908235
1700 1
1700 0.907647
1700 0.918824
1700 0.977059
1700 0.883529
1700 0.976471
1700 0.875294
1700 0.947647
1700 0.965294
1700 0.965294
1700 0.928235
1700 0.951176
1700 0.978235
1700 0.872353
1700 0.972941
1700 0.954118
1700 0.974118
1700 0.992353
1700 0.958824
1700 0.905882
1700 0.962353
1700 0.941176
1700 0.938235
1700 0.94
1700 0.939412
1700 0.921765
1700 0.95
1700 0.927059
1700 0.954706
1700 0.98
1700 0.88
1700 0.931765
1700 0.985882
1700 0.942353
1700 0.943529
1700 0.931176
1700 0.971765
1700 0.935294
1700 0.985294
1700 0.960588
1700 0.948235
1700 0.995882
1700 0.976471
1750 0.968
1750 0.905714
1750 0.954286
1750 0.912
1750 0.946857
1750 0.986857
1750 0.962286
1750 0.828
1750 0.939429
1750 0.938286
1750 0.972571
1750 0.952
1750 0.952571
1750 0.949143
1750 0.898286
1750 0.946286
1750 0.916571
1750 0.970857
1750 0.940571
1750 0.966286
1750 0.964571
1750 0.932
1750 0.950286
1750 0.969714
1750 0.917143
1750 0.942286
1750 0.900571
1750 0.917714
1750 0.946857
1750 0.936571
1750 0.993143
1750 0.997143
1750 0.931429
1750 0.961143
1750 0.951429
1750 0.96
1750 0.940571
1750 0.939429
1750 0.997714
1750 0.982857
1750 0.992571
1750 0.955429
1750 0.975429
1750 0.972
1750 0.959429
1750 0.992
1750 0.970286
1750 0.902286
1750 0.921714
1750 0.933143
1750 0.944
1750 0.96
1750 0.952
1750 0.961143
1750 0.985143
1750 0.965714
1750 0.970286
1750 0.959429
1750 0.986286
1750 0.989143
1750 0.969143
1750 0.965714
1750 0.956571
1750 0.96
1750 0.966857
1750 0.982857
1750 0.824
1750 0.956571
1750 0.943429
1750 0.977143
1750 0.521714
1750 0.904
1750 0.918286
1750 0.942857
1750 0.974286
1800 0.983333
1800 0.961111
1800 0.978333
1800 0.938889
1800 0.957778
1800 0.978889
1800 0.982222
1800 0.955
1800 0.969444
1800 0.928333
1800 0.974444
1800 0.983889
1800 0.981111
1800 0.906111
1800 0.889444
1800 0.985556
1800 0.972778
1800 0.943333
1800 0.859444
1800 0.943333
1800 0.965
1800 0.966667
1800 0.972778
1800 0.98
1800 0.960556
1800 0.984444
1800 0.938333
1800 0.932222
1800 0.937778
1800 0.95
1800 0.951111
1800 0.965
1800 0.936111
1800 0.989444
1800 0.876667
1800 0.938889
1800 0.966667
1800 0.957222
1800 0.984444
1800 0.926667
1800 0.972222
1800 0.971111
1800 0.962222
1800 0.973889
1800 0.953333
1800 0.974444
1800 0.936111
1800 0.869444
1800 0.952778
1800 0.97
1800 0.950556
1800 0.922778
1800 0.872778
1800 0.964444
1800 0.902778
1800 0.977778
1800 0.918889
1800 0.904444
1800 0.986667
1800 0.948333
1800 0.983333
1800 0.938889
1800 0.948333
1800 0.972222
1800 0.962222
1800 0.971667
1800 0.971111
1800 0.983889
1800 0.982778
1800 0.957222
1800 0.946667
1800 0.975556
1800 0.911667
1800 0.958889
1800 0.937222
1850 0.89027
1850 0.928649
1850 0.950811
1850 0.927027
1850 0.947568
1850 0.970811
1850 0.95027
1850 0.923243
1850 0.963784
1850 0.918378
1850 0.922162
1850 0.933514
1850 0.99027
1850 0.915135
1850 1
1850 0.93027
1850 0.96973
1850 0.967027
1850 0.946486
1850 0.842162
1850 0.938919
1850 0.941622
1850 0.916757
1850 0.992973
1850 0.934054
1850 0.914054
1850 0.967568
1850 0.929189
1850 0.942162
1850 0.943784
1850 0.954595
1850 0.934054
1850 0.934595
1850 0.952432
1850 0.99027
1850 0.978378
1850 0.925946
1850 0.973514
1850 0.971351
1850 0.931351
1850 0.952973
1850 0.944865
1850 0.998919
1850 0.97027
1850 0.953514
1850 0.975135
1850 0.924324
1850 0.984324
1850 0.975676
1850 0.977297
1850 0.983243
1850 0.950811
1850 0.932973
1850 0.942162
1850 0.938378
1850 0.971351
1850 0.937838
1850 0.959459
1850 0.967027
1850 0.970811
1850 0.950811
1850 0.935676
1850 0.993514
1850 0.974054
1850 0.891892
1850 0.992973
1850 0.912432
1850 0.934595
1850 0.981081
1850 0.986486
1850 0.955135
1850 0.901081
1850 0.94
1850 0.914054
1850 0.987027
1900 0.992632
1900 0.964737
1900 0.964737
1900 0.900526
1900 0.977368
1900 0.944211
1900 0.928947
1900 0.96
1900 0.923684
1900 0.965263
1900 0.977895
1900 0.874211
1900 0.967895
1900 0.941579
1900 0.907368
1900 0.918421
1900 0.912632
1900 0.956842
1900 0.957895
1900 0.974211
1900 0.959474
1900 0.953158
1900 0.908421
1900 0.930526
1900 0.868421
1900 0.933684
1900 0.924211
1900 0.974211
1900 0.984737
1900 0.961053
1900 0.951053
1900 0.942105
1900 0.959474
1900 0.991579
1900 0.986316
1900 0.943684
1900 0.947895
1900 0.99
1900 0.945263
1900 0.968421
1900 0.986316
1900 0.964737
1900 0.953684
1900 0.935789
1900 0.947368
1900 0.943684
1900 0.975263
1900 0.946316
1900 0.861579
1900 0.992105
1900 0.970526
1900 0.983158
1900 0.949474
1900 0.989474
1900 0.964211
1900 0.976842
1900 0.929474
1900 0.94
1900 0.939474
1900 0.894737
1900 0.940526
1900 0.945263
1900 0.930526
1900 0.965263
1900 0.913684
1900 0.949474
1900 0.952105
1900 0.995263
1900 0.945263
1900 0.916842
1900 0.930526
1900 0.971053
1900 0.973158
1900 0.955789
1900 0.938947
1950 0.882564
1950 0.924615
1950 0.964615
1950 0.979487
1950 0.96359
1950 0.952308
1950 0.949231
1950 0.915897
1950 0.974872
1950 0.992308
1950 0.944615
1950 0.937949
1950 0.95641
1950 0.937436
1950 0.983077
1950 0.897436
1950 0.951795
1950 0.945128
1950 0.962051
1950 0.974872
1950 0.977436
1950 0.986667
1950 0.94359
1950 0.985128
1950 0.974872
1950 0.984103
1950 0.964615
1950 0.962051
1950 0.921026
1950 0.982051
1950 0.946667
1950 0.930256
1950 0.956923
1950 0.975897
1950 0.954872
1950 0.998974
1950 0.926154
1950 0.968205
1950 0.931282
1950 0.954359
1950 0.944615
1950 0.961538
1950 0.948718
1950 0.960513
1950 0.930256
1950 0.93641
1950 0.942051
1950 0.972821
1950 0.927692
1950 0.935385
1950 0.957949
1950 0.99641
1950 0.898974
1950 0.956923
1950 0.969231
1950 0.917949
1950 0.953333
1950 0.972308
1950 0.926154
1950 0.948205
1950 0.966667
1950 0.971795
1950 0.967179
1950 0.954359
1950 0.949744
1950 0.895897
1950 0.970769
1950 0.91641
1950 0.918974
1950 0.961026
1950 0.971282
1950 0.910256
1950 0.943077
1950 0.957436
1950 0.979487
2000 0.9345
2000 0.9665
2000 0.9265
2000 0.927
2000 0.963
2000 0.9215
2000 0.956
2000 0.928
2000 0.9135
2000 0.891
2000 0.9425
2000 0.949
2000 0.9575
2000 0.9565
2000 0.978
2000 0.991
2000 0.9735
2000 0.972
2000 0.9595
2000 0.953
2000 0.9925
2000 0.909
2000 0.9875
2000 0.954
2000 0.9675
2000 0.916
2000 0.9415
2000 0.953
2000 0.9705
2000 0.9375
2000 0.927
2000 0.979
2000 0.974
2000 0.945
2000 0.965
2000 0.9795
2000 0.9755
2000 0.9945
2000 0.9225
2000 0.935
2000 0.9455
2000 0.984
2000 0.926
2000 0.9545
2000 0.965
2000 0.989
2000 0.9475
2000 0.94
2000 0.9795
2000 0.966
2000 0.925
2000 0.965
2000 0.9975
2000 0.984
2000 0.955
2000 0.965
2000 0.99
2000 0.9725
2000 0.9565
2000 0.975
2000 0.9615
2000 0.9935
2000 0.995
2000 0.987
2000 0.9005
2000 0.9065
2000 0.938
2000 0.959
2000 0.9765
2000 0.954
2000 0.95
2000 0.9565
2000 0.9725
2000 0.9875
2000 0.99
