50 0.16
50 0.46
50 0
50 0.18
50 0.26
50 0.18
50 0.32
50 0
50 0.04
50 0.24
50 0.04
50 0.2
50 0.16
50 0.28
50 0.16
50 0.02
50 0.06
50 0.64
50 0.16
50 0.12
50 0.16
50 0
50 0.22
50 0
50 0
50 0.52
50 0.34
50 0.26
50 0.18
50 0.2
50 0
50 0
50 0.02
50 0.1
50 0.04
50 0
50 0
50 0.72
50 0.02
50 0.04
50 0
50 0.2
50 0
50 0.8
50 0.14
50 0.4
50 0.18
50 0.36
50 0.32
50 0.42
50 0.46
50 0.12
50 0.12
50 0.08
50 0.46
50 0.3
50 0.38
50 0
50 0.06
50 0
50 0.38
50 0.2
50 0.06
50 0
50 0.36
50 0.18
50 0.22
50 0.16
50 0.44
50 0.16
50 0.02
50 0
50 0.38
50 0.74
50 0
100 0.26
100 0.18
100 0.3
100 0.48
100 0.48
100 0.59
100 0.61
100 0.25
100 0.68
100 0.31
100 0.77
100 0.65
100 0.56
100 0.43
100 0.85
100 0.14
100 0.44
100 0.23
100 0.21
100 0.6
100 0.7
100 0.64
100 0.36
100 0.47
100 0.37
100 0.28
100 0.22
100 0.42
100 0.31
100 0.29
100 0.78
100 0.48
100 0.07
100 0.58
100 0.83
100 0.45
100 0.51
100 0.54
100 0.16
100 0.42
100 0.31
100 0.26
100 0.27
100 0.44
100 0.77
100 0.62
100 0.41
100 0.42
100 0.02
100 0.61
100 0.26
100 0.48
100 0.2
100 0.51
100 0.58
100 0.89
100 0.39
100 0.66
100 0.25
100 0.53
100 0.39
100 0.29
100 0.29
100 0.43
100 0.44
100 0.08
100 0.64
100 0.39
100 0.37
100 0.62
100 0
100 0.62
100 0.53
100 0.12
100 0.66
150 0.626667
150 0.64
150 0.62
150 0.586667
150 0.786667
150 0.666667
150 0.626667
150 0.573333
150 0.766667
150 0.7
150 0.566667
150 0.773333
150 0.413333
150 0.48
150 0.566667
150 0.673333
150 0.813333
150 0.533333
150 0.426667
150 0.653333
150 0.773333
150 0.56
150 0.64
150 0.226667
150 0.66
150 0.52
150 0.506667
150 0.8
150 0.813333
150 0.56
150 0.64
150 0.753333
150 0.753333
150 0.466667
150 0.573333
150 0.506667
150 0.606667
150 0.466667
150 0.44
150 0.633333
150 0.526667
150 0.2
150 0.526667
150 0.566667
150 0.52
150 0.573333
150 0.393333
150 0.473333
150 0.54
150 0.393333
150 0.613333
150 0.573333
150 0.253333
150 0.653333
150 0.6
150 0.693333
150 0.833333
150 0.42
150 0.213333
150 0.753333
150 0.633333
150 0.606667
150 0.82
150 0.32
150 0.746667
150 0.453333
150 0.313333
150 0.353333
150 0.613333
150 0.0933333
150 0.693333
150 0.4
150 0.6
150 0.746667
150 0.0866667
200 0.59
200 0.28
200 0.8
200 0.625
200 0.64
200 0.455
200 0.34
200 0.51
200 0.545
200 0.625
200 0.54
200 0.76
200 0.815
200 0.77
200 0.635
200 0.14
200 0.73
200 0.725
200 0.575
200 0.755
200 0.605
200 0.78
200 0.345
200 0.765
200 0.76
200 0.665
200 0.505
200 0.405
200 0.48
200 0.62
200 0.495
200 0.815
200 0.42
200 0.735
200 0.35
200 0.78
200 0.365
200 0.555
200 0.56
200 0.6
200 0.43
200 0.755
200 0.64
200 0.735
200 0.655
200 0.545
200 0.705
200 0.74
200 0.63
200 0.745
200 0.535
200 0.565
200 0.79
200 0.565
200 0.475
200 0.535
200 0.43
200 0.64
200 0.83
200 0.48
200 0.7
200 0.505
200 0.645
200 0.8
200 0.605
200 0.715
200 0.49
200 0.77
200 0.71
200 0.68
200 0.71
200 0.425
200 0.695
200 0.77
200 0.59
250 0.756
250 0.444
250 0.424
250 0.632
250 0.668
250 0.86
250 0.768
250 0.76
250 0.636
250 0.748
250 0.6
250 0.536
250 0.736
250 0.548
250 0.732
250 0.764
250 0.728
250 0.384
250 0.552
250 0.724
250 0.86
250 0.5
250 0.832
250 0.584
250 0.768
250 0.58
250 0.72
250 0.692
250 0.516
250 0.64
250 0.656
250 0.464
250 0.624
250 0.68
250 0.728
250 0.66
250 0.668
250 0.52
250 0.46
250 0.364
250 0.584
250 0.508
250 0.72
250 0.364
250 0.74
250 0.812
250 0.816
250 0.62
250 0.892
250 0.592
250 0.756
250 0.568
250 0.584
250 0.728
250 0.596
250 0.628
250 0.516
250 0.752
250 0.404
250 0.56
250 0.664
250 0.592
250 0.652
250 0.76
250 0.632
250 0.432
250 0.736
250 0.584
250 0.732
250 0.496
250 0.664
250 0.38
250 0.828
250 0.408
250 0.648
300 0.496667
300 0.71
300 0.55
300 0.596667
300 0.656667
300 0.206667
300 0.756667
300 0.303333
300 0.616667
300 0.766667
300 0.456667
300 0.63
300 0.53
300 0.73
300 0.643333
300 0.453333
300 0.38
300 0.393333
300 0.486667
300 0.666667
300 0.55
300 0.48
300 0.66
300 0.836667
300 0.67
300 0.756667
300 0.763333
300 0.563333
300 0.486667
300 0.74
300 0.743333
300 0.713333
300 0.47
300 0.743333
300 0.79
300 0.59
300 0.753333
300 0.653333
300 0.313333
300 0.743333
300 0.666667
300 0.633333
300 0.75
300 0.816667
300 0.653333
300 0.653333
300 0.583333
300 0.346667
300 0.483333
300 0.703333
300 0.59
300 0.42
300 0.543333
300 0.723333
300 0.693333
300 0.636667
300 0.566667
300 0.596667
300 0.763333
300 0.766667
300 0.72
300 0.603333
300 0.746667
300 0.443333
300 0.52
300 0.54
300 0.743333
300 0.71
300 0.726667
300 0.816667
300 0.51
300 0.75
300 0.756667
300 0.77
300 0.623333
350 0.734286
350 0.782857
350 0.62
350 0.757143
350 0.757143
350 0.357143
350 0.5
350 0.417143
350 0.742857
350 0.725714
350 0.805714
350 0.665714
350 0.748571
350 0.514286
350 0.665714
350 0.645714
350 0.765714
350 0.705714
350 0.777143
350 0.477143
350 0.674286
350 0.665714
350 0.691429
350 0.794286
350 0.717143
350 0.794286
350 0.631429
350 0.482857
350 0.571429
350 0.865714
350 0.625714
350 0.814286
350 0.625714
350 0.74
350 0.677143
350 0.771429
350 0.674286
350 0.58
350 0.765714
350 0.705714
350 0.58
350 0.7
350 0.74
350 0.622857
350 0.777143
350 0.577143
350 0.377143
350 0.46
350 0.431429
350 0.774286
350 0.774286
350 0.611429
350 0.68
350 0.802857
350 0.811429
350 0.545714
350 0.802857
350 0.6
350 0.637143
350 0.782857
350 0.714286
350 0.488571
350 0.637143
350 0.751429
350 0.637143
350 0.731429
350 0.791429
350 0.634286
350 0.797143
350 0.748571
350 0.451429
350 0.757143
350 0.237143
350 0.788571
350 0.671429
400 0.5175
400 0.5575
400 0.7775
400 0.68
400 0.6725
400 0.7925
400 0.74
400 0.46
400 0.7475
400 0.43
400 0.6825
400 0.7625
400 0.7175
400 0.6375
400 0.71
400 0.555
400 0.4675
400 0.5625
400 0.755
400 0.785
400 0.56
400 0.7275
400 0.6325
400 0.5925
400 0.805
400 0.5325
400 0.4325
400 0.59
400 0.685
400 0.4925
400 0.3775
400 0.485
400 0.83
400 0.72
400 0.79
400 0.6925
400 0.8075
400 0.16
400 0.7375
400 0.6675
400 0.87
400 0.7725
400 0.7475
400 0.755
400 0.7525
400 0.645
400 0.655
400 0.4075
400 0.635
400 0.7525
400 0.7725
400 0.7275
400 0.3075
400 0.6275
400 0.575
400 0.74
400 0.7825
400 0.555
400 0.5975
400 0.56
400 0.81
400 0.76
400 0.5875
400 0.7725
400 0.75
400 0.8025
400 0.6275
400 0.7975
400 0.785
400 0.77
400 0.7825
400 0.7775
400 0.675
400 0.79
400 0.8375
450 0.744444
450 0.791111
450 0.522222
450 0.573333
450 0.74
450 0.677778
450 0.471111
450 0.804444
450 0.777778
450 0.691111
450 0.708889
450 0.813333
450 0.764444
450 0.768889
450 0.7
450 0.815556
450 0.784444
450 0.724444
450 0.74
450 0.902222
450 0.748889
450 0.733333
450 0.817778
450 0.595556
450 0.582222
450 0.511111
450 0.651111
450 0.631111
450 0.495556
450 0.613333
450 0.648889
450 0.782222
450 0.4
450 0.72
450 0.646667
450 0.811111
450 0.675556
450 0.777778
450 0.742222
450 0.693333
450 0.56
450 0.7
450 0.657778
450 0.751111
450 0.72
450 0.713333
450 0.653333
450 0.657778
450 0.826667
450 0.711111
450 0.455556
450 0.74
450 0.793333
450 0.722222
450 0.711111
450 0.695556
450 0.56
450 0.577778
450 0.797778
450 0.817778
450 0.88
450 0.791111
450 0.508889
450 0.704444
450 0.771111
450 0.708889
450 0.702222
450 0.728889
450 0.468889
450 0.766667
450 0.417778
450 0.597778
450 0.597778
450 0.788889
450 0.571111
500 0.716
500 0.78
500 0.76
500 0.594
500 0.644
500 0.652
500 0.724
500 0.78
500 0.52
500 0.52
500 0.476
500 0.642
500 0.766
500 0.71
500 0.836
500 0.798
500 0.664
500 0.868
500 0.818
500 0.492
500 0.76
500 0.662
500 0.548
500 0.704
500 0.732
500 0.484
500 0.818
500 0.728
500 0.692
500 0.758
500 0.736
500 0.826
500 0.686
500 0.344
500 0.78
500 0.656
500 0.6
500 0.392
500 0.756
500 0.772
500 0.744
500 0.746
500 0.6
500 0.668
500 0.836
500 0.788
500 0.672
500 0.808
500 0.664
500 0.744
500 0.636
500 0.572
500 0.336
500 0.748
500 0.82
500 0.644
500 0.824
500 0.464
500 0.816
500 0.776
500 0.738
500 0.756
500 0.842
500 0.616
500 0.59
500 0.548
500 0.82
500 0.586
500 0.718
500 0.788
500 0.744
500 0.772
500 0.5
500 0.806
500 0.646
550 0.64
550 0.667273
550 0.861818
550 0.776364
550 0.807273
550 0.605455
550 0.849091
550 0.843636
550 0.88
550 0.774545
550 0.690909
550 0.843636
550 0.594545
550 0.576364
550 0.829091
550 0.796364
550 0.645455
550 0.729091
550 0.645455
550 0.710909
550 0.581818
550 0.810909
550 0.861818
550 0.738182
550 0.556364
550 0.754545
550 0.787273
550 0.718182
550 0.72
550 0.741818
550 0.592727
550 0.850909
550 0.738182
550 0
550 0.658182
550 0.676364
550 0.598182
550 0.701818
550 0.765455
550 0.68
550 0.656364
550 0.789091
550 0.629091
550 0.445455
550 0.614545
550 0.796364
550 0.389091
550 0.694545
550 0.750909
550 0.616364
550 0.716364
550 0.68
550 0.701818
550 0.487273
550 0.452727
550 0.407273
550 0.676364
550 0.66
550 0.756364
550 0.601818
550 0.703636
550 0.767273
550 0.790909
550 0.770909
550 0.821818
550 0.741818
550 0.676364
550 0.68
550 0.685455
550 0.730909
550 0.427273
550 0.794545
550 0.698182
550 0.7
550 0.801818
600 0.733333
600 0.858333
600 0.698333
600 0.633333
600 0.745
600 0.721667
600 0.706667
600 0.748333
600 0.898333
600 0.733333
600 0.671667
600 0.793333
600 0.49
600 0.785
600 0.541667
600 0.738333
600 0.756667
600 0.605
600 0.72
600 0.631667
600 0.468333
600 0.783333
600 0.756667
600 0.826667
600 0.625
600 0.726667
600 0.721667
600 0.765
600 0.871667
600 0.915
600 0.748333
600 0.75
600 0.748333
600 0.731667
600 0.853333
600 0.651667
600 0.641667
600 0.616667
600 0.793333
600 0.773333
600 0.525
600 0.498333
600 0.846667
600 0.62
600 0.78
600 0.74
600 0.718333
600 0.656667
600 0.583333
600 0.586667
600 0.533333
600 0.826667
600 0.68
600 0.593333
600 0.56
600 0.826667
600 0.71
600 0.815
600 0.531667
600 0.718333
600 0.711667
600 0.826667
600 0.773333
600 0.74
600 0.785
600 0.741667
600 0.695
600 0.761667
600 0.758333
600 0.618333
600 0.763333
600 0.825
600 0.818333
600 0.593333
600 0.28
650 0.7
650 0.598462
650 0.855385
650 0.601538
650 0.8
650 0.74
650 0.704615
650 0.733846
650 0.769231
650 0.715385
650 0.670769
650 0.658462
650 0.741538
650 0.801538
650 0.676923
650 0.763077
650 0.806154
650 0.553846
650 0.607692
650 0.755385
650 0.46
650 0.62
650 0.496923
650 0.638462
650 0.661538
650 0.753846
650 0.693846
650 0.741538
650 0.861538
650 0.730769
650 0.736923
650 0.58
650 0.743077
650 0.733846
650 0.607692
650 0.706154
650 0.716923
650 0.835385
650 0.686154
650 0.693846
650 0.803077
650 0.792308
650 0.612308
650 0.567692
650 0.736923
650 0.624615
650 0.709231
650 0.632308
650 0.772308
650 0.721538
650 0.804615
650 0.707692
650 0.693846
650 0.793846
650 0.832308
650 0.724615
650 0.747692
650 0.447692
650 0.616923
650 0.647692
650 0.530769
650 0.789231
650 0.78
650 0.861538
650 0.767692
650 0.684615
650 0.769231
650 0.381538
650 0.84
650 0.658462
650 0.412308
650 0.62
650 0.823077
650 0.76
650 0.726154
700 0.645714
700 0.651429
700 0.401429
700 0.612857
700 0.695714
700 0.691429
700 0.617143
700 0.747143
700 0.807143
700 0.774286
700 0.802857
700 0.738571
700 0.8
700 0.801429
700 0.601429
700 0.737143
700 0.571429
700 0.817143
700 0.798571
700 0.794286
700 0.74
700 0.76
700 0.694286
700 0.571429
700 0.745714
700 0.765714
700 0.741429
700 0.582857
700 0.714286
700 0.795714
700 0.541429
700 0.784286
700 0.734286
700 0.607143
700 0.752857
700 0.748571
700 0.758571
700 0.722857
700 0.681429
700 0.722857
700 0.692857
700 0.56
700 0.76
700 0.625714
700 0.564286
700 0.737143
700 0.638571
700 0.752857
700 0.6
700 0.774286
700 0.831429
700 0.651429
700 0.501429
700 0.701429
700 0.595714
700 0.847143
700 0.8
700 0.754286
700 0.664286
700 0.69
700 0.617143
700 0.702857
700 0.772857
700 0.632857
700 0.591429
700 0.737143
700 0.655714
700 0.704286
700 0.51
700 0.714286
700 0.825714
700 0.788571
700 0.552857
700 0.785714
700 0.578571
750 0.773333
750 0.746667
750 0.758667
750 0.624
750 0.814667
750 0.497333
750 0.62
750 0.781333
750 0.793333
750 0.82
750 0.652
750 0.792
750 0.702667
750 0.744
750 0.562667
750 0.736
750 0.26
750 0.704
750 0.765333
750 0.588
750 0.82
750 0.797333
750 0.6
750 0.761333
750 0.724
750 0.772
750 0.685333
750 0.657333
750 0.610667
750 0.777333
750 0.66
750 0.84
750 0.736
750 0.673333
750 0.713333
750 0.668
750 0.697333
750 0.777333
750 0.652
750 0.582667
750 0.788
750 0.545333
750 0.790667
750 0.752
750 0.774667
750 0.536
750 0.752
750 0.702667
750 0.781333
750 0.44
750 0.782667
750 0.773333
750 0.62
750 0.924
750 0.629333
750 0.785333
750 0.704
750 0.713333
750 0.769333
750 0.524
750 0.618667
750 0.766667
750 0.662667
750 0.668
750 0.588
750 0.713333
750 0.765333
750 0.802667
750 0.689333
750 0.812
750 0.772
750 0.718667
750 0.776
750 0.726667
750 0.756
800 0.78875
800 0.665
800 0.83
800 0.71375
800 0.77
800 0.6525
800 0.6075
800 0.55875
800 0.79375
800 0.74875
800 0.65625
800 0.74625
800 0.68
800 0.675
800 0.785
800 0.7025
800 0.8025
800 0.49375
800 0.56875
800 0.81125
800 0.5775
800 0.6725
800 0.67125
800 0.7075
800 0.68875
800 0.75125
800 0.68625
800 0.5475
800 0.775
800 0.58
800 0.63125
800 0.695
800 0.71125
800 0.84
800 0.77875
800 0.69125
800 0.62125
800 0.78625
800 0.515
800 0.6875
800 0.85375
800 0.61375
800 0.675
800 0.4925
800 0.76375
800 0.7525
800 0.805
800 0.70125
800 0.75
800 0.64125
800 0.7325
800 0.55375
800 0.79375
800 0.76
800 0.8075
800 0.81
800 0.85375
800 0.52875
800 0.7425
800 0.8025
800 0.60625
800 0.81875
800 0.65375
800 0.85375
800 0.6325
800 0.79
800 0.57625
800 0.82125
800 0.81625
800 0.60625
800 0.62875
800 0.5175
800 0.7175
800 0.71625
800 0.77
850 0.794118
850 0.684706
850 0.750588
850 0.410588
850 0.735294
850 0.735294
850 0.715294
850 0.811765
850 0.46
850 0.52
850 0.697647
850 0.710588
850 0.583529
850 0.772941
850 0.344706
850 0.824706
850 0.555294
850 0.757647
850 0.783529
850 0.692941
850 0.797647
850 0.871765
850 0.688235
850 0.565882
850 0.758824
850 0.72
850 0.609412
850 0.629412
850 0.842353
850 0.755294
850 0.728235
850 0.528235
850 0.837647
850 0.751765
850 0.628235
850 0.791765
850 0.710588
850 0.878824
850 0.751765
850 0.702353
850 0.647059
850 0.681176
850 0.728235
850 0.822353
850 0.654118
850 0.764706
850 0.691765
850 0.785882
850 0.528235
850 0.857647
850 0.827059
850 0.743529
850 0.692941
850 0.637647
850 0.605882
850 0.629412
850 0.717647
850 0.697647
850 0.691765
850 0.698824
850 0.730588
850 0.727059
850 0.628235
850 0.885882
850 0.702353
850 0.747059
850 0.748235
850 0.757647
850 0.830588
850 0.743529
850 0.672941
850 0.769412
850 0.796471
850 0.785882
850 0.642353
900 0.801111
900 0.622222
900 0.792222
900 0.728889
900 0.81
900 0.74
900 0.63
900 0.781111
900 0.846667
900 0.812222
900 0.543333
900 0.852222
900 0.727778
900 0.666667
900 0.712222
900 0.705556
900 0.505556
900 0.718889
900 0.387778
900 0.806667
900 0.467778
900 0.611111
900 0.813333
900 0.752222
900 0.688889
900 0.653333
900 0.668889
900 0.737778
900 0.774444
900 0.623333
900 0.595556
900 0.803333
900 0.695556
900 0.738889
900 0.321111
900 0.763333
900 0.767778
900 0.791111
900 0.845556
900 0.863333
900 0.766667
900 0.64
900 0.622222
900 0.672222
900 0.6
900 0.702222
900 0.66
900 0.694444
900 0.446667
900 0.763333
900 0.682222
900 0.498889
900 0.728889
900 0.625556
900 0.786667
900 0.803333
900 0.814444
900 0.683333
900 0.837778
900 0.721111
900 0.78
900 0.761111
900 0.751111
900 0.662222
900 0.778889
900 0.496667
900 0.532222
900 0.703333
900 0.854444
900 0.784444
900 0.892222
900 0.645556
900 0.845556
900 0.842222
900 0.776667
950 0.833684
950 0.749474
950 0.738947
950 0.773684
950 0.735789
950 0.748421
950 0.752632
950 0.722105
950 0.677895
950 0.516842
950 0.785263
950 0.727368
950 0.812632
950 0.769474
950 0.782105
950 0.647368
950 0.856842
950 0.709474
950 0.795789
950 0.690526
950 0.591579
950 0.585263
950 0.526316
950 0.741053
950 0.743158
950 0.628421
950 0.703158
950 0.713684
950 0.895789
950 0.688421
950 0.684211
950 0.565263
950 0.725263
950 0.748421
950 0.532632
950 0.687368
950 0.736842
950 0.653684
950 0.409474
950 0.475789
950 0.794737
950 0.782105
950 0.698947
950 0.798947
950 0.703158
950 0.777895
950 0.841053
950 0.547368
950 0.818947
950 0.855789
950 0.721053
950 0.787368
950 0.684211
950 0.736842
950 0.395789
950 0.741053
950 0.730526
950 0.88
950 0.815789
950 0.734737
950 0.650526
950 0.534737
950 0.7
950 0.658947
950 0.757895
950 0.777895
950 0.643158
950 0.862105
950 0.763158
950 0.832632
950 0.795789
950 0.801053
950 0.736842
950 0.671579
950 0.790526
1000 0.805
1000 0.697
1000 0.638
1000 0.729
1000 0.722
1000 0.737
1000 0.695
1000 0.785
1000 0.767
1000 0.56
1000 0.75
1000 0.771
1000 0.828
1000 0.736
1000 0.623
1000 0.582
1000 0.761
1000 0.729
1000 0.779
1000 0.622
1000 0.742
1000 0.698
1000 0.65
1000 0.781
1000 0.827
1000 0.633
1000 0.826
1000 0.785
1000 0.828
1000 0.718
1000 0.788
1000 0.82
1000 0.762
1000 0.656
1000 0.669
1000 0.67
1000 0.799
1000 0.638
1000 0.803
1000 0.832
1000 0.645
1000 0.846
1000 0.794
1000 0.839
1000 0.602
1000 0.78
1000 0.528
1000 0.738
1000 0.729
1000 0.847
1000 0.663
1000 0.678
1000 0.78
1000 0.817
1000 0.495
1000 0.805
1000 0.804
1000 0.776
1000 0.85
1000 0.624
1000 0.677
1000 0.731
1000 0.776
1000 0.758
1000 0.72
1000 0.804
1000 0.713
1000 0.554
1000 0.82
1000 0.737
1000 0.791
1000 0.437
1000 0.801
1000 0.795
1000 0.771
1050 0.807619
1050 0.613333
1050 0.532381
1050 0.826667
1050 0.231429
1050 0.809524
1050 0.713333
1050 0.657143
1050 0.706667
1050 0.649524
1050 0.826667
1050 0.808571
1050 0.825714
1050 0.847619
1050 0.821905
1050 0.825714
1050 0.779048
1050 0.722857
1050 0.795238
1050 0.754286
1050 0.741905
1050 0.438095
1050 0.548571
1050 0.602857
1050 0.658095
1050 0.859048
1050 0.671429
1050 0.485714
1050 0.808571
1050 0.792381
1050 0.82381
1050 0.812381
1050 0.733333
1050 0.81619
1050 0.657143
1050 0.732381
1050 0.718095
1050 0.65619
1050 0.766667
1050 0.78
1050 0.805714
1050 0.593333
1050 0.664762
1050 0.67619
1050 0.802857
1050 0.792381
1050 0.839048
1050 0.782857
1050 0.766667
1050 0.878095
1050 0.773333
1050 0.781905
1050 0.649524
1050 0.804762
1050 0.795238
1050 0.678095
1050 0.80381
1050 0.749524
1050 0.729524
1050 0.52
1050 0.712381
1050 0.56
1050 0.46
1050 0.682857
1050 0.670476
1050 0.747619
1050 0.82
1050 0.706667
1050 0.73619
1050 0.439048
1050 0.674286
1050 0.724762
1050 0.764762
1050 0.7
1050 0.758095
1100 0.753636
1100 0.77
1100 0.533636
1100 0.716364
1100 0.787273
1100 0.725455
1100 0.79
1100 0.673636
1100 0.742727
1100 0.698182
1100 0.699091
1100 0.595455
1100 0.800909
1100 0.729091
1100 0.820909
1100 0.783636
1100 0.697273
1100 0.660909
1100 0.663636
1100 0.797273
1100 0.739091
1100 0.81
1100 0.75
1100 0.727273
1100 0.777273
1100 0.49
1100 0.695455
1100 0.684545
1100 0.768182
1100 0.791818
1100 0.754545
1100 0.769091
1100 0.738182
1100 0.699091
1100 0.492727
1100 0.724545
1100 0.64
1100 0.74
1100 0.795455
1100 0.81
1100 0.767273
1100 0.810909
1100 0.663636
1100 0.758182
1100 0.634545
1100 0.776364
1100 0.814545
1100 0.752727
1100 0.789091
1100 0.72
1100 0.623636
1100 0.783636
1100 0.704545
1100 0.523636
1100 0.721818
1100 0.677273
1100 0.723636
1100 0.697273
1100 0.543636
1100 0.811818
1100 0.722727
1100 0.621818
1100 0.766364
1100 0.801818
1100 0.646364
1100 0.756364
1100 0.709091
1100 0.749091
1100 0.594545
1100 0.736364
1100 0.716364
1100 0.753636
1100 0.713636
1100 0.596364
1100 0.607273
1150 0.764348
1150 0.54
1150 0.782609
1150 0.775652
1150 0.764348
1150 0.690435
1150 0.717391
1150 0.771304
1150 0.775652
1150 0.790435
1150 0.633913
1150 0.617391
1150 0.783478
1150 0.712174
1150 0.789565
1150 0.674783
1150 0.574783
1150 0.664348
1150 0.666087
1150 0.770435
1150 0.587826
1150 0.836522
1150 0.532174
1150 0.668696
1150 0.724348
1150 0.825217
1150 0.650435
1150 0.756522
1150 0.777391
1150 0.77913
1150 0.731304
1150 0.871304
1150 0.761739
1150 0.557391
1150 0.736522
1150 0.774783
1150 0.717391
1150 0.746087
1150 0.77913
1150 0.846957
1150 0.670435
1150 0.829565
1150 0.787826
1150 0.787826
1150 0.632174
1150 0.682609
1150 0.809565
1150 0.61913
1150 0.753913
1150 0.742609
1150 0.881739
1150 0.635652
1150 0.689565
1150 0.754783
1150 0.736522
1150 0.69913
1150 0.711304
1150 0.591304
1150 0.689565
1150 0.76087
1150 0.731304
1150 0.783478
1150 0.605217
1150 0.52
1150 0.82
1150 0.753913
1150 0.723478
1150 0.807826
1150 0.743478
1150 0.798261
1150 0.787826
1150 0.798261
1150 0.812174
1150 0.72087
1150 0.754783
1200 0.829167
1200 0.6775
1200 0.5975
1200 0.771667
1200 0.751667
1200 0.765833
1200 0.758333
1200 0.739167
1200 0.611667
1200 0.723333
1200 0.726667
1200 0.819167
1200 0.676667
1200 0.698333
1200 0.816667
1200 0.7625
1200 0.6125
1200 0.6175
1200 0.7625
1200 0.784167
1200 0.576667
1200 0.728333
1200 0.875
1200 0.795833
1200 0.656667
1200 0.623333
1200 0.786667
1200 0.870833
1200 0.805833
1200 0.7525
1200 0.791667
1200 0.7
1200 0.646667
1200 0.891667
1200 0.7975
1200 0.7625
1200 0.686667
1200 0.814167
1200 0.7925
1200 0.8025
1200 0.468333
1200 0.669167
1200 0.840833
1200 0.811667
1200 0.7425
1200 0.735
1200 0.678333
1200 0.728333
1200 0.615
1200 0.796667
1200 0.7275
1200 0.724167
1200 0.8025
1200 0.6825
1200 0.750833
1200 0.8175
1200 0.7425
1200 0.610833
1200 0.811667
1200 0.898333
1200 0.753333
1200 0.763333
1200 0.634167
1200 0.695
1200 0.673333
1200 0.740833
1200 0.799167
1200 0.741667
1200 0.685833
1200 0.4725
1200 0.845
1200 0.61
1200 0.703333
1200 0.825
1200 0.630833
1250 0.7224
1250 0.6632
1250 0.7808
1250 0.5328
1250 0.7344
1250 0.6872
1250 0.6264
1250 0.7488
1250 0.7248
1250 0.4448
1250 0.776
1250 0.78
1250 0.7648
1250 0.8664
1250 0.772
1250 0.7376
1250 0.7296
1250 0.7432
1250 0.7408
1250 0.6976
1250 0.4288
1250 0.6296
1250 0.8008
1250 0.7656
1250 0.6536
1250 0.8088
1250 0.7056
1250 0.5488
1250 0.6984
1250 0.5864
1250 0.864
1250 0.6608
1250 0.844
1250 0.828
1250 0.616
1250 0.9104
1250 0.7968
1250 0.7816
1250 0.8352
1250 0.7616
1250 0.8008
1250 0.668
1250 0.7136
1250 0.4904
1250 0.6392
1250 0.748
1250 0.4504
1250 0.5992
1250 0.6976
1250 0.784
1250 0.6968
1250 0.7504
1250 0.7424
1250 0.6592
1250 0.5296
1250 0.6896
1250 0.7912
1250 0.72
1250 0.5448
1250 0.7136
1250 0.7264
1250 0.8256
1250 0.7224
1250 0.764
1250 0.732
1250 0.8008
1250 0.4512
1250 0.588
1250 0.8184
1250 0.7888
1250 0.6544
1250 0.712
1250 0.7704
1250 0.7352
1250 0.7816
1300 0.665385
1300 0.813846
1300 0.816154
1300 0.767692
1300 0.723846
1300 0.695385
1300 0.820769
1300 0.739231
1300 0.750769
1300 0.780769
1300 0.712308
1300 0.684615
1300 0.69
1300 0.780769
1300 0.723077
1300 0.714615
1300 0.758462
1300 0.764615
1300 0.713077
1300 0.610769
1300 0.800769
1300 0.807692
1300 0.686154
1300 0.810769
1300 0.714615
1300 0.717692
1300 0.73
1300 0.672308
1300 0.761538
1300 0.650769
1300 0.705385
1300 0.713077
1300 0.706154
1300 0.764615
1300 0.838462
1300 0.77
1300 0.638462
1300 0.683846
1300 0.787692
1300 0.697692
1300 0.464615
1300 0.76
1300 0.755385
1300 0.712308
1300 0.795385
1300 0.496923
1300 0.828462
1300 0.785385
1300 0.616923
1300 0.806923
1300 0.641538
1300 0.733077
1300 0.657692
1300 0.548462
1300 0.795385
1300 0.873846
1300 0.831538
1300 0.486154
1300 0.766923
1300 0.817692
1300 0.682308
1300 0.803077
1300 0.785385
1300 0.799231
1300 0.686154
1300 0.79
1300 0.696154
1300 0.745385
1300 0.643077
1300 0.742308
1300 0.744615
1300 0.660769
1300 0.757692
1300 0.81
1300 0.614615
1350 0.857037
1350 0.793333
1350 0.879259
1350 0.831852
1350 0.797037
1350 0.757037
1350 0.732593
1350 0.808889
1350 0.720741
1350 0.794815
1350 0.752593
1350 0.605185
1350 0.808889
1350 0.771111
1350 0.827407
1350 0.678519
1350 0.75037
1350 0.713333
1350 0.697037
1350 0.52963
1350 0.843704
1350 0.512593
1350 0.736296
1350 0.868148
1350 0.64
1350 0.84
1350 0.734074
1350 0.672593
1350 0.800741
1350 0.733333
1350 0.785926
1350 0.700741
1350 0.788889
1350 0.848148
1350 0.724444
1350 0.808148
1350 0.822963
1350 0.787407
1350 0.768889
1350 0.745185
1350 0.826667
1350 0.701481
1350 0.588148
1350 0.66
1350 0.868889
1350 0.757778
1350 0.60963
1350 0.727407
1350 0.551852
1350 0.688889
1350 0.637778
1350 0.754815
1350 0.815556
1350 0.672593
1350 0.511852
1350 0.77037
1350 0.792593
1350 0.752593
1350 0.611852
1350 0.748148
1350 0.654815
1350 0.751111
1350 0.44963
1350 0.640741
1350 0.760741
1350 0.757037
1350 0.765926
1350 0.756296
1350 0.725185
1350 0.788889
1350 0.802963
1350 0.797037
1350 0.821481
1350 0.685185
1350 0.742222
1400 0.770714
1400 0.725714
1400 0.657857
1400 0.728571
1400 0.644286
1400 0.763571
1400 0.742143
1400 0.775714
1400 0.579286
1400 0.743571
1400 0.448571
1400 0.692143
1400 0.715714
1400 0.617143
1400 0.777857
1400 0.593571
1400 0.712143
1400 0.81
1400 0.719286
1400 0.797857
1400 0.612143
1400 0.787857
1400 0.862857
1400 0.796429
1400 0.744286
1400 0.783571
1400 0.700714
1400 0.823571
1400 0.767857
1400 0.450714
1400 0.535714
1400 0.667143
1400 0.812857
1400 0.705
1400 0.759286
1400 0.812857
1400 0.393571
1400 0.672857
1400 0.625
1400 0.635714
1400 0.766429
1400 0.594286
1400 0.730714
1400 0.721429
1400 0.765714
1400 0.777857
1400 0.751429
1400 0.711429
1400 0.811429
1400 0.746429
1400 0.805714
1400 0.682143
1400 0.785714
1400 0.767143
1400 0.681429
1400 0.682857
1400 0.719286
1400 0.655714
1400 0.596429
1400 0.673571
1400 0.645
1400 0.683571
1400 0.712143
1400 0.75
1400 0.716429
1400 0.556429
1400 0.830714
1400 0.837857
1400 0.51
1400 0.733571
1400 0.746429
1400 0.597857
1400 0.695
1400 0.812857
1400 0.675
1450 0.796552
1450 0.744828
1450 0.829655
1450 0.74069
1450 0.71931
1450 0.737241
1450 0.656552
1450 0.814483
1450 0.781379
1450 0.86069
1450 0.763448
1450 0.771034
1450 0.642069
1450 0.852414
1450 0.624828
1450 0.646207
1450 0.708276
1450 0.730345
1450 0.723448
1450 0.577241
1450 0.766207
1450 0.808966
1450 0.804828
1450 0.772414
1450 0.684828
1450 0.682759
1450 0.756552
1450 0.725517
1450 0.626207
1450 0.78
1450 0.863448
1450 0.604828
1450 0.771034
1450 0.696552
1450 0.482069
1450 0.871724
1450 0.76
1450 0.726207
1450 0.731034
1450 0.714483
1450 0.73931
1450 0.746207
1450 0.765517
1450 0.687586
1450 0.802759
1450 0.806207
1450 0.737241
1450 0.772414
1450 0.736552
1450 0.682759
1450 0.822759
1450 0.847586
1450 0.762069
1450 0.722759
1450 0.858621
1450 0.681379
1450 0.769655
1450 0.657241
1450 0.591724
1450 0.793793
1450 0.853793
1450 0.698621
1450 0.65931
1450 0.717931
1450 0.748276
1450 0.64069
1450 0.488276
1450 0.634483
1450 0.602759
1450 0.762759
1450 0.817931
1450 0.638621
1450 0.738621
1450 0.733793
1450 0.627586
1500 0.834667
1500 0.769333
1500 0.762667
1500 0.714667
1500 0.806
1500 0.800667
1500 0.74
1500 0.738
1500 0.566667
1500 0.677333
1500 0.656
1500 0.770667
1500 0.832
1500 0.785333
1500 0.777333
1500 0.726667
1500 0.799333
1500 0.732
1500 0.729333
1500 0.835333
1500 0.816
1500 0.763333
1500 0.566
1500 0.71
1500 0.756
1500 0.814
1500 0.549333
1500 0.848
1500 0.830667
1500 0.813333
1500 0.781333
1500 0.733333
1500 0.750667
1500 0.844
1500 0.834667
1500 0.784667
1500 0.62
1500 0.682667
1500 0.748667
1500 0.841333
1500 0.633333
1500 0.770667
1500 0.722
1500 0.730667
1500 0.596667
1500 0.741333
1500 0.784667
1500 0.848667
1500 0.764667
1500 0.781333
1500 0.672
1500 0.688667
1500 0.696
1500 0.754
1500 0.798
1500 0.795333
1500 0.791333
1500 0.672
1500 0.872667
1500 0.785333
1500 0.740667
1500 0.69
1500 0.795333
1500 0.745333
1500 0.592
1500 0.652
1500 0.810667
1500 0.668667
1500 0.816
1500 0.632
1500 0.863333
1500 0.813333
1500 0.444667
1500 0.76
1500 0.828
1550 0.849677
1550 0.71871
1550 0.736774
1550 0.693548
1550 0.713548
1550 0.76129
1550 0.709032
1550 0.785161
1550 0.849677
1550 0.456129
1550 0.856129
1550 0.715484
1550 0.640645
1550 0.827742
1550 0.817419
1550 0.51871
1550 0.729677
1550 0.809677
1550 0.664516
1550 0.80129
1550 0.551613
1550 0.834839
1550 0.642581
1550 0.796774
1550 0.734839
1550 0.750968
1550 0.703226
1550 0.762581
1550 0.756774
1550 0.557419
1550 0.769032
1550 0.756129
1550 0.851613
1550 0.763226
1550 0.687742
1550 0.789032
1550 0.798065
1550 0.737419
1550 0.745806
1550 0.73871
1550 0.682581
1550 0.793548
1550 0.665161
1550 0.78
1550 0.55871
1550 0.691613
1550 0.808387
1550 0.791613
1550 0.840645
1550 0.723871
1550 0.747742
1550 0.769677
1550 0.850323
1550 0.727097
1550 0.86129
1550 0.878065
1550 0.8
1550 0.790323
1550 0.645806
1550 0.752903
1550 0.78129
1550 0.715484
1550 0.749032
1550 0.73871
1550 0.765161
1550 0.713548
1550 0.536129
1550 0.913548
1550 0.794839
1550 0.757419
1550 0.45871
1550 0.550323
1550 0.836774
1550 0.694839
1550 0.815484
1600 0.80625
1600 0.79875
1600 0.835
1600 0.640625
1600 0.683125
1600 0.771875
1600 0.64
1600 0.7575
1600 0.748125
1600 0.7625
1600 0.76375
1600 0.6525
1600 0.785625
1600 0.738125
1600 0.886875
1600 0.749375
1600 0.730625
1600 0.810625
1600 0.76125
1600 0.8275
1600 0.645625
1600 0.664375
1600 0.785625
1600 0.84375
1600 0.773125
1600 0.783125
1600 0.706875
1600 0.699375
1600 0.739375
1600 0.70125
1600 0.8175
1600 0.801875
1600 0.665
1600 0.705
1600 0.731875
1600 0.800625
1600 0.75125
1600 0.63875
1600 0.610625
1600 0.82125
1600 0.71125
1600 0.7725
1600 0.824375
1600 0.716875
1600 0.78875
1600 0.75625
1600 0.72375
1600 0.755
1600 0.739375
1600 0.59375
1600 0.771875
1600 0.78875
1600 0.739375
1600 0.769375
1600 0.6275
1600 0.68625
1600 0.77875
1600 0.76
1600 0.835
1600 0.790625
1600 0.734375
1600 0.734375
1600 0.8675
1600 0.793125
1600 0.71125
1600 0.676875
1600 0.77
1600 0.8275
1600 0.686875
1600 0.62375
1600 0.655625
1600 0.60375
1600 0.799375
1600 0.815
1600 0.626875
1650 0.614545
1650 0.611515
1650 0.745455
1650 0.709697
1650 0.707879
1650 0.765455
1650 0.729697
1650 0.771515
1650 0.743636
1650 0.740606
1650 0.686667
1650 0.732727
1650 0.853333
1650 0.788485
1650 0.793333
1650 0.739394
1650 0.77697
1650 0.807879
1650 0.714545
1650 0.869697
1650 0.791515
1650 0.732727
1650 0.7
1650 0.707879
1650 0.792727
1650 0.752727
1650 0.827879
1650 0.529091
1650 0.766061
1650 0.827273
1650 0.629697
1650 0.838788
1650 0.793333
1650 0.749697
1650 0.76303
1650 0.767273
1650 0.789091
1650 0.786061
1650 0.552121
1650 0.57697
1650 0.566667
1650 0.825455
1650 0.508485
1650 0.769091
1650 0.790303
1650 0.735152
1650 0.77697
1650 0.798182
1650 0.732727
1650 0.599394
1650 0.843636
1650 0.901818
1650 0.781212
1650 0.823636
1650 0.777576
1650 0.718788
1650 0.766061
1650 0.754545
1650 0.540606
1650 0.719394
1650 0.810909
1650 0.821212
1650 0.808485
1650 0.741212
1650 0.747273
1650 0.682424
1650 0.780606
1650 0.680606
1650 0.750303
1650 0.686667
1650 0.770303
1650 0.681818
1650 0.698788
1650 0.747273
1650 0.84
1700 0.728235
1700 0.708235
1700 0.837647
1700 0.677059
1700 0.747059
1700 0.777647
1700 0.804118
1700 0.665294
1700 0.735882
1700 0.732941
1700 0.621765
1700 0.822941
1700 0.660588
1700 0.634118
1700 0.759412
1700 0.888824
1700 0.812941
1700 0.676471
1700 0.75
1700 0.723529
1700 0.800588
1700 0.606471
1700 0.756471
1700 0.492941
1700 0.709412
1700 0.818824
1700 0.726471
1700 0.831765
1700 0.685882
1700 0.817647
1700 0.747647
1700 0.628235
1700 0.772353
1700 0.694706
1700 0.728824
1700 0.8
1700 0.716471
1700 0.554706
1700 0.614706
1700 0.787059
1700 0.738235
1700 0.697647
1700 0.787647
1700 0.626471
1700 0.87
1700 0.504706
1700 0.768824
1700 0.82
1700 0.595882
1700 0.738235
1700 0.601765
1700 0.657647
1700 0.575882
1700 0.780588
1700 0.755294
1700 0.81
1700 0.795294
1700 0.752353
1700 0.745294
1700 0.757647
1700 0.738235
1700 0.817059
1700 0.739412
1700 0.683529
1700 0.719412
1700 0.795294
1700 0.717059
1700 0.796471
1700 0.773529
1700 0.682353
1700 0.768235
1700 0.768824
1700 0.823529
1700 0.822353
1700 0.801176
1750 0.689714
1750 0.751429
1750 0.652571
1750 0.749143
1750 0.762857
1750 0.760571
1750 0.737714
1750 0.768
1750 0.732
1750 0.8
1750 0.681714
1750 0.506857
1750 0.532571
1750 0.806857
1750 0.728571
1750 0.589143
1750 0.765714
1750 0.736571
1750 0.753143
1750 0.748
1750 0.713714
1750 0.824
1750 0.763429
1750 0.792
1750 0.566857
1750 0.845714
1750 0.649714
1750 0.746857
1750 0.815429
1750 0.509143
1750 0.654857
1750 0.830286
1750 0.878857
1750 0.836571
1750 0.901714
1750 0.806286
1750 0.618286
1750 0.858857
1750 0.754286
1750 0.779429
1750 0.679429
1750 0.611429
1750 0.648571
1750 0.850857
1750 0.686857
1750 0.872571
1750 0.74
1750 0.716
1750 0.759429
1750 0.823429
1750 0.822857
1750 0.682286
1750 0.710286
1750 0.625714
1750 0.695429
1750 0.638286
1750 0.747429
1750 0.797714
1750 0.757143
1750 0.826286
1750 0.818857
1750 0.638857
1750 0.779429
1750 0.802857
1750 0.792
1750 0.823429
1750 0.698857
1750 0.766857
1750 0.605143
1750 0.731429
1750 0.428
1750 0.720571
1750 0.654286
1750 0.628
1750 0.768571
1800 0.648333
1800 0.836667
1800 0.726111
1800 0.769444
1800 0.719444
1800 0.64
1800 0.610556
1800 0.7
1800 0.756111
1800 0.740556
1800 0.707222
1800 0.705
1800 0.638889
1800 0.742778
1800 0.778889
1800 0.728889
1800 0.776111
1800 0.796667
1800 0.823333
1800 0.601667
1800 0.747778
1800 0.784444
1800 0.715
1800 0.709444
1800 0.727778
1800 0.731111
1800 0.761111
1800 0.71
1800 0.765556
1800 0.734444
1800 0.857778
1800 0.675
1800 0.553889
1800 0.795556
1800 0.637222
1800 0.766111
1800 0.711111
1800 0.632222
1800 0.695
1800 0.813333
1800 0.774444
1800 0.873333
1800 0.822778
1800 0.919444
1800 0.740556
1800 0.798333
1800 0.653889
1800 0.768889
1800 0.671111
1800 0.628889
1800 0.706111
1800 0.733333
1800 0.821111
1800 0.771667
1800 0.603333
1800 0.710556
1800 0.787222
1800 0.640556
1800 0.757222
1800 0.709444
1800 0.728889
1800 0.63
1800 0.686111
1800 0.687222
1800 0.608889
1800 0.716111
1800 0.808889
1800 0.775556
1800 0.695
1800 0.7
1800 0.768333
1800 0.826111
1800 0.720556
1800 0.870556
1800 0.764444
1850 0.668649
1850 0.76
1850 0.898919
1850 0.811892
1850 0.745405
1850 0.804324
1850 0.701081
1850 0.604324
1850 0.712973
1850 0.575135
1850 0.723784
1850 0.763243
1850 0.763784
1850 0.900541
1850 0.736216
1850 0.838919
1850 0.658378
1850 0.795135
1850 0.815676
1850 0.818919
1850 0.760541
1850 0.796757
1850 0.759459
1850 0.801622
1850 0.810811
1850 0.665946
1850 0.705946
1850 0.765946
1850 0.647027
1850 0.805946
1850 0.771892
1850 0.811351
1850 0.740541
1850 0.797838
1850 0.80973
1850 0.899459
1850 0.769189
1850 0.640541
1850 0.79027
1850 0.824865
1850 0.712973
1850 0.627568
1850 0.771351
1850 0.695676
1850 0.574595
1850 0.738919
1850 0.664324
1850 0.722162
1850 0.806486
1850 0.735676
1850 0.674054
1850 0.785946
1850 0.723243
1850 0.638378
1850 0.735676
1850 0.858919
1850 0.764865
1850 0.797297
1850 0.784324
1850 0.481622
1850 0.716216
1850 0.772432
1850 0.798919
1850 0.538919
1850 0.564865
1850 0.85027
1850 0.659459
1850 0.627027
1850 0.698378
1850 0.684324
1850 0.791351
1850 0.887568
1850 0.402162
1850 0.808649
1850 0.81027
1900 0.814211
1900 0.794211
1900 0.685789
1900 0.645789
1900 0.805263
1900 0.790526
1900 0.516316
1900 0.7
1900 0.835789
1900 0.670526
1900 0.665789
1900 0.583158
1900 0.652105
1900 0.764737
1900 0.845789
1900 0.711053
1900 0.699474
1900 0.767368
1900 0.758421
1900 0.731579
1900 0.781053
1900 0.762632
1900 0.772105
1900 0.853158
1900 0.820526
1900 0.75
1900 0.751053
1900 0.746842
1900 0.412105
1900 0.780526
1900 0.798421
1900 0.761053
1900 0.715263
1900 0.850526
1900 0.805789
1900 0.833684
1900 0.716316
1900 0.706316
1900 0.732105
1900 0.861053
1900 0.849474
1900 0.818947
1900 0.782632
1900 0.844211
1900 0.792105
1900 0.685263
1900 0.752632
1900 0.749474
1900 0.744211
1900 0.803684
1900 0.812105
1900 0.781579
1900 0.772632
1900 0.747368
1900 0.817368
1900 0.814211
1900 0.818947
1900 0.784737
1900 0.627368
1900 0.752632
1900 0.754211
1900 0.82
1900 0.686842
1900 0.760526
1900 0.768947
1900 0.746842
1900 0.772105
1900 0.834737
1900 0.631053
1900 0.750526
1900 0.786842
1900 0.774211
1900 0.782632
1900 0.746316
1900 0.642632
1950 0.725641
1950 0.697949
1950 0.828718
1950 0.816923
1950 0.673333
1950 0.747179
1950 0.743077
1950 0.654872
1950 0.335385
1950 0.838462
1950 0.72
1950 0.822564
1950 0.78
1950 0.476923
1950 0.715385
1950 0.805641
1950 0.673846
1950 0.771795
1950 0.792308
1950 0.770256
1950 0.781538
1950 0.673333
1950 0.648205
1950 0.784103
1950 0.760513
1950 0.769231
1950 0.813846
1950 0.626667
1950 0.738462
1950 0.742051
1950 0.825641
1950 0.594872
1950 0.769231
1950 0.745641
1950 0.516923
1950 0.65641
1950 0.8
1950 0.770769
1950 0.729744
1950 0.444103
1950 0.831795
1950 0.652821
1950 0.829231
1950 0.608718
1950 0.750256
1950 0.804615
1950 0.805641
1950 0.707179
1950 0.708718
1950 0.705128
1950 0.751795
1950 0.766154
1950 0.751282
1950 0.725128
1950 0.667692
1950 0.762564
1950 0.791795
1950 0.753846
1950 0.762051
1950 0.742564
1950 0.851795
1950 0.552308
1950 0.747179
1950 0.803077
1950 0.722051
1950 0.790256
1950 0.791282
1950 0.457949
1950 0.713333
1950 0.711282
1950 0.845128
1950 0.842564
1950 0.74
1950 0.824615
1950 0.66359
2000 0.807
2000 0.687
2000 0.785
2000 0.7355
2000 0.7915
2000 0.6795
2000 0.7935
2000 0.742
2000 0.742
2000 0.753
2000 0.8685
2000 0.4185
2000 0.816
2000 0.661
2000 0.527
2000 0.696
2000 0.8005
2000 0.5005
2000 0.7225
2000 0.8545
2000 0.823
2000 0.694
2000 0.5665
2000 0.7925
2000 0.7785
2000 0.727
2000 0.7085
2000 0.7445
2000 0.772
2000 0.7755
2000 0.8155
2000 0.7995
2000 0.704
2000 0.8145
2000 0.5635
2000 0.7685
2000 0.748
2000 0.7415
2000 0.5815
2000 0.748
2000 0.7635
2000 0.701
2000 0.759
2000 0.6255
2000 0.8235
2000 0.778
2000 0.8285
2000 0.874
2000 0.53
2000 0.6975
2000 0.706
2000 0.798
2000 0.3845
2000 0.777
2000 0.7755
2000 0.6315
2000 0.7025
2000 0.7945
2000 0.6115
2000 0.713
2000 0.773
2000 0.7575
2000 0.788
2000 0.806
2000 0.839
2000 0.766
2000 0.5505
2000 0.6925
2000 0.7515
2000 0.8485
2000 0.788
2000 0.7885
2000 0.7075
2000 0.7995
2000 0.8325
