50 0.36
50 0.06
50 0.08
50 0.56
50 0.44
50 0.18
50 0.32
50 0.54
50 0.02
50 0.22
50 0.16
50 0.14
50 0.38
50 0.28
50 0
50 0.14
50 0
50 0.7
50 0.26
50 0.08
50 0
50 0.04
50 0
50 0
50 0.34
50 0.64
50 0.36
50 0.26
50 0.36
50 0.26
50 0.2
50 0.06
50 0.02
50 0.2
50 0.2
50 0.1
50 0.38
50 0.24
50 0.42
50 0
50 0
50 0.3
50 0
50 0.74
50 0.5
50 0.4
50 0.22
50 0.72
50 0.4
50 0.2
50 0.48
50 0.04
50 0.02
50 0
50 0.48
50 0.12
50 0.44
50 0.24
50 0.02
50 0.06
50 0.4
50 0.32
50 0
50 0.22
50 0.4
50 0.08
50 0
50 0.38
50 0.5
50 0.02
50 0.08
50 0.04
50 0.5
50 0.72
50 0.12
100 0.27
100 0.02
100 0.43
100 0.7
100 0.8
100 0.87
100 0.49
100 0.84
100 0.83
100 0.46
100 0.86
100 0.55
100 0.44
100 0.02
100 0.89
100 0.15
100 0.65
100 0.42
100 0.5
100 0.7
100 0.69
100 0.72
100 0.52
100 0.8
100 0.03
100 0.31
100 0.12
100 0.57
100 0.2
100 0.6
100 0.68
100 0.47
100 0.25
100 0.76
100 0.82
100 0.53
100 0.7
100 0.59
100 0.04
100 0.55
100 0.67
100 0.28
100 0.39
100 0.83
100 0.8
100 0.72
100 0.5
100 0.89
100 0.76
100 0.48
100 0.47
100 0.36
100 0.42
100 0.82
100 0.57
100 0.97
100 0.84
100 0.67
100 0.25
100 0.8
100 0.81
100 0.34
100 0.46
100 0.89
100 0.36
100 0.11
100 0.65
100 0.66
100 0.71
100 0.66
100 0.34
100 0.67
100 0.53
100 0.07
100 0.84
150 0.573333
150 0.64
150 0.733333
150 0.753333
150 0.6
150 0.92
150 0.913333
150 0.773333
150 0.866667
150 0.886667
150 0.886667
150 0.846667
150 0.513333
150 0.52
150 0.866667
150 0.686667
150 0.973333
150 0.66
150 0.473333
150 0.8
150 0.766667
150 0.906667
150 0.593333
150 0.28
150 0.9
150 0.786667
150 0.753333
150 0.826667
150 0.893333
150 0.826667
150 0.76
150 0.786667
150 0.84
150 0.946667
150 0.693333
150 0.593333
150 0.64
150 0.653333
150 0.613333
150 0.9
150 0.9
150 0.38
150 0.453333
150 0.413333
150 0.286667
150 0.88
150 0.853333
150 0.826667
150 0.806667
150 0.32
150 0.673333
150 0.46
150 0.746667
150 0.86
150 0.8
150 0.733333
150 0.766667
150 0.813333
150 0.366667
150 0.713333
150 0.88
150 0.8
150 0.933333
150 0.793333
150 0.846667
150 0.82
150 0.846667
150 0.306667
150 0.946667
150 0.566667
150 0.733333
150 0.44
150 0.746667
150 0.733333
150 0.806667
200 0.63
200 0.455
200 0.985
200 0.79
200 0.665
200 0.845
200 0.635
200 0.885
200 0.76
200 0.72
200 0.94
200 0.63
200 0.79
200 0.87
200 0.715
200 0
200 0.855
200 0.88
200 0.865
200 0.8
200 0.76
200 0.855
200 0.585
200 0.84
200 0.8
200 0.695
200 0.865
200 0.61
200 0.965
200 0.825
200 0.47
200 0.88
200 0.645
200 0.91
200 0.755
200 0.91
200 0.52
200 0.745
200 0.76
200 0.49
200 0.685
200 0.885
200 0.85
200 0.575
200 0.9
200 0.775
200 0.855
200 0.735
200 0.85
200 0.835
200 0.155
200 0.82
200 0.85
200 0.71
200 0.93
200 0.91
200 0.93
200 0.555
200 0.905
200 0.745
200 0.35
200 0.905
200 0.96
200 0.835
200 0.735
200 0.68
200 0.62
200 0.825
200 0.73
200 0.945
200 0.915
200 0.4
200 0.865
200 0.825
200 0.725
250 0.796
250 0.916
250 0.892
250 0.744
250 0.848
250 0.884
250 0.804
250 0.952
250 0.776
250 0.856
250 0.86
250 0.88
250 0.908
250 0.824
250 0.804
250 0.972
250 0.96
250 0.856
250 0.888
250 0.912
250 0.948
250 0.816
250 0.732
250 0.788
250 0.96
250 0.9
250 0.94
250 0.992
250 0.772
250 0.78
250 0.756
250 0.92
250 0.996
250 0.86
250 0.92
250 0.72
250 0.936
250 0.964
250 0.912
250 0.864
250 0.748
250 0.852
250 0.892
250 0.488
250 0.868
250 0.924
250 0.936
250 0.576
250 0.928
250 0.932
250 0.94
250 0.912
250 0.852
250 0.74
250 0.884
250 0.972
250 0.812
250 0.916
250 0.876
250 0.944
250 0.92
250 0.86
250 0.912
250 0.864
250 0.812
250 0.984
250 0.864
250 0.944
250 0.896
250 0.968
250 0.668
250 0.784
250 0.956
250 0.956
250 0.844
300 0.846667
300 0.933333
300 0.953333
300 0.91
300 0.723333
300 0.92
300 0.86
300 0.88
300 0.95
300 0.866667
300 0.92
300 0.81
300 0.81
300 0.866667
300 0.97
300 0.763333
300 0.97
300 0.91
300 0.88
300 0.87
300 0.94
300 0.873333
300 0.813333
300 0.996667
300 0.953333
300 0.936667
300 0.933333
300 0.87
300 0.913333
300 0.986667
300 0.803333
300 0.823333
300 0.83
300 0.89
300 0.893333
300 0.91
300 0.91
300 0.94
300 0.96
300 0.86
300 0.9
300 0.92
300 1
300 0.85
300 0.88
300 0.74
300 0.8
300 0.903333
300 0.513333
300 0.91
300 1
300 0.963333
300 0.746667
300 0.73
300 0.89
300 0.903333
300 0.97
300 0.933333
300 0.913333
300 0.886667
300 0.94
300 0.776667
300 0.86
300 0.773333
300 0.98
300 0.923333
300 0.953333
300 0.896667
300 0.953333
300 0.923333
300 0.95
300 0.936667
300 0.933333
300 0.86
300 0.893333
350 0.911429
350 0.928571
350 0.908571
350 0.825714
350 0.971429
350 0.594286
350 0.805714
350 0.957143
350 0.971429
350 0.994286
350 0.837143
350 0.822857
350 0.965714
350 0.882857
350 0.917143
350 0.805714
350 0.891429
350 0.925714
350 0.88
350 0.894286
350 0.917143
350 0.734286
350 0.942857
350 0.968571
350 0.922857
350 0.882857
350 0.985714
350 0.834286
350 0.902857
350 0.811429
350 0.828571
350 0.917143
350 0.908571
350 0.905714
350 0.868571
350 0.862857
350 0.965714
350 0.571429
350 0.862857
350 0.868571
350 0.931429
350 0.871429
350 0.911429
350 0.94
350 0.991429
350 0.982857
350 0.974286
350 0.954286
350 0.9
350 0.985714
350 0.877143
350 0.882857
350 0.96
350 0.891429
350 0.831429
350 0.925714
350 0.954286
350 0.822857
350 0.962857
350 0.885714
350 0.905714
350 0.994286
350 0.951429
350 0.88
350 0.794286
350 0.874286
350 0.985714
350 0.92
350 0.96
350 0.897143
350 0.934286
350 0.925714
350 0.562857
350 0.84
350 0.9
400 0.985
400 0.84
400 0.9125
400 0.7525
400 0.765
400 0.945
400 0.965
400 0.685
400 0.99
400 0.93
400 0.935
400 0.93
400 0.955
400 0.8575
400 0.885
400 0.9575
400 0.94
400 0.5475
400 0.985
400 0.895
400 0.9675
400 0.97
400 0.9575
400 0.7625
400 0.98
400 0.9475
400 0.905
400 0.725
400 0.89
400 0.94
400 0.8725
400 0.825
400 0.8775
400 0.9425
400 0.9775
400 0.965
400 0.865
400 0.6675
400 0.94
400 0.95
400 0.8825
400 0.95
400 0.855
400 0.88
400 0.9575
400 0.915
400 0.9
400 0.8375
400 0.9025
400 0.975
400 0.925
400 0.87
400 0.9625
400 0.8425
400 0.8825
400 0.95
400 0.935
400 0.9575
400 0.965
400 0.94
400 0.855
400 0.82
400 0.9
400 0.91
400 0.8525
400 0.945
400 0.885
400 0.93
400 0.9475
400 0.9775
400 0.7825
400 0.81
400 0.9125
400 0.9775
400 0.8875
450 0.948889
450 0.986667
450 0.924444
450 0.951111
450 0.871111
450 0.944444
450 0.991111
450 0.906667
450 0.855556
450 0.917778
450 0.957778
450 0.862222
450 0.902222
450 0.977778
450 0.711111
450 0.882222
450 0.715556
450 0.906667
450 0.915556
450 0.984444
450 0.917778
450 0.966667
450 0.735556
450 0.982222
450 0.888889
450 0.815556
450 0.966667
450 0.953333
450 0.946667
450 0.615556
450 0.913333
450 0.88
450 0.995556
450 0.882222
450 0.886667
450 0.944444
450 0.844444
450 0.94
450 0.96
450 0.837778
450 0.877778
450 0.957778
450 0.804444
450 0.988889
450 0.94
450 0.942222
450 0.944444
450 0.948889
450 0.951111
450 0.873333
450 0.904444
450 0.991111
450 0.924444
450 0.902222
450 0.96
450 0.94
450 0.851111
450 0.975556
450 0.904444
450 0.955556
450 0.804444
450 0.986667
450 0.833333
450 0.975556
450 0.862222
450 0.908889
450 0.906667
450 0.804444
450 0.96
450 0.975556
450 0.897778
450 0.853333
450 0.955556
450 0.797778
450 0.697778
500 0.984
500 0.922
500 0.972
500 0.992
500 0.714
500 0.97
500 0.912
500 0.944
500 0.874
500 0.986
500 0.938
500 0.854
500 0.902
500 0.936
500 0.97
500 0.972
500 0.962
500 0.952
500 0.958
500 0.862
500 0.94
500 0.922
500 0.892
500 0.97
500 0.896
500 0.844
500 0.938
500 0.954
500 0.932
500 0.984
500 0.934
500 0.894
500 0.892
500 0.886
500 0.854
500 0.986
500 0.936
500 0.908
500 0.95
500 0.824
500 0.962
500 0.956
500 0.96
500 0.958
500 0.91
500 0.926
500 0.94
500 0.96
500 0.966
500 0.966
500 0.894
500 0.922
500 0.994
500 0.95
500 0.992
500 0.914
500 0.942
500 0.956
500 0.994
500 0.976
500 0.892
500 0.922
500 0.976
500 0.826
500 0.826
500 0.922
500 0.952
500 0.91
500 0.972
500 0.908
500 0.86
500 0.918
500 0.924
500 0.906
500 0.942
550 0.778182
550 0.969091
550 0.930909
550 0.938182
550 0.956364
550 0.998182
550 0.941818
550 0.938182
550 0.929091
550 0.976364
550 0.907273
550 0.889091
550 0.661818
550 0.945455
550 0.96
550 0.969091
550 0.861818
550 0.901818
550 0.930909
550 0.943636
550 0.945455
550 0.854545
550 0.941818
550 0.910909
550 0.938182
550 1
550 0.84
550 0.947273
550 0.945455
550 0.96
550 0.992727
550 0.938182
550 0.938182
550 0
550 0.889091
550 0.970909
550 0.881818
550 0.92
550 0.927273
550 0.961818
550 0.923636
550 0.929091
550 0.905455
550 0.978182
550 0.96
550 0.969091
550 0.941818
550 0.909091
550 0.96
550 0.82
550 0.961818
550 1
550 0.887273
550 0.869091
550 0.810909
550 0.936364
550 0.987273
550 0.82
550 0.912727
550 0.810909
550 0.950909
550 0.921818
550 0.978182
550 0.94
550 0.958182
550 0.930909
550 0.987273
550 0.958182
550 0.878182
550 0.907273
550 0.952727
550 0.92
550 0.892727
550 0.985455
550 0.923636
600 0.911667
600 0.875
600 0.958333
600 0.968333
600 0.951667
600 0.98
600 0.956667
600 0.928333
600 0.968333
600 0.918333
600 0.873333
600 0.891667
600 0.863333
600 0.956667
600 0.993333
600 0.863333
600 0.958333
600 0.865
600 0.981667
600 0.963333
600 0.918333
600 0.936667
600 0.983333
600 0.98
600 0.905
600 0.925
600 0.97
600 0.931667
600 0.94
600 0.995
600 0.916667
600 0.986667
600 0.946667
600 0.946667
600 0.961667
600 0.921667
600 0.931667
600 0.85
600 0.93
600 0.975
600 0.905
600 0.993333
600 0.906667
600 0.948333
600 0.978333
600 0.918333
600 0.968333
600 0.918333
600 0.875
600 0.873333
600 0.881667
600 0.958333
600 0.951667
600 0.928333
600 0.93
600 0.926667
600 0.911667
600 0.868333
600 0.938333
600 0.97
600 0.94
600 0.943333
600 0.941667
600 0.965
600 0.916667
600 0.943333
600 0.986667
600 0.901667
600 0.946667
600 0.923333
600 0.948333
600 0.86
600 0.921667
600 0.963333
600 0.82
650 0.916923
650 0.947692
650 0.887692
650 0.950769
650 0.929231
650 0.815385
650 0.950769
650 0.987692
650 0.929231
650 0.993846
650 0.906154
650 0.941538
650 0.989231
650 0.92
650 0.990769
650 0.930769
650 0.969231
650 0.841538
650 0.972308
650 0.916923
650 0.958462
650 0.844615
650 0.990769
650 0.915385
650 0.932308
650 0.847692
650 0.967692
650 0.958462
650 0.963077
650 0.878462
650 0.889231
650 0.987692
650 0.941538
650 0.953846
650 0.909231
650 0.975385
650 0.981538
650 0.961538
650 0.915385
650 0.944615
650 0.983077
650 0.889231
650 0.916923
650 0.992308
650 0.887692
650 0.958462
650 0.906154
650 1
650 0.946154
650 0.953846
650 0.9
650 0.889231
650 0.956923
650 0.972308
650 0.935385
650 0.992308
650 0.930769
650 0.966154
650 0.98
650 0.970769
650 0.921538
650 0.94
650 0.927692
650 0.872308
650 0.832308
650 0.941538
650 1
650 0.978462
650 0.975385
650 0.947692
650 0.958462
650 0.966154
650 0.963077
650 0.896923
650 0.98
700 0.96
700 0.941429
700 0.941429
700 0.964286
700 0.931429
700 0.942857
700 0.914286
700 0.954286
700 0.968571
700 0.927143
700 0.972857
700 0.978571
700 0.922857
700 0.962857
700 0.935714
700 0.925714
700 0.942857
700 0.982857
700 0.901429
700 0.942857
700 0.931429
700 0.947143
700 0.945714
700 0.994286
700 0.971429
700 0.95
700 0.962857
700 0.961429
700 0.98
700 0.937143
700 0.968571
700 0.96
700 0.947143
700 0.975714
700 0.931429
700 1
700 0.987143
700 0.961429
700 0.96
700 0.965714
700 0.934286
700 0.962857
700 0.974286
700 0.961429
700 0.734286
700 0.971429
700 0.885714
700 0.934286
700 0.98
700 0.994286
700 0.955714
700 0.884286
700 0.992857
700 0.934286
700 0.93
700 0.89
700 0.995714
700 0.912857
700 0.895714
700 0.934286
700 0.905714
700 0.897143
700 0.927143
700 0.705714
700 0.945714
700 0.938571
700 0.931429
700 0.947143
700 0.922857
700 0.94
700 0.944286
700 0.974286
700 0.935714
700 0.94
700 0.977143
750 0.941333
750 0.952
750 0.938667
750 0.973333
750 0.962667
750 0.914667
750 0.934667
750 0.897333
750 0.996
750 0.873333
750 0.834667
750 0.997333
750 0.986667
750 0.992
750 0.954667
750 0.934667
750 0.909333
750 0.928
750 0.969333
750 0.925333
750 0.977333
750 0.885333
750 0.893333
750 0.933333
750 0.956
750 0.930667
750 0.897333
750 0.970667
750 0.932
750 0.914667
750 0.872
750 0.977333
750 0.928
750 0.964
750 0.956
750 0.882667
750 0.852
750 0.869333
750 0.985333
750 0.934667
750 0.953333
750 0.754667
750 0.989333
750 0.937333
750 0.938667
750 0.916
750 0.998667
750 0.934667
750 0.954667
750 0.966667
750 0.944
750 0.990667
750 0.934667
750 0.982667
750 0.977333
750 0.977333
750 0.944
750 0.985333
750 0.896
750 0.937333
750 0.988
750 0.954667
750 0.934667
750 0.796
750 0.932
750 0.929333
750 0.917333
750 0.977333
750 0.964
750 0.982667
750 0.969333
750 0.952
750 0.912
750 0.930667
750 0.948
800 0.95
800 0.84125
800 0.9275
800 0.92625
800 0.98625
800 0.95875
800 0.84125
800 0.91875
800 0.9925
800 0.905
800 0.94875
800 0.955
800 0.96625
800 0.9825
800 0.9075
800 0.81875
800 0.95125
800 0.95875
800 0.935
800 0.92375
800 0.96375
800 0.915
800 0.94625
800 0.9875
800 0.9375
800 0.97125
800 0.91625
800 0.9125
800 0.945
800 0.98625
800 0.99375
800 0.9525
800 0.94
800 0.9925
800 0.9425
800 0.94625
800 0.78625
800 0.97
800 0.83625
800 0.9025
800 0.97625
800 0.95375
800 0.95
800 0.85375
800 0.97
800 0.995
800 0.9675
800 0.90125
800 0.925
800 0.905
800 0.8725
800 0.9075
800 0.9825
800 0.98625
800 0.855
800 0.9825
800 0.9275
800 0.93875
800 0.99375
800 0.975
800 0.93625
800 0.9975
800 0.98375
800 0.99875
800 0.86125
800 0.94
800 0.98625
800 0.93875
800 0.9275
800 0.98
800 0.9625
800 0.96625
800 0.92375
800 0.9525
800 0.9325
850 0.972941
850 0.958824
850 0.941176
850 0.950588
850 0.992941
850 0.963529
850 0.917647
850 0.96
850 0.852941
850 0.981176
850 0.903529
850 0.996471
850 0.942353
850 0.974118
850 0.984706
850 0.924706
850 0.949412
850 0.945882
850 0.887059
850 0.942353
850 0.972941
850 0.932941
850 0.962353
850 0.936471
850 0.996471
850 0.988235
850 0.991765
850 0.984706
850 0.945882
850 0.970588
850 0.878824
850 0.978824
850 0.938824
850 0.896471
850 0.998824
850 0.943529
850 0.969412
850 0.896471
850 0.957647
850 0.957647
850 0.937647
850 0.992941
850 0.98
850 0.969412
850 0.958824
850 0.916471
850 0.987059
850 0.96
850 0.861176
850 0.9
850 0.941176
850 0.997647
850 0.941176
850 0.94
850 0.98
850 0.985882
850 0.978824
850 0.945882
850 0.994118
850 0.92
850 0.947059
850 0.937647
850 0.914118
850 0.96
850 0.977647
850 0.951765
850 0.988235
850 0.945882
850 0.895294
850 0.974118
850 0.94
850 0.927059
850 0.92
850 0.984706
850 0.969412
900 0.998889
900 0.981111
900 0.995556
900 0.94
900 0.953333
900 0.985556
900 0.927778
900 0.888889
900 0.978889
900 0.98
900 0.972222
900 0.96
900 0.985556
900 0.964444
900 0.985556
900 0.98
900 0.904444
900 0.912222
900 0.911111
900 0.954444
900 0.983333
900 0.973333
900 0.945556
900 0.971111
900 0.937778
900 0.902222
900 0.908889
900 0.955556
900 0.962222
900 0.978889
900 0.954444
900 0.947778
900 0.994444
900 0.928889
900 0.967778
900 0.996667
900 0.993333
900 0.943333
900 0.916667
900 0.927778
900 0.727778
900 0.88
900 0.982222
900 0.893333
900 0.955556
900 0.915556
900 0.963333
900 0.872222
900 0.982222
900 0.976667
900 0.994444
900 0.851111
900 0.894444
900 0.913333
900 0.991111
900 0.935556
900 0.958889
900 0.962222
900 0.99
900 0.967778
900 0.997778
900 0.992222
900 0.952222
900 0.947778
900 0.832222
900 0.978889
900 0.973333
900 0.918889
900 0.988889
900 0.98
900 0.954444
900 0.945556
900 0.966667
900 0.978889
900 0.996667
950 0.955789
950 0.998947
950 0.970526
950 0.901053
950 0.942105
950 0.915789
950 0.894737
950 0.958947
950 0.938947
950 0.942105
950 0.935789
950 0.971579
950 0.949474
950 0.970526
950 0.98
950 0.927368
950 0.969474
950 0.924211
950 0.946316
950 0.935789
950 0.967368
950 0.944211
950 0.966316
950 0.969474
950 0.994737
950 0.993684
950 0.986316
950 0.990526
950 0.974737
950 0.96
950 0.929474
950 0.978947
950 0.982105
950 0.990526
950 0.933684
950 0.956842
950 0.977895
950 0.886316
950 1
950 0.925263
950 0.992632
950 0.974737
950 0.986316
950 0.883158
950 0.996842
950 0.9
950 0.985263
950 0.975789
950 0.92
950 0.945263
950 0.977895
950 0.964211
950 0.993684
950 0.946316
950 0.848421
950 0.963158
950 0.944211
950 0.932632
950 0.996842
950 0.951579
950 0.882105
950 0.935789
950 0.902105
950 0.94
950 0.971579
950 0.922105
950 0.976842
950 0.963158
950 0.978947
950 0.876842
950 0.965263
950 0.903158
950 0.944211
950 0.970526
950 0.969474
1000 0.939
1000 0.831
1000 0.943
1000 0.895
1000 0.977
1000 0.912
1000 0.958
1000 0.959
1000 0.954
1000 0.921
1000 0.963
1000 0.916
1000 0.984
1000 0.96
1000 0.967
1000 0.944
1000 0.95
1000 0.972
1000 0.965
1000 0.955
1000 0.95
1000 0.93
1000 0.95
1000 0.952
1000 0.996
1000 0.944
1000 0.966
1000 0.967
1000 0.911
1000 0.976
1000 0.981
1000 0.911
1000 0.989
1000 0.914
1000 0.957
1000 0.95
1000 0.992
1000 0.962
1000 0.988
1000 0.993
1000 0.926
1000 1
1000 0.962
1000 0.88
1000 0.949
1000 0.9
1000 0.803
1000 0.981
1000 0.9
1000 0.923
1000 0.989
1000 0.958
1000 0.967
1000 0.972
1000 0.971
1000 0.95
1000 0.923
1000 0.909
1000 0.955
1000 0.984
1000 0.979
1000 0.929
1000 0.932
1000 0.969
1000 0.904
1000 0.955
1000 0.973
1000 0.965
1000 0.876
1000 0.936
1000 0.988
1000 0.995
1000 0.979
1000 0.959
1000 0.94
1050 0.926667
1050 0.977143
1050 0.98381
1050 0.982857
1050 0.695238
1050 0.961905
1050 0.964762
1050 0.880952
1050 0.971429
1050 0.950476
1050 0.965714
1050 0.988571
1050 0.959048
1050 0.928571
1050 0.938095
1050 0.951429
1050 0.97619
1050 0.998095
1050 0.925714
1050 0.999048
1050 0.97619
1050 0.961905
1050 0.942857
1050 0.904762
1050 0.974286
1050 0.853333
1050 0.957143
1050 0.931429
1050 0.91619
1050 0.962857
1050 0.986667
1050 0.981905
1050 0.981905
1050 0.975238
1050 0.988571
1050 0.942857
1050 0.953333
1050 0.970476
1050 0.853333
1050 0.962857
1050 0.960952
1050 1
1050 0.867619
1050 0.932381
1050 0.917143
1050 0.915238
1050 0.94381
1050 0.95619
1050 0.928571
1050 0.962857
1050 0.98
1050 0.888571
1050 0.960952
1050 0.92381
1050 0.985714
1050 0.930476
1050 0.95619
1050 0.990476
1050 0.96381
1050 0.993333
1050 0.88381
1050 0.92381
1050 0.931429
1050 0.95619
1050 0.95619
1050 0.894286
1050 0.979048
1050 0.933333
1050 0.939048
1050 0.968571
1050 0.906667
1050 0.939048
1050 0.934286
1050 0.933333
1050 0.951429
1100 0.949091
1100 0.941818
1100 0.981818
1100 0.975455
1100 0.959091
1100 0.961818
1100 0.963636
1100 0.988182
1100 0.979091
1100 0.989091
1100 0.985455
1100 0.988182
1100 0.941818
1100 0.972727
1100 0.955455
1100 0.976364
1100 0.954545
1100 0.963636
1100 0.967273
1100 0.943636
1100 0.949091
1100 0.936364
1100 0.970909
1100 0.923636
1100 0.904545
1100 0.89
1100 0.944545
1100 0.983636
1100 0.904545
1100 0.990909
1100 0.93
1100 0.903636
1100 0.961818
1100 0.916364
1100 0.874545
1100 0.990909
1100 0.958182
1100 0.901818
1100 0.965455
1100 0.974545
1100 0.962727
1100 0.947273
1100 0.991818
1100 0.954545
1100 0.971818
1100 0.925455
1100 0.99
1100 0.993636
1100 0.943636
1100 0.974545
1100 0.988182
1100 0.979091
1100 0.980909
1100 0.990909
1100 0.881818
1100 0.971818
1100 0.942727
1100 0.986364
1100 0.949091
1100 0.956364
1100 0.971818
1100 0.963636
1100 0.978182
1100 0.962727
1100 0.935455
1100 0.894545
1100 0.962727
1100 0.983636
1100 0.940909
1100 0.920909
1100 0.950909
1100 0.979091
1100 0.986364
1100 0.995455
1100 0.852727
1150 0.905217
1150 0.931304
1150 0.92
1150 0.952174
1150 0.974783
1150 0.938261
1150 0.916522
1150 0.950435
1150 0.934783
1150 0.945217
1150 0.986957
1150 0.953043
1150 0.997391
1150 0.981739
1150 0.990435
1150 0.988696
1150 0.966957
1150 0.865217
1150 0.986087
1150 0.928696
1150 0.966087
1150 0.951304
1150 0.950435
1150 0.970435
1150 0.958261
1150 0.926087
1150 0.996522
1150 0.948696
1150 0.97913
1150 0.986957
1150 0.984348
1150 0.933913
1150 0.942609
1150 0.948696
1150 0.917391
1150 0.986087
1150 0.946957
1150 0.930435
1150 0.955652
1150 0.934783
1150 0.886957
1150 0.957391
1150 0.986087
1150 0.944348
1150 0.973913
1150 0.854783
1150 0.98087
1150 0.994783
1150 0.998261
1150 0.921739
1150 0.97913
1150 0.973913
1150 0.933913
1150 0.958261
1150 0.975652
1150 0.913913
1150 0.965217
1150 0.969565
1150 0.917391
1150 0.982609
1150 0.94
1150 0.952174
1150 0.966957
1150 0.885217
1150 0.92
1150 0.942609
1150 0.974783
1150 0.964348
1150 0.974783
1150 0.954783
1150 0.910435
1150 0.976522
1150 0.977391
1150 0.893913
1150 0.929565
1200 0.926667
1200 0.948333
1200 0.984167
1200 1
1200 0.975833
1200 0.959167
1200 0.958333
1200 0.943333
1200 0.941667
1200 0.9625
1200 0.955
1200 0.913333
1200 0.955
1200 0.9125
1200 0.9225
1200 0.994167
1200 0.944167
1200 0.986667
1200 0.979167
1200 0.989167
1200 0.975833
1200 0.9325
1200 0.993333
1200 0.898333
1200 0.966667
1200 0.9425
1200 0.991667
1200 0.938333
1200 0.923333
1200 0.953333
1200 0.941667
1200 0.944167
1200 0.955833
1200 0.9475
1200 0.976667
1200 0.964167
1200 0.980833
1200 0.9575
1200 0.948333
1200 0.926667
1200 0.975833
1200 0.8375
1200 0.883333
1200 0.93
1200 0.9925
1200 0.956667
1200 0.9925
1200 0.960833
1200 0.975833
1200 0.9575
1200 0.959167
1200 0.9475
1200 0.9
1200 0.9525
1200 0.9575
1200 0.985
1200 0.985
1200 0.9725
1200 0.906667
1200 0.975833
1200 0.9575
1200 0.990833
1200 0.934167
1200 0.966667
1200 0.963333
1200 0.976667
1200 0.9525
1200 0.919167
1200 0.985833
1200 0.996667
1200 0.940833
1200 0.885
1200 0.928333
1200 0.965
1200 0.891667
1250 0.9864
1250 0.9432
1250 0.9864
1250 0.9568
1250 0.9912
1250 0.9864
1250 0.9872
1250 0.9816
1250 0.9392
1250 0.9744
1250 0.9568
1250 0.9808
1250 0.9296
1250 0.9056
1250 0.9544
1250 0.9976
1250 0.9288
1250 0.8832
1250 0.9216
1250 0.9408
1250 0.9224
1250 0.9576
1250 0.9608
1250 0.992
1250 0.9408
1250 0.9744
1250 0.9984
1250 0.9312
1250 0.9928
1250 0.9592
1250 0.9528
1250 0.9152
1250 0.9664
1250 0.9888
1250 0.9336
1250 0.9624
1250 0.9328
1250 0.9392
1250 0.9976
1250 0.984
1250 0.9912
1250 0.9784
1250 0.8904
1250 0.92
1250 0.9912
1250 0.9984
1250 0.9808
1250 0.964
1250 0.8816
1250 0.9536
1250 0.9832
1250 0.9568
1250 0.9424
1250 0.9664
1250 0.924
1250 0.9376
1250 0.936
1250 0.988
1250 0.9968
1250 0.9736
1250 0.9936
1250 0.9184
1250 0.9496
1250 0.9568
1250 0.8736
1250 0.964
1250 0.9416
1250 0.9608
1250 0.9856
1250 0.964
1250 0.9104
1250 0.9784
1250 0.9216
1250 0.9848
1250 0.9824
1300 0.849231
1300 0.974615
1300 0.926154
1300 0.986923
1300 0.993846
1300 0.976923
1300 0.961538
1300 0.993077
1300 0.955385
1300 0.988462
1300 0.986154
1300 0.955385
1300 0.956923
1300 0.940769
1300 0.953846
1300 0.92
1300 0.980769
1300 0.922308
1300 0.956154
1300 0.948462
1300 0.969231
1300 0.987692
1300 0.939231
1300 0.945385
1300 0.908462
1300 0.947692
1300 0.964615
1300 0.953846
1300 0.964615
1300 0.960769
1300 0.977692
1300 0.978462
1300 0.895385
1300 0.960769
1300 0.928462
1300 0.975385
1300 0.941538
1300 0.982308
1300 0.963077
1300 0.992308
1300 0.995385
1300 0.968462
1300 0.967692
1300 0.966154
1300 0.996923
1300 0.986923
1300 0.968462
1300 0.959231
1300 0.890769
1300 0.956154
1300 0.958462
1300 0.926923
1300 0.925385
1300 0.943077
1300 0.969231
1300 0.958462
1300 0.953846
1300 0.957692
1300 0.997692
1300 0.996923
1300 0.93
1300 0.953077
1300 0.993077
1300 0.943077
1300 0.98
1300 0.92
1300 0.963846
1300 0.952308
1300 0.973846
1300 0.968462
1300 0.993077
1300 0.87
1300 0.906923
1300 0.951538
1300 0.962308
1350 0.912593
1350 0.966667
1350 0.948148
1350 0.966667
1350 0.974815
1350 0.926667
1350 0.997037
1350 0.947407
1350 0.914815
1350 0.943704
1350 0.985185
1350 0.954074
1350 0.965926
1350 0.936296
1350 0.954074
1350 0.982963
1350 0.956296
1350 0.987407
1350 0.888889
1350 0.968148
1350 0.965926
1350 0.921481
1350 0.98963
1350 0.951111
1350 0.987407
1350 0.971111
1350 0.982222
1350 0.977037
1350 0.945185
1350 0.972593
1350 0.985926
1350 0.998519
1350 0.968889
1350 0.968148
1350 0.937037
1350 0.968148
1350 0.977037
1350 0.982963
1350 0.938519
1350 0.980741
1350 0.935556
1350 0.944444
1350 0.968889
1350 0.94
1350 0.968889
1350 0.966667
1350 0.974815
1350 0.973333
1350 0.971852
1350 0.956296
1350 0.956296
1350 0.958519
1350 0.959259
1350 0.985185
1350 0.938519
1350 0.988889
1350 0.945926
1350 0.968889
1350 0.951852
1350 0.956296
1350 0.944444
1350 0.931852
1350 0.992593
1350 0.917778
1350 0.938519
1350 0.973333
1350 0.946667
1350 0.958519
1350 0.916296
1350 0.96
1350 0.962963
1350 0.945185
1350 0.947407
1350 0.961481
1350 0.934074
1400 0.983571
1400 0.942857
1400 0.937143
1400 0.959286
1400 0.970714
1400 0.967857
1400 0.945
1400 0.995
1400 0.984286
1400 0.940714
1400 0.994286
1400 0.99
1400 0.973571
1400 0.971429
1400 0.945
1400 0.874286
1400 0.949286
1400 0.955
1400 0.987143
1400 0.976429
1400 0.935
1400 0.997857
1400 0.994286
1400 0.913571
1400 0.92
1400 0.940714
1400 0.9
1400 0.942857
1400 0.975
1400 0.989286
1400 0.960714
1400 0.950714
1400 0.919286
1400 0.883571
1400 0.858571
1400 0.981429
1400 0.913571
1400 0.995714
1400 0.986429
1400 0.985
1400 0.972143
1400 0.962857
1400 0.966429
1400 0.972857
1400 0.966429
1400 0.975
1400 0.921429
1400 0.977857
1400 0.976429
1400 0.942143
1400 0.944286
1400 0.901429
1400 0.939286
1400 0.914286
1400 0.885714
1400 0.97
1400 0.925714
1400 0.972143
1400 0.985714
1400 0.978571
1400 0.925
1400 0.982143
1400 0.972857
1400 0.948571
1400 0.995714
1400 0.96
1400 0.964286
1400 0.980714
1400 0.943571
1400 0.932857
1400 0.900714
1400 0.962143
1400 0.919286
1400 0.992857
1400 0.960714
1450 0.986207
1450 0.95931
1450 0.941379
1450 0.98069
1450 0.985517
1450 0.957931
1450 0.934483
1450 0.947586
1450 0.988276
1450 0.904828
1450 0.910345
1450 0.953793
1450 0.894483
1450 0.964828
1450 0.981379
1450 0.926207
1450 0.964828
1450 0.985517
1450 0.946207
1450 0.968966
1450 0.93931
1450 0.897241
1450 0.962759
1450 0.955862
1450 0.955862
1450 0.933793
1450 0.925517
1450 0.993793
1450 0.915862
1450 0.936552
1450 0.903448
1450 0.990345
1450 0.987586
1450 0.95931
1450 0.974483
1450 0.962759
1450 0.978621
1450 0.917931
1450 0.853103
1450 0.94069
1450 0.936552
1450 0.929655
1450 0.962069
1450 0.968966
1450 0.973103
1450 0.989655
1450 0.953793
1450 0.94
1450 0.94
1450 0.953103
1450 0.926207
1450 0.957931
1450 0.933103
1450 0.977241
1450 0.964138
1450 0.972414
1450 0.967586
1450 0.988276
1450 0.97931
1450 0.943448
1450 0.944138
1450 0.964828
1450 0.954483
1450 0.986897
1450 0.96069
1450 0.953103
1450 0.944828
1450 0.93931
1450 0.928966
1450 0.966207
1450 0.982759
1450 0.956552
1450 0.971724
1450 0.930345
1450 0.977931
1500 0.987333
1500 0.890667
1500 0.983333
1500 0.905333
1500 0.956667
1500 1
1500 0.967333
1500 0.918667
1500 0.903333
1500 0.954
1500 0.767333
1500 0.950667
1500 0.979333
1500 0.997333
1500 0.925333
1500 0.994
1500 0.912667
1500 0.948
1500 0.992
1500 0.997333
1500 0.972
1500 0.966667
1500 0.984667
1500 0.984667
1500 0.978
1500 0.976667
1500 0.906667
1500 0.942667
1500 0.99
1500 0.948
1500 0.931333
1500 1
1500 0.962667
1500 0.989333
1500 0.918
1500 0.932667
1500 0.944
1500 0.902
1500 0.986
1500 0.975333
1500 0.922
1500 0.988
1500 0.939333
1500 0.954667
1500 0.964
1500 0.993333
1500 0.977333
1500 0.986
1500 0.979333
1500 0.939333
1500 0.944667
1500 0.974667
1500 0.983333
1500 0.997333
1500 0.986
1500 0.970667
1500 0.972
1500 0.998
1500 0.947333
1500 0.984
1500 0.985333
1500 0.981333
1500 0.926
1500 0.946667
1500 0.994667
1500 0.975333
1500 0.958
1500 0.946
1500 0.987333
1500 0.945333
1500 0.949333
1500 0.962
1500 0.946667
1500 0.903333
1500 0.918667
1550 0.956774
1550 0.985806
1550 0.980645
1550 0.952903
1550 0.993548
1550 0.994194
1550 0.976129
1550 0.915484
1550 0.96129
1550 0.669677
1550 0.944516
1550 0.928387
1550 0.991613
1550 0.990323
1550 0.969032
1550 0.967097
1550 0.934839
1550 0.929032
1550 0.987742
1550 0.989677
1550 0.974839
1550 0.947742
1550 0.934839
1550 1
1550 0.985161
1550 0.964516
1550 0.947742
1550 0.969677
1550 0.994194
1550 0.947742
1550 0.922581
1550 0.980645
1550 0.956774
1550 0.928387
1550 0.973548
1550 0.984516
1550 0.990968
1550 0.96129
1550 0.984516
1550 0.951613
1550 0.926452
1550 0.912258
1550 0.976774
1550 0.975484
1550 0.949677
1550 0.934194
1550 0.970323
1550 0.952903
1550 0.933548
1550 0.983871
1550 0.885161
1550 0.936129
1550 0.974194
1550 0.981935
1550 0.963871
1550 0.929032
1550 0.987097
1550 0.982581
1550 0.96
1550 0.950323
1550 0.987097
1550 0.956774
1550 0.989032
1550 0.972903
1550 0.992903
1550 0.980645
1550 0.980645
1550 0.898065
1550 0.984516
1550 0.906452
1550 0.961935
1550 0.969677
1550 0.917419
1550 0.943871
1550 0.983226
1600 0.88625
1600 0.983125
1600 0.93625
1600 0.94875
1600 0.996875
1600 0.948125
1600 0.99375
1600 0.9475
1600 0.925625
1600 0.94375
1600 0.9425
1600 0.939375
1600 0.953125
1600 0.961875
1600 0.95875
1600 0.925625
1600 0.94375
1600 0.894375
1600 0.975
1600 0.978125
1600 0.96125
1600 0.9875
1600 0.963125
1600 0.92
1600 0.916875
1600 0.965625
1600 0.990625
1600 0.935
1600 0.93625
1600 0.9475
1600 0.911875
1600 0.976875
1600 0.95
1600 0.94875
1600 0.973125
1600 0.955625
1600 0.971875
1600 0.978125
1600 0.990625
1600 0.9775
1600 0.9775
1600 0.96625
1600 0.968125
1600 0.981875
1600 0.98375
1600 0.98375
1600 0.9725
1600 0.966875
1600 0.935
1600 0.899375
1600 0.97625
1600 0.964375
1600 0.9625
1600 0.9325
1600 0.935
1600 1
1600 0.935625
1600 0.991875
1600 0.97125
1600 0.9575
1600 0.995625
1600 0.975
1600 0.991875
1600 0.961875
1600 0.93125
1600 0.975
1600 0.956875
1600 0.93625
1600 0.970625
1600 0.966875
1600 0.91125
1600 0.9875
1600 0.976875
1600 0.9725
1600 0.86625
1650 0.979394
1650 0.96303
1650 0.925455
1650 0.953939
1650 0.927273
1650 0.987879
1650 0.961818
1650 0.973939
1650 0.970909
1650 0.910303
1650 0.912727
1650 0.975152
1650 0.970303
1650 0.941818
1650 0.96303
1650 0.99697
1650 0.986061
1650 0.913333
1650 0.981212
1650 0.998788
1650 0.978788
1650 0.930909
1650 0.980606
1650 0.929091
1650 0.953939
1650 0.961818
1650 0.967879
1650 0.975758
1650 0.948485
1650 0.971515
1650 0.971515
1650 0.898788
1650 0.969697
1650 0.997576
1650 0.941212
1650 0.96303
1650 0.952121
1650 0.957576
1650 0.968485
1650 0.925455
1650 0.998182
1650 0.970909
1650 0.930909
1650 0.909697
1650 0.995152
1650 0.935758
1650 0.96303
1650 0.942424
1650 0.959394
1650 0.967273
1650 0.975152
1650 0.933939
1650 0.98303
1650 0.981212
1650 0.977576
1650 0.969091
1650 0.969697
1650 0.987273
1650 0.861212
1650 0.950303
1650 0.966667
1650 0.940606
1650 0.930303
1650 0.927879
1650 1
1650 0.927879
1650 0.975152
1650 0.954545
1650 0.972727
1650 0.974545
1650 0.944242
1650 0.978182
1650 0.964848
1650 0.861818
1650 0.99697
1700 0.974118
1700 0.946471
1700 0.900588
1700 0.981176
1700 0.915882
1700 0.941176
1700 0.923529
1700 0.93
1700 0.957059
1700 0.951765
1700 0.936471
1700 0.976471
1700 0.914706
1700 0.985882
1700 0.941176
1700 0.988824
1700 0.946471
1700 0.961765
1700 0.937059
1700 0.984118
1700 0.963529
1700 0.920588
1700 0.911176
1700 0.910588
1700 0.963529
1700 0.967059
1700 0.942941
1700 0.981765
1700 0.964118
1700 0.961765
1700 0.947647
1700 0.930588
1700 0.974706
1700 0.982353
1700 0.985294
1700 0.921765
1700 0.949412
1700 0.938235
1700 0.970588
1700 0.974118
1700 0.990588
1700 0.867647
1700 0.987647
1700 0.962941
1700 0.997059
1700 0.852353
1700 0.955882
1700 0.947647
1700 0.981765
1700 0.918235
1700 0.958235
1700 0.942353
1700 0.982941
1700 0.973529
1700 0.971765
1700 0.989412
1700 0.977647
1700 0.910588
1700 0.957059
1700 0.915882
1700 0.942941
1700 0.951176
1700 0.963529
1700 0.99
1700 0.992353
1700 0.944118
1700 0.905882
1700 0.941176
1700 0.994118
1700 0.98
1700 0.965882
1700 0.937647
1700 0.973529
1700 0.937647
1700 0.970588
1750 0.996
1750 0.948571
1750 0.948
1750 0.92
1750 0.953714
1750 0.962857
1750 0.960571
1750 0.94
1750 0.881143
1750 0.961714
1750 0.965714
1750 0.945143
1750 0.893143
1750 0.979429
1750 0.925143
1750 0.987429
1750 0.957143
1750 0.930857
1750 0.974857
1750 0.972
1750 0.966857
1750 0.961714
1750 0.973143
1750 0.945143
1750 0.952
1750 0.967429
1750 0.950857
1750 0.942286
1750 0.927429
1750 0.968
1750 0.932571
1750 0.962286
1750 0.946857
1750 0.995429
1750 0.922857
1750 0.964
1750 0.948571
1750 0.969143
1750 0.938286
1750 0.991429
1750 0.938857
1750 0.959429
1750 0.947429
1750 0.996
1750 0.913143
1750 0.975429
1750 0.964571
1750 0.965143
1750 0.934857
1750 0.954857
1750 0.942286
1750 0.964571
1750 0.988
1750 0.962286
1750 0.986286
1750 0.994857
1750 0.963429
1750 0.960571
1750 0.909143
1750 0.992
1750 0.984
1750 0.957714
1750 0.946286
1750 0.946857
1750 0.957714
1750 0.986286
1750 0.949143
1750 0.997143
1750 0.927429
1750 0.897714
1750 0.517143
1750 0.923429
1750 0.939429
1750 0.968571
1750 0.837714
1800 0.995
1800 0.947778
1800 0.973889
1800 0.917222
1800 0.957222
1800 0.957778
1800 0.937222
1800 0.937222
1800 0.986667
1800 0.972778
1800 0.913889
1800 1
1800 0.938333
1800 0.963889
1800 0.963889
1800 0.928333
1800 0.959444
1800 0.947778
1800 0.968333
1800 0.953333
1800 0.978889
1800 0.991667
1800 1
1800 0.994444
1800 0.978889
1800 0.961111
1800 0.976667
1800 0.922778
1800 0.945556
1800 0.947222
1800 0.938333
1800 0.967778
1800 0.962778
1800 0.991667
1800 0.987778
1800 0.925556
1800 0.933889
1800 0.982222
1800 0.992778
1800 0.961111
1800 0.986111
1800 0.954444
1800 0.942222
1800 0.996111
1800 0.977778
1800 0.955556
1800 0.95
1800 0.972222
1800 0.973889
1800 0.897778
1800 0.945
1800 0.887778
1800 0.923333
1800 0.931667
1800 0.973333
1800 0.941667
1800 0.967222
1800 0.979444
1800 0.955
1800 0.988333
1800 0.943889
1800 0.985
1800 0.956667
1800 0.935556
1800 0.975
1800 0.985556
1800 0.983889
1800 0.988889
1800 0.992222
1800 0.953889
1800 0.994444
1800 0.943889
1800 0.991667
1800 0.937222
1800 0.996111
1850 0.935135
1850 0.948649
1850 0.993514
1850 0.972973
1850 0.959459
1850 0.968649
1850 0.953514
1850 0.982703
1850 0.935135
1850 0.931351
1850 0.971351
1850 0.946486
1850 0.966486
1850 0.917297
1850 0.929189
1850 0.941081
1850 0.98973
1850 0.96973
1850 0.976757
1850 0.89027
1850 0.964324
1850 0.936216
1850 0.935676
1850 0.985405
1850 0.902703
1850 0.937297
1850 0.976216
1850 0.92973
1850 0.947568
1850 0.962703
1850 0.998378
1850 0.950811
1850 0.984324
1850 0.933514
1850 0.955676
1850 0.973514
1850 0.964865
1850 0.983784
1850 0.956216
1850 0.960541
1850 0.998378
1850 0.976757
1850 0.965946
1850 0.973514
1850 0.997297
1850 0.979459
1850 0.982703
1850 0.918919
1850 0.998919
1850 0.90973
1850 0.935135
1850 0.999459
1850 0.983784
1850 0.976757
1850 0.978378
1850 0.987027
1850 0.951351
1850 0.957297
1850 0.985405
1850 0.992432
1850 0.972973
1850 0.995135
1850 0.9
1850 0.916216
1850 0.942162
1850 0.98
1850 0.946486
1850 0.978378
1850 0.951351
1850 0.942703
1850 0.981081
1850 0.984324
1850 0.965405
1850 0.910811
1850 0.950811
1900 0.973684
1900 0.965263
1900 0.989474
1900 0.967368
1900 0.942632
1900 0.945789
1900 0.943158
1900 0.961579
1900 0.963158
1900 0.994211
1900 0.992105
1900 0.943684
1900 0.99
1900 0.971053
1900 0.968421
1900 0.955263
1900 0.967368
1900 0.94
1900 0.887368
1900 0.951053
1900 0.96
1900 0.947895
1900 0.975263
1900 0.927368
1900 0.868421
1900 0.961579
1900 0.993684
1900 0.965263
1900 0.975789
1900 0.930526
1900 0.936842
1900 0.967895
1900 0.967895
1900 0.938947
1900 0.971053
1900 0.984737
1900 0.932632
1900 0.950526
1900 0.972632
1900 0.954211
1900 0.950526
1900 0.963158
1900 0.982105
1900 0.988421
1900 0.957895
1900 0.953158
1900 0.994211
1900 0.944737
1900 0.955789
1900 0.954737
1900 0.963158
1900 0.97
1900 0.983684
1900 0.963158
1900 0.982632
1900 0.956316
1900 0.986842
1900 0.958947
1900 0.943158
1900 0.979474
1900 0.971053
1900 0.921579
1900 0.995263
1900 0.977368
1900 0.951579
1900 0.978947
1900 0.973158
1900 0.958947
1900 0.945789
1900 0.951053
1900 0.968947
1900 0.961053
1900 0.996842
1900 0.977895
1900 0.954737
1950 0.928205
1950 0.952308
1950 0.978462
1950 0.978462
1950 0.956923
1950 0.954359
1950 0.978462
1950 0.957949
1950 0.937436
1950 0.998974
1950 0.945128
1950 0.934872
1950 0.933333
1950 0.926667
1950 0.959487
1950 0.947692
1950 0.985641
1950 0.961026
1950 0.969744
1950 0.911282
1950 0.930256
1950 0.977436
1950 0.965641
1950 0.948205
1950 0.998462
1950 0.974359
1950 0.988205
1950 0.992821
1950 0.989744
1950 0.925641
1950 0.971795
1950 0.947179
1950 0.94359
1950 0.96
1950 0.98359
1950 0.955385
1950 0.932821
1950 0.948718
1950 0.951795
1950 0.991282
1950 0.952821
1950 0.951795
1950 0.969744
1950 0.912308
1950 0.997949
1950 0.98
1950 0.953333
1950 0.970256
1950 0.940513
1950 0.957949
1950 0.956923
1950 0.945128
1950 0.944103
1950 0.999487
1950 0.96359
1950 0.949231
1950 0.988205
1950 0.98359
1950 0.970769
1950 0.997436
1950 0.939487
1950 0.949744
1950 0.964103
1950 0.955385
1950 0.959487
1950 0.908205
1950 0.998974
1950 0.922564
1950 0.944615
1950 0.890256
1950 0.996923
1950 0.953333
1950 0.987692
1950 1
1950 0.892821
2000 0.9625
2000 0.994
2000 0.93
2000 0.9525
2000 0.9275
2000 0.931
2000 0.97
2000 0.9895
2000 0.9975
2000 0.952
2000 0.9965
2000 0.923
2000 0.9785
2000 0.959
2000 0.9805
2000 0.9765
2000 0.897
2000 0.9635
2000 0.9825
2000 0.9985
2000 0.9855
2000 0.9335
2000 0.972
2000 0.9405
2000 0.9965
2000 0.96
2000 0.9965
2000 0.9365
2000 0.9215
2000 0.921
2000 0.953
2000 0.9665
2000 0.972
2000 0.9795
2000 0.992
2000 0.9495
2000 0.9875
2000 0.941
2000 0.9375
2000 0.9515
2000 0.981
2000 0.969
2000 1
2000 0.951
2000 0.9945
2000 0.9835
2000 0.8965
2000 0.9655
2000 0.9745
2000 0.9675
2000 0.9875
2000 0.998
2000 0.951
2000 0.931
2000 0.9265
2000 0.9725
2000 0.977
2000 0.943
2000 0.993
2000 0.9695
2000 0.953
2000 0.9335
2000 0.943
2000 0.962
2000 0.9525
2000 0.9675
2000 0.9035
2000 0.964
2000 0.9595
2000 0.972
2000 0.9415
2000 0.956
2000 0.9875
2000 0.9665
2000 0.9505
