50 0.58
50 0.14
50 0
50 0.38
50 0.42
50 0
50 0.4
50 0.44
50 0.02
50 0.22
50 0.24
50 0
50 0.16
50 0.1
50 0
50 0
50 0
50 0.16
50 0.18
50 0.42
50 0.18
50 0
50 0.24
50 0.08
50 0.2
50 0.38
50 0.06
50 0.22
50 0.34
50 0.26
50 0.34
50 0
50 0.02
50 0.24
50 0
50 0.06
50 0.3
50 0.06
50 0
50 0.02
50 0.02
50 0.22
50 0.14
50 0.74
50 0
50 0.22
50 0.18
50 0.12
50 0.38
50 0.28
50 0.42
50 0.16
50 0.06
50 0.14
50 0.28
50 0.32
50 0
50 0.2
50 0.08
50 0.08
50 0.42
50 0.28
50 0
50 0
50 0
50 0.28
50 0.12
50 0.16
50 0.48
50 0
50 0.16
50 0.1
50 0.24
50 0.62
50 0.08
100 0.23
100 0
100 0.22
100 0.32
100 0.52
100 0.45
100 0.41
100 0.26
100 0.37
100 0.33
100 0.64
100 0.04
100 0.47
100 0.36
100 0.64
100 0.14
100 0.12
100 0.34
100 0.28
100 0.49
100 0.3
100 0.6
100 0.58
100 0.59
100 0.46
100 0.33
100 0.11
100 0.56
100 0.33
100 0.48
100 0.4
100 0.43
100 0.31
100 0.45
100 0.31
100 0.38
100 0.56
100 0.43
100 0.12
100 0.6
100 0.61
100 0.14
100 0.41
100 0.55
100 0.82
100 0
100 0.4
100 0.19
100 0.38
100 0.51
100 0.12
100 0.6
100 0.14
100 0.36
100 0.24
100 0.35
100 0.56
100 0.19
100 0.77
100 0.41
100 0.4
100 0.16
100 0.27
100 0.58
100 0.52
100 0.08
100 0.44
100 0.04
100 0.57
100 0.3
100 0.6
100 0.49
100 0.09
100 0
100 0.19
150 0.546667
150 0.553333
150 0.726667
150 0.493333
150 0.473333
150 0.32
150 0.466667
150 0.233333
150 0.693333
150 0.48
150 0.146667
150 0.426667
150 0.586667
150 0.54
150 0.68
150 0.5
150 0.5
150 0.153333
150 0.253333
150 0.713333
150 0.54
150 0.646667
150 0.593333
150 0.46
150 0.7
150 0.74
150 0.493333
150 0.5
150 0.173333
150 0.54
150 0.613333
150 0.186667
150 0.446667
150 0.5
150 0.613333
150 0.573333
150 0.273333
150 0.406667
150 0.573333
150 0.106667
150 0.773333
150 0.326667
150 0.28
150 0.486667
150 0.393333
150 0.146667
150 0.473333
150 0.54
150 0.5
150 0.113333
150 0.533333
150 0.406667
150 0.373333
150 0.4
150 0.453333
150 0.626667
150 0.393333
150 0.713333
150 0.0533333
150 0.553333
150 0.36
150 0.613333
150 0.426667
150 0.106667
150 0.133333
150 0.773333
150 0.446667
150 0.4
150 0.54
150 0.553333
150 0.68
150 0.473333
150 0.233333
150 0.56
150 0.3
200 0.19
200 0.445
200 0.54
200 0.7
200 0.65
200 0.295
200 0.545
200 0.775
200 0.52
200 0.645
200 0.525
200 0.535
200 0.52
200 0.78
200 0.58
200 0.43
200 0.41
200 0.48
200 0.67
200 0.785
200 0.4
200 0.415
200 0.205
200 0.645
200 0.475
200 0.58
200 0.815
200 0.44
200 0.18
200 0.675
200 0.44
200 0.565
200 0.585
200 0.525
200 0.27
200 0.595
200 0.35
200 0.56
200 0.475
200 0.48
200 0.67
200 0.805
200 0.65
200 0.545
200 0.635
200 0.505
200 0.365
200 0.545
200 0.675
200 0.625
200 0.475
200 0.345
200 0.655
200 0.17
200 0.525
200 0.51
200 0.495
200 0.475
200 0.78
200 0.81
200 0.105
200 0.695
200 0.71
200 0.745
200 0.7
200 0.525
200 0.53
200 0.74
200 0.435
200 0.63
200 0.72
200 0.38
200 0.655
200 0.645
200 0.315
250 0.732
250 0.676
250 0.672
250 0.648
250 0.524
250 0.812
250 0.532
250 0.568
250 0.636
250 0.576
250 0.772
250 0.352
250 0.808
250 0.648
250 0.684
250 0.492
250 0.66
250 0.652
250 0.688
250 0.504
250 0.76
250 0.6
250 0.684
250 0.368
250 0.872
250 0.44
250 0.596
250 0.768
250 0.472
250 0.68
250 0.444
250 0.516
250 0.56
250 0.588
250 0.52
250 0.568
250 0.464
250 0.564
250 0.496
250 0.028
250 0.572
250 0.412
250 0.772
250 0.28
250 0.74
250 0.66
250 0.764
250 0.404
250 0.732
250 0.484
250 0.608
250 0.548
250 0.488
250 0.572
250 0.484
250 0.604
250 0.8
250 0.536
250 0.516
250 0.612
250 0.376
250 0.752
250 0.516
250 0.584
250 0.676
250 0.496
250 0.784
250 0.64
250 0.804
250 0.42
250 0.292
250 0.492
250 0.576
250 0.168
250 0.724
300 0.773333
300 0.75
300 0.666667
300 0.643333
300 0.573333
300 0.396667
300 0.73
300 0.153333
300 0.516667
300 0.746667
300 0.333333
300 0.413333
300 0.74
300 0.603333
300 0.633333
300 0.696667
300 0.306667
300 0.413333
300 0.466667
300 0.77
300 0.583333
300 0.163333
300 0.583333
300 0.7
300 0.526667
300 0.503333
300 0.696667
300 0.623333
300 0.25
300 0.65
300 0.533333
300 0.743333
300 0.47
300 0.616667
300 0.676667
300 0.663333
300 0.656667
300 0.77
300 0.583333
300 0.516667
300 0.523333
300 0.403333
300 0.44
300 0.473333
300 0.59
300 0.656667
300 0.676667
300 0.38
300 0.296667
300 0.66
300 0.7
300 0.736667
300 0.493333
300 0.67
300 0.793333
300 0.453333
300 0.6
300 0.57
300 0.7
300 0.676667
300 0.45
300 0.65
300 0.636667
300 0.59
300 0.656667
300 0.583333
300 0.54
300 0.476667
300 0.693333
300 0.743333
300 0.51
300 0.35
300 0.713333
300 0.69
300 0.55
350 0.671429
350 0.728571
350 0.562857
350 0.617143
350 0.602857
350 0.222857
350 0.585714
350 0.748571
350 0.48
350 0.402857
350 0.722857
350 0.611429
350 0.345714
350 0.468571
350 0.734286
350 0.76
350 0.431429
350 0.674286
350 0.78
350 0.534286
350 0.534286
350 0.488571
350 0.568571
350 0.702857
350 0.36
350 0.808571
350 0.674286
350 0.434286
350 0.4
350 0.565714
350 0.42
350 0.808571
350 0.371429
350 0.405714
350 0.834286
350 0.711429
350 0.722857
350 0.262857
350 0.788571
350 0.548571
350 0.725714
350 0.448571
350 0.588571
350 0.674286
350 0.622857
350 0.637143
350 0.08
350 0.705714
350 0.548571
350 0.762857
350 0.577143
350 0.562857
350 0.757143
350 0.785714
350 0.702857
350 0.308571
350 0.725714
350 0.885714
350 0.602857
350 0.374286
350 0.642857
350 0.351429
350 0.765714
350 0.317143
350 0.457143
350 0.68
350 0.574286
350 0.748571
350 0.745714
350 0.757143
350 0.342857
350 0.428571
350 0.477143
350 0.565714
350 0.602857
400 0.34
400 0.555
400 0.5475
400 0.6975
400 0.8
400 0.635
400 0.5975
400 0.5225
400 0.515
400 0.335
400 0.8475
400 0.75
400 0.4175
400 0.7325
400 0.5675
400 0.45
400 0.62
400 0.545
400 0.815
400 0.5375
400 0.59
400 0.4875
400 0.755
400 0.8325
400 0.7075
400 0.3575
400 0.6725
400 0.635
400 0.6325
400 0.7125
400 0.755
400 0.6525
400 0.75
400 0.5925
400 0.59
400 0.52
400 0.705
400 0.3975
400 0.655
400 0.4725
400 0.795
400 0.8575
400 0.6025
400 0.705
400 0.6525
400 0.595
400 0.62
400 0.3875
400 0.61
400 0.765
400 0.545
400 0.6525
400 0.72
400 0.67
400 0.7025
400 0.5225
400 0.645
400 0.54
400 0.605
400 0.49
400 0.835
400 0.145
400 0.355
400 0.38
400 0.6725
400 0.7325
400 0.7475
400 0.3975
400 0.59
400 0.6075
400 0.745
400 0.665
400 0.6325
400 0.6075
400 0.6025
450 0.68
450 0.677778
450 0.217778
450 0.577778
450 0.588889
450 0.713333
450 0.626667
450 0.713333
450 0.74
450 0.846667
450 0.604444
450 0.691111
450 0.444444
450 0.704444
450 0.584444
450 0.304444
450 0.744444
450 0.768889
450 0.722222
450 0.706667
450 0.728889
450 0.497778
450 0.628889
450 0.575556
450 0.588889
450 0.76
450 0.675556
450 0.611111
450 0.382222
450 0.624444
450 0.835556
450 0.575556
450 0.695556
450 0.517778
450 0.753333
450 0.642222
450 0.668889
450 0.586667
450 0.515556
450 0.504444
450 0.542222
450 0.431111
450 0.495556
450 0.848889
450 0.653333
450 0.737778
450 0.675556
450 0.693333
450 0.371111
450 0.737778
450 0.577778
450 0.626667
450 0.548889
450 0.56
450 0.577778
450 0.771111
450 0.448889
450 0.628889
450 0.304444
450 0.633333
450 0.531111
450 0.668889
450 0.453333
450 0.613333
450 0.688889
450 0.637778
450 0.5
450 0.442222
450 0.233333
450 0.586667
450 0.6
450 0.715556
450 0.766667
450 0.171111
450 0.4
500 0.714
500 0.432
500 0.662
500 0.674
500 0.654
500 0.664
500 0.83
500 0.678
500 0.338
500 0.708
500 0.576
500 0.752
500 0.624
500 0.802
500 0.686
500 0.596
500 0.618
500 0.808
500 0.472
500 0.614
500 0.642
500 0.686
500 0.686
500 0.258
500 0.488
500 0.724
500 0.51
500 0.546
500 0.468
500 0.6
500 0.398
500 0.582
500 0.56
500 0.6
500 0.11
500 0.704
500 0.6
500 0.342
500 0.59
500 0.588
500 0.53
500 0.726
500 0.598
500 0.56
500 0.778
500 0.378
500 0.662
500 0.776
500 0.718
500 0.588
500 0.722
500 0.74
500 0.446
500 0.416
500 0.642
500 0.736
500 0.428
500 0.684
500 0.568
500 0.694
500 0.646
500 0.558
500 0.4
500 0.652
500 0.478
500 0.576
500 0.708
500 0.358
500 0.83
500 0.686
500 0.556
500 0.482
500 0.674
500 0.68
500 0.646
550 0.605455
550 0.572727
550 0.707273
550 0.7
550 0.747273
550 0.529091
550 0.707273
550 0.710909
550 0.690909
550 0.778182
550 0.625455
550 0.774545
550 0.370909
550 0.654545
550 0.785455
550 0.756364
550 0.66
550 0.730909
550 0.774545
550 0.745455
550 0.716364
550 0.170909
550 0.794545
550 0.634545
550 0.732727
550 0.621818
550 0.712727
550 0.598182
550 0.690909
550 0.710909
550 0.674545
550 0.532727
550 0.62
550 0.256364
550 0.430909
550 0.723636
550 0.714545
550 0.587273
550 0.525455
550 0.563636
550 0.578182
550 0.5
550 0.787273
550 0.810909
550 0.658182
550 0.714545
550 0.263636
550 0.836364
550 0.705455
550 0.670909
550 0.632727
550 0.658182
550 0.596364
550 0.507273
550 0.56
550 0.567273
550 0.627273
550 0.503636
550 0.725455
550 0.358182
550 0.694545
550 0.729091
550 0.603636
550 0.658182
550 0.650909
550 0.745455
550 0.652727
550 0.78
550 0.581818
550 0.616364
550 0.363636
550 0.825455
550 0.589091
550 0.587273
550 0.829091
600 0.59
600 0.428333
600 0.641667
600 0.276667
600 0.645
600 0.64
600 0.801667
600 0.72
600 0.515
600 0.761667
600 0.728333
600 0.828333
600 0.648333
600 0.541667
600 0.55
600 0.621667
600 0.713333
600 0.281667
600 0.633333
600 0.336667
600 0.465
600 0.645
600 0.588333
600 0.448333
600 0.673333
600 0.703333
600 0.455
600 0.675
600 0.8
600 0.821667
600 0.635
600 0.521667
600 0.68
600 0.543333
600 0.585
600 0.611667
600 0.465
600 0.69
600 0.72
600 0.69
600 0.573333
600 0.568333
600 0.568333
600 0.535
600 0.753333
600 0.791667
600 0.705
600 0.496667
600 0.831667
600 0.54
600 0.616667
600 0.233333
600 0.56
600 0.58
600 0.615
600 0.758333
600 0.658333
600 0.685
600 0.591667
600 0.696667
600 0.755
600 0.685
600 0.488333
600 0.675
600 0.658333
600 0.713333
600 0.743333
600 0.758333
600 0.825
600 0.681667
600 0.753333
600 0.541667
600 0.711667
600 0.343333
600 0.593333
650 0.650769
650 0.6
650 0.535385
650 0.698462
650 0.675385
650 0.712308
650 0.546154
650 0.678462
650 0.686154
650 0.72
650 0.595385
650 0.755385
650 0.561538
650 0.68
650 0.58
650 0.755385
650 0.695385
650 0.613846
650 0.812308
650 0.78
650 0.601538
650 0.341538
650 0.752308
650 0.478462
650 0.676923
650 0.641538
650 0.690769
650 0.658462
650 0.696923
650 0.830769
650 0.741538
650 0.744615
650 0.458462
650 0.738462
650 0.573846
650 0.753846
650 0.566154
650 0.715385
650 0.527692
650 0.8
650 0.64
650 0.710769
650 0.704615
650 0.553846
650 0.621538
650 0.707692
650 0.743077
650 0.595385
650 0.436923
650 0.564615
650 0.638462
650 0.510769
650 0.621538
650 0.756923
650 0.590769
650 0.581538
650 0.741538
650 0.443077
650 0.507692
650 0.587692
650 0.581538
650 0.504615
650 0.741538
650 0.392308
650 0.736923
650 0.621538
650 0.749231
650 0.613846
650 0.561538
650 0.550769
650 0.481538
650 0.829231
650 0.752308
650 0.767692
650 0.723077
700 0.717143
700 0.795714
700 0.467143
700 0.425714
700 0.701429
700 0.632857
700 0.621429
700 0.495714
700 0.682857
700 0.688571
700 0.777143
700 0.642857
700 0.57
700 0.801429
700 0.701429
700 0.564286
700 0.662857
700 0.688571
700 0.698571
700 0.584286
700 0.554286
700 0.778571
700 0.338571
700 0.697143
700 0.664286
700 0.488571
700 0.67
700 0.61
700 0.777143
700 0.557143
700 0.541429
700 0.641429
700 0.675714
700 0.74
700 0.605714
700 0.731429
700 0.678571
700 0.48
700 0.567143
700 0.617143
700 0.61
700 0.71
700 0.755714
700 0.727143
700 0.548571
700 0.734286
700 0.622857
700 0.782857
700 0.578571
700 0.648571
700 0.215714
700 0.57
700 0.788571
700 0.415714
700 0.571429
700 0.467143
700 0.698571
700 0.548571
700 0.495714
700 0.565714
700 0.557143
700 0.525714
700 0.735714
700 0.355714
700 0.677143
700 0.738571
700 0.727143
700 0.604286
700 0.64
700 0.721429
700 0.677143
700 0.682857
700 0.684286
700 0.712857
700 0.794286
750 0.676
750 0.748
750 0.556
750 0.52
750 0.608
750 0.434667
750 0.710667
750 0.590667
750 0.641333
750 0.612
750 0.652
750 0.697333
750 0.721333
750 0.646667
750 0.730667
750 0.7
750 0.422667
750 0.518667
750 0.765333
750 0.738667
750 0.466667
750 0.468
750 0.653333
750 0.832
750 0.778667
750 0.709333
750 0.34
750 0.701333
750 0.529333
750 0.697333
750 0.522667
750 0.792
750 0.769333
750 0.534667
750 0.821333
750 0.630667
750 0.8
750 0.804
750 0.548
750 0.506667
750 0.714667
750 0.572
750 0.646667
750 0.446667
750 0.6
750 0.788
750 0.636
750 0.638667
750 0.646667
750 0.722667
750 0.513333
750 0.725333
750 0.657333
750 0.858667
750 0.78
750 0.734667
750 0.582667
750 0.681333
750 0.452
750 0.349333
750 0.690667
750 0.434667
750 0.721333
750 0.656
750 0.625333
750 0.825333
750 0.722667
750 0.792
750 0.796
750 0.805333
750 0.648
750 0.62
750 0.542667
750 0.698667
750 0.836
800 0.7975
800 0.51875
800 0.715
800 0.6325
800 0.6825
800 0.82
800 0.8
800 0.43125
800 0.72875
800 0.76
800 0.69625
800 0.7325
800 0.705
800 0.61125
800 0.79125
800 0.53125
800 0.68
800 0.74375
800 0.7425
800 0.4675
800 0.685
800 0.445
800 0.49875
800 0.59625
800 0.39125
800 0.67625
800 0.6025
800 0.30875
800 0.43
800 0.78625
800 0.78
800 0.7325
800 0.74375
800 0.625
800 0.765
800 0.68875
800 0.70875
800 0.60125
800 0.70625
800 0.6825
800 0.6725
800 0.7625
800 0.745
800 0.6225
800 0.6825
800 0.73625
800 0.68125
800 0.62125
800 0.5675
800 0.73625
800 0.66625
800 0.4725
800 0.72375
800 0.385
800 0.41375
800 0.59
800 0.66125
800 0.6125
800 0.66125
800 0.66125
800 0.66
800 0.66125
800 0.2
800 0.6675
800 0.72
800 0.54125
800 0.6125
800 0.80125
800 0.615
800 0.8875
800 0.23
800 0.38
800 0.53
800 0.78
800 0.8275
850 0.684706
850 0.590588
850 0.748235
850 0.554118
850 0.458824
850 0.74
850 0.657647
850 0.338824
850 0.736471
850 0.494118
850 0.689412
850 0.721176
850 0.644706
850 0.551765
850 0.54
850 0.450588
850 0.377647
850 0.536471
850 0.598824
850 0.750588
850 0.807059
850 0.869412
850 0.591765
850 0.491765
850 0.723529
850 0.685882
850 0.601176
850 0.741176
850 0.810588
850 0.642353
850 0.292941
850 0.647059
850 0.770588
850 0.748235
850 0.778824
850 0.669412
850 0.631765
850 0.435294
850 0.644706
850 0.756471
850 0.743529
850 0.724706
850 0.694118
850 0.818824
850 0.725882
850 0.703529
850 0.503529
850 0.761176
850 0.671765
850 0.515294
850 0.768235
850 0.583529
850 0.64
850 0.625882
850 0.377647
850 0.565882
850 0.422353
850 0.170588
850 0.623529
850 0.737647
850 0.664706
850 0.632941
850 0.602353
850 0.625882
850 0.787059
850 0.784706
850 0.797647
850 0.664706
850 0.681176
850 0.661176
850 0.812941
850 0.722353
850 0.597647
850 0.621176
850 0.756471
900 0.85
900 0.607778
900 0.674444
900 0.777778
900 0.383333
900 0.578889
900 0.491111
900 0.772222
900 0.81
900 0.733333
900 0.618889
900 0.445556
900 0.654444
900 0.712222
900 0.725556
900 0.674444
900 0.633333
900 0.788889
900 0.236667
900 0.632222
900 0.693333
900 0.757778
900 0.583333
900 0.63
900 0.685556
900 0.737778
900 0.493333
900 0.452222
900 0.76
900 0.497778
900 0.648889
900 0.681111
900 0.635556
900 0.444444
900 0.406667
900 0.672222
900 0.647778
900 0.787778
900 0.603333
900 0.598889
900 0.573333
900 0.472222
900 0.726667
900 0.618889
900 0.594444
900 0.635556
900 0.713333
900 0.432222
900 0.755556
900 0.693333
900 0.563333
900 0.756667
900 0.577778
900 0.691111
900 0.716667
900 0.538889
900 0.528889
900 0.757778
900 0.475556
900 0.475556
900 0.773333
900 0.768889
900 0.505556
900 0.645556
900 0.661111
900 0.695556
900 0.49
900 0.605556
900 0.49
900 0.662222
900 0.622222
900 0.396667
900 0.731111
900 0.748889
900 0.707778
950 0.734737
950 0.834737
950 0.750526
950 0.757895
950 0.684211
950 0.694737
950 0.684211
950 0.716842
950 0.482105
950 0.807368
950 0.684211
950 0.714737
950 0.672632
950 0.674737
950 0.516842
950 0.731579
950 0.769474
950 0.590526
950 0.718947
950 0.458947
950 0.807368
950 0.751579
950 0.522105
950 0.744211
950 0.605263
950 0.615789
950 0.726316
950 0.502105
950 0.789474
950 0.613684
950 0.721053
950 0.542105
950 0.502105
950 0.696842
950 0.605263
950 0.606316
950 0.604211
950 0.709474
950 0.538947
950 0.665263
950 0.607368
950 0.785263
950 0.525263
950 0.793684
950 0.649474
950 0.807368
950 0.684211
950 0.74
950 0.768421
950 0.641053
950 0.64
950 0.609474
950 0.78
950 0.694737
950 0.856842
950 0.822105
950 0.748421
950 0.767368
950 0.775789
950 0.765263
950 0.664211
950 0.566316
950 0.762105
950 0.634737
950 0.688421
950 0.613684
950 0.473684
950 0.770526
950 0.62
950 0.707368
950 0.741053
950 0.818947
950 0.777895
950 0.665263
950 0.708421
1000 0.622
1000 0.631
1000 0.822
1000 0.5
1000 0.638
1000 0.731
1000 0.635
1000 0.754
1000 0.631
1000 0.567
1000 0.542
1000 0.799
1000 0.591
1000 0.781
1000 0.801
1000 0.672
1000 0.655
1000 0.281
1000 0.72
1000 0.529
1000 0.641
1000 0.521
1000 0.679
1000 0.571
1000 0.38
1000 0.535
1000 0.731
1000 0.681
1000 0.632
1000 0.658
1000 0.808
1000 0.82
1000 0.687
1000 0.622
1000 0.607
1000 0.643
1000 0.741
1000 0.669
1000 0.657
1000 0.489
1000 0.77
1000 0.611
1000 0.328
1000 0.719
1000 0.646
1000 0.735
1000 0.762
1000 0.615
1000 0.747
1000 0.462
1000 0.586
1000 0.679
1000 0.687
1000 0.565
1000 0.383
1000 0.636
1000 0.771
1000 0.423
1000 0.725
1000 0.509
1000 0.66
1000 0.523
1000 0.671
1000 0.753
1000 0.663
1000 0.693
1000 0.624
1000 0.639
1000 0.485
1000 0.679
1000 0.885
1000 0.857
1000 0.88
1000 0.683
1000 0.748
1050 0.411429
1050 0.787619
1050 0.812381
1050 0.792381
1050 0.16381
1050 0.76381
1050 0.644762
1050 0.404762
1050 0.752381
1050 0.784762
1050 0.755238
1050 0.394286
1050 0.653333
1050 0.773333
1050 0.566667
1050 0.717143
1050 0.558095
1050 0.679048
1050 0.431429
1050 0.78
1050 0.507619
1050 0.694286
1050 0.489524
1050 0.452381
1050 0.491429
1050 0.572381
1050 0.826667
1050 0.774286
1050 0.449524
1050 0.62
1050 0.704762
1050 0.550476
1050 0.766667
1050 0.679048
1050 0.782857
1050 0.51619
1050 0.582857
1050 0.778095
1050 0.418095
1050 0.601905
1050 0.634286
1050 0.74381
1050 0.633333
1050 0.571429
1050 0.82381
1050 0.782857
1050 0.704762
1050 0.83619
1050 0.635238
1050 0.469524
1050 0.81619
1050 0.60381
1050 0.782857
1050 0.726667
1050 0.804762
1050 0.520952
1050 0.573333
1050 0.739048
1050 0.513333
1050 0.644762
1050 0.738095
1050 0.74
1050 0.497143
1050 0.544762
1050 0.613333
1050 0.775238
1050 0.546667
1050 0.634286
1050 0.591429
1050 0.799048
1050 0.706667
1050 0.711429
1050 0.560952
1050 0.779048
1050 0.686667
1100 0.769091
1100 0.646364
1100 0.777273
1100 0.746364
1100 0.712727
1100 0.581818
1100 0.734545
1100 0.634545
1100 0.799091
1100 0.576364
1100 0.639091
1100 0.765455
1100 0.803636
1100 0.778182
1100 0.603636
1100 0.673636
1100 0.538182
1100 0.639091
1100 0.68
1100 0.495455
1100 0.646364
1100 0.677273
1100 0.770909
1100 0.700909
1100 0.719091
1100 0.678182
1100 0.728182
1100 0.640909
1100 0.744545
1100 0.425455
1100 0.741818
1100 0.643636
1100 0.631818
1100 0.74
1100 0.559091
1100 0.635455
1100 0.643636
1100 0.698182
1100 0.829091
1100 0.788182
1100 0.744545
1100 0.571818
1100 0.634545
1100 0.74
1100 0.646364
1100 0.736364
1100 0.714545
1100 0.64
1100 0.803636
1100 0.681818
1100 0.463636
1100 0.546364
1100 0.660909
1100 0.654545
1100 0.563636
1100 0.705455
1100 0.512727
1100 0.713636
1100 0.684545
1100 0.685455
1100 0.676364
1100 0.651818
1100 0.672727
1100 0.726364
1100 0.473636
1100 0.584545
1100 0.615455
1100 0.710909
1100 0.764545
1100 0.738182
1100 0.629091
1100 0.777273
1100 0.592727
1100 0.582727
1100 0.443636
1150 0.758261
1150 0.555652
1150 0.455652
1150 0.512174
1150 0.50087
1150 0.770435
1150 0.370435
1150 0.275652
1150 0.72
1150 0.775652
1150 0.62
1150 0.78
1150 0.463478
1150 0.746957
1150 0.475652
1150 0.586957
1150 0.538261
1150 0.733043
1150 0.781739
1150 0.465217
1150 0.717391
1150 0.515652
1150 0.721739
1150 0.54087
1150 0.587826
1150 0.752174
1150 0.80087
1150 0.74
1150 0.674783
1150 0.773043
1150 0.711304
1150 0.83913
1150 0.583478
1150 0.798261
1150 0.690435
1150 0.768696
1150 0.713043
1150 0.832174
1150 0.726087
1150 0.682609
1150 0.648696
1150 0.492174
1150 0.396522
1150 0.811304
1150 0.781739
1150 0.722609
1150 0.605217
1150 0.629565
1150 0.64087
1150 0.72
1150 0.618261
1150 0.689565
1150 0.45913
1150 0.633913
1150 0.601739
1150 0.42
1150 0.612174
1150 0.64087
1150 0.685217
1150 0.695652
1150 0.682609
1150 0.627826
1150 0.725217
1150 0.592174
1150 0.673913
1150 0.615652
1150 0.632174
1150 0.722609
1150 0.745217
1150 0.592174
1150 0.741739
1150 0.473913
1150 0.675652
1150 0.768696
1150 0.54
1200 0.455
1200 0.529167
1200 0.665833
1200 0.558333
1200 0.733333
1200 0.78
1200 0.5525
1200 0.799167
1200 0.740833
1200 0.498333
1200 0.838333
1200 0.800833
1200 0.6025
1200 0.7275
1200 0.595
1200 0.615833
1200 0.553333
1200 0.6175
1200 0.505833
1200 0.770833
1200 0.695
1200 0.6125
1200 0.79
1200 0.685833
1200 0.624167
1200 0.655833
1200 0.715833
1200 0.5225
1200 0.605
1200 0.733333
1200 0.806667
1200 0.796667
1200 0.855833
1200 0.5875
1200 0.805
1200 0.785833
1200 0.715
1200 0.68
1200 0.670833
1200 0.735
1200 0.774167
1200 0.671667
1200 0.646667
1200 0.4275
1200 0.565
1200 0.695
1200 0.718333
1200 0.744167
1200 0.524167
1200 0.328333
1200 0.615
1200 0.7
1200 0.765833
1200 0.465833
1200 0.691667
1200 0.499167
1200 0.5775
1200 0.530833
1200 0.645
1200 0.805833
1200 0.6725
1200 0.65
1200 0.741667
1200 0.654167
1200 0.774167
1200 0.7
1200 0.679167
1200 0.7625
1200 0.809167
1200 0.616667
1200 0.725833
1200 0.435833
1200 0.324167
1200 0.8225
1200 0.625833
1250 0.4848
1250 0.6656
1250 0.7152
1250 0.7304
1250 0.6712
1250 0.7904
1250 0.696
1250 0.5048
1250 0.592
1250 0.4392
1250 0.6056
1250 0.7144
1250 0.8056
1250 0.6256
1250 0.5192
1250 0.7304
1250 0.796
1250 0.624
1250 0.5672
1250 0.532
1250 0.5992
1250 0.544
1250 0.7192
1250 0.452
1250 0.7168
1250 0.736
1250 0.5384
1250 0.5872
1250 0.6928
1250 0.4032
1250 0.7688
1250 0.8064
1250 0.7632
1250 0.7912
1250 0.7888
1250 0.6312
1250 0.416
1250 0.7
1250 0.7224
1250 0.7416
1250 0.6224
1250 0.8216
1250 0.6968
1250 0.7432
1250 0.6496
1250 0.6984
1250 0.7224
1250 0.436
1250 0.584
1250 0.7824
1250 0.692
1250 0.7672
1250 0.772
1250 0.7816
1250 0.596
1250 0.7568
1250 0.7776
1250 0.5776
1250 0.2712
1250 0.7536
1250 0.7336
1250 0.5568
1250 0.6688
1250 0.7368
1250 0.4504
1250 0.6944
1250 0.652
1250 0.74
1250 0.5704
1250 0.6888
1250 0.7416
1250 0.7208
1250 0.5752
1250 0.5184
1250 0.7344
1300 0.734615
1300 0.550769
1300 0.801538
1300 0.207692
1300 0.770769
1300 0.519231
1300 0.606923
1300 0.767692
1300 0.59
1300 0.734615
1300 0.693846
1300 0.658462
1300 0.597692
1300 0.731538
1300 0.475385
1300 0.61
1300 0.752308
1300 0.642308
1300 0.631538
1300 0.786923
1300 0.79
1300 0.797692
1300 0.6
1300 0.673846
1300 0.828462
1300 0.687692
1300 0.68
1300 0.653077
1300 0.798462
1300 0.396923
1300 0.613846
1300 0.511538
1300 0.325385
1300 0.645385
1300 0.795385
1300 0.476923
1300 0.736154
1300 0.733846
1300 0.778462
1300 0.735385
1300 0.726923
1300 0.456154
1300 0.687692
1300 0.588462
1300 0.705385
1300 0.72
1300 0.741538
1300 0.610769
1300 0.677692
1300 0.679231
1300 0.566154
1300 0.786923
1300 0.746154
1300 0.65
1300 0.689231
1300 0.530769
1300 0.750769
1300 0.748462
1300 0.606154
1300 0.796923
1300 0.699231
1300 0.765385
1300 0.680769
1300 0.597692
1300 0.456154
1300 0.361538
1300 0.675385
1300 0.748462
1300 0.609231
1300 0.5
1300 0.643077
1300 0.643846
1300 0.617692
1300 0.646154
1300 0.691538
1350 0.833333
1350 0.834074
1350 0.537778
1350 0.636296
1350 0.667407
1350 0.793333
1350 0.767407
1350 0.679259
1350 0.742222
1350 0.751111
1350 0.777778
1350 0.504444
1350 0.591852
1350 0.75037
1350 0.46963
1350 0.714815
1350 0.722963
1350 0.86
1350 0.722222
1350 0.464444
1350 0.619259
1350 0.425926
1350 0.637778
1350 0.608889
1350 0.462222
1350 0.738519
1350 0.68963
1350 0.718519
1350 0.667407
1350 0.805926
1350 0.695556
1350 0.622222
1350 0.703704
1350 0.674074
1350 0.485185
1350 0.719259
1350 0.662963
1350 0.748889
1350 0.42963
1350 0.725185
1350 0.840741
1350 0.444444
1350 0.667407
1350 0.8
1350 0.683704
1350 0.803704
1350 0.636296
1350 0.758519
1350 0.602222
1350 0.664444
1350 0.718519
1350 0.733333
1350 0.605926
1350 0.562963
1350 0.662963
1350 0.723704
1350 0.811111
1350 0.676296
1350 0.78963
1350 0.682222
1350 0.784444
1350 0.618519
1350 0.625185
1350 0.16
1350 0.721481
1350 0.617037
1350 0.757778
1350 0.754815
1350 0.634074
1350 0.840741
1350 0.782963
1350 0.663704
1350 0.660741
1350 0.674074
1350 0.780741
1400 0.69
1400 0.687143
1400 0.74
1400 0.623571
1400 0.652857
1400 0.652857
1400 0.575714
1400 0.628571
1400 0.675
1400 0.499286
1400 0.746429
1400 0.826429
1400 0.771429
1400 0.605714
1400 0.661429
1400 0.422143
1400 0.757143
1400 0.68
1400 0.568571
1400 0.853571
1400 0.759286
1400 0.777143
1400 0.731429
1400 0.686429
1400 0.742143
1400 0.398571
1400 0.726429
1400 0.792143
1400 0.797143
1400 0.437143
1400 0.718571
1400 0.712143
1400 0.725
1400 0.561429
1400 0.583571
1400 0.721429
1400 0.759286
1400 0.702857
1400 0.589286
1400 0.388571
1400 0.697857
1400 0.733571
1400 0.817143
1400 0.695714
1400 0.650714
1400 0.725
1400 0.842143
1400 0.566429
1400 0.793571
1400 0.809286
1400 0.756429
1400 0.79
1400 0.563571
1400 0.612143
1400 0.660714
1400 0.657857
1400 0.718571
1400 0.813571
1400 0.759286
1400 0.800714
1400 0.649286
1400 0.618571
1400 0.706429
1400 0.769286
1400 0.600714
1400 0.465714
1400 0.693571
1400 0.807857
1400 0.725714
1400 0.763571
1400 0.746429
1400 0.494286
1400 0.619286
1400 0.769286
1400 0.785714
1450 0.608276
1450 0.568966
1450 0.555862
1450 0.770345
1450 0.731724
1450 0.612414
1450 0.570345
1450 0.542069
1450 0.538621
1450 0.68069
1450 0.484828
1450 0.67931
1450 0.746207
1450 0.65931
1450 0.789655
1450 0.776552
1450 0.349655
1450 0.789655
1450 0.574483
1450 0.70069
1450 0.535862
1450 0.58069
1450 0.635862
1450 0.58069
1450 0.59931
1450 0.724828
1450 0.791034
1450 0.551724
1450 0.469655
1450 0.757241
1450 0.591724
1450 0.426207
1450 0.656552
1450 0.842759
1450 0.764828
1450 0.715172
1450 0.706207
1450 0.781379
1450 0.569655
1450 0.72
1450 0.707586
1450 0.788276
1450 0.670345
1450 0.773793
1450 0.63931
1450 0.491034
1450 0.62
1450 0.701379
1450 0.562759
1450 0.726897
1450 0.411724
1450 0.724138
1450 0.58069
1450 0.669655
1450 0.613103
1450 0.573793
1450 0.722069
1450 0.82
1450 0.769655
1450 0.655172
1450 0.717931
1450 0.745517
1450 0.70069
1450 0.577931
1450 0.716552
1450 0.813793
1450 0.877931
1450 0.414483
1450 0.606207
1450 0.49931
1450 0.450345
1450 0.587586
1450 0.670345
1450 0.811724
1450 0.637241
1500 0.758
1500 0.579333
1500 0.837333
1500 0.626667
1500 0.524667
1500 0.383333
1500 0.630667
1500 0.667333
1500 0.296667
1500 0.484
1500 0.499333
1500 0.732
1500 0.582
1500 0.756
1500 0.708
1500 0.743333
1500 0.646667
1500 0.727333
1500 0.627333
1500 0.697333
1500 0.740667
1500 0.472
1500 0.470667
1500 0.722667
1500 0.662
1500 0.699333
1500 0.383333
1500 0.812667
1500 0.752667
1500 0.634667
1500 0.798
1500 0.736667
1500 0.508667
1500 0.625333
1500 0.484667
1500 0.764667
1500 0.708667
1500 0.752667
1500 0.556
1500 0.541333
1500 0.763333
1500 0.576667
1500 0.703333
1500 0.809333
1500 0.758667
1500 0.482667
1500 0.535333
1500 0.808
1500 0.638
1500 0.495333
1500 0.744
1500 0.528667
1500 0.644667
1500 0.74
1500 0.595333
1500 0.815333
1500 0.714667
1500 0.43
1500 0.534667
1500 0.726667
1500 0.766667
1500 0.364667
1500 0.583333
1500 0.773333
1500 0.753333
1500 0.804
1500 0.724
1500 0.764
1500 0.639333
1500 0.767333
1500 0.664667
1500 0.496667
1500 0.772667
1500 0.728667
1500 0.436
1550 0.814839
1550 0.536774
1550 0.750968
1550 0.735484
1550 0.607097
1550 0.757419
1550 0.723871
1550 0.571613
1550 0.786452
1550 0.315484
1550 0.590968
1550 0.805161
1550 0.577419
1550 0.612258
1550 0.514839
1550 0.674839
1550 0.794194
1550 0.705161
1550 0.65871
1550 0.734839
1550 0.790968
1550 0.68
1550 0.733548
1550 0.652903
1550 0.780645
1550 0.787097
1550 0.489677
1550 0.723226
1550 0.694839
1550 0.486452
1550 0.69871
1550 0.733548
1550 0.827742
1550 0.762581
1550 0.545806
1550 0.791613
1550 0.772903
1550 0.570323
1550 0.489032
1550 0.556129
1550 0.507742
1550 0.533548
1550 0.610968
1550 0.841935
1550 0.70129
1550 0.75871
1550 0.64
1550 0.701935
1550 0.752903
1550 0.54129
1550 0.805806
1550 0.403226
1550 0.74
1550 0.772258
1550 0.807097
1550 0.729677
1550 0.72
1550 0.766452
1550 0.763871
1550 0.73871
1550 0.430968
1550 0.634839
1550 0.710968
1550 0.736129
1550 0.68
1550 0.509677
1550 0.486452
1550 0.772258
1550 0.727742
1550 0.510968
1550 0.49871
1550 0.633548
1550 0.701935
1550 0.773548
1550 0.711613
1600 0.5175
1600 0.760625
1600 0.75875
1600 0.7
1600 0.63
1600 0.436875
1600 0.799375
1600 0.774375
1600 0.47375
1600 0.658125
1600 0.663125
1600 0.610625
1600 0.654375
1600 0.678125
1600 0.765
1600 0.636875
1600 0.778125
1600 0.6025
1600 0.64375
1600 0.766875
1600 0.793125
1600 0.78125
1600 0.776875
1600 0.7525
1600 0.68875
1600 0.741875
1600 0.86
1600 0.665625
1600 0.636875
1600 0.640625
1600 0.720625
1600 0.744375
1600 0.590625
1600 0.613125
1600 0.636875
1600 0.361875
1600 0.793125
1600 0.341875
1600 0.73875
1600 0.761875
1600 0.793125
1600 0.748125
1600 0.666875
1600 0.83875
1600 0.754375
1600 0.843125
1600 0.549375
1600 0.7825
1600 0.44125
1600 0.699375
1600 0.693125
1600 0.499375
1600 0.6975
1600 0.665625
1600 0.68375
1600 0.671875
1600 0.533125
1600 0.68875
1600 0.813125
1600 0.695
1600 0.61125
1600 0.429375
1600 0.71125
1600 0.78125
1600 0.67375
1600 0.6275
1600 0.581875
1600 0.768125
1600 0.80125
1600 0.725625
1600 0.67
1600 0.55
1600 0.509375
1600 0.6625
1600 0.45375
1650 0.856364
1650 0.761818
1650 0.789697
1650 0.744848
1650 0.774545
1650 0.61697
1650 0.778788
1650 0.824848
1650 0.779394
1650 0.741818
1650 0.586061
1650 0.778182
1650 0.719394
1650 0.773333
1650 0.701212
1650 0.657576
1650 0.506667
1650 0.701818
1650 0.572727
1650 0.73697
1650 0.615152
1650 0.743636
1650 0.533939
1650 0.555758
1650 0.70303
1650 0.427879
1650 0.699394
1650 0.669697
1650 0.646061
1650 0.726667
1650 0.844242
1650 0.784848
1650 0.446667
1650 0.464242
1650 0.534545
1650 0.681212
1650 0.795152
1650 0.749697
1650 0.786667
1650 0.773333
1650 0.541212
1650 0.699394
1650 0.576364
1650 0.386061
1650 0.592727
1650 0.786061
1650 0.749697
1650 0.438788
1650 0.608485
1650 0.764242
1650 0.599394
1650 0.777576
1650 0.791515
1650 0.65697
1650 0.745455
1650 0.678182
1650 0.639394
1650 0.67697
1650 0.767879
1650 0.698182
1650 0.78
1650 0.783636
1650 0.755152
1650 0.553939
1650 0.715758
1650 0.460606
1650 0.675152
1650 0.804848
1650 0.432727
1650 0.757576
1650 0.632727
1650 0.494545
1650 0.720606
1650 0.650303
1650 0.406667
1700 0.633529
1700 0.761765
1700 0.718235
1700 0.769412
1700 0.675294
1700 0.715882
1700 0.681176
1700 0.791765
1700 0.724118
1700 0.735294
1700 0.677059
1700 0.778824
1700 0.721176
1700 0.755294
1700 0.774706
1700 0.706471
1700 0.924118
1700 0.813529
1700 0.78
1700 0.771176
1700 0.68
1700 0.732353
1700 0.820588
1700 0.676471
1700 0.898824
1700 0.738235
1700 0.685294
1700 0.739412
1700 0.741176
1700 0.771765
1700 0.800588
1700 0.808235
1700 0.685294
1700 0.660588
1700 0.721765
1700 0.687059
1700 0.702941
1700 0.729412
1700 0.622941
1700 0.634706
1700 0.735294
1700 0.612353
1700 0.625294
1700 0.843529
1700 0.573529
1700 0.7
1700 0.862353
1700 0.787647
1700 0.613529
1700 0.697647
1700 0.514118
1700 0.693529
1700 0.704706
1700 0.676471
1700 0.796471
1700 0.723529
1700 0.722941
1700 0.491176
1700 0.618824
1700 0.574118
1700 0.795294
1700 0.633529
1700 0.685882
1700 0.704118
1700 0.822353
1700 0.595882
1700 0.566471
1700 0.559412
1700 0.79
1700 0.674118
1700 0.874706
1700 0.837059
1700 0.627647
1700 0.892353
1700 0.707647
1750 0.741714
1750 0.580571
1750 0.635429
1750 0.787429
1750 0.589714
1750 0.516571
1750 0.782857
1750 0.714857
1750 0.552571
1750 0.500571
1750 0.785714
1750 0.725714
1750 0.727429
1750 0.552
1750 0.664571
1750 0.746286
1750 0.690857
1750 0.490857
1750 0.750857
1750 0.564571
1750 0.666286
1750 0.902857
1750 0.633143
1750 0.687429
1750 0.497143
1750 0.633714
1750 0.698286
1750 0.776
1750 0.628571
1750 0.666857
1750 0.648571
1750 0.658857
1750 0.842857
1750 0.726857
1750 0.716571
1750 0.709714
1750 0.692571
1750 0.810286
1750 0.408571
1750 0.645143
1750 0.76
1750 0.551429
1750 0.712
1750 0.506286
1750 0.777714
1750 0.819429
1750 0.789143
1750 0.686857
1750 0.748571
1750 0.641143
1750 0.563429
1750 0.838286
1750 0.761714
1750 0.644571
1750 0.692571
1750 0.636571
1750 0.858286
1750 0.741143
1750 0.775429
1750 0.449714
1750 0.638286
1750 0.808571
1750 0.736571
1750 0.824
1750 0.669714
1750 0.672571
1750 0.698857
1750 0.873714
1750 0.544571
1750 0.718286
1750 0.401714
1750 0.747429
1750 0.732
1750 0.564
1750 0.704
1800 0.676667
1800 0.776111
1800 0.61
1800 0.667778
1800 0.591111
1800 0.718333
1800 0.776111
1800 0.525
1800 0.543889
1800 0.783333
1800 0.816111
1800 0.566667
1800 0.767778
1800 0.728889
1800 0.505
1800 0.492222
1800 0.460556
1800 0.470556
1800 0.736667
1800 0.425
1800 0.755
1800 0.836667
1800 0.725
1800 0.545
1800 0.798333
1800 0.78
1800 0.581111
1800 0.698889
1800 0.351667
1800 0.677778
1800 0.667222
1800 0.656667
1800 0.578889
1800 0.599444
1800 0.747778
1800 0.778889
1800 0.621667
1800 0.761111
1800 0.810556
1800 0.627778
1800 0.633889
1800 0.473889
1800 0.692222
1800 0.611111
1800 0.399444
1800 0.822778
1800 0.555
1800 0.701667
1800 0.766111
1800 0.689444
1800 0.697222
1800 0.751111
1800 0.687222
1800 0.655556
1800 0.780556
1800 0.607778
1800 0.735
1800 0.433333
1800 0.618889
1800 0.666667
1800 0.767222
1800 0.678333
1800 0.538333
1800 0.623333
1800 0.741111
1800 0.692778
1800 0.755556
1800 0.635556
1800 0.640556
1800 0.733889
1800 0.801667
1800 0.78
1800 0.454444
1800 0.686667
1800 0.573889
1850 0.827027
1850 0.730811
1850 0.424324
1850 0.685405
1850 0.767027
1850 0.633514
1850 0.745405
1850 0.644324
1850 0.583784
1850 0.766486
1850 0.757297
1850 0.758378
1850 0.586486
1850 0.681622
1850 0.729189
1850 0.640541
1850 0.804324
1850 0.667027
1850 0.545405
1850 0.712432
1850 0.664865
1850 0.49027
1850 0.732432
1850 0.711892
1850 0.558919
1850 0.752973
1850 0.423243
1850 0.521622
1850 0.578919
1850 0.333514
1850 0.817297
1850 0.724865
1850 0.708108
1850 0.740541
1850 0.791892
1850 0.694595
1850 0.644865
1850 0.452432
1850 0.734595
1850 0.438919
1850 0.716216
1850 0.765405
1850 0.780541
1850 0.62
1850 0.624865
1850 0.625946
1850 0.731892
1850 0.492973
1850 0.708649
1850 0.878378
1850 0.71027
1850 0.5
1850 0.573514
1850 0.676216
1850 0.723784
1850 0.736216
1850 0.457297
1850 0.615676
1850 0.611351
1850 0.652432
1850 0.73027
1850 0.718919
1850 0.804324
1850 0.753514
1850 0.519459
1850 0.357838
1850 0.710811
1850 0.682162
1850 0.514595
1850 0.609189
1850 0.593514
1850 0.547568
1850 0.645405
1850 0.534595
1850 0.792973
1900 0.673684
1900 0.625263
1900 0.484211
1900 0.712632
1900 0.486316
1900 0.69
1900 0.684737
1900 0.74
1900 0.564211
1900 0.615263
1900 0.554737
1900 0.651053
1900 0.334211
1900 0.731053
1900 0.616316
1900 0.704211
1900 0.68
1900 0.755263
1900 0.59
1900 0.586842
1900 0.715789
1900 0.827368
1900 0.751579
1900 0.547895
1900 0.740526
1900 0.702105
1900 0.672105
1900 0.732105
1900 0.519474
1900 0.657895
1900 0.631053
1900 0.757368
1900 0.576842
1900 0.604211
1900 0.761579
1900 0.561053
1900 0.69
1900 0.776842
1900 0.758421
1900 0.488421
1900 0.663158
1900 0.703684
1900 0.575789
1900 0.772632
1900 0.808947
1900 0.783684
1900 0.809474
1900 0.74
1900 0.734211
1900 0.75
1900 0.818947
1900 0.825789
1900 0.746316
1900 0.792105
1900 0.758947
1900 0.685789
1900 0.729474
1900 0.825789
1900 0.715263
1900 0.369474
1900 0.711053
1900 0.797368
1900 0.75
1900 0.598947
1900 0.574737
1900 0.680526
1900 0.544737
1900 0.759474
1900 0.655263
1900 0.699474
1900 0.708421
1900 0.817368
1900 0.795789
1900 0.456316
1900 0.693158
1950 0.709744
1950 0.606154
1950 0.735385
1950 0.78
1950 0.562051
1950 0.775385
1950 0.572308
1950 0.700513
1950 0.513846
1950 0.686667
1950 0.569744
1950 0.486667
1950 0.75641
1950 0.427179
1950 0.722564
1950 0.553333
1950 0.745641
1950 0.704615
1950 0.684103
1950 0.461026
1950 0.577949
1950 0.753333
1950 0.660513
1950 0.810256
1950 0.448205
1950 0.605128
1950 0.66359
1950 0.759487
1950 0.647179
1950 0.595897
1950 0.675897
1950 0.734872
1950 0.703077
1950 0.734872
1950 0.777436
1950 0.683077
1950 0.710769
1950 0.798462
1950 0.651282
1950 0.553846
1950 0.760513
1950 0.555385
1950 0.637436
1950 0.669744
1950 0.8
1950 0.488205
1950 0.76359
1950 0.732308
1950 0.647179
1950 0.736923
1950 0.562564
1950 0.75641
1950 0.672308
1950 0.756923
1950 0.780513
1950 0.790769
1950 0.671795
1950 0.748205
1950 0.759487
1950 0.524615
1950 0.576923
1950 0.762564
1950 0.733846
1950 0.685641
1950 0.70359
1950 0.448205
1950 0.690256
1950 0.726154
1950 0.75641
1950 0.574359
1950 0.722051
1950 0.677436
1950 0.408718
1950 0.788718
1950 0.575897
2000 0.742
2000 0.722
2000 0.7705
2000 0.613
2000 0.7355
2000 0.723
2000 0.7555
2000 0.796
2000 0.5175
2000 0.6035
2000 0.4345
2000 0.565
2000 0.5215
2000 0.816
2000 0.694
2000 0.7085
2000 0.7615
2000 0.7185
2000 0.8075
2000 0.631
2000 0.6865
2000 0.682
2000 0.6895
2000 0.773
2000 0.775
2000 0.65
2000 0.4945
2000 0.6675
2000 0.797
2000 0.732
2000 0.8825
2000 0.7485
2000 0.6955
2000 0.6435
2000 0.8175
2000 0.8355
2000 0.5495
2000 0.664
2000 0.7875
2000 0.6645
2000 0.784
2000 0.7095
2000 0.6915
2000 0.727
2000 0.682
2000 0.725
2000 0.4835
2000 0.726
2000 0.5545
2000 0.707
2000 0.662
2000 0.829
2000 0.704
2000 0.763
2000 0.7105
2000 0.5895
2000 0.6925
2000 0.7405
2000 0.7845
2000 0.562
2000 0.6305
2000 0.6895
2000 0.712
2000 0.608
2000 0.729
2000 0.802
2000 0.6895
2000 0.57
2000 0.771
2000 0.5835
2000 0.5825
2000 0.7575
2000 0.7495
2000 0.829
2000 0.7775
