50 0
50 0.42
50 0.08
50 0.36
50 0.26
50 0.08
50 0.32
50 0.48
50 0.06
50 0.22
50 0.02
50 0.02
50 0.18
50 0.24
50 0.12
50 0.1
50 0
50 0.52
50 0
50 0.14
50 0.1
50 0.02
50 0.16
50 0.24
50 0
50 0.32
50 0.06
50 0.22
50 0.52
50 0.08
50 0.18
50 0
50 0.58
50 0.2
50 0.08
50 0.08
50 0.3
50 0.28
50 0.18
50 0
50 0.14
50 0.14
50 0
50 0.64
50 0.2
50 0.18
50 0.18
50 0.2
50 0.4
50 0.38
50 0.46
50 0
50 0.06
50 0
50 0.34
50 0.12
50 0.5
50 0
50 0.08
50 0
50 0
50 0.28
50 0.32
50 0.08
50 0.56
50 0
50 0.1
50 0.14
50 0.4
50 0
50 0.08
50 0.26
50 0.12
50 0.42
50 0.18
100 0.22
100 0.04
100 0.14
100 0.2
100 0.67
100 0.46
100 0.67
100 0.23
100 0.22
100 0.37
100 0.61
100 0.01
100 0.54
100 0.1
100 0.67
100 0.56
100 0.04
100 0.49
100 0.34
100 0.71
100 0.63
100 0.1
100 0.76
100 0.51
100 0
100 0.44
100 0.42
100 0.35
100 0.8
100 0.05
100 0.49
100 0.48
100 0.07
100 0.57
100 0.61
100 0.45
100 0.58
100 0.59
100 0.11
100 0.59
100 0.48
100 0.09
100 0.35
100 0.77
100 0.79
100 0
100 0.18
100 0.2
100 0.31
100 0.53
100 0.15
100 0.53
100 0.3
100 0.13
100 0.73
100 0.74
100 0.44
100 0
100 0.74
100 0.41
100 0.39
100 0.16
100 0.46
100 0.4
100 0
100 0.09
100 0.37
100 0.29
100 0.38
100 0.65
100 0.04
100 0.54
100 0.68
100 0.16
100 0.51
150 0.54
150 0.606667
150 0.746667
150 0.62
150 0.346667
150 0.846667
150 0.546667
150 0.54
150 0.726667
150 0.0133333
150 0.72
150 0.406667
150 0.486667
150 0.566667
150 0.693333
150 0.62
150 0.526667
150 0.326667
150 0.633333
150 0.666667
150 0.6
150 0.726667
150 0.6
150 0.253333
150 0.653333
150 0
150 0.446667
150 0.393333
150 0.206667
150 0.493333
150 0.653333
150 0.26
150 0.726667
150 0.62
150 0.646667
150 0.686667
150 0.36
150 0.593333
150 0.313333
150 0.653333
150 0.373333
150 0.533333
150 0.373333
150 0.446667
150 0.366667
150 0.453333
150 0.0733333
150 0.326667
150 0.733333
150 0.253333
150 0.6
150 0.506667
150 0.246667
150 0.686667
150 0.573333
150 0.793333
150 0.153333
150 0.426667
150 0.413333
150 0.473333
150 0.7
150 0.746667
150 0.493333
150 0.18
150 0.353333
150 0.52
150 0.273333
150 0.22
150 0.726667
150 0.5
150 0.86
150 0.46
150 0.673333
150 0.533333
150 0.6
200 0.56
200 0.365
200 0.68
200 0.705
200 0.695
200 0.435
200 0.335
200 0.505
200 0.585
200 0.01
200 0.615
200 0.57
200 0.575
200 0.77
200 0.67
200 0.555
200 0.57
200 0.77
200 0.59
200 0.515
200 0.615
200 0.63
200 0.5
200 0.51
200 0.735
200 0.575
200 0.71
200 0.625
200 0.325
200 0.68
200 0.525
200 0.62
200 0.355
200 0.68
200 0.275
200 0.805
200 0.32
200 0.59
200 0.675
200 0.435
200 0.605
200 0.64
200 0.59
200 0.415
200 0.63
200 0.42
200 0.575
200 0.285
200 0.735
200 0.475
200 0.27
200 0.465
200 0.555
200 0.645
200 0.275
200 0.54
200 0.49
200 0.35
200 0.75
200 0.75
200 0.385
200 0.695
200 0.725
200 0.49
200 0.59
200 0.72
200 0.37
200 0.64
200 0.435
200 0.785
200 0.755
200 0.625
200 0.595
200 0.79
200 0.57
250 0.708
250 0.576
250 0.444
250 0.736
250 0.58
250 0.416
250 0.804
250 0.516
250 0.676
250 0.716
250 0.772
250 0.748
250 0.788
250 0.764
250 0.832
250 0.644
250 0.588
250 0.5
250 0.472
250 0.696
250 0.76
250 0.388
250 0.38
250 0.448
250 0.672
250 0.472
250 0.736
250 0.66
250 0.396
250 0.696
250 0.632
250 0.444
250 0.88
250 0.724
250 0.712
250 0.66
250 0.748
250 0.56
250 0.4
250 0.396
250 0.428
250 0.66
250 0.628
250 0.432
250 0.76
250 0.784
250 0.876
250 0.512
250 0.776
250 0.564
250 0.6
250 0.448
250 0.392
250 0.74
250 0.816
250 0.688
250 0.556
250 0.48
250 0.564
250 0.516
250 0.52
250 0.78
250 0.648
250 0.676
250 0.708
250 0.536
250 0.82
250 0.692
250 0.776
250 0.588
250 0.54
250 0.608
250 0.76
250 0.552
250 0.836
300 0.73
300 0.57
300 0.696667
300 0.736667
300 0.423333
300 0.793333
300 0.656667
300 0.466667
300 0.463333
300 0.77
300 0.62
300 0.773333
300 0.593333
300 0.71
300 0.823333
300 0.856667
300 0.686667
300 0.393333
300 0.693333
300 0.74
300 0.48
300 0.313333
300 0.743333
300 0.65
300 0.606667
300 0.51
300 0.793333
300 0.816667
300 0.52
300 0.576667
300 0.696667
300 0.69
300 0.63
300 0.786667
300 0.463333
300 0.766667
300 0.756667
300 0.75
300 0.703333
300 0.636667
300 0.813333
300 0.63
300 0.693333
300 0.756667
300 0.313333
300 0.48
300 0.703333
300 0.67
300 0.51
300 0.676667
300 0.513333
300 0.77
300 0.493333
300 0.69
300 0.746667
300 0.316667
300 0.42
300 0.716667
300 0.713333
300 0.706667
300 0.68
300 0.713333
300 0.773333
300 0.616667
300 0.386667
300 0.763333
300 0.73
300 0.746667
300 0.756667
300 0.533333
300 0.58
300 0.63
300 0.756667
300 0.573333
300 0.663333
350 0.431429
350 0.751429
350 0.768571
350 0.571429
350 0.614286
350 0.308571
350 0.434286
350 0.845714
350 0.811429
350 0.462857
350 0.762857
350 0.697143
350 0.842857
350 0.574286
350 0.745714
350 0.594286
350 0.808571
350 0.691429
350 0.468571
350 0.425714
350 0.78
350 0.617143
350 0.48
350 0.805714
350 0.745714
350 0.702857
350 0.708571
350 0.657143
350 0.525714
350 0.708571
350 0.637143
350 0.785714
350 0.771429
350 0.64
350 0.84
350 0.745714
350 0.931429
350 0.528571
350 0.777143
350 0.74
350 0.7
350 0.774286
350 0.677143
350 0.78
350 0.76
350 0.574286
350 0.437143
350 0.645714
350 0.642857
350 0.728571
350 0.762857
350 0.725714
350 0.7
350 0.52
350 0.734286
350 0.611429
350 0.717143
350 0.748571
350 0.748571
350 0.651429
350 0.68
350 0.58
350 0.811429
350 0.645714
350 0.52
350 0.8
350 0.571429
350 0.66
350 0.488571
350 0.614286
350 0.474286
350 0.585714
350 0.277143
350 0.645714
350 0.705714
400 0.5775
400 0.5125
400 0.77
400 0.6
400 0.7725
400 0.44
400 0.665
400 0.5425
400 0.75
400 0.5875
400 0.7
400 0.6
400 0.64
400 0.8275
400 0.765
400 0.7025
400 0.54
400 0.325
400 0.71
400 0.7075
400 0.7425
400 0.765
400 0.565
400 0.4075
400 0.385
400 0.705
400 0.4725
400 0.455
400 0.78
400 0.81
400 0.7275
400 0.72
400 0.4575
400 0.67
400 0.76
400 0.525
400 0.6275
400 0.1625
400 0.59
400 0.6875
400 0.8325
400 0.83
400 0.7475
400 0.715
400 0.6825
400 0.625
400 0.34
400 0.595
400 0.75
400 0.7675
400 0.725
400 0.6625
400 0.46
400 0.685
400 0.7525
400 0.75
400 0.76
400 0.165
400 0.585
400 0.73
400 0.755
400 0.525
400 0.6975
400 0.31
400 0.79
400 0.775
400 0.485
400 0.585
400 0.5625
400 0.4825
400 0.7925
400 0.8075
400 0.5975
400 0.505
400 0.495
450 0.751111
450 0.808889
450 0.566667
450 0.671111
450 0.497778
450 0.653333
450 0.797778
450 0.773333
450 0.788889
450 0.762222
450 0.826667
450 0.773333
450 0.571111
450 0.733333
450 0.753333
450 0.595556
450 0.782222
450 0.637778
450 0.764444
450 0.542222
450 0.64
450 0.557778
450 0.515556
450 0.497778
450 0.824444
450 0.511111
450 0.562222
450 0.506667
450 0.608889
450 0.602222
450 0.648889
450 0.491111
450 0.653333
450 0.824444
450 0.626667
450 0.428889
450 0.74
450 0.691111
450 0.517778
450 0.708889
450 0.655556
450 0.791111
450 0.588889
450 0.797778
450 0.748889
450 0.693333
450 0.591111
450 0.6
450 0.788889
450 0.588889
450 0.571111
450 0.662222
450 0.704444
450 0.777778
450 0.846667
450 0.377778
450 0.622222
450 0.613333
450 0.748889
450 0.757778
450 0.435556
450 0.575556
450 0.74
450 0.491111
450 0.633333
450 0.713333
450 0.497778
450 0.684444
450 0.464444
450 0.766667
450 0.473333
450 0.42
450 0.717778
450 0.824444
450 0.62
500 0.748
500 0.818
500 0.752
500 0.732
500 0.722
500 0.734
500 0.49
500 0.638
500 0.62
500 0.504
500 0.57
500 0.666
500 0.72
500 0.804
500 0.736
500 0.558
500 0.624
500 0.69
500 0.768
500 0.608
500 0.678
500 0.662
500 0.636
500 0.73
500 0.794
500 0.666
500 0.786
500 0.564
500 0.678
500 0.542
500 0.796
500 0.854
500 0.788
500 0.628
500 0.682
500 0.81
500 0.75
500 0.734
500 0.656
500 0.686
500 0.708
500 0.696
500 0.672
500 0.65
500 0.564
500 0.74
500 0.832
500 0.7
500 0.59
500 0.314
500 0.612
500 0.824
500 0.624
500 0.48
500 0.61
500 0.792
500 0.68
500 0.706
500 0.574
500 0.722
500 0.692
500 0.436
500 0.802
500 0.79
500 0.614
500 0.42
500 0.45
500 0.64
500 0.822
500 0.642
500 0.81
500 0.808
500 0.79
500 0.698
500 0.688
550 0.676364
550 0.716364
550 0.78
550 0.685455
550 0.790909
550 0.758182
550 0.861818
550 0.64
550 0.698182
550 0.707273
550 0.690909
550 0.507273
550 0.572727
550 0.763636
550 0.54
550 0.847273
550 0.552727
550 0.707273
550 0.741818
550 0.407273
550 0.590909
550 0.654545
550 0.727273
550 0.601818
550 0.627273
550 0.749091
550 0.610909
550 0.670909
550 0.763636
550 0.554545
550 0.621818
550 0.456364
550 0.8
550 0
550 0.741818
550 0.654545
550 0.527273
550 0.652727
550 0.809091
550 0.785455
550 0.847273
550 0.829091
550 0.725455
550 0.572727
550 0.781818
550 0.654545
550 0.445455
550 0.452727
550 0.741818
550 0.578182
550 0.796364
550 0.887273
550 0.792727
550 0.821818
550 0.707273
550 0.643636
550 0.536364
550 0.612727
550 0.76
550 0.721818
550 0.56
550 0.76
550 0.701818
550 0.632727
550 0.638182
550 0.689091
550 0.409091
550 0.785455
550 0.74
550 0.690909
550 0.767273
550 0.645455
550 0.72
550 0.7
550 0.741818
600 0.686667
600 0.745
600 0.693333
600 0.345
600 0.813333
600 0.661667
600 0.405
600 0.738333
600 0.76
600 0.678333
600 0.735
600 0.781667
600 0.666667
600 0.573333
600 0.67
600 0.583333
600 0.77
600 0.7
600 0.63
600 0.591667
600 0.576667
600 0.818333
600 0.793333
600 0.726667
600 0.626667
600 0.833333
600 0.673333
600 0.761667
600 0.896667
600 0.765
600 0.82
600 0.79
600 0.66
600 0.473333
600 0.71
600 0.801667
600 0.823333
600 0.616667
600 0.44
600 0.69
600 0.451667
600 0.683333
600 0.79
600 0.618333
600 0.613333
600 0.625
600 0.593333
600 0.773333
600 0.628333
600 0.818333
600 0.65
600 0.613333
600 0.516667
600 0.583333
600 0.495
600 0.758333
600 0.578333
600 0.463333
600 0.783333
600 0.691667
600 0.753333
600 0.701667
600 0.458333
600 0.778333
600 0.56
600 0.625
600 0.773333
600 0.735
600 0.676667
600 0.713333
600 0.73
600 0.826667
600 0.736667
600 0.756667
600 0.455
650 0.875385
650 0.62
650 0.770769
650 0.792308
650 0.701538
650 0.686154
650 0.703077
650 0.818462
650 0.621538
650 0.836923
650 0.66
650 0.641538
650 0.736923
650 0.710769
650 0.604615
650 0.729231
650 0.446154
650 0.66
650 0.54
650 0.572308
650 0.613846
650 0.429231
650 0.512308
650 0.550769
650 0.669231
650 0.564615
650 0.746154
650 0.627692
650 0.627692
650 0.764615
650 0.82
650 0.781538
650 0.783077
650 0.732308
650 0.633846
650 0.706154
650 0.818462
650 0.730769
650 0.638462
650 0.775385
650 0.632308
650 0.86
650 0.844615
650 0.795385
650 0.572308
650 0.472308
650 0.775385
650 0.850769
650 0.686154
650 0.42
650 0.709231
650 0.74
650 0.92
650 0.667692
650 0.630769
650 0.72
650 0.736923
650 0.653846
650 0.683077
650 0.407692
650 0.729231
650 0.710769
650 0.536923
650 0.789231
650 0.692308
650 0.506154
650 0.781538
650 0.693846
650 0.750769
650 0.738462
650 0.641538
650 0.664615
650 0.713846
650 0.703077
650 0.536923
700 0.615714
700 0.722857
700 0.531429
700 0.774286
700 0.632857
700 0.811429
700 0.704286
700 0.652857
700 0.541429
700 0.778571
700 0.801429
700 0.634286
700 0.75
700 0.851429
700 0.588571
700 0.755714
700 0.762857
700 0.811429
700 0.72
700 0.857143
700 0.794286
700 0.602857
700 0.571429
700 0.644286
700 0.828571
700 0.762857
700 0.774286
700 0.642857
700 0.562857
700 0.734286
700 0.674286
700 0.705714
700 0.845714
700 0.621429
700 0.817143
700 0.822857
700 0.682857
700 0.457143
700 0.501429
700 0.587143
700 0.791429
700 0.76
700 0.385714
700 0.835714
700 0.481429
700 0.704286
700 0.524286
700 0.561429
700 0.48
700 0.667143
700 0.79
700 0.84
700 0.632857
700 0.682857
700 0.72
700 0.681429
700 0.408571
700 0.812857
700 0.755714
700 0.718571
700 0.672857
700 0.82
700 0.838571
700 0.505714
700 0.5
700 0.817143
700 0.455714
700 0.825714
700 0.63
700 0.567143
700 0.787143
700 0.622857
700 0.511429
700 0.772857
700 0.787143
750 0.494667
750 0.734667
750 0.741333
750 0.834667
750 0.678667
750 0.852
750 0.677333
750 0.782667
750 0.766667
750 0.484
750 0.74
750 0.750667
750 0.557333
750 0.778667
750 0.886667
750 0.72
750 0.377333
750 0.818667
750 0.769333
750 0.764
750 0.544
750 0.613333
750 0.588
750 0.605333
750 0.74
750 0.546667
750 0.852
750 0.769333
750 0.805333
750 0.816
750 0.746667
750 0.657333
750 0.697333
750 0.722667
750 0.781333
750 0.757333
750 0.697333
750 0.590667
750 0.789333
750 0.509333
750 0.794667
750 0.389333
750 0.645333
750 0.405333
750 0.737333
750 0.8
750 0.668
750 0.765333
750 0.453333
750 0.689333
750 0.744
750 0.716
750 0.629333
750 0.653333
750 0.708
750 0.802667
750 0.549333
750 0.488
750 0.496
750 0.748
750 0.534667
750 0.701333
750 0.618667
750 0.705333
750 0.501333
750 0.612
750 0.738667
750 0.754667
750 0.626667
750 0.762667
750 0.68
750 0.742667
750 0.789333
750 0.470667
750 0.785333
800 0.7425
800 0.6575
800 0.78125
800 0.64625
800 0.48
800 0.77875
800 0.5975
800 0.75875
800 0.75125
800 0.5825
800 0.80875
800 0.775
800 0.79375
800 0.60625
800 0.5
800 0.70875
800 0.5175
800 0.6325
800 0.7175
800 0.54875
800 0.795
800 0.67
800 0.745
800 0.8375
800 0.75875
800 0.76
800 0.81
800 0.71625
800 0.8025
800 0.625
800 0.54125
800 0.595
800 0.82125
800 0.6425
800 0.88125
800 0.69
800 0.5575
800 0.72375
800 0.82625
800 0.75375
800 0.71
800 0.66
800 0.68625
800 0.585
800 0.73875
800 0.66
800 0.72375
800 0.63125
800 0.5525
800 0.76125
800 0.8425
800 0.57875
800 0.8375
800 0.6425
800 0.77375
800 0.76375
800 0.6
800 0.7675
800 0.745
800 0.82125
800 0.745
800 0.79125
800 0.74
800 0.60875
800 0.78
800 0.80375
800 0.76375
800 0.725
800 0.68625
800 0.7325
800 0.8225
800 0.38
800 0.7325
800 0.83375
800 0.78125
850 0.697647
850 0.662353
850 0.769412
850 0.764706
850 0.64
850 0.629412
850 0.834118
850 0.824706
850 0.572941
850 0.552941
850 0.617647
850 0.721176
850 0.747059
850 0.772941
850 0.787059
850 0.762353
850 0.514118
850 0.737647
850 0.435294
850 0.704706
850 0.831765
850 0.787059
850 0.801176
850 0.761176
850 0.743529
850 0.770588
850 0.845882
850 0.456471
850 0.836471
850 0.668235
850 0.547059
850 0.627059
850 0.56
850 0.714118
850 0.756471
850 0.649412
850 0.656471
850 0.398824
850 0.641176
850 0.458824
850 0.741176
850 0.628235
850 0.645882
850 0.325882
850 0.824706
850 0.764706
850 0.643529
850 0.443529
850 0.476471
850 0.729412
850 0.755294
850 0.635294
850 0.66
850 0.722353
850 0.444706
850 0.858824
850 0.792941
850 0.369412
850 0.712941
850 0.635294
850 0.505882
850 0.643529
850 0.790588
850 0.705882
850 0.76
850 0.756471
850 0.688235
850 0.777647
850 0.665882
850 0.407059
850 0.856471
850 0.742353
850 0.689412
850 0.789412
850 0.347059
900 0.686667
900 0.606667
900 0.813333
900 0.65
900 0.452222
900 0.663333
900 0.603333
900 0.775556
900 0.772222
900 0.672222
900 0.652222
900 0.748889
900 0.628889
900 0.642222
900 0.771111
900 0.743333
900 0.633333
900 0.821111
900 0.678889
900 0.626667
900 0.655556
900 0.666667
900 0.687778
900 0.727778
900 0.75
900 0.56
900 0.683333
900 0.764444
900 0.824444
900 0.731111
900 0.462222
900 0.772222
900 0.69
900 0.664444
900 0.347778
900 0.598889
900 0.755556
900 0.798889
900 0.74
900 0.823333
900 0.718889
900 0.724444
900 0.765556
900 0.646667
900 0.785556
900 0.701111
900 0.79
900 0.665556
900 0.752222
900 0.773333
900 0.756667
900 0.745556
900 0.817778
900 0.584444
900 0.834444
900 0.775556
900 0.717778
900 0.848889
900 0.727778
900 0.735556
900 0.578889
900 0.785556
900 0.732222
900 0.661111
900 0.732222
900 0.845556
900 0.528889
900 0.735556
900 0.842222
900 0.483333
900 0.797778
900 0.733333
900 0.808889
900 0.862222
900 0.767778
950 0.724211
950 0.76
950 0.790526
950 0.808421
950 0.861053
950 0.726316
950 0.728421
950 0.745263
950 0.724211
950 0.753684
950 0.637895
950 0.641053
950 0.831579
950 0.572632
950 0.790526
950 0.614737
950 0.836842
950 0.721053
950 0.715789
950 0.64
950 0.776842
950 0.750526
950 0.810526
950 0.742105
950 0.701053
950 0.648421
950 0.687368
950 0.733684
950 0.856842
950 0.544211
950 0.649474
950 0.774737
950 0.746316
950 0.789474
950 0.771579
950 0.633684
950 0.690526
950 0.725263
950 0.615789
950 0.795789
950 0.624211
950 0.829474
950 0.716842
950 0.801053
950 0.672632
950 0.733684
950 0.604211
950 0.754737
950 0.806316
950 0.705263
950 0.666316
950 0.704211
950 0.643158
950 0.597895
950 0.478947
950 0.763158
950 0.752632
950 0.84
950 0.682105
950 0.783158
950 0.466316
950 0.56
950 0.714737
950 0.801053
950 0.575789
950 0.682105
950 0.778947
950 0.674737
950 0.745263
950 0.755789
950 0.770526
950 0.795789
950 0.692632
950 0.763158
950 0.689474
1000 0.757
1000 0.67
1000 0.555
1000 0.721
1000 0.85
1000 0.668
1000 0.542
1000 0.725
1000 0.759
1000 0.666
1000 0.627
1000 0.721
1000 0.581
1000 0.481
1000 0.614
1000 0.69
1000 0.466
1000 0.809
1000 0.778
1000 0.54
1000 0.738
1000 0.632
1000 0.546
1000 0.517
1000 0.428
1000 0.518
1000 0.702
1000 0.781
1000 0.716
1000 0.69
1000 0.687
1000 0.63
1000 0.608
1000 0.821
1000 0.681
1000 0.72
1000 0.774
1000 0.679
1000 0.766
1000 0.778
1000 0.755
1000 0.679
1000 0.827
1000 0.788
1000 0.642
1000 0.681
1000 0.786
1000 0.657
1000 0.441
1000 0.709
1000 0.732
1000 0.777
1000 0.681
1000 0.838
1000 0.619
1000 0.725
1000 0.822
1000 0.751
1000 0.774
1000 0.768
1000 0.754
1000 0.585
1000 0.738
1000 0.758
1000 0.612
1000 0.833
1000 0.761
1000 0.708
1000 0.453
1000 0.785
1000 0.849
1000 0.619
1000 0.787
1000 0.814
1000 0.678
1050 0.755238
1050 0.773333
1050 0.690476
1050 0.894286
1050 0.299048
1050 0.805714
1050 0.737143
1050 0.695238
1050 0.755238
1050 0.76381
1050 0.614286
1050 0.588571
1050 0.515238
1050 0.815238
1050 0.637143
1050 0.789524
1050 0.800952
1050 0.774286
1050 0.71619
1050 0.814286
1050 0.619048
1050 0.598095
1050 0.554286
1050 0.650476
1050 0.674286
1050 0.701905
1050 0.677143
1050 0.702857
1050 0.822857
1050 0.74
1050 0.678095
1050 0.792381
1050 0.785714
1050 0.695238
1050 0.668571
1050 0.801905
1050 0.75619
1050 0.726667
1050 0.505714
1050 0.75619
1050 0.712381
1050 0.8
1050 0.821905
1050 0.802857
1050 0.76381
1050 0.806667
1050 0.493333
1050 0.68381
1050 0.714286
1050 0.571429
1050 0.775238
1050 0.74381
1050 0.854286
1050 0.669524
1050 0.866667
1050 0.681905
1050 0.671429
1050 0.812381
1050 0.797143
1050 0.721905
1050 0.754286
1050 0.658095
1050 0.517143
1050 0.770476
1050 0.462857
1050 0.761905
1050 0.658095
1050 0.845714
1050 0.83619
1050 0.766667
1050 0.86
1050 0.668571
1050 0.777143
1050 0.621905
1050 0.709524
1100 0.676364
1100 0.824545
1100 0.674545
1100 0.816364
1100 0.756364
1100 0.688182
1100 0.801818
1100 0.670909
1100 0.736364
1100 0.624545
1100 0.796364
1100 0.677273
1100 0.740909
1100 0.657273
1100 0.689091
1100 0.371818
1100 0.743636
1100 0.749091
1100 0.885455
1100 0.768182
1100 0.734545
1100 0.425455
1100 0.75
1100 0.660909
1100 0.771818
1100 0.525455
1100 0.742727
1100 0.753636
1100 0.800909
1100 0.738182
1100 0.648182
1100 0.784545
1100 0.728182
1100 0.745455
1100 0.624545
1100 0.72
1100 0.885455
1100 0.609091
1100 0.701818
1100 0.781818
1100 0.858182
1100 0.373636
1100 0.692727
1100 0.810909
1100 0.762727
1100 0.496364
1100 0.759091
1100 0.725455
1100 0.610909
1100 0.79
1100 0.446364
1100 0.717273
1100 0.781818
1100 0.657273
1100 0.830909
1100 0.773636
1100 0.761818
1100 0.781818
1100 0.791818
1100 0.678182
1100 0.8
1100 0.790909
1100 0.84
1100 0.72
1100 0.620909
1100 0.751818
1100 0.71
1100 0.780909
1100 0.537273
1100 0.742727
1100 0.856364
1100 0.722727
1100 0.754545
1100 0.424545
1100 0.510909
1150 0.697391
1150 0.54
1150 0.726087
1150 0.766087
1150 0.729565
1150 0.736522
1150 0.724348
1150 0.743478
1150 0.752174
1150 0.785217
1150 0.558261
1150 0.73913
1150 0.73913
1150 0.72087
1150 0.68
1150 0.696522
1150 0.628696
1150 0.825217
1150 0.796522
1150 0.707826
1150 0.478261
1150 0.731304
1150 0.78
1150 0.764348
1150 0.82087
1150 0.830435
1150 0.752174
1150 0.778261
1150 0.772174
1150 0.730435
1150 0.681739
1150 0.629565
1150 0.689565
1150 0.574783
1150 0.869565
1150 0.616522
1150 0.664348
1150 0.761739
1150 0.827826
1150 0.831304
1150 0.496522
1150 0.638261
1150 0.553913
1150 0.807826
1150 0.608696
1150 0.616522
1150 0.733043
1150 0.758261
1150 0.753913
1150 0.703478
1150 0.806957
1150 0.746957
1150 0.430435
1150 0.591304
1150 0.733913
1150 0.576522
1150 0.776522
1150 0.830435
1150 0.766957
1150 0.673043
1150 0.686087
1150 0.836522
1150 0.811304
1150 0.576522
1150 0.736522
1150 0.753043
1150 0.715652
1150 0.766087
1150 0.608696
1150 0.782609
1150 0.633043
1150 0.756522
1150 0.766957
1150 0.723478
1150 0.728696
1200 0.7075
1200 0.725833
1200 0.765
1200 0.658333
1200 0.775833
1200 0.769167
1200 0.5675
1200 0.8025
1200 0.695
1200 0.685833
1200 0.63
1200 0.814167
1200 0.7775
1200 0.818333
1200 0.7475
1200 0.7175
1200 0.630833
1200 0.741667
1200 0.750833
1200 0.843333
1200 0.820833
1200 0.759167
1200 0.495833
1200 0.6825
1200 0.755
1200 0.780833
1200 0.6275
1200 0.480833
1200 0.6925
1200 0.814167
1200 0.7775
1200 0.636667
1200 0.820833
1200 0.773333
1200 0.745
1200 0.705
1200 0.789167
1200 0.711667
1200 0.555833
1200 0.680833
1200 0.750833
1200 0.754167
1200 0.645833
1200 0.744167
1200 0.693333
1200 0.710833
1200 0.679167
1200 0.723333
1200 0.48
1200 0.494167
1200 0.805833
1200 0.5525
1200 0.775
1200 0.615833
1200 0.7525
1200 0.8
1200 0.673333
1200 0.480833
1200 0.754167
1200 0.724167
1200 0.795
1200 0.733333
1200 0.805
1200 0.811667
1200 0.724167
1200 0.699167
1200 0.775
1200 0.810833
1200 0.635
1200 0.666667
1200 0.561667
1200 0.695833
1200 0.7475
1200 0.8175
1200 0.645
1250 0.7872
1250 0.6736
1250 0.7664
1250 0.5208
1250 0.8152
1250 0.432
1250 0.712
1250 0.6488
1250 0.7264
1250 0.5944
1250 0.7712
1250 0.7616
1250 0.8384
1250 0.8752
1250 0.5464
1250 0.7728
1250 0.7104
1250 0.8696
1250 0.5216
1250 0.7248
1250 0.7088
1250 0.8848
1250 0.568
1250 0.752
1250 0.6568
1250 0.656
1250 0.6088
1250 0.7984
1250 0.5768
1250 0.7552
1250 0.6672
1250 0.7888
1250 0.8064
1250 0.7792
1250 0.8856
1250 0.7456
1250 0.7304
1250 0.7336
1250 0.6088
1250 0.7232
1250 0.7504
1250 0.8056
1250 0.744
1250 0.6624
1250 0.6376
1250 0.6848
1250 0.6192
1250 0.7304
1250 0.716
1250 0.5528
1250 0.82
1250 0.7512
1250 0.6808
1250 0.744
1250 0.6952
1250 0.7592
1250 0.7928
1250 0.6624
1250 0.696
1250 0.712
1250 0.7736
1250 0.6776
1250 0.7264
1250 0.6264
1250 0.8048
1250 0.7584
1250 0.7384
1250 0.4544
1250 0.7752
1250 0.568
1250 0.7496
1250 0.6312
1250 0.772
1250 0.664
1250 0.7696
1300 0.7
1300 0.786923
1300 0.811538
1300 0.605385
1300 0.632308
1300 0.634615
1300 0.636923
1300 0.821538
1300 0.770769
1300 0.806154
1300 0.862308
1300 0.756923
1300 0.56
1300 0.873846
1300 0.833846
1300 0.806923
1300 0.822308
1300 0.772308
1300 0.678462
1300 0.673077
1300 0.76
1300 0.806923
1300 0.79
1300 0.817692
1300 0.662308
1300 0.5
1300 0.838462
1300 0.375385
1300 0.767692
1300 0.763846
1300 0.742308
1300 0.724615
1300 0.408462
1300 0.76
1300 0.866923
1300 0.479231
1300 0.660769
1300 0.685385
1300 0.572308
1300 0.847692
1300 0.728462
1300 0.703846
1300 0.772308
1300 0.803846
1300 0.74
1300 0.833846
1300 0.792308
1300 0.827692
1300 0.481538
1300 0.790769
1300 0.848462
1300 0.723846
1300 0.826923
1300 0.777692
1300 0.559231
1300 0.623077
1300 0.603077
1300 0.673846
1300 0.803846
1300 0.853077
1300 0.795385
1300 0.72
1300 0.809231
1300 0.637692
1300 0.675385
1300 0.781538
1300 0.548462
1300 0.756923
1300 0.620769
1300 0.692308
1300 0.811538
1300 0.583077
1300 0.720769
1300 0.558462
1300 0.688462
1350 0.782222
1350 0.861481
1350 0.714074
1350 0.845926
1350 0.76
1350 0.72
1350 0.744444
1350 0.732593
1350 0.621481
1350 0.831111
1350 0.652593
1350 0.740741
1350 0.694815
1350 0.780741
1350 0.825185
1350 0.566667
1350 0.731111
1350 0.762222
1350 0.665185
1350 0.701481
1350 0.788889
1350 0.834074
1350 0.797778
1350 0.741481
1350 0.765926
1350 0.753333
1350 0.766667
1350 0.811111
1350 0.615556
1350 0.782963
1350 0.708889
1350 0.872593
1350 0.725926
1350 0.779259
1350 0.798519
1350 0.812593
1350 0.783704
1350 0.72963
1350 0.582222
1350 0.785926
1350 0.84963
1350 0.660741
1350 0.771111
1350 0.854815
1350 0.785185
1350 0.593333
1350 0.728889
1350 0.804444
1350 0.484444
1350 0.67037
1350 0.842222
1350 0.538519
1350 0.645185
1350 0.588148
1350 0.777778
1350 0.725185
1350 0.822222
1350 0.553333
1350 0.84963
1350 0.397037
1350 0.634815
1350 0.788148
1350 0.645926
1350 0.660741
1350 0.764444
1350 0.562222
1350 0.745926
1350 0.758519
1350 0.696296
1350 0.704444
1350 0.757037
1350 0.731852
1350 0.776296
1350 0.802222
1350 0.697037
1400 0.694286
1400 0.787857
1400 0.727857
1400 0.723571
1400 0.667143
1400 0.765714
1400 0.719286
1400 0.805714
1400 0.694286
1400 0.720714
1400 0.322143
1400 0.787143
1400 0.739286
1400 0.619286
1400 0.849286
1400 0.480714
1400 0.812143
1400 0.852857
1400 0.815714
1400 0.807143
1400 0.567857
1400 0.71
1400 0.839286
1400 0.539286
1400 0.84
1400 0.765714
1400 0.719286
1400 0.704286
1400 0.742143
1400 0.764286
1400 0.807857
1400 0.735714
1400 0.808571
1400 0.820714
1400 0.775714
1400 0.507857
1400 0.684286
1400 0.799286
1400 0.789286
1400 0.777143
1400 0.822143
1400 0.778571
1400 0.75
1400 0.739286
1400 0.742143
1400 0.806429
1400 0.783571
1400 0.752143
1400 0.735
1400 0.829286
1400 0.697143
1400 0.445
1400 0.797143
1400 0.742857
1400 0.624286
1400 0.582143
1400 0.728571
1400 0.745714
1400 0.829286
1400 0.623571
1400 0.786429
1400 0.740714
1400 0.775
1400 0.692857
1400 0.651429
1400 0.347857
1400 0.598571
1400 0.714286
1400 0.774286
1400 0.555714
1400 0.79
1400 0.715
1400 0.802857
1400 0.689286
1400 0.751429
1450 0.721379
1450 0.693103
1450 0.764138
1450 0.67931
1450 0.868276
1450 0.701379
1450 0.736552
1450 0.655862
1450 0.68069
1450 0.73931
1450 0.583448
1450 0.757931
1450 0.692414
1450 0.722069
1450 0.73931
1450 0.66
1450 0.694483
1450 0.734483
1450 0.753793
1450 0.511724
1450 0.792414
1450 0.764138
1450 0.771034
1450 0.743448
1450 0.727586
1450 0.554483
1450 0.83931
1450 0.606207
1450 0.687586
1450 0.771034
1450 0.881379
1450 0.709655
1450 0.743448
1450 0.758621
1450 0.755172
1450 0.770345
1450 0.776552
1450 0.806207
1450 0.768276
1450 0.702759
1450 0.746897
1450 0.677931
1450 0.675172
1450 0.772414
1450 0.68069
1450 0.795172
1450 0.845517
1450 0.633103
1450 0.586207
1450 0.84
1450 0.771034
1450 0.741379
1450 0.804138
1450 0.753793
1450 0.808276
1450 0.668276
1450 0.762759
1450 0.770345
1450 0.73931
1450 0.7
1450 0.852414
1450 0.769655
1450 0.768276
1450 0.722069
1450 0.52
1450 0.704138
1450 0.642759
1450 0.751034
1450 0.733793
1450 0.704138
1450 0.634483
1450 0.751034
1450 0.66069
1450 0.630345
1450 0.663448
1500 0.763333
1500 0.654667
1500 0.686
1500 0.769333
1500 0.579333
1500 0.706
1500 0.679333
1500 0.814
1500 0.279333
1500 0.712667
1500 0.622667
1500 0.586667
1500 0.768667
1500 0.837333
1500 0.776667
1500 0.776667
1500 0.542
1500 0.764667
1500 0.728667
1500 0.801333
1500 0.889333
1500 0.776
1500 0.706667
1500 0.609333
1500 0.757333
1500 0.768
1500 0.551333
1500 0.732667
1500 0.792667
1500 0.629333
1500 0.747333
1500 0.84
1500 0.68
1500 0.786
1500 0.766
1500 0.703333
1500 0.792667
1500 0.500667
1500 0.670667
1500 0.815333
1500 0.826667
1500 0.774667
1500 0.684667
1500 0.621333
1500 0.657333
1500 0.616667
1500 0.792
1500 0.828667
1500 0.74
1500 0.744667
1500 0.773333
1500 0.774667
1500 0.687333
1500 0.67
1500 0.792667
1500 0.605333
1500 0.732667
1500 0.837333
1500 0.580667
1500 0.680667
1500 0.554
1500 0.584
1500 0.682667
1500 0.75
1500 0.550667
1500 0.818667
1500 0.716
1500 0.644
1500 0.664667
1500 0.704667
1500 0.536
1500 0.888
1500 0.592
1500 0.718667
1500 0.694667
1550 0.8
1550 0.644516
1550 0.665161
1550 0.785806
1550 0.701935
1550 0.694194
1550 0.587742
1550 0.701935
1550 0.621935
1550 0.535484
1550 0.850968
1550 0.667097
1550 0.717419
1550 0.737419
1550 0.604516
1550 0.809032
1550 0.830968
1550 0.743226
1550 0.72129
1550 0.735484
1550 0.696129
1550 0.722581
1550 0.810968
1550 0.818065
1550 0.715484
1550 0.759355
1550 0.830968
1550 0.7
1550 0.760645
1550 0.807742
1550 0.705161
1550 0.788387
1550 0.532258
1550 0.784516
1550 0.771613
1550 0.827742
1550 0.723871
1550 0.765161
1550 0.771613
1550 0.664516
1550 0.737419
1550 0.750323
1550 0.798065
1550 0.712258
1550 0.754194
1550 0.748387
1550 0.68
1550 0.792903
1550 0.820645
1550 0.671613
1550 0.752258
1550 0.543871
1550 0.750323
1550 0.726452
1550 0.686452
1550 0.763871
1550 0.696129
1550 0.747097
1550 0.514839
1550 0.776129
1550 0.807742
1550 0.832258
1550 0.742581
1550 0.72129
1550 0.67871
1550 0.512258
1550 0.674839
1550 0.779355
1550 0.712258
1550 0.734194
1550 0.598065
1550 0.851613
1550 0.724516
1550 0.785161
1550 0.775484
1600 0.645625
1600 0.7
1600 0.645625
1600 0.676875
1600 0.775
1600 0.79875
1600 0.668125
1600 0.7725
1600 0.745
1600 0.63625
1600 0.69
1600 0.6
1600 0.800625
1600 0.6125
1600 0.739375
1600 0.6975
1600 0.6475
1600 0.7325
1600 0.788125
1600 0.730625
1600 0.6175
1600 0.693125
1600 0.68375
1600 0.83625
1600 0.57375
1600 0.583125
1600 0.790625
1600 0.660625
1600 0.7
1600 0.74375
1600 0.69125
1600 0.68875
1600 0.735625
1600 0.719375
1600 0.7075
1600 0.798125
1600 0.80125
1600 0.68875
1600 0.75625
1600 0.665
1600 0.755625
1600 0.6775
1600 0.723125
1600 0.815625
1600 0.55375
1600 0.738125
1600 0.64625
1600 0.809375
1600 0.73
1600 0.710625
1600 0.6625
1600 0.799375
1600 0.769375
1600 0.533125
1600 0.764375
1600 0.7575
1600 0.7075
1600 0.631875
1600 0.764375
1600 0.743125
1600 0.61
1600 0.635625
1600 0.749375
1600 0.80125
1600 0.75875
1600 0.768125
1600 0.744375
1600 0.78125
1600 0.730625
1600 0.748125
1600 0.764375
1600 0.641875
1600 0.691875
1600 0.598125
1600 0.556875
1650 0.824848
1650 0.633939
1650 0.659394
1650 0.592727
1650 0.800606
1650 0.72303
1650 0.713939
1650 0.768485
1650 0.87697
1650 0.589697
1650 0.463636
1650 0.792727
1650 0.675758
1650 0.808485
1650 0.784848
1650 0.647879
1650 0.659394
1650 0.815152
1650 0.877576
1650 0.657576
1650 0.724848
1650 0.726667
1650 0.646667
1650 0.750303
1650 0.622424
1650 0.631515
1650 0.68303
1650 0.77697
1650 0.830303
1650 0.555152
1650 0.794545
1650 0.550303
1650 0.669697
1650 0.772727
1650 0.736364
1650 0.785455
1650 0.495152
1650 0.707273
1650 0.624848
1650 0.648485
1650 0.694545
1650 0.741818
1650 0.729091
1650 0.726667
1650 0.748485
1650 0.740606
1650 0.710909
1650 0.470909
1650 0.641818
1650 0.793333
1650 0.707273
1650 0.84303
1650 0.846667
1650 0.681212
1650 0.664242
1650 0.809091
1650 0.81697
1650 0.757576
1650 0.678182
1650 0.698788
1650 0.62
1650 0.793333
1650 0.719394
1650 0.598182
1650 0.889091
1650 0.549091
1650 0.706667
1650 0.725455
1650 0.778182
1650 0.726667
1650 0.726061
1650 0.644242
1650 0.723636
1650 0.718182
1650 0.784242
1700 0.862353
1700 0.784118
1700 0.642941
1700 0.850588
1700 0.606471
1700 0.775882
1700 0.684706
1700 0.618235
1700 0.772353
1700 0.755882
1700 0.464706
1700 0.757059
1700 0.738824
1700 0.806471
1700 0.846471
1700 0.755294
1700 0.447647
1700 0.6
1700 0.742353
1700 0.774118
1700 0.726471
1700 0.676471
1700 0.754706
1700 0.630588
1700 0.738235
1700 0.792941
1700 0.747647
1700 0.777059
1700 0.648235
1700 0.79
1700 0.797647
1700 0.679412
1700 0.648824
1700 0.721176
1700 0.807059
1700 0.732353
1700 0.716471
1700 0.729412
1700 0.775882
1700 0.812353
1700 0.620588
1700 0.772941
1700 0.647647
1700 0.741176
1700 0.769412
1700 0.828824
1700 0.561765
1700 0.700588
1700 0.851176
1700 0.669412
1700 0.752353
1700 0.667647
1700 0.566471
1700 0.571176
1700 0.639412
1700 0.672353
1700 0.702941
1700 0.787647
1700 0.831765
1700 0.528235
1700 0.617647
1700 0.611176
1700 0.772941
1700 0.803529
1700 0.832353
1700 0.748824
1700 0.506471
1700 0.680588
1700 0.836471
1700 0.869412
1700 0.766471
1700 0.801176
1700 0.653529
1700 0.754706
1700 0.732941
1750 0.838857
1750 0.750286
1750 0.845714
1750 0.821714
1750 0.7
1750 0.800571
1750 0.594857
1750 0.641143
1750 0.773143
1750 0.642286
1750 0.835429
1750 0.636
1750 0.633143
1750 0.838286
1750 0.628
1750 0.714286
1750 0.738286
1750 0.797714
1750 0.528
1750 0.666857
1750 0.656571
1750 0.588
1750 0.701143
1750 0.753143
1750 0.743429
1750 0.619429
1750 0.786857
1750 0.750286
1750 0.781714
1750 0.795429
1750 0.679429
1750 0.769714
1750 0.714857
1750 0.802286
1750 0.468
1750 0.728
1750 0.779429
1750 0.766286
1750 0.601143
1750 0.773143
1750 0.609143
1750 0.688571
1750 0.762857
1750 0.522286
1750 0.734286
1750 0.621143
1750 0.8
1750 0.642857
1750 0.805714
1750 0.741143
1750 0.787429
1750 0.829714
1750 0.813714
1750 0.801143
1750 0.662286
1750 0.693143
1750 0.693143
1750 0.856571
1750 0.769143
1750 0.662286
1750 0.339429
1750 0.513714
1750 0.720571
1750 0.792
1750 0.736
1750 0.701714
1750 0.791429
1750 0.756
1750 0.803429
1750 0.779429
1750 0.784
1750 0.665143
1750 0.565143
1750 0.757714
1750 0.849143
1800 0.71
1800 0.61
1800 0.816111
1800 0.765556
1800 0.792222
1800 0.728333
1800 0.487222
1800 0.785
1800 0.803333
1800 0.813333
1800 0.672778
1800 0.757222
1800 0.757778
1800 0.652778
1800 0.748889
1800 0.792778
1800 0.696667
1800 0.677222
1800 0.551111
1800 0.674444
1800 0.678889
1800 0.643333
1800 0.57
1800 0.707778
1800 0.758333
1800 0.851111
1800 0.807222
1800 0.739444
1800 0.733889
1800 0.729444
1800 0.754444
1800 0.808333
1800 0.788889
1800 0.625
1800 0.655
1800 0.552778
1800 0.627778
1800 0.750556
1800 0.851667
1800 0.708889
1800 0.794444
1800 0.730556
1800 0.641667
1800 0.777778
1800 0.686111
1800 0.790556
1800 0.602222
1800 0.799444
1800 0.836111
1800 0.77
1800 0.727778
1800 0.496667
1800 0.695556
1800 0.619444
1800 0.808333
1800 0.72
1800 0.625556
1800 0.615
1800 0.538333
1800 0.766111
1800 0.817778
1800 0.595556
1800 0.745556
1800 0.828889
1800 0.661667
1800 0.8
1800 0.708889
1800 0.739444
1800 0.750556
1800 0.766667
1800 0.815
1800 0.769444
1800 0.774444
1800 0.723333
1800 0.746667
1850 0.736216
1850 0.837297
1850 0.675135
1850 0.811351
1850 0.710811
1850 0.719459
1850 0.782162
1850 0.772973
1850 0.599459
1850 0.780541
1850 0.737297
1850 0.755676
1850 0.815676
1850 0.816757
1850 0.682162
1850 0.852432
1850 0.682703
1850 0.655676
1850 0.727027
1850 0.722703
1850 0.771351
1850 0.8
1850 0.607027
1850 0.710811
1850 0.748108
1850 0.714054
1850 0.664865
1850 0.728108
1850 0.511351
1850 0.572973
1850 0.771351
1850 0.86
1850 0.765405
1850 0.843784
1850 0.775676
1850 0.767568
1850 0.845405
1850 0.761081
1850 0.737297
1850 0.617297
1850 0.624324
1850 0.582162
1850 0.631351
1850 0.779459
1850 0.700541
1850 0.732973
1850 0.534595
1850 0.577838
1850 0.837838
1850 0.693514
1850 0.575676
1850 0.758919
1850 0.759459
1850 0.790811
1850 0.842162
1850 0.76
1850 0.616216
1850 0.731351
1850 0.728649
1850 0.77027
1850 0.761081
1850 0.817838
1850 0.848108
1850 0.604865
1850 0.695676
1850 0.74973
1850 0.791892
1850 0.605946
1850 0.680541
1850 0.704865
1850 0.778378
1850 0.82
1850 0.22
1850 0.723784
1850 0.71027
1900 0.801579
1900 0.636842
1900 0.748947
1900 0.763684
1900 0.690526
1900 0.785263
1900 0.734211
1900 0.532105
1900 0.747368
1900 0.711579
1900 0.828421
1900 0.629474
1900 0.67
1900 0.577895
1900 0.606316
1900 0.789474
1900 0.668947
1900 0.701053
1900 0.706842
1900 0.746842
1900 0.701053
1900 0.506316
1900 0.779474
1900 0.759474
1900 0.745789
1900 0.835263
1900 0.767368
1900 0.802632
1900 0.73
1900 0.613158
1900 0.662105
1900 0.710526
1900 0.702632
1900 0.745789
1900 0.762105
1900 0.623158
1900 0.751053
1900 0.691579
1900 0.731053
1900 0.645263
1900 0.783158
1900 0.796842
1900 0.716316
1900 0.780526
1900 0.717368
1900 0.634211
1900 0.808947
1900 0.615789
1900 0.771053
1900 0.798947
1900 0.766316
1900 0.761053
1900 0.650526
1900 0.732105
1900 0.799474
1900 0.775263
1900 0.628947
1900 0.574211
1900 0.792632
1900 0.735789
1900 0.850526
1900 0.72
1900 0.762632
1900 0.698947
1900 0.726842
1900 0.804211
1900 0.584211
1900 0.824211
1900 0.793684
1900 0.678421
1900 0.776842
1900 0.645789
1900 0.768421
1900 0.767895
1900 0.621579
1950 0.711795
1950 0.705128
1950 0.760513
1950 0.81641
1950 0.719487
1950 0.794872
1950 0.56359
1950 0.652821
1950 0.481026
1950 0.733333
1950 0.501538
1950 0.647179
1950 0.844615
1950 0.598462
1950 0.755897
1950 0.828718
1950 0.730769
1950 0.729231
1950 0.527692
1950 0.763077
1950 0.602051
1950 0.814872
1950 0.816923
1950 0.799487
1950 0.767179
1950 0.773333
1950 0.773846
1950 0.52
1950 0.738462
1950 0.793333
1950 0.630256
1950 0.774872
1950 0.77641
1950 0.757949
1950 0.650256
1950 0.588205
1950 0.687692
1950 0.853846
1950 0.611282
1950 0.698974
1950 0.767692
1950 0.470769
1950 0.874872
1950 0.788718
1950 0.766154
1950 0.832308
1950 0.707692
1950 0.825128
1950 0.682051
1950 0.731795
1950 0.727179
1950 0.735385
1950 0.688718
1950 0.784103
1950 0.809231
1950 0.821026
1950 0.764615
1950 0.702051
1950 0.770769
1950 0.765128
1950 0.694872
1950 0.673846
1950 0.734872
1950 0.738974
1950 0.835897
1950 0.60359
1950 0.82359
1950 0.524615
1950 0.727179
1950 0.777436
1950 0.800513
1950 0.65641
1950 0.865641
1950 0.665641
1950 0.664103
2000 0.8435
2000 0.472
2000 0.795
2000 0.851
2000 0.705
2000 0.745
2000 0.834
2000 0.7175
2000 0.673
2000 0.5905
2000 0.5665
2000 0.4915
2000 0.364
2000 0.839
2000 0.802
2000 0.7405
2000 0.788
2000 0.742
2000 0.6785
2000 0.6115
2000 0.652
2000 0.726
2000 0.728
2000 0.725
2000 0.7945
2000 0.7935
2000 0.67
2000 0.6205
2000 0.737
2000 0.762
2000 0.862
2000 0.8485
2000 0.8705
2000 0.6955
2000 0.783
2000 0.792
2000 0.826
2000 0.692
2000 0.736
2000 0.787
2000 0.7845
2000 0.679
2000 0.507
2000 0.679
2000 0.7085
2000 0.7355
2000 0.8625
2000 0.8265
2000 0.685
2000 0.8075
2000 0.746
2000 0.8125
2000 0.768
2000 0.807
2000 0.715
2000 0.769
2000 0.751
2000 0.749
2000 0.678
2000 0.741
2000 0.784
2000 0.7395
2000 0.777
2000 0.6505
2000 0.8105
2000 0.6695
2000 0.643
2000 0.7375
2000 0.654
2000 0.788
2000 0.756
2000 0.778
2000 0.729
2000 0.5095
2000 0.8445
