50 0.26
50 0.04
50 0
50 0.18
50 0.24
50 0.64
50 0
50 0
50 0.02
50 0.24
50 0.3
50 0.3
50 0.24
50 0.02
50 0.16
50 0
50 0.08
50 0.46
50 0.26
50 0.02
50 0.16
50 0.12
50 0.44
50 0.2
50 0.02
50 0.64
50 0.36
50 0.44
50 0.22
50 0.1
50 0.16
50 0.28
50 0
50 0
50 0.04
50 0.34
50 0
50 0.7
50 0.82
50 0.38
50 0
50 0.14
50 0.14
50 0.62
50 0
50 0.2
50 0.18
50 0.92
50 0.42
50 0.28
50 0.48
50 0.12
50 0.44
50 0.14
50 0.62
50 0.34
50 0.4
50 0.02
50 0.5
50 0.08
50 0.38
50 0.42
50 0.22
50 0.18
50 0.82
50 0.26
50 0
50 0.1
50 0.44
50 0.1
50 0.24
50 0.2
50 0.08
50 0
50 0.04
100 0.27
100 0.21
100 0.42
100 0.7
100 0.55
100 0.75
100 0.46
100 0.84
100 0.81
100 0.47
100 0.86
100 0.32
100 0.27
100 0.02
100 0.9
100 0.23
100 0.6
100 0.01
100 0.36
100 0.71
100 0.15
100 0.05
100 0.59
100 0.59
100 0.43
100 0.34
100 0.01
100 0.57
100 0.2
100 0.63
100 0.75
100 0.47
100 0.67
100 0.76
100 0.81
100 0.56
100 0.7
100 0.59
100 0.16
100 0.55
100 0.7
100 0.21
100 0.27
100 0.55
100 0.81
100 0.83
100 0.53
100 0.51
100 0.11
100 0.49
100 0.44
100 0.34
100 0.22
100 0.69
100 0.55
100 0.97
100 0.9
100 0
100 0.25
100 0.08
100 0.78
100 0.12
100 0.5
100 0.91
100 0.41
100 0.12
100 0.65
100 0.66
100 0.72
100 0.66
100 0
100 0.65
100 0
100 0.07
100 0.9
150 0.673333
150 0.666667
150 0.84
150 0.806667
150 0.633333
150 0.92
150 0.753333
150 0.92
150 0.853333
150 0.146667
150 0.893333
150 0.866667
150 0.493333
150 0.533333
150 0.86
150 0.726667
150 0.973333
150 0.626667
150 0.686667
150 0.84
150 0.153333
150 0.906667
150 0.753333
150 0.68
150 0.893333
150 0.82
150 0.726667
150 0.82
150 0.88
150 0.826667
150 0.8
150 0.786667
150 0.84
150 0.98
150 0.2
150 0.6
150 0.44
150 0.533333
150 0.62
150 0.82
150 0.846667
150 0.646667
150 0.32
150 0.413333
150 0.273333
150 0.86
150 0.793333
150 0.82
150 0.78
150 0.32
150 0.66
150 0.473333
150 0.353333
150 0.86
150 0.766667
150 0.813333
150 0.78
150 0.84
150 0.386667
150 0.773333
150 0.793333
150 0.813333
150 0.833333
150 0.74
150 0.846667
150 0.793333
150 0.873333
150 0.393333
150 0.88
150 0.42
150 0.733333
150 0.746667
150 0.733333
150 0.733333
150 0.78
200 0.69
200 0.52
200 0.985
200 0.75
200 0.225
200 0.88
200 0.73
200 0.89
200 0.77
200 0.775
200 0.85
200 0.6
200 0.555
200 0.88
200 0.725
200 0.465
200 0.855
200 0.87
200 0.85
200 0.86
200 0.755
200 0.985
200 0.595
200 0.79
200 0.89
200 0.665
200 0.94
200 0.695
200 0.655
200 0.9
200 0.495
200 0.86
200 0.77
200 0.87
200 0.69
200 0.85
200 0.55
200 0.705
200 0.905
200 0.485
200 0.66
200 0.875
200 0.805
200 0.48
200 0.89
200 0.79
200 0.925
200 0.75
200 0.85
200 0.805
200 0.115
200 0.88
200 0.83
200 0.71
200 0.945
200 0.86
200 0.81
200 0.64
200 0.86
200 0.625
200 0.35
200 0.685
200 0.925
200 0.83
200 0.74
200 0.67
200 0.67
200 0.795
200 0.785
200 0.85
200 0.715
200 0.425
200 0.84
200 0.865
200 0.725
250 0.88
250 0.912
250 0.864
250 0.86
250 0.868
250 0.892
250 0.844
250 0.944
250 0.876
250 0.844
250 0.84
250 0.828
250 0.748
250 0.924
250 0.96
250 0.876
250 0.936
250 0.536
250 0.824
250 0.864
250 0.94
250 0.728
250 0.712
250 0.788
250 0.94
250 0.896
250 0.908
250 0.98
250 0.472
250 0.84
250 0.756
250 0.904
250 0.944
250 0.9
250 0.804
250 0.76
250 0.876
250 0.788
250 0.876
250 0.92
250 0.936
250 0.792
250 0.88
250 0.464
250 0.832
250 0.876
250 0.932
250 0.58
250 0.94
250 0.84
250 0.916
250 0.604
250 0.864
250 0.788
250 0.904
250 0.916
250 0.848
250 0.824
250 0.88
250 0.908
250 0.912
250 0.832
250 0.9
250 0.86
250 0.672
250 0.908
250 0.884
250 0.844
250 0.88
250 0.964
250 0.652
250 0.616
250 0.98
250 0.936
250 0.816
300 0.836667
300 0.893333
300 0.806667
300 0.893333
300 0.663333
300 0.926667
300 0.836667
300 0.71
300 0.686667
300 0.04
300 0.92
300 0.306667
300 0.813333
300 0.92
300 0.966667
300 0.76
300 0.87
300 0.863333
300 0.906667
300 0.873333
300 0.89
300 0.886667
300 0.843333
300 0.943333
300 0.95
300 0.92
300 0.93
300 0.84
300 0.933333
300 0.943333
300 0.823333
300 0.796667
300 0.813333
300 0.79
300 0.89
300 0.923333
300 0.9
300 0.843333
300 0.95
300 0.946667
300 0.916667
300 0.89
300 0.92
300 0.81
300 0.67
300 0.693333
300 0.816667
300 0.74
300 0.496667
300 0.973333
300 0.96
300 0.92
300 0.76
300 0.713333
300 0.79
300 0.94
300 0.973333
300 0.91
300 0.846667
300 0.87
300 0.83
300 0.916667
300 0.873333
300 0.776667
300 0.826667
300 0.91
300 0.89
300 0.863333
300 0.923333
300 0.83
300 0.876667
300 0.906667
300 0.826667
300 0.873333
300 0.85
350 0.925714
350 0.94
350 0.828571
350 0.814286
350 0.951429
350 0.594286
350 0.791429
350 0.937143
350 0.971429
350 0.94
350 0.854286
350 0.78
350 0.882857
350 0.888571
350 0.862857
350 0.654286
350 0.808571
350 0.854286
350 0.788571
350 0.871429
350 0.997143
350 0.734286
350 0.974286
350 0.937143
350 0.94
350 0.94
350 0.902857
350 0.848571
350 0.888571
350 0.882857
350 0.871429
350 0.977143
350 0.854286
350 0.882857
350 0.917143
350 0.88
350 0.128571
350 0.605714
350 0.871429
350 0.84
350 0.834286
350 0.92
350 0.931429
350 1
350 0.96
350 0.962857
350 0.888571
350 0.985714
350 0.877143
350 0.957143
350 0.834286
350 0.931429
350 0.885714
350 0.825714
350 0.862857
350 0.931429
350 0.977143
350 0.817143
350 0.92
350 0.802857
350 0.922857
350 0.745714
350 0.894286
350 0.877143
350 0.731429
350 0.891429
350 0.874286
350 0.925714
350 0.982857
350 0.894286
350 0.894286
350 0.942857
350 0.925714
350 0.957143
350 0.842857
400 0.965
400 0.91
400 0.9325
400 0.73
400 0.7575
400 0.905
400 0.88
400 0.6675
400 0.9725
400 0.8075
400 0.9025
400 0.9325
400 0.8675
400 0.8275
400 0.885
400 0.9675
400 0.8575
400 0.595
400 0.9125
400 0.96
400 0.87
400 0.9325
400 0.9575
400 0.76
400 0.98
400 0.8975
400 0.9525
400 0.755
400 0.84
400 0.98
400 0.91
400 0.8125
400 0.9075
400 0.905
400 0.9275
400 0.94
400 0.85
400 0.68
400 0.88
400 0.9325
400 0.9825
400 0.91
400 0.8675
400 0.8625
400 0.89
400 0.9725
400 0.9075
400 0.825
400 0.9525
400 0.9425
400 0.9175
400 0.9325
400 0.8375
400 0.875
400 0.8325
400 0.9225
400 0.9825
400 0.9175
400 0.9325
400 0.8925
400 0.855
400 0.915
400 0.905
400 0.935
400 0.88
400 0.92
400 0.855
400 0.935
400 0.905
400 0.7825
400 0.8525
400 0.865
400 0.915
400 0.945
400 0.9025
450 0.875556
450 0.942222
450 0.924444
450 0.955556
450 0.815556
450 0.944444
450 0.888889
450 0.902222
450 0.96
450 0.786667
450 0.926667
450 0.826667
450 0.888889
450 0.928889
450 0.728889
450 0.891111
450 0.848889
450 0.84
450 0.906667
450 0.9
450 0.924444
450 0.98
450 0.704444
450 0.968889
450 0.915556
450 0.76
450 0.922222
450 0.915556
450 0.928889
450 0.573333
450 0.922222
450 0.837778
450 0.904444
450 0.964444
450 0.755556
450 0.857778
450 0.933333
450 0.942222
450 0.957778
450 0.822222
450 0.98
450 0.962222
450 0.797778
450 0.944444
450 0.895556
450 0.955556
450 0.917778
450 0.955556
450 0.904444
450 0.92
450 0.888889
450 0.986667
450 0.942222
450 0.891111
450 0.882222
450 0.906667
450 0.864444
450 0.995556
450 0.944444
450 0.971111
450 0.78
450 0.922222
450 0.953333
450 0.917778
450 0.893333
450 0.866667
450 0.926667
450 0.768889
450 0.706667
450 0.913333
450 0.857778
450 0.835556
450 0.991111
450 0.84
450 0.715556
500 0.996
500 0.86
500 0.992
500 0.958
500 0.762
500 0.948
500 0.894
500 0.892
500 0.87
500 0.916
500 0.85
500 0.934
500 0.834
500 0.956
500 0.95
500 0.928
500 0.894
500 0.924
500 0.898
500 0.858
500 0.88
500 0.93
500 0.878
500 0.878
500 0.896
500 0.886
500 0.924
500 0.974
500 0.954
500 0.968
500 0.92
500 0.864
500 0.878
500 0.896
500 0.9
500 0.964
500 0.906
500 0.89
500 0.932
500 0.936
500 0.956
500 0.99
500 0.918
500 0.9
500 0.89
500 0.942
500 0.872
500 0.836
500 0.892
500 0.974
500 0.938
500 0.902
500 0.98
500 0.932
500 0.824
500 0.982
500 0.958
500 0.904
500 0.946
500 0.914
500 0.88
500 0.926
500 0.934
500 0.928
500 0.944
500 0.86
500 0.868
500 0.926
500 0.944
500 0.984
500 0.534
500 0.944
500 0.964
500 0.906
500 0.906
550 0.801818
550 0.921818
550 0.970909
550 0.970909
550 0.961818
550 0.967273
550 0.961818
550 0.972727
550 0.901818
550 0.978182
550 0.874545
550 0.881818
550 0.865455
550 0.943636
550 0.916364
550 0.927273
550 0.847273
550 0.870909
550 0.965455
550 0.890909
550 0.929091
550 0.818182
550 0.858182
550 0.890909
550 0.943636
550 0.945455
550 0.834545
550 0.9
550 0.943636
550 0.876364
550 0.938182
550 0.885455
550 0.969091
550 0
550 0.941818
550 0.874545
550 0.881818
550 0.936364
550 0.958182
550 0.947273
550 0.923636
550 0.88
550 0.903636
550 0.914545
550 0.965455
550 0.974545
550 0.725455
550 0.918182
550 0.907273
550 0.947273
550 0.94
550 0.96
550 0.82
550 0.858182
550 0.790909
550 0.801818
550 0.972727
550 0.885455
550 0.892727
550 0.798182
550 0.909091
550 0.96
550 0.978182
550 0.932727
550 0.921818
550 0.872727
550 0.94
550 0.952727
550 0.88
550 0.845455
550 0.907273
550 0.921818
550 0.865455
550 0.905455
550 0.914545
600 0.943333
600 0.938333
600 0.85
600 0.933333
600 0.935
600 0.97
600 0.965
600 0.906667
600 0.9
600 0.88
600 0.988333
600 0.93
600 0.661667
600 0.925
600 0.866667
600 0.903333
600 0.948333
600 0.873333
600 0.966667
600 0.965
600 0.886667
600 0.93
600 0.841667
600 0.875
600 0.878333
600 0.915
600 0.918333
600 0.928333
600 0.961667
600 0.916667
600 0.853333
600 0.97
600 0.895
600 0.928333
600 0.926667
600 0.935
600 0.905
600 0.943333
600 0.886667
600 0.948333
600 0.776667
600 0.905
600 0.883333
600 0.97
600 0.918333
600 0.93
600 0.941667
600 0.89
600 0.875
600 0.893333
600 0.976667
600 0.896667
600 0.945
600 0.956667
600 0.935
600 0.916667
600 0.936667
600 0.945
600 0.716667
600 0.953333
600 0.966667
600 0.97
600 0.878333
600 0.963333
600 0.843333
600 0.82
600 0.975
600 0.9
600 0.948333
600 0.943333
600 0.925
600 0.821667
600 0.946667
600 0.928333
600 0.82
650 0.964615
650 0.923077
650 0.949231
650 0.932308
650 0.92
650 0.998462
650 0.875385
650 0.993846
650 0.929231
650 0.898462
650 0.972308
650 0.864615
650 0.96
650 0.921538
650 1
650 0.927692
650 0.906154
650 0.818462
650 0.906154
650 0.912308
650 0.84
650 0.904615
650 0.989231
650 0.929231
650 0.929231
650 0.975385
650 0.921538
650 0.907692
650 0.929231
650 0.913846
650 0.976923
650 0.898462
650 0.958462
650 0.94
650 0.94
650 0.913846
650 0.915385
650 0.926154
650 0.876923
650 0.972308
650 0.889231
650 0.896923
650 0.889231
650 0.932308
650 0.82
650 0.950769
650 0.946154
650 0.910769
650 0.818462
650 0.907692
650 0.86
650 0.867692
650 0.966154
650 0.950769
650 0.9
650 0.955385
650 0.892308
650 0.952308
650 0.946154
650 0.936923
650 0.930769
650 0.863077
650 0.944615
650 0.878462
650 0.969231
650 0.949231
650 0.956923
650 0.952308
650 0.972308
650 0.912308
650 0.923077
650 0.930769
650 0.963077
650 0.930769
650 0.964615
700 0.95
700 0.952857
700 0.882857
700 0.918571
700 0.97
700 0.907143
700 0.83
700 0.971429
700 0.985714
700 0.948571
700 0.907143
700 0.911429
700 0.941429
700 0.937143
700 0.817143
700 0.88
700 0.801429
700 0.902857
700 0.887143
700 0.897143
700 0.952857
700 0.947143
700 0.942857
700 0.927143
700 0.975714
700 0.924286
700 0.95
700 0.904286
700 0.917143
700 0.942857
700 0.924286
700 0.948571
700 0.997143
700 0.952857
700 0.998571
700 0.935714
700 0.93
700 0.954286
700 0.927143
700 0.885714
700 0.964286
700 1
700 0.984286
700 0.958571
700 0.734286
700 0.977143
700 0.812857
700 0.918571
700 0.958571
700 0.968571
700 0.945714
700 0.915714
700 0.925714
700 0.945714
700 0.791429
700 0.918571
700 0.927143
700 0.895714
700 0.965714
700 0.908571
700 0.995714
700 0.938571
700 0.905714
700 0.824286
700 0.955714
700 0.957143
700 0.952857
700 0.902857
700 0.897143
700 0.88
700 0.887143
700 0.962857
700 0.898571
700 0.858571
700 0.931429
750 0.917333
750 0.942667
750 0.942667
750 0.993333
750 0.945333
750 0.934667
750 0.964
750 0.949333
750 0.974667
750 0.821333
750 0.826667
750 0.957333
750 0.952
750 0.973333
750 0.882667
750 0.962667
750 0.974667
750 0.928
750 0.958667
750 0.982667
750 0.965333
750 0.833333
750 0.884
750 0.969333
750 0.924
750 0.962667
750 0.949333
750 0.936
750 0.997333
750 0.966667
750 0.908
750 0.937333
750 0.838667
750 0.872
750 0.888
750 0.857333
750 0.978667
750 0.850667
750 0.937333
750 0.9
750 0.953333
750 0.684
750 0.948
750 0.937333
750 0.944
750 0.873333
750 0.958667
750 0.893333
750 0.872
750 0.965333
750 0.925333
750 0.941333
750 0.929333
750 0.901333
750 0.977333
750 0.961333
750 0.968
750 0.888
750 0.922667
750 0.722667
750 0.944
750 0.94
750 0.882667
750 0.793333
750 0.882667
750 0.872
750 0.88
750 0.933333
750 0.946667
750 0.962667
750 0.912
750 0.944
750 0.968
750 0.957333
750 0.949333
800 0.99125
800 0.7925
800 0.9325
800 0.94125
800 0.98
800 0.9775
800 0.86375
800 0.905
800 0.9525
800 0.9875
800 0.98875
800 0.9125
800 0.975
800 0.94625
800 0.93875
800 0.88125
800 0.94875
800 0.97625
800 0.905
800 0.95625
800 0.97375
800 0.88375
800 0.91125
800 0.9475
800 0.9475
800 0.97
800 0.91375
800 0.9375
800 0.935
800 0.9875
800 0.97625
800 0.88875
800 0.83625
800 0.9425
800 0.9025
800 0.94875
800 0.965
800 0.95625
800 0.9075
800 0.93625
800 0.885
800 0.8925
800 0.9175
800 0.84625
800 0.90875
800 0.945
800 0.86375
800 0.82875
800 0.92875
800 0.885
800 0.865
800 0.91
800 0.95375
800 0.90625
800 0.905
800 0.96
800 0.9025
800 0.9025
800 0.93875
800 0.9625
800 0.9275
800 0.965
800 0.95375
800 0.9925
800 0.94375
800 0.925
800 0.93375
800 0.9375
800 0.9125
800 0.9575
800 0.96625
800 0.89
800 0.88
800 0.955
800 0.92875
850 0.924706
850 0.942353
850 0.935294
850 0.996471
850 0.925882
850 0.911765
850 0.957647
850 0.942353
850 0.876471
850 0.851765
850 0.943529
850 0.955294
850 0.898824
850 0.990588
850 0.897647
850 0.974118
850 0.963529
850 0.921176
850 0.955294
850 0.941176
850 0.957647
850 0.987059
850 0.943529
850 0.905882
850 0.936471
850 0.925882
850 0.965882
850 0.948235
850 0.928235
850 0.927059
850 0.878824
850 0.949412
850 0.988235
850 0.830588
850 0.905882
850 0.961176
850 0.961176
850 0.896471
850 0.854118
850 0.842353
850 0.977647
850 0.922353
850 0.937647
850 0.988235
850 0.901176
850 0.922353
850 0.911765
850 0.96
850 0.843529
850 0.835294
850 0.910588
850 0.838824
850 0.881176
850 0.942353
850 0.917647
850 0.984706
850 0.921176
850 0.943529
850 0.974118
850 0.871765
850 0.798824
850 0.892941
850 0.882353
850 0.937647
850 0.74
850 0.968235
850 0.972941
850 0.992941
850 0.974118
850 0.971765
850 0.931765
850 0.915294
850 0.950588
850 0.951765
850 0.843529
900 0.977778
900 0.961111
900 0.97
900 0.922222
900 0.881111
900 0.901111
900 0.936667
900 0.918889
900 0.955556
900 0.971111
900 0.971111
900 0.991111
900 0.96
900 0.955556
900 0.973333
900 0.975556
900 0.926667
900 0.94
900 0.922222
900 0.951111
900 0.988889
900 0.903333
900 0.9
900 0.917778
900 0.897778
900 0.861111
900 0.881111
900 0.958889
900 0.991111
900 0.98
900 0.985556
900 0.951111
900 0.863333
900 0.901111
900 0.825556
900 0.901111
900 0.921111
900 0.944444
900 0.937778
900 0.974444
900 0.717778
900 0.797778
900 0.98
900 0.873333
900 0.926667
900 0.981111
900 0.957778
900 0.978889
900 0.982222
900 0.975556
900 0.853333
900 0.886667
900 0.818889
900 0.885556
900 0.921111
900 0.976667
900 0.94
900 0.99
900 0.974444
900 0.936667
900 0.943333
900 0.95
900 0.901111
900 0.956667
900 0.875556
900 0.91
900 0.895556
900 0.984444
900 0.941111
900 0.892222
900 0.958889
900 0.876667
900 0.993333
900 0.976667
900 0.937778
950 0.948421
950 0.901053
950 0.924211
950 0.895789
950 0.937895
950 0.895789
950 0.932632
950 0.983158
950 0.968421
950 0.898947
950 0.793684
950 0.996842
950 0.916842
950 0.952632
950 0.963158
950 0.930526
950 0.946316
950 0.878947
950 0.956842
950 0.912632
950 0.897895
950 0.889474
950 0.931579
950 0.931579
950 0.92
950 0.956842
950 0.876842
950 0.926316
950 0.970526
950 0.92
950 0.962105
950 0.927368
950 0.981053
950 0.955789
950 0.893684
950 0.936842
950 0.975789
950 0.895789
950 0.96
950 0.890526
950 0.928421
950 0.918947
950 0.903158
950 0.913684
950 0.929474
950 0.823158
950 0.925263
950 0.943158
950 0.92
950 0.947368
950 0.936842
950 0.955789
950 0.930526
950 0.968421
950 0.834737
950 0.928421
950 0.915789
950 0.927368
950 0.88
950 0.954737
950 0.92
950 0.945263
950 0.902105
950 0.997895
950 0.965263
950 0.897895
950 0.969474
950 0.976842
950 0.958947
950 0.953684
950 0.862105
950 0.873684
950 0.947368
950 0.956842
950 0.981053
1000 0.92
1000 0.776
1000 0.937
1000 0.889
1000 0.964
1000 0.884
1000 0.976
1000 0.963
1000 0.92
1000 0.947
1000 0.923
1000 0.944
1000 0.962
1000 0.959
1000 0.93
1000 0.957
1000 0.993
1000 0.953
1000 0.951
1000 0.947
1000 0.929
1000 0.841
1000 0.984
1000 0.89
1000 0.915
1000 0.922
1000 0.883
1000 0.986
1000 0.869
1000 0.924
1000 0.971
1000 0.932
1000 0.969
1000 0.892
1000 0.937
1000 0.963
1000 0.979
1000 0.961
1000 0.961
1000 0.923
1000 0.953
1000 0.931
1000 0.945
1000 0.83
1000 0.94
1000 0.892
1000 0.958
1000 0.93
1000 0.822
1000 0.978
1000 0.899
1000 0.909
1000 0.96
1000 0.973
1000 0.94
1000 0.98
1000 0.919
1000 0.898
1000 0.945
1000 0.958
1000 0.915
1000 0.905
1000 0.908
1000 0.969
1000 0.953
1000 0.958
1000 0.947
1000 0.959
1000 0.91
1000 0.881
1000 0.937
1000 0.858
1000 0.917
1000 0.965
1000 0.987
1050 0.917143
1050 0.904762
1050 0.927619
1050 0.950476
1050 0.641905
1050 0.942857
1050 0.887619
1050 0.901905
1050 0.93619
1050 0.959048
1050 0.932381
1050 0.942857
1050 0.975238
1050 0.886667
1050 0.917143
1050 0.940952
1050 0.871429
1050 0.975238
1050 0.96
1050 0.974286
1050 0.979048
1050 0.974286
1050 0.98
1050 0.86381
1050 0.915238
1050 0.928571
1050 0.92
1050 0.931429
1050 0.947619
1050 0.927619
1050 0.932381
1050 0.966667
1050 0.925714
1050 0.951429
1050 0.875238
1050 0.905714
1050 0.934286
1050 0.939048
1050 0.933333
1050 0.937143
1050 0.972381
1050 0.910476
1050 0.88381
1050 0.910476
1050 0.911429
1050 0.925714
1050 0.972381
1050 0.900952
1050 0.921905
1050 0.967619
1050 0.934286
1050 0.941905
1050 0.989524
1050 0.906667
1050 0.971429
1050 0.988571
1050 0.95619
1050 0.930476
1050 0.98381
1050 0.911429
1050 0.924762
1050 0.948571
1050 0.946667
1050 0.950476
1050 0.947619
1050 0.966667
1050 0.968571
1050 0.911429
1050 0.985714
1050 0.926667
1050 0.925714
1050 0.939048
1050 0.940952
1050 0.93619
1050 0.887619
1100 0.983636
1100 0.912727
1100 0.931818
1100 0.94
1100 0.948182
1100 0.979091
1100 0.909091
1100 0.976364
1100 0.976364
1100 0.949091
1100 0.970909
1100 0.889091
1100 0.938182
1100 0.924545
1100 0.866364
1100 0.984545
1100 0.944545
1100 0.915455
1100 0.977273
1100 0.946364
1100 0.928182
1100 0.934545
1100 0.95
1100 0.907273
1100 0.967273
1100 0.987273
1100 0.966364
1100 0.98
1100 0.92
1100 0.940909
1100 0.966364
1100 0.898182
1100 0.939091
1100 0.93
1100 0.923636
1100 0.930909
1100 0.897273
1100 0.920909
1100 0.968182
1100 0.960909
1100 0.920909
1100 0.928182
1100 0.882727
1100 0.93
1100 0.962727
1100 0.915455
1100 0.9
1100 0.934545
1100 0.960909
1100 0.970909
1100 0.92
1100 0.96
1100 0.938182
1100 0.986364
1100 0.979091
1100 0.915455
1100 0.936364
1100 0.975455
1100 0.923636
1100 0.95
1100 0.980909
1100 0.923636
1100 0.954545
1100 0.936364
1100 0.961818
1100 0.894545
1100 0.89
1100 0.960909
1100 0.984545
1100 0.924545
1100 0.868182
1100 0.930909
1100 0.973636
1100 0.869091
1100 0.800909
1150 0.92087
1150 0.826087
1150 0.92087
1150 0.964348
1150 0.946957
1150 0.945217
1150 0.977391
1150 0.926087
1150 0.93913
1150 0.89913
1150 0.930435
1150 0.965217
1150 0.861739
1150 0.893043
1150 0.973913
1150 0.85913
1150 0.893913
1150 0.816522
1150 0.961739
1150 0.94087
1150 0.972174
1150 0.972174
1150 0.953913
1150 0.916522
1150 0.934783
1150 0.936522
1150 0.961739
1150 0.94
1150 0.946957
1150 0.987826
1150 0.961739
1150 0.963478
1150 0.961739
1150 0.90087
1150 0.946087
1150 0.961739
1150 0.869565
1150 0.927826
1150 0.928696
1150 0.978261
1150 0.80087
1150 0.950435
1150 0.945217
1150 0.949565
1150 0.990435
1150 0.855652
1150 0.949565
1150 0.957391
1150 0.971304
1150 0.928696
1150 0.893043
1150 0.947826
1150 0.968696
1150 0.833913
1150 0.962609
1150 0.935652
1150 0.915652
1150 0.947826
1150 0.893913
1150 0.967826
1150 0.909565
1150 0.934783
1150 0.9
1150 0.953043
1150 0.882609
1150 0.973043
1150 0.913043
1150 0.983478
1150 0.946087
1150 0.888696
1150 0.873043
1150 0.970435
1150 0.947826
1150 0.882609
1150 0.917391
1200 0.970833
1200 0.924167
1200 0.966667
1200 0.886667
1200 0.956667
1200 0.974167
1200 0.959167
1200 0.985833
1200 0.935833
1200 0.965
1200 0.904167
1200 0.900833
1200 0.915833
1200 0.9525
1200 0.970833
1200 0.873333
1200 0.956667
1200 0.948333
1200 0.9225
1200 0.99
1200 0.918333
1200 0.8525
1200 0.9075
1200 0.940833
1200 0.976667
1200 0.915833
1200 0.930833
1200 0.825
1200 0.959167
1200 0.998333
1200 0.9625
1200 0.93
1200 0.955
1200 0.916667
1200 0.9425
1200 0.95
1200 0.99
1200 0.939167
1200 0.919167
1200 0.925
1200 0.973333
1200 0.8525
1200 0.920833
1200 0.915
1200 0.981667
1200 0.963333
1200 0.960833
1200 0.979167
1200 0.950833
1200 0.9775
1200 0.915
1200 0.9475
1200 0.946667
1200 0.9925
1200 0.996667
1200 0.944167
1200 0.933333
1200 0.938333
1200 0.92
1200 0.919167
1200 0.949167
1200 0.883333
1200 0.925833
1200 0.974167
1200 0.9475
1200 0.9
1200 0.940833
1200 0.879167
1200 0.958333
1200 0.871667
1200 0.941667
1200 0.8775
1200 0.941667
1200 0.93
1200 0.9725
1250 0.8328
1250 0.9616
1250 0.9264
1250 0.9528
1250 0.9344
1250 0.9872
1250 0.8888
1250 0.94
1250 0.876
1250 0.8736
1250 0.9008
1250 0.9608
1250 0.9888
1250 0.8632
1250 0.9152
1250 0.924
1250 0.9272
1250 0.9344
1250 0.9312
1250 0.9424
1250 0.932
1250 0.9088
1250 0.8928
1250 0.9464
1250 0.92
1250 0.9504
1250 0.9344
1250 0.8856
1250 0.8008
1250 0.8768
1250 0.952
1250 0.9632
1250 0.9208
1250 0.9584
1250 0.936
1250 0.9464
1250 0.912
1250 0.9016
1250 0.9608
1250 0.9512
1250 0.9584
1250 0.936
1250 0.9072
1250 0.9728
1250 0.94
1250 0.9256
1250 0.9224
1250 0.9344
1250 0.924
1250 0.9216
1250 0.9856
1250 0.9744
1250 0.9864
1250 0.9184
1250 0.9048
1250 0.948
1250 0.9256
1250 0.9728
1250 1
1250 0.9864
1250 0.9128
1250 0.9272
1250 0.9928
1250 0.9736
1250 0.9824
1250 0.9784
1250 0.8712
1250 0.9432
1250 0.9312
1250 0.904
1250 0.8768
1250 0.9904
1250 0.9464
1250 0.9184
1250 0.9496
1300 0.993846
1300 0.918462
1300 0.921538
1300 0.939231
1300 0.989231
1300 0.975385
1300 0.877692
1300 0.915385
1300 0.968462
1300 0.998462
1300 0.933077
1300 0.952308
1300 0.920769
1300 0.940769
1300 0.931538
1300 0.886923
1300 0.95
1300 0.935385
1300 0.914615
1300 0.958462
1300 0.943077
1300 0.933077
1300 0.954615
1300 0.970769
1300 0.961538
1300 0.954615
1300 0.982308
1300 0.946923
1300 0.922308
1300 0.847692
1300 0.931538
1300 0.96
1300 0.836154
1300 0.940769
1300 0.971538
1300 0.96
1300 0.954615
1300 0.923077
1300 0.974615
1300 0.873077
1300 0.970769
1300 0.943846
1300 0.953077
1300 0.958462
1300 0.943077
1300 0.978462
1300 0.973077
1300 0.895385
1300 0.905385
1300 0.970769
1300 0.933077
1300 0.953846
1300 0.894615
1300 0.910769
1300 0.954615
1300 0.960769
1300 0.949231
1300 0.933077
1300 0.931538
1300 0.943846
1300 0.96
1300 0.916154
1300 0.896923
1300 0.891538
1300 0.948462
1300 0.916154
1300 0.905385
1300 0.94
1300 0.976923
1300 0.953077
1300 0.901538
1300 0.794615
1300 0.975385
1300 0.946154
1300 0.926923
1350 0.980741
1350 0.965185
1350 0.973333
1350 0.922222
1350 0.893333
1350 0.922963
1350 0.946667
1350 0.962222
1350 0.931111
1350 0.941481
1350 0.951852
1350 0.920741
1350 0.912593
1350 0.863704
1350 0.982963
1350 0.920741
1350 0.903704
1350 0.936296
1350 0.934074
1350 0.94963
1350 0.911852
1350 0.918519
1350 0.892593
1350 0.942963
1350 0.942222
1350 0.988148
1350 0.868889
1350 0.977778
1350 0.92
1350 0.991111
1350 0.867407
1350 0.998519
1350 0.947407
1350 0.946667
1350 0.945926
1350 0.956296
1350 0.996296
1350 0.932593
1350 0.901481
1350 0.915556
1350 0.917037
1350 0.937778
1350 0.91037
1350 0.904444
1350 0.97037
1350 0.972593
1350 0.915556
1350 0.92963
1350 0.940741
1350 0.965926
1350 0.904444
1350 0.951852
1350 0.899259
1350 0.944444
1350 0.828889
1350 0.926667
1350 0.955556
1350 0.945185
1350 0.939259
1350 0.988889
1350 0.957778
1350 0.987407
1350 0.959259
1350 0.8
1350 0.917037
1350 0.827407
1350 0.991111
1350 0.902222
1350 0.914815
1350 0.857778
1350 0.960741
1350 0.868148
1350 0.966667
1350 0.94963
1350 0.98
1400 0.941429
1400 0.923571
1400 0.911429
1400 0.905714
1400 0.898571
1400 0.939286
1400 0.932143
1400 0.892857
1400 0.951429
1400 0.829286
1400 0.968571
1400 0.980714
1400 0.965
1400 0.943571
1400 0.947143
1400 0.86
1400 0.963571
1400 0.938571
1400 0.922143
1400 0.994286
1400 0.921429
1400 0.96
1400 0.875
1400 0.950714
1400 0.880714
1400 0.932143
1400 0.941429
1400 0.985
1400 0.958571
1400 0.956429
1400 0.957857
1400 0.854286
1400 0.992143
1400 0.880714
1400 0.884286
1400 0.924286
1400 0.897857
1400 0.907857
1400 0.978571
1400 0.923571
1400 0.934286
1400 0.912857
1400 0.949286
1400 0.968571
1400 0.957857
1400 0.968571
1400 0.930714
1400 0.94
1400 0.934286
1400 0.943571
1400 0.979286
1400 0.911429
1400 0.965714
1400 0.927857
1400 0.889286
1400 0.983571
1400 0.932857
1400 0.950714
1400 0.932857
1400 0.882143
1400 0.95
1400 0.961429
1400 0.962143
1400 0.999286
1400 0.818571
1400 0.944286
1400 0.942143
1400 0.901429
1400 0.910714
1400 0.950714
1400 0.932143
1400 0.846429
1400 0.886429
1400 0.940714
1400 0.914286
1450 0.982759
1450 0.977241
1450 0.898621
1450 0.98
1450 0.905517
1450 0.966897
1450 0.933793
1450 0.872414
1450 0.953103
1450 0.888966
1450 0.884828
1450 0.971034
1450 0.935862
1450 0.935172
1450 0.981379
1450 0.916552
1450 0.928966
1450 0.890345
1450 0.975172
1450 0.946207
1450 0.975172
1450 0.910345
1450 0.952414
1450 0.991034
1450 0.854483
1450 1
1450 0.94
1450 0.915862
1450 0.937241
1450 0.969655
1450 0.922069
1450 0.935172
1450 0.884138
1450 0.882069
1450 0.936552
1450 0.975862
1450 0.928276
1450 0.942759
1450 0.89931
1450 0.928276
1450 0.951034
1450 0.910345
1450 0.908966
1450 0.950345
1450 0.977931
1450 0.944138
1450 0.949655
1450 0.891724
1450 0.964828
1450 0.909655
1450 0.935172
1450 0.942069
1450 0.922069
1450 0.997931
1450 0.93931
1450 0.955862
1450 0.904828
1450 0.904828
1450 0.967586
1450 0.924828
1450 0.862759
1450 0.961379
1450 0.928276
1450 0.9
1450 0.888276
1450 0.915862
1450 0.932414
1450 0.928276
1450 0.898621
1450 0.958621
1450 0.951034
1450 0.936552
1450 0.905517
1450 0.930345
1450 0.964828
1500 0.914667
1500 0.837333
1500 0.961333
1500 0.964
1500 0.969333
1500 0.93
1500 0.932667
1500 0.868667
1500 0.0726667
1500 0.892667
1500 0.712
1500 0.902
1500 0.972
1500 0.948
1500 0.967333
1500 0.954667
1500 0.911333
1500 0.996667
1500 0.98
1500 0.982667
1500 0.916
1500 0.913333
1500 0.937333
1500 0.930667
1500 0.901333
1500 0.958667
1500 0.986667
1500 0.930667
1500 0.952667
1500 0.906667
1500 0.959333
1500 0.959333
1500 0.962667
1500 0.972667
1500 0.935333
1500 0.908667
1500 0.993333
1500 0.858667
1500 0.888667
1500 0.973333
1500 0.904667
1500 0.927333
1500 0.897333
1500 0.898
1500 0.931333
1500 0.972667
1500 0.883333
1500 0.946667
1500 0.910667
1500 0.981333
1500 0.918
1500 0.996667
1500 0.882
1500 0.907333
1500 0.897333
1500 0.990667
1500 0.996667
1500 0.972667
1500 0.938667
1500 0.959333
1500 0.929333
1500 0.994667
1500 0.928667
1500 0.940667
1500 0.977333
1500 0.971333
1500 0.921333
1500 0.898667
1500 0.953333
1500 0.995333
1500 0.965333
1500 0.950667
1500 0.922667
1500 0.904
1500 0.911333
1550 0.957419
1550 0.909677
1550 0.910968
1550 0.950968
1550 0.887097
1550 0.939355
1550 0.925806
1550 0.956774
1550 0.987097
1550 0.723871
1550 0.945161
1550 0.930968
1550 0.913548
1550 0.925161
1550 0.955484
1550 0.961935
1550 0.947742
1550 0.937419
1550 0.923871
1550 0.980645
1550 0.89871
1550 0.91871
1550 0.945161
1550 0.950323
1550 0.932258
1550 0.890323
1550 0.865806
1550 0.981935
1550 0.942581
1550 0.960645
1550 0.924516
1550 0.989032
1550 0.930968
1550 0.95871
1550 0.999355
1550 0.866452
1550 0.903226
1550 0.974194
1550 0.970968
1550 0.921935
1550 0.876774
1550 0.943871
1550 0.986452
1550 0.919355
1550 0.95871
1550 0.932903
1550 0.960645
1550 0.974194
1550 0.897419
1550 0.930323
1550 0.939355
1550 0.945161
1550 0.907742
1550 0.989677
1550 0.956129
1550 0.9
1550 0.999355
1550 0.933548
1550 0.937419
1550 0.91871
1550 0.964516
1550 0.970323
1550 0.94
1550 0.963226
1550 0.970323
1550 0.850323
1550 0.94129
1550 0.938065
1550 0.901935
1550 0.915484
1550 0.892903
1550 0.930968
1550 0.966452
1550 0.986452
1550 0.963226
1600 0.863125
1600 0.93125
1600 0.87375
1600 0.956875
1600 0.973125
1600 0.915
1600 0.94625
1600 0.940625
1600 0.965625
1600 0.940625
1600 0.949375
1600 0.9575
1600 0.9525
1600 0.831875
1600 0.9925
1600 0.900625
1600 0.949375
1600 0.894375
1600 0.86875
1600 0.97875
1600 0.95
1600 0.950625
1600 0.906875
1600 0.994375
1600 0.93125
1600 0.953125
1600 0.9325
1600 0.931875
1600 0.955625
1600 0.97125
1600 0.968125
1600 0.993125
1600 0.950625
1600 0.9425
1600 0.925625
1600 0.95
1600 0.94625
1600 0.97375
1600 0.966875
1600 0.888125
1600 0.91875
1600 0.920625
1600 0.9675
1600 0.8925
1600 0.9525
1600 0.94375
1600 0.853125
1600 0.96
1600 0.913125
1600 0.971875
1600 0.955
1600 0.99
1600 0.995
1600 0.9525
1600 0.906875
1600 0.976875
1600 0.90375
1600 0.950625
1600 0.998125
1600 0.94625
1600 0.9675
1600 0.90875
1600 0.99625
1600 0.955
1600 0.960625
1600 0.951875
1600 0.93
1600 0.996875
1600 0.993125
1600 0.9475
1600 0.9075
1600 0.943125
1600 0.9275
1600 0.954375
1600 0.83
1650 0.923636
1650 0.930303
1650 0.922424
1650 0.950909
1650 0.926061
1650 0.916364
1650 0.932727
1650 0.947273
1650 0.964242
1650 0.975758
1650 0.904848
1650 0.94303
1650 0.977576
1650 0.96
1650 0.920606
1650 0.889697
1650 0.967879
1650 0.950303
1650 0.980606
1650 0.954545
1650 0.916364
1650 0.951515
1650 0.980606
1650 0.968485
1650 0.998788
1650 0.96
1650 0.972727
1650 0.935152
1650 0.929697
1650 0.957576
1650 0.947879
1650 0.955152
1650 0.954545
1650 0.959394
1650 0.835758
1650 0.930909
1650 0.911515
1650 0.967273
1650 0.959394
1650 0.949091
1650 0.959394
1650 0.918182
1650 0.889091
1650 0.966061
1650 0.95697
1650 0.918182
1650 0.936364
1650 0.91697
1650 0.922424
1650 0.953939
1650 0.925455
1650 0.972727
1650 0.967273
1650 0.967273
1650 0.950909
1650 0.943636
1650 0.85697
1650 0.961818
1650 0.994545
1650 0.957576
1650 0.965455
1650 0.993333
1650 0.870303
1650 0.827273
1650 0.981818
1650 0.968485
1650 0.898788
1650 0.932121
1650 0.940606
1650 0.962424
1650 0.830303
1650 0.88303
1650 0.981212
1650 0.805455
1650 0.952727
1700 0.921765
1700 0.934118
1700 0.846471
1700 0.928235
1700 0.961176
1700 0.911765
1700 0.935294
1700 0.891176
1700 0.917647
1700 0.957647
1700 0.952353
1700 0.905882
1700 0.914706
1700 0.946471
1700 0.916471
1700 0.971765
1700 0.933529
1700 0.948235
1700 0.914118
1700 0.960588
1700 0.984706
1700 0.969412
1700 0.932353
1700 0.899412
1700 0.927647
1700 0.94
1700 0.922353
1700 0.971765
1700 0.894118
1700 0.960588
1700 0.932353
1700 0.95
1700 0.924706
1700 0.944118
1700 0.897647
1700 0.987059
1700 0.990588
1700 0.925882
1700 0.955294
1700 0.948235
1700 0.992353
1700 0.909412
1700 0.941176
1700 0.893529
1700 0.995294
1700 0.892941
1700 0.974118
1700 0.891765
1700 0.968824
1700 0.954706
1700 0.924706
1700 0.910588
1700 0.924706
1700 0.958235
1700 0.981176
1700 0.930588
1700 0.915294
1700 0.884706
1700 0.938235
1700 0.946471
1700 0.952353
1700 0.956471
1700 0.933529
1700 0.982941
1700 0.927647
1700 0.898235
1700 0.937059
1700 1
1700 0.922353
1700 0.957647
1700 0.975882
1700 0.951176
1700 0.974118
1700 0.962941
1700 0.878235
1750 0.866857
1750 0.952571
1750 0.948
1750 0.916
1750 0.972
1750 0.969143
1750 0.964
1750 0.862286
1750 0.948
1750 0.877143
1750 0.965714
1750 0.96
1750 0.910857
1750 0.964
1750 0.906286
1750 0.936
1750 0.938286
1750 0.909143
1750 0.924
1750 0.869143
1750 0.938286
1750 0.948
1750 0.935429
1750 0.928
1750 0.889143
1750 0.974286
1750 0.910286
1750 0.981143
1750 0.962857
1750 0.936571
1750 0.881714
1750 0.937143
1750 0.975429
1750 0.917143
1750 0.961143
1750 0.948
1750 0.913143
1750 0.994857
1750 0.855429
1750 0.949143
1750 0.982857
1750 0.940571
1750 0.932571
1750 0.956571
1750 0.952
1750 0.953714
1750 0.908571
1750 0.972
1750 0.930286
1750 0.968
1750 0.979429
1750 0.946286
1750 0.890286
1750 0.964571
1750 0.938857
1750 0.905143
1750 0.966857
1750 0.940571
1750 0.928
1750 0.968571
1750 0.949714
1750 0.888
1750 0.912571
1750 0.947429
1750 0.934286
1750 0.992
1750 0.949143
1750 0.995429
1750 0.874286
1750 0.957714
1750 0.498857
1750 0.932
1750 0.984
1750 0.922857
1750 0.973143
1800 0.945
1800 0.974444
1800 0.972222
1800 0.924444
1800 0.930556
1800 0.931111
1800 0.923333
1800 0.914444
1800 0.922778
1800 0.92
1800 0.941111
1800 0.912778
1800 0.953333
1800 0.934444
1800 0.936111
1800 0.985
1800 0.971111
1800 0.920556
1800 0.869444
1800 0.953333
1800 0.973333
1800 0.985
1800 0.976667
1800 0.962778
1800 0.971111
1800 0.962222
1800 0.95
1800 0.964444
1800 0.948889
1800 0.898333
1800 0.972222
1800 0.881667
1800 0.935556
1800 0.972778
1800 0.893889
1800 0.929444
1800 0.742222
1800 0.895556
1800 0.928889
1800 0.943333
1800 0.965
1800 0.943333
1800 0.958889
1800 0.972222
1800 0.911111
1800 0.963889
1800 0.990556
1800 0.994444
1800 0.947778
1800 0.878889
1800 0.995
1800 0.956111
1800 0.988333
1800 0.945556
1800 0.942222
1800 0.952778
1800 0.897778
1800 0.932222
1800 0.962222
1800 0.937778
1800 0.973333
1800 0.973333
1800 0.95
1800 0.923333
1800 0.927222
1800 0.931111
1800 0.944444
1800 0.921667
1800 0.981667
1800 0.986111
1800 0.906667
1800 0.938889
1800 0.944444
1800 0.992778
1800 0.937778
1850 0.944324
1850 0.937297
1850 0.964865
1850 0.925946
1850 0.937838
1850 0.928649
1850 0.994595
1850 0.944324
1850 0.94973
1850 0.976757
1850 0.945405
1850 0.894054
1850 0.978919
1850 0.951892
1850 0.906486
1850 0.932973
1850 0.990811
1850 0.965946
1850 0.947568
1850 0.862162
1850 0.898919
1850 0.947027
1850 0.908108
1850 0.871351
1850 0.943243
1850 0.937297
1850 0.97027
1850 0.965405
1850 0.934054
1850 0.91027
1850 0.896757
1850 0.911351
1850 0.884865
1850 0.938378
1850 0.9
1850 0.962703
1850 0.922703
1850 0.966486
1850 0.988649
1850 0.92973
1850 0.93027
1850 0.893514
1850 0.884324
1850 0.945946
1850 0.945405
1850 0.90973
1850 0.887568
1850 0.962703
1850 0.948649
1850 0.960541
1850 0.942703
1850 0.896216
1850 0.921081
1850 0.935135
1850 0.936757
1850 0.928108
1850 0.907568
1850 0.951892
1850 0.963243
1850 0.922162
1850 0.964865
1850 0.975135
1850 0.894595
1850 0.910811
1850 0.931892
1850 0.978378
1850 0.911351
1850 0.900541
1850 0.907027
1850 0.935676
1850 0.957838
1850 0.91027
1850 0.909189
1850 0.908108
1850 0.923784
1900 0.902632
1900 0.936316
1900 0.967368
1900 0.949474
1900 0.941053
1900 0.981579
1900 0.900526
1900 0.909474
1900 0.917895
1900 0.956316
1900 0.937895
1900 0.799474
1900 0.905263
1900 0.898947
1900 0.915263
1900 0.963158
1900 0.944737
1900 0.876842
1900 0.923158
1900 0.957895
1900 0.903158
1900 0.933158
1900 0.970526
1900 0.912105
1900 0.88
1900 0.93
1900 0.882105
1900 0.958421
1900 0.971053
1900 0.935263
1900 0.94
1900 0.934737
1900 0.947368
1900 0.902632
1900 0.955263
1900 0.932105
1900 0.948421
1900 0.981053
1900 0.893684
1900 0.945263
1900 0.968947
1900 0.959474
1900 0.926842
1900 0.920526
1900 0.976842
1900 0.974211
1900 0.982632
1900 0.879474
1900 0.852632
1900 0.941579
1900 0.973158
1900 0.886842
1900 0.945789
1900 0.955789
1900 0.967895
1900 0.96
1900 0.939474
1900 0.860526
1900 0.907895
1900 0.928947
1900 0.959474
1900 0.956842
1900 0.901053
1900 0.964737
1900 0.923684
1900 0.936842
1900 0.966316
1900 0.972632
1900 0.904737
1900 0.972632
1900 0.974737
1900 0.980526
1900 0.935263
1900 0.961053
1900 0.931579
1950 0.938974
1950 0.970769
1950 0.924615
1950 0.930256
1950 0.946154
1950 0.927179
1950 0.920513
1950 0.962051
1950 0.932308
1950 0.922051
1950 0.971795
1950 0.957436
1950 0.881538
1950 0.96359
1950 0.962051
1950 0.907179
1950 0.954872
1950 0.948205
1950 0.972821
1950 0.952821
1950 0.915385
1950 0.957949
1950 0.922564
1950 0.922564
1950 0.88
1950 0.966667
1950 0.930256
1950 0.901538
1950 0.924103
1950 0.916923
1950 0.918974
1950 0.892308
1950 0.934872
1950 0.880513
1950 0.970256
1950 0.944615
1950 0.858974
1950 0.953333
1950 0.96359
1950 0.892308
1950 0.945641
1950 0.935897
1950 0.984615
1950 0.914872
1950 0.884103
1950 0.948205
1950 0.972308
1950 0.985128
1950 0.953333
1950 0.933333
1950 0.896923
1950 0.92
1950 0.86
1950 0.95641
1950 0.927692
1950 0.935385
1950 0.943077
1950 0.92
1950 0.964103
1950 0.928718
1950 0.923077
1950 0.953846
1950 0.925641
1950 0.92
1950 0.94359
1950 0.950769
1950 0.930769
1950 0.948718
1950 0.922564
1950 0.938974
1950 0.979487
1950 0.966154
1950 0.978974
1950 0.855385
1950 0.938974
2000 0.8975
2000 0.9125
2000 0.9645
2000 0.973
2000 0.9555
2000 0.9335
2000 0.9455
2000 0.9325
2000 0.893
2000 0.973
2000 0.978
2000 0.9425
2000 0.9905
2000 0.9265
2000 0.947
2000 0.9955
2000 0.9315
2000 0.9575
2000 0.9645
2000 0.9365
2000 0.9625
2000 0.945
2000 0.9695
2000 0.9045
2000 0.8965
2000 0.9325
2000 0.9515
2000 0.9475
2000 0.9465
2000 0.9475
2000 0.9825
2000 0.956
2000 0.977
2000 0.9335
2000 0.9595
2000 0.938
2000 0.965
2000 0.972
2000 0.9205
2000 0.967
2000 0.9095
2000 0.9755
2000 0.9295
2000 0.9435
2000 0.962
2000 0.8965
2000 0.945
2000 0.929
2000 0.975
2000 0.9475
2000 0.9
2000 0.938
2000 0.9665
2000 0.9395
2000 0.9435
2000 0.949
2000 0.9065
2000 0.9825
2000 0.9675
2000 0.942
2000 0.929
2000 0.9655
2000 0.8905
2000 0.9495
2000 0.9525
2000 0.9645
2000 0.924
2000 0.953
2000 0.9175
2000 0.96
2000 0.919
2000 0.9415
2000 0.9285
2000 0.9395
2000 0.9085
