50 0.14
50 0.5
50 0.28
50 0.18
50 0.28
50 0.18
50 0.44
50 0.76
50 0
50 0.22
50 0.12
50 0.34
50 0.02
50 0.44
50 0.16
50 0
50 0.16
50 0.66
50 0.36
50 0.06
50 0
50 0.14
50 0
50 0.08
50 0.06
50 0.22
50 0.08
50 0.26
50 0.18
50 0.14
50 0.4
50 0.18
50 0.58
50 0.34
50 0
50 0
50 0.38
50 0.22
50 0.18
50 0
50 0
50 0.3
50 0.08
50 0.16
50 0
50 0.4
50 0.18
50 0.58
50 0.4
50 0.16
50 0.2
50 0.18
50 0.06
50 0
50 0.24
50 0
50 0.44
50 0.28
50 0.36
50 0
50 0.4
50 0.2
50 0
50 0.08
50 0.16
50 0.26
50 0
50 0.02
50 0.44
50 0.12
50 0
50 0.24
50 0
50 0.1
50 0.02
100 0.3
100 0.04
100 0.56
100 0.64
100 0.73
100 0.8
100 0.53
100 0.86
100 0.82
100 0.62
100 0.86
100 0.53
100 0.44
100 0.38
100 0.9
100 0.14
100 0.64
100 0.43
100 0.28
100 0.7
100 0.59
100 0.2
100 0.57
100 0.58
100 0.41
100 0.64
100 0.19
100 0.48
100 0.2
100 0.6
100 0.68
100 0.47
100 0.16
100 0.76
100 0.81
100 0.47
100 0.75
100 0.59
100 0.16
100 0.44
100 0.7
100 0.07
100 0.41
100 0.72
100 0.83
100 0.72
100 0.48
100 0.63
100 0.78
100 0.48
100 0.29
100 0.35
100 0.02
100 0.58
100 0.55
100 0.97
100 0.84
100 0.81
100 0.48
100 0.8
100 0.79
100 0.58
100 0.54
100 0.52
100 0.56
100 0.19
100 0.79
100 0.66
100 0.71
100 0.66
100 0.03
100 0.64
100 0.51
100 0.06
100 0.85
150 0.72
150 0.72
150 0.8
150 0.673333
150 0.593333
150 0.92
150 0.84
150 0.886667
150 0.866667
150 0.506667
150 0.8
150 0.713333
150 0.506667
150 0.526667
150 0.893333
150 0.726667
150 0.973333
150 0.62
150 0.473333
150 0.866667
150 0.273333
150 0.926667
150 0.606667
150 0.266667
150 0.886667
150 0.766667
150 0.746667
150 0.806667
150 0.92
150 0.84
150 0.76
150 0.793333
150 0.846667
150 0.973333
150 0.693333
150 0.573333
150 0.593333
150 0.533333
150 0.5
150 0.853333
150 0.906667
150 0.406667
150 0.48
150 0.44
150 0.273333
150 0.853333
150 0.226667
150 0.8
150 0.78
150 0.366667
150 0.706667
150 0.486667
150 0.753333
150 0.86
150 0.766667
150 0.8
150 0.766667
150 0.853333
150 0.353333
150 0.7
150 0.88
150 0.733333
150 0.966667
150 0.54
150 0.893333
150 0.766667
150 0.68
150 0.533333
150 0.946667
150 0.566667
150 0.746667
150 0.44
150 0.733333
150 0.733333
150 0.76
200 0.68
200 0.1
200 0.965
200 0.755
200 0.715
200 0.83
200 0.625
200 0.875
200 0.78
200 0.86
200 0.915
200 0.535
200 0.755
200 0.94
200 0.68
200 0.8
200 0.845
200 0.96
200 0.865
200 0.805
200 0.75
200 0.895
200 0.195
200 0.86
200 0.77
200 0.855
200 0.935
200 0.84
200 0.905
200 0.79
200 0.57
200 0.865
200 0.72
200 0.935
200 0.75
200 0.865
200 0.425
200 0.71
200 0.895
200 0.495
200 0.745
200 0.865
200 0.28
200 0.495
200 0.92
200 0.71
200 0.875
200 0.73
200 0.83
200 0.845
200 0.145
200 0.525
200 0.85
200 0.755
200 0.945
200 0.88
200 0.85
200 0.8
200 0.885
200 0.73
200 0.475
200 0.87
200 0.83
200 0.82
200 0.78
200 0.67
200 0.69
200 0.905
200 0.755
200 0.975
200 0.78
200 0.385
200 0.885
200 0.915
200 0.71
250 0.8
250 0.908
250 0.928
250 0.772
250 0.904
250 0.896
250 0.956
250 0.944
250 0.78
250 0.824
250 0.904
250 0.88
250 0.912
250 0.836
250 0.848
250 0.956
250 0.972
250 0.828
250 0.856
250 0.912
250 1
250 0.764
250 0.744
250 0.812
250 0.948
250 0.9
250 0.932
250 0.9
250 0.756
250 0.916
250 0.772
250 0.872
250 0.948
250 0.788
250 0.78
250 0.812
250 0.904
250 0.732
250 0.656
250 0.9
250 0.572
250 0.884
250 0.876
250 0.488
250 0.928
250 0.9
250 0.932
250 0.64
250 0.888
250 0.888
250 0.904
250 0.836
250 0.796
250 0.828
250 0.856
250 0.924
250 0.848
250 0.884
250 0.82
250 0.944
250 0.912
250 0.824
250 0.884
250 0.848
250 0.828
250 0.932
250 0.868
250 0.784
250 0.848
250 0.956
250 0.784
250 0.692
250 0.9
250 0.96
250 0.836
300 0.833333
300 0.806667
300 0.883333
300 0.953333
300 0.52
300 0.913333
300 0.916667
300 0.906667
300 0.863333
300 0.876667
300 0.946667
300 0.813333
300 0.796667
300 0.923333
300 0.943333
300 0.886667
300 0.85
300 0.923333
300 0.886667
300 0.82
300 0.896667
300 0.883333
300 0.813333
300 0.983333
300 0.9
300 0.906667
300 0.953333
300 0.83
300 0.876667
300 0.95
300 0.786667
300 0.8
300 0.866667
300 0.856667
300 0.83
300 0.95
300 0.96
300 0.933333
300 0.91
300 0.846667
300 0.933333
300 0.943333
300 0.99
300 0.856667
300 0.823333
300 0.706667
300 0.813333
300 0.906667
300 0.513333
300 0.866667
300 0.953333
300 0.903333
300 0.733333
300 0.74
300 0.82
300 0.893333
300 0.943333
300 0.84
300 0.85
300 0.856667
300 0.866667
300 0.826667
300 0.856667
300 0.81
300 0.936667
300 0.95
300 0.94
300 0.87
300 0.923333
300 0.94
300 0.883333
300 0.913333
300 0.88
300 0.803333
300 0.953333
350 0.857143
350 0.962857
350 0.965714
350 0.788571
350 0.96
350 0.594286
350 0.708571
350 0.851429
350 0.948571
350 0.994286
350 0.831429
350 0.88
350 0.965714
350 0.951429
350 0.977143
350 0.708571
350 0.894286
350 0.84
350 0.797143
350 0.871429
350 0.925714
350 0.748571
350 0.934286
350 0.968571
350 0.928571
350 0.877143
350 0.937143
350 0.854286
350 0.902857
350 0.962857
350 0.771429
350 0.954286
350 0.922857
350 0.931429
350 0.908571
350 0.917143
350 0.92
350 0.617143
350 0.885714
350 0.86
350 0.914286
350 0.891429
350 0.911429
350 0.937143
350 0.965714
350 0.94
350 0.894286
350 0.868571
350 0.908571
350 0.957143
350 0.831429
350 0.922857
350 0.962857
350 0.9
350 0.854286
350 0.945714
350 0.951429
350 0.82
350 0.842857
350 0.908571
350 0.888571
350 0.84
350 0.954286
350 0.968571
350 0.942857
350 0.868571
350 0.888571
350 0.808571
350 0.985714
350 0.922857
350 0.897143
350 0.934286
350 0.58
350 0.888571
350 0.862857
400 0.985
400 0.8575
400 0.8225
400 0.8575
400 0.8175
400 0.8975
400 0.8975
400 0.685
400 0.94
400 0.88
400 0.8525
400 0.9025
400 0.9725
400 0.7675
400 0.9125
400 0.8375
400 0.8525
400 0.6075
400 0.935
400 0.875
400 0.885
400 0.9525
400 0.94
400 0.8625
400 0.955
400 0.9275
400 0.945
400 0.64
400 0.865
400 0.925
400 0.9625
400 0.9025
400 0.895
400 0.9025
400 0.9525
400 0.96
400 0.845
400 0.6925
400 0.9375
400 0.965
400 0.9325
400 0.9275
400 0.89
400 0.95
400 0.9725
400 0.915
400 0.85
400 0.7675
400 0.97
400 0.9425
400 0.975
400 0.9075
400 0.91
400 0.8925
400 0.8475
400 0.9225
400 0.9125
400 0.94
400 0.955
400 0.87
400 0.845
400 0.89
400 0.92
400 0.91
400 0.89
400 0.9375
400 0.855
400 0.9325
400 0.955
400 0.8175
400 0.8475
400 0.845
400 0.8725
400 0.96
400 0.8825
450 0.897778
450 0.942222
450 0.924444
450 0.942222
450 0.917778
450 0.942222
450 0.911111
450 0.915556
450 0.866667
450 0.875556
450 0.955556
450 0.862222
450 0.868889
450 0.906667
450 0.724444
450 0.937778
450 0.833333
450 0.904444
450 0.888889
450 0.895556
450 0.915556
450 0.868889
450 0.973333
450 0.937778
450 0.911111
450 0.875556
450 0.915556
450 0.962222
450 0.968889
450 0.582222
450 0.875556
450 0.9
450 0.955556
450 0.886667
450 0.913333
450 0.906667
450 0.886667
450 0.935556
450 0.9
450 0.882222
450 0.904444
450 0.902222
450 0.791111
450 0.922222
450 0.953333
450 0.915556
450 0.873333
450 0.966667
450 0.9
450 0.968889
450 0.937778
450 0.855556
450 0.942222
450 0.913333
450 0.96
450 0.971111
450 0.837778
450 0.911111
450 0.888889
450 0.906667
450 0.926667
450 0.911111
450 0.924444
450 0.857778
450 0.808889
450 0.922222
450 0.855556
450 0.82
450 0.713333
450 0.86
450 0.973333
450 0.862222
450 0.98
450 0.875556
450 0.706667
500 0.932
500 0.886
500 0.986
500 0.954
500 0.806
500 0.92
500 0.894
500 0.934
500 0.846
500 0.926
500 0.904
500 0.958
500 0.868
500 0.96
500 0.922
500 0.922
500 0.942
500 0.964
500 0.972
500 0.808
500 0.86
500 0.896
500 0.894
500 0.938
500 0.91
500 0.932
500 0.936
500 0.952
500 0.934
500 0.96
500 0.922
500 0.86
500 0.864
500 0.856
500 0.916
500 0.966
500 0.922
500 0.946
500 0.918
500 0.838
500 0.986
500 0.952
500 0.908
500 0.908
500 0.914
500 0.976
500 0.886
500 0.95
500 0.946
500 0.992
500 0.88
500 0.874
500 0.908
500 0.838
500 0.898
500 0.992
500 0.896
500 0.894
500 0.952
500 0.974
500 0.998
500 0.928
500 0.952
500 0.81
500 0.826
500 0.868
500 0.9
500 0.9
500 0.932
500 0.94
500 0.93
500 0.94
500 0.92
500 0.92
500 0.96
550 0.794545
550 0.992727
550 0.907273
550 0.930909
550 0.863636
550 0.970909
550 0.934545
550 0.874545
550 0.936364
550 0.985455
550 0.869091
550 0.876364
550 0.661818
550 0.930909
550 0.94
550 0.958182
550 0.818182
550 0.872727
550 0.978182
550 0.885455
550 0.889091
550 0.809091
550 0.934545
550 0.876364
550 0.938182
550 0.8
550 0.934545
550 0.898182
550 0.949091
550 0.989091
550 0.894545
550 0.938182
550 0.945455
550 0.481818
550 0.807273
550 0.921818
550 0.892727
550 0.876364
550 0.958182
550 0.930909
550 0.985455
550 0.923636
550 0.903636
550 0.878182
550 0.807273
550 0.921818
550 0.869091
550 0.892727
550 0.94
550 0.774545
550 0.956364
550 0.892727
550 0.796364
550 0.901818
550 0.954545
550 0.885455
550 0.978182
550 0.901818
550 0.947273
550 0.810909
550 0.890909
550 0.936364
550 0.934545
550 0.930909
550 0.963636
550 0.916364
550 0.94
550 0.963636
550 0.870909
550 0.927273
550 0.923636
550 0.96
550 0.925455
550 0.954545
550 0.930909
600 0.951667
600 0.853333
600 0.916667
600 0.815
600 0.966667
600 0.92
600 0.963333
600 0.993333
600 0.83
600 0.94
600 0.811667
600 0.878333
600 0.96
600 0.955
600 0.918333
600 0.868333
600 0.915
600 0.803333
600 0.953333
600 0.975
600 0.91
600 0.91
600 0.866667
600 0.971667
600 0.883333
600 0.94
600 0.97
600 0.941667
600 0.965
600 0.935
600 0.855
600 0.963333
600 0.986667
600 0.993333
600 0.871667
600 0.878333
600 0.916667
600 0.953333
600 0.886667
600 0.925
600 0.91
600 0.956667
600 0.933333
600 0.99
600 0.92
600 0.981667
600 0.9
600 0.811667
600 0.806667
600 0.851667
600 0.986667
600 0.925
600 0.941667
600 0.956667
600 0.958333
600 0.958333
600 0.903333
600 0.93
600 0.943333
600 0.925
600 0.906667
600 0.978333
600 0.995
600 0.943333
600 0.988333
600 0.943333
600 0.981667
600 0.77
600 0.861667
600 0.87
600 0.921667
600 0.888333
600 0.99
600 0.946667
600 0.825
650 0.923077
650 0.883077
650 0.950769
650 0.967692
650 0.938462
650 0.938462
650 0.961538
650 0.923077
650 0.878462
650 0.986154
650 0.816923
650 0.978462
650 0.970769
650 0.953846
650 0.970769
650 0.953846
650 0.935385
650 0.967692
650 0.932308
650 0.916923
650 0.804615
650 0.861538
650 0.98
650 0.929231
650 0.836923
650 0.910769
650 0.932308
650 0.944615
650 0.924615
650 0.906154
650 0.941538
650 0.950769
650 0.913846
650 0.909231
650 0.932308
650 0.867692
650 0.950769
650 0.94
650 0.847692
650 0.907692
650 0.98
650 0.936923
650 0.904615
650 0.967692
650 0.86
650 0.909231
650 0.901538
650 0.930769
650 0.875385
650 0.990769
650 0.904615
650 0.892308
650 0.944615
650 0.98
650 0.907692
650 0.921538
650 0.924615
650 0.983077
650 0.98
650 0.929231
650 0.94
650 0.896923
650 0.866154
650 0.875385
650 0.892308
650 0.929231
650 0.816923
650 0.923077
650 0.935385
650 0.921538
650 0.893846
650 0.973846
650 0.990769
650 0.909231
650 0.952308
700 0.96
700 0.924286
700 0.907143
700 0.874286
700 0.957143
700 0.895714
700 1
700 0.974286
700 0.978571
700 0.925714
700 0.93
700 0.957143
700 0.962857
700 0.915714
700 0.811429
700 0.877143
700 0.864286
700 0.915714
700 0.965714
700 0.937143
700 0.908571
700 0.932857
700 0.951429
700 0.967143
700 0.887143
700 0.948571
700 0.961429
700 0.97
700 0.942857
700 0.975714
700 0.871429
700 0.904286
700 0.904286
700 0.931429
700 0.911429
700 0.985714
700 0.962857
700 0.934286
700 0.962857
700 0.974286
700 0.921429
700 0.972857
700 0.958571
700 0.89
700 0.772857
700 0.957143
700 0.887143
700 0.925714
700 0.927143
700 0.992857
700 0.941429
700 0.89
700 0.961429
700 0.932857
700 0.748571
700 0.887143
700 0.951429
700 0.94
700 0.815714
700 0.85
700 0.945714
700 0.924286
700 0.937143
700 0.888571
700 0.934286
700 0.991429
700 0.942857
700 0.857143
700 0.94
700 0.865714
700 0.981429
700 0.931429
700 0.947143
700 0.825714
700 0.965714
750 0.908
750 0.949333
750 0.965333
750 0.957333
750 0.942667
750 0.918667
750 0.942667
750 0.849333
750 0.882667
750 0.884
750 0.792
750 0.932
750 0.958667
750 0.930667
750 0.962667
750 0.965333
750 0.921333
750 0.876
750 0.988
750 0.973333
750 0.978667
750 0.881333
750 0.906667
750 0.942667
750 0.961333
750 0.969333
750 0.976
750 0.921333
750 0.973333
750 0.94
750 0.905333
750 0.958667
750 0.910667
750 0.941333
750 0.897333
750 0.944
750 0.830667
750 0.912
750 0.854667
750 0.910667
750 0.952
750 0.853333
750 0.961333
750 0.898667
750 0.916
750 0.912
750 0.949333
750 0.896
750 0.968
750 0.950667
750 0.961333
750 0.908
750 0.914667
750 0.934667
750 0.956
750 0.966667
750 0.973333
750 0.844
750 0.922667
750 0.917333
750 0.942667
750 0.930667
750 0.933333
750 0.773333
750 0.908
750 0.893333
750 0.921333
750 0.894667
750 0.914667
750 0.981333
750 0.904
750 0.984
750 0.921333
750 0.954667
750 0.952
800 0.9425
800 0.77375
800 0.925
800 0.87125
800 0.96375
800 0.94875
800 0.8475
800 0.88875
800 0.94875
800 0.9875
800 0.9225
800 0.955
800 0.94
800 0.95
800 0.8925
800 0.90125
800 0.94625
800 0.83875
800 0.91375
800 0.89625
800 0.925
800 0.93125
800 0.895
800 0.92
800 0.96
800 0.93
800 0.92125
800 0.94375
800 0.89625
800 0.97125
800 0.97
800 0.93
800 0.93375
800 0.96375
800 0.93625
800 0.92
800 0.90625
800 0.99375
800 0.97875
800 0.905
800 0.9075
800 0.95
800 0.88125
800 0.8675
800 0.89
800 0.8925
800 0.88125
800 0.93375
800 0.9
800 0.945
800 0.895
800 0.89125
800 0.9525
800 0.895
800 0.92
800 0.91625
800 0.925
800 0.92625
800 0.98125
800 0.9325
800 0.96375
800 0.965
800 0.94125
800 0.94125
800 0.9425
800 0.93875
800 0.875
800 0.955
800 0.895
800 0.975
800 0.93875
800 0.88875
800 0.98
800 0.94125
800 0.915
850 0.92
850 0.950588
850 0.987059
850 0.962353
850 0.991765
850 0.848235
850 0.952941
850 0.872941
850 0.883529
850 0.851765
850 0.928235
850 0.905882
850 0.96
850 0.982353
850 0.956471
850 0.9
850 0.974118
850 0.998824
850 0.910588
850 0.923529
850 0.968235
850 0.947059
850 0.910588
850 0.932941
850 0.983529
850 0.868235
850 0.975294
850 0.981176
850 0.964706
850 0.9
850 0.84
850 0.978824
850 0.992941
850 0.945882
850 0.884706
850 0.917647
850 0.955294
850 0.935294
850 0.917647
850 0.904706
850 0.963529
850 0.965882
850 0.942353
850 0.918824
850 0.974118
850 0.898824
850 0.995294
850 0.961176
850 0.842353
850 0.843529
850 0.942353
850 0.907059
850 0.914118
850 0.950588
850 0.957647
850 0.971765
850 0.944706
850 0.951765
850 0.978824
850 0.917647
850 0.956471
850 0.914118
850 0.892941
850 0.941176
850 0.961176
850 0.958824
850 0.974118
850 0.991765
850 0.901176
850 0.923529
850 0.948235
850 0.954118
850 0.967059
850 0.916471
850 0.894118
900 0.958889
900 0.948889
900 0.987778
900 0.905556
900 0.963333
900 0.878889
900 0.953333
900 0.914444
900 0.947778
900 0.935556
900 0.96
900 0.967778
900 0.958889
900 0.955556
900 0.931111
900 0.987778
900 0.953333
900 0.94
900 0.865556
900 0.886667
900 0.954444
900 0.897778
900 0.958889
900 0.915556
900 0.847778
900 0.824444
900 0.93
900 0.937778
900 0.896667
900 0.947778
900 0.991111
900 0.87
900 0.9
900 0.918889
900 0.926667
900 0.966667
900 0.935556
900 0.954444
900 0.951111
900 0.94
900 0.711111
900 0.896667
900 0.946667
900 0.876667
900 0.965556
900 0.916667
900 0.944444
900 0.977778
900 0.93
900 0.958889
900 0.992222
900 0.935556
900 0.866667
900 0.941111
900 0.984444
900 0.965556
900 0.863333
900 0.961111
900 0.904444
900 0.967778
900 0.94
900 0.944444
900 0.904444
900 0.9
900 0.864444
900 0.941111
900 0.935556
900 0.968889
900 0.985556
900 0.991111
900 0.942222
900 0.927778
900 0.958889
900 0.922222
900 0.922222
950 0.985263
950 0.921053
950 0.968421
950 0.922105
950 0.953684
950 0.889474
950 0.872632
950 0.885263
950 0.963158
950 0.921053
950 0.982105
950 0.892632
950 0.913684
950 0.916842
950 0.953684
950 0.961053
950 0.927368
950 0.896842
950 0.964211
950 0.917895
950 0.884211
950 0.910526
950 0.925263
950 0.994737
950 0.951579
950 0.961053
950 0.930526
950 0.98
950 0.98
950 0.926316
950 0.954737
950 0.998947
950 0.982105
950 0.968421
950 0.974737
950 0.963158
950 0.96
950 0.845263
950 0.935789
950 0.902105
950 0.890526
950 0.915789
950 0.902105
950 0.957895
950 0.912632
950 0.86
950 0.94
950 0.958947
950 0.912632
950 0.98
950 0.902105
950 0.917895
950 0.993684
950 0.928421
950 0.985263
950 0.906316
950 0.952632
950 0.958947
950 0.985263
950 0.914737
950 0.875789
950 0.955789
950 0.931579
950 0.98
950 0.934737
950 0.935789
950 0.964211
950 0.963158
950 0.972632
950 0.952632
950 0.988421
950 0.866316
950 0.976842
950 0.98
950 0.987368
1000 0.929
1000 0.894
1000 0.907
1000 0.964
1000 0.943
1000 0.902
1000 0.866
1000 0.916
1000 0.979
1000 0.96
1000 0.926
1000 0.943
1000 0.966
1000 0.971
1000 0.906
1000 0.937
1000 0.987
1000 0.959
1000 0.954
1000 0.978
1000 0.986
1000 0.859
1000 0.981
1000 0.931
1000 0.95
1000 0.892
1000 0.878
1000 0.933
1000 0.924
1000 0.962
1000 0.992
1000 0.965
1000 0.989
1000 0.953
1000 0.984
1000 0.96
1000 0.985
1000 0.939
1000 0.931
1000 0.966
1000 0.954
1000 0.907
1000 0.962
1000 0.924
1000 0.984
1000 0.888
1000 0.958
1000 0.936
1000 0.972
1000 0.965
1000 0.961
1000 0.945
1000 0.91
1000 0.965
1000 0.97
1000 0.951
1000 0.897
1000 0.916
1000 0.943
1000 0.953
1000 0.888
1000 0.908
1000 0.989
1000 0.966
1000 0.918
1000 0.928
1000 0.976
1000 0.896
1000 0.902
1000 0.946
1000 0.956
1000 0.965
1000 0.926
1000 0.958
1000 0.897
1050 0.920952
1050 0.927619
1050 0.967619
1050 0.981905
1050 0.747619
1050 0.93619
1050 0.899048
1050 0.952381
1050 0.851429
1050 0.924762
1050 0.908571
1050 0.933333
1050 0.955238
1050 0.989524
1050 0.948571
1050 0.961905
1050 0.825714
1050 0.946667
1050 0.937143
1050 0.912381
1050 0.937143
1050 0.981905
1050 0.892381
1050 0.861905
1050 0.962857
1050 0.86381
1050 0.958095
1050 0.949524
1050 0.931429
1050 0.960952
1050 0.913333
1050 0.985714
1050 0.909524
1050 0.94
1050 0.949524
1050 0.882857
1050 0.933333
1050 0.91619
1050 0.619048
1050 0.942857
1050 0.995238
1050 0.96381
1050 0.785714
1050 0.922857
1050 0.969524
1050 0.928571
1050 0.878095
1050 0.905714
1050 0.908571
1050 0.973333
1050 0.940952
1050 0.925714
1050 0.967619
1050 0.904762
1050 0.987619
1050 0.953333
1050 0.902857
1050 0.938095
1050 0.971429
1050 0.925714
1050 0.924762
1050 0.922857
1050 0.937143
1050 0.904762
1050 0.959048
1050 0.955238
1050 0.972381
1050 0.932381
1050 0.962857
1050 0.931429
1050 0.977143
1050 0.947619
1050 0.966667
1050 0.930476
1050 0.885714
1100 0.885455
1100 0.944545
1100 0.987273
1100 0.949091
1100 0.970909
1100 0.875455
1100 0.960909
1100 0.957273
1100 0.949091
1100 0.944545
1100 0.960909
1100 0.973636
1100 0.962727
1100 0.974545
1100 0.981818
1100 0.962727
1100 0.958182
1100 0.98
1100 0.873636
1100 0.950909
1100 0.873636
1100 0.945455
1100 0.905455
1100 0.939091
1100 0.946364
1100 0.899091
1100 0.921818
1100 0.982727
1100 0.951818
1100 0.981818
1100 0.935455
1100 0.851818
1100 0.935455
1100 0.869091
1100 0.917273
1100 0.936364
1100 0.870909
1100 0.911818
1100 0.927273
1100 0.95
1100 0.978182
1100 0.954545
1100 0.927273
1100 0.936364
1100 0.985455
1100 0.902727
1100 0.887273
1100 0.937273
1100 0.915455
1100 0.970909
1100 0.934545
1100 0.957273
1100 0.916364
1100 0.943636
1100 0.912727
1100 0.954545
1100 0.938182
1100 0.991818
1100 0.980909
1100 0.914545
1100 0.942727
1100 0.940909
1100 0.921818
1100 0.965455
1100 0.950909
1100 0.897273
1100 0.979091
1100 0.972727
1100 0.988182
1100 0.929091
1100 0.881818
1100 0.946364
1100 0.914545
1100 0.920909
1100 0.831818
1150 0.894783
1150 0.866957
1150 0.926957
1150 0.92
1150 0.965217
1150 0.953913
1150 1
1150 0.935652
1150 0.952174
1150 0.96087
1150 0.930435
1150 0.977391
1150 0.870435
1150 0.918261
1150 0.952174
1150 0.966957
1150 0.906087
1150 0.844348
1150 0.946087
1150 0.930435
1150 0.966957
1150 0.953913
1150 0.986957
1150 0.967826
1150 0.947826
1150 0.934783
1150 0.95913
1150 0.990435
1150 0.963478
1150 0.94
1150 0.971304
1150 0.955652
1150 0.878261
1150 0.925217
1150 0.953913
1150 0.989565
1150 0.904348
1150 0.886957
1150 0.938261
1150 0.88
1150 0.909565
1150 0.935652
1150 0.964348
1150 0.934783
1150 0.953913
1150 0.771304
1150 0.97913
1150 0.953043
1150 0.926957
1150 0.962609
1150 0.97913
1150 0.905217
1150 0.92
1150 0.958261
1150 0.923478
1150 0.933913
1150 0.926087
1150 0.954783
1150 0.935652
1150 0.982609
1150 0.921739
1150 0.982609
1150 0.936522
1150 0.970435
1150 0.943478
1150 0.934783
1150 0.9
1150 0.965217
1150 0.94
1150 0.982609
1150 0.947826
1150 0.996522
1150 0.933043
1150 0.931304
1150 0.929565
1200 0.963333
1200 0.9125
1200 0.961667
1200 0.921667
1200 0.930833
1200 0.934167
1200 0.896667
1200 0.93
1200 0.900833
1200 0.985833
1200 0.91
1200 0.898333
1200 0.93
1200 0.958333
1200 0.920833
1200 0.935
1200 0.939167
1200 0.953333
1200 0.999167
1200 0.92
1200 0.95
1200 0.956667
1200 0.99
1200 0.8825
1200 0.934167
1200 0.9525
1200 0.9425
1200 0.8225
1200 0.969167
1200 0.93
1200 0.9425
1200 0.935
1200 0.921667
1200 0.965
1200 0.8975
1200 0.9225
1200 0.951667
1200 0.99
1200 0.958333
1200 0.913333
1200 0.971667
1200 0.789167
1200 0.914167
1200 0.961667
1200 0.953333
1200 0.980833
1200 0.951667
1200 0.969167
1200 0.966667
1200 0.963333
1200 0.9375
1200 0.95
1200 0.958333
1200 0.950833
1200 0.961667
1200 0.906667
1200 0.945833
1200 0.9725
1200 0.973333
1200 0.934167
1200 0.9675
1200 0.988333
1200 0.998333
1200 0.9625
1200 0.961667
1200 0.8875
1200 0.986667
1200 0.960833
1200 0.988333
1200 0.871667
1200 0.945833
1200 0.916667
1200 0.935833
1200 0.928333
1200 0.886667
1250 0.9712
1250 0.9336
1250 0.9576
1250 0.916
1250 0.9704
1250 0.992
1250 0.964
1250 0.952
1250 0.9184
1250 0.9296
1250 0.9592
1250 0.9984
1250 0.8704
1250 0.9312
1250 0.9264
1250 0.9976
1250 0.9448
1250 0.9352
1250 0.988
1250 0.9712
1250 0.9528
1250 0.9648
1250 0.968
1250 0.9384
1250 0.904
1250 0.9344
1250 0.8952
1250 0.8856
1250 0.9656
1250 0.9304
1250 0.9704
1250 0.9008
1250 0.924
1250 0.9776
1250 0.972
1250 0.9504
1250 0.9352
1250 0.9528
1250 0.9656
1250 0.9184
1250 0.9472
1250 0.9568
1250 0.9592
1250 0.972
1250 0.932
1250 0.9104
1250 0.9296
1250 0.9704
1250 0.9304
1250 0.9528
1250 0.9744
1250 0.8808
1250 0.9752
1250 0.9536
1250 0.976
1250 0.9064
1250 0.8952
1250 0.9008
1250 0.8808
1250 0.9792
1250 0.9936
1250 0.956
1250 0.9184
1250 0.9648
1250 0.9336
1250 0.9776
1250 0.944
1250 0.9344
1250 0.9816
1250 0.9264
1250 0.9672
1250 0.9624
1250 0.9432
1250 0.9368
1250 0.9672
1300 0.991538
1300 0.951538
1300 0.946923
1300 0.933077
1300 0.920769
1300 0.953846
1300 0.924615
1300 0.990769
1300 0.914615
1300 0.963077
1300 0.970769
1300 0.975385
1300 0.978462
1300 0.936154
1300 0.975385
1300 0.89
1300 0.924615
1300 0.874615
1300 0.923846
1300 0.992308
1300 0.934615
1300 0.907692
1300 0.934615
1300 0.970769
1300 0.92
1300 0.938462
1300 0.938462
1300 0.957692
1300 0.927692
1300 0.890769
1300 0.909231
1300 0.972308
1300 0.866923
1300 0.946923
1300 0.982308
1300 0.966154
1300 0.984615
1300 0.942308
1300 0.91
1300 0.959231
1300 0.995385
1300 0.988462
1300 0.991538
1300 0.946154
1300 0.991538
1300 0.954615
1300 0.968462
1300 0.915385
1300 0.917692
1300 0.962308
1300 0.961538
1300 0.908462
1300 0.945385
1300 0.952308
1300 0.913846
1300 0.923077
1300 0.985385
1300 0.940769
1300 0.913077
1300 0.979231
1300 0.973077
1300 0.903077
1300 0.963846
1300 0.94
1300 0.946154
1300 0.926154
1300 0.923846
1300 0.888462
1300 0.917692
1300 0.916923
1300 0.971538
1300 0.966154
1300 0.936154
1300 0.981538
1300 0.983077
1350 0.923704
1350 0.971111
1350 0.980741
1350 0.948148
1350 0.958519
1350 0.974074
1350 0.957037
1350 0.965185
1350 0.933333
1350 0.936296
1350 0.945926
1350 0.945926
1350 0.980741
1350 0.897037
1350 0.912593
1350 0.922963
1350 0.936296
1350 0.97037
1350 0.908148
1350 0.968148
1350 0.954815
1350 0.92963
1350 0.944444
1350 0.963704
1350 0.954074
1350 0.923704
1350 0.958519
1350 0.960741
1350 0.98963
1350 0.959259
1350 0.968148
1350 1
1350 0.939259
1350 0.96
1350 0.960741
1350 0.939259
1350 0.971111
1350 0.976296
1350 0.868148
1350 0.928148
1350 0.952593
1350 0.953333
1350 0.938519
1350 0.971111
1350 0.968889
1350 0.945926
1350 0.906667
1350 0.913333
1350 0.968889
1350 0.957778
1350 0.991111
1350 0.965926
1350 0.871111
1350 0.943704
1350 0.95037
1350 0.962963
1350 0.951111
1350 0.923704
1350 0.908889
1350 0.968889
1350 0.922222
1350 0.968889
1350 0.979259
1350 0.862963
1350 0.965926
1350 0.911111
1350 0.957778
1350 0.974815
1350 0.863704
1350 0.937037
1350 0.936296
1350 0.986667
1350 0.927407
1350 0.952593
1350 0.877778
1400 0.967143
1400 0.934286
1400 0.92
1400 0.95
1400 0.96
1400 0.972857
1400 0.953571
1400 0.926429
1400 0.976429
1400 0.764286
1400 0.881429
1400 0.965714
1400 1
1400 0.951429
1400 0.94
1400 0.905714
1400 0.924286
1400 0.947857
1400 0.875
1400 0.937143
1400 0.982857
1400 0.947143
1400 0.995714
1400 0.979286
1400 0.901429
1400 0.898571
1400 0.894286
1400 0.935714
1400 0.959286
1400 0.922857
1400 0.990714
1400 0.999286
1400 0.935714
1400 0.946429
1400 0.855
1400 0.965
1400 0.912857
1400 0.945714
1400 0.929286
1400 0.946429
1400 0.955714
1400 0.914286
1400 0.981429
1400 0.975714
1400 0.987143
1400 0.947143
1400 0.942857
1400 0.959286
1400 0.949286
1400 0.954286
1400 0.96
1400 0.990714
1400 0.989286
1400 0.952143
1400 0.891429
1400 0.961429
1400 0.898571
1400 0.915
1400 0.915
1400 0.942143
1400 0.981429
1400 0.936429
1400 0.972857
1400 0.978571
1400 0.938571
1400 0.983571
1400 0.931429
1400 0.982857
1400 0.943571
1400 0.902857
1400 0.915
1400 0.933571
1400 0.934286
1400 0.987143
1400 0.987143
1450 0.950345
1450 0.914483
1450 0.964828
1450 0.973793
1450 0.957931
1450 0.837931
1450 0.914483
1450 0.993103
1450 0.997241
1450 0.897931
1450 0.895862
1450 0.995862
1450 0.922069
1450 0.924138
1450 0.856552
1450 0.937931
1450 0.882069
1450 0.942759
1450 0.922759
1450 0.947586
1450 0.926897
1450 0.936552
1450 0.964138
1450 0.931034
1450 0.924138
1450 0.888276
1450 0.937241
1450 0.992414
1450 0.92
1450 0.937931
1450 0.944828
1450 0.970345
1450 0.937241
1450 0.947586
1450 0.973793
1450 0.87931
1450 0.978621
1450 0.944828
1450 0.887586
1450 0.912414
1450 0.96
1450 0.875172
1450 0.926897
1450 0.897241
1450 0.977241
1450 0.902759
1450 0.983448
1450 0.97931
1450 0.929655
1450 0.928966
1450 0.922759
1450 0.915172
1450 0.943448
1450 0.85931
1450 0.97931
1450 0.891034
1450 0.995862
1450 0.971724
1450 0.94
1450 0.88
1450 0.935862
1450 0.971724
1450 0.94069
1450 0.964138
1450 0.946897
1450 0.933793
1450 0.902069
1450 0.957241
1450 0.911034
1450 0.977931
1450 0.934483
1450 0.967586
1450 0.986207
1450 0.935172
1450 0.964828
1500 0.947333
1500 0.898667
1500 0.963333
1500 0.951333
1500 0.945333
1500 0.991333
1500 0.948667
1500 0.950667
1500 0.872
1500 0.9
1500 0.814
1500 0.955333
1500 0.936
1500 0.933333
1500 0.928667
1500 0.987333
1500 0.965333
1500 0.968
1500 0.989333
1500 0.985333
1500 0.938
1500 0.934667
1500 0.958
1500 0.867333
1500 0.994
1500 0.957333
1500 0.920667
1500 0.957333
1500 0.930667
1500 0.980667
1500 0.992
1500 0.931333
1500 0.960667
1500 0.958
1500 0.927333
1500 0.96
1500 0.972667
1500 0.928667
1500 0.986
1500 0.948
1500 0.945333
1500 0.958
1500 0.960667
1500 0.966
1500 0.983333
1500 0.963333
1500 0.980667
1500 0.979333
1500 0.965333
1500 0.872667
1500 0.958
1500 0.908
1500 0.950667
1500 0.93
1500 0.986
1500 0.978667
1500 0.95
1500 0.921333
1500 0.973333
1500 0.919333
1500 0.971333
1500 0.864
1500 0.954
1500 0.948
1500 0.972
1500 0.983333
1500 0.946
1500 0.961333
1500 0.987333
1500 0.932667
1500 0.968667
1500 0.959333
1500 0.975333
1500 0.910667
1500 0.892667
1550 0.958065
1550 0.956129
1550 0.915484
1550 0.929677
1550 0.861935
1550 0.90129
1550 0.93871
1550 0.985806
1550 0.999355
1550 0.739355
1550 0.942581
1550 0.980645
1550 0.949677
1550 0.940645
1550 0.957419
1550 0.983226
1550 0.94
1550 0.947097
1550 0.954194
1550 0.974839
1550 0.953548
1550 0.946452
1550 0.988387
1550 0.969032
1550 0.93871
1550 0.967097
1550 0.944516
1550 0.967097
1550 0.960645
1550 0.952903
1550 0.952258
1550 0.965161
1550 0.939355
1550 0.933548
1550 0.974839
1550 0.949032
1550 0.971613
1550 0.964516
1550 0.958065
1550 0.976129
1550 0.929032
1550 0.93871
1550 0.951613
1550 0.909032
1550 0.876774
1550 0.959355
1550 0.958065
1550 0.953548
1550 0.932903
1550 0.960645
1550 0.98129
1550 0.997419
1550 0.941935
1550 0.978065
1550 0.965806
1550 0.970968
1550 0.945161
1550 0.947742
1550 0.917419
1550 0.93871
1550 0.932903
1550 0.990968
1550 0.990323
1550 0.971613
1550 0.968387
1550 0.985161
1550 0.943871
1550 0.918065
1550 0.999355
1550 0.908387
1550 0.914194
1550 0.965161
1550 0.93871
1550 0.947097
1550 0.934839
1600 0.9325
1600 0.965625
1600 0.884375
1600 0.945625
1600 0.9975
1600 0.93375
1600 0.958125
1600 0.9275
1600 0.940625
1600 0.928125
1600 0.943125
1600 0.995625
1600 0.920625
1600 0.86625
1600 0.970625
1600 0.990625
1600 0.955
1600 0.936875
1600 0.9275
1600 0.9475
1600 0.955625
1600 0.939375
1600 0.919375
1600 0.935
1600 0.9425
1600 0.9375
1600 0.91875
1600 0.91625
1600 0.909375
1600 0.8875
1600 0.87375
1600 0.951875
1600 0.91125
1600 0.9125
1600 0.92625
1600 0.941875
1600 0.921875
1600 0.97875
1600 0.928125
1600 0.98125
1600 0.9425
1600 0.91625
1600 0.9775
1600 0.995
1600 0.940625
1600 0.93875
1600 0.9125
1600 0.92875
1600 0.939375
1600 0.95125
1600 0.944375
1600 0.965
1600 0.926875
1600 0.936875
1600 0.969375
1600 0.999375
1600 0.970625
1600 0.9275
1600 0.876875
1600 0.9225
1600 0.99
1600 0.956875
1600 0.97125
1600 0.980625
1600 0.909375
1600 0.988125
1600 0.95375
1600 0.928125
1600 0.961875
1600 0.9625
1600 0.96
1600 0.966875
1600 0.948125
1600 0.919375
1600 0.8425
1650 0.957576
1650 0.949091
1650 0.981212
1650 0.981212
1650 0.955758
1650 0.898788
1650 0.909697
1650 0.906667
1650 0.970909
1650 0.952121
1650 0.905455
1650 0.926667
1650 0.958182
1650 0.940606
1650 0.929697
1650 0.929697
1650 0.924242
1650 0.921212
1650 0.973333
1650 0.974545
1650 0.914545
1650 0.968485
1650 0.952727
1650 0.945455
1650 0.949091
1650 0.961818
1650 0.957576
1650 0.958182
1650 0.96303
1650 0.945455
1650 0.938182
1650 0.932727
1650 0.901212
1650 0.984848
1650 0.861818
1650 0.984242
1650 0.947273
1650 0.929697
1650 0.922424
1650 0.873333
1650 0.952727
1650 0.933333
1650 0.944242
1650 0.989091
1650 0.947879
1650 0.98303
1650 0.930303
1650 0.956364
1650 0.931515
1650 0.958788
1650 0.966061
1650 0.996364
1650 0.934545
1650 0.919394
1650 0.943636
1650 0.92
1650 0.933333
1650 0.984242
1650 0.934545
1650 0.972121
1650 0.955152
1650 0.975152
1650 0.952121
1650 0.938182
1650 0.940606
1650 0.952121
1650 0.96303
1650 0.977576
1650 0.979394
1650 0.98
1650 0.853333
1650 0.859394
1650 0.952121
1650 0.804848
1650 0.924242
1700 0.858824
1700 0.954118
1700 0.923529
1700 0.963529
1700 0.970588
1700 0.91
1700 0.960588
1700 0.949412
1700 0.962353
1700 0.955294
1700 0.964118
1700 0.945882
1700 0.915294
1700 0.97
1700 0.955882
1700 0.956471
1700 0.998235
1700 0.971176
1700 0.975294
1700 0.937647
1700 0.952353
1700 0.901765
1700 0.956471
1700 0.928235
1700 0.965294
1700 0.963529
1700 0.966471
1700 0.98
1700 0.875294
1700 0.902941
1700 0.941176
1700 0.948824
1700 0.961765
1700 0.967647
1700 0.945294
1700 0.913529
1700 0.961765
1700 0.977059
1700 0.875294
1700 0.959412
1700 0.922353
1700 0.907059
1700 0.951765
1700 0.920588
1700 0.975882
1700 0.868824
1700 0.912941
1700 0.882941
1700 0.938235
1700 0.938235
1700 0.934706
1700 0.908824
1700 0.998235
1700 0.938235
1700 0.974118
1700 0.938824
1700 0.934706
1700 0.948235
1700 0.961176
1700 0.956471
1700 0.961765
1700 0.96
1700 0.918235
1700 0.921176
1700 0.984118
1700 0.939412
1700 0.856471
1700 0.925294
1700 0.966471
1700 0.997059
1700 0.975882
1700 0.92
1700 0.954706
1700 0.969412
1700 0.942941
1750 0.941143
1750 0.946286
1750 0.863429
1750 0.917143
1750 0.920571
1750 0.933714
1750 0.886286
1750 0.776
1750 0.905714
1750 0.921143
1750 0.964571
1750 0.884571
1750 0.984
1750 0.942286
1750 0.911429
1750 0.923429
1750 0.961714
1750 0.949143
1750 0.870857
1750 0.927429
1750 0.962286
1750 0.956
1750 0.933714
1750 0.912571
1750 0.915429
1750 0.941714
1750 0.963429
1750 0.953143
1750 0.946286
1750 0.912571
1750 0.941143
1750 0.910857
1750 0.942857
1750 0.927429
1750 0.934286
1750 0.947429
1750 0.957143
1750 0.833143
1750 0.885143
1750 0.974286
1750 0.957714
1750 0.941143
1750 0.981714
1750 0.941143
1750 0.96
1750 0.988571
1750 0.953714
1750 0.988
1750 0.896571
1750 0.94
1750 0.92
1750 0.948
1750 0.922857
1750 0.962286
1750 0.953714
1750 0.941714
1750 0.927429
1750 0.913714
1750 0.957714
1750 0.976
1750 0.952
1750 0.914286
1750 0.944
1750 0.940571
1750 0.948
1750 0.966857
1750 0.973143
1750 0.947429
1750 0.894857
1750 0.904571
1750 0.531429
1750 0.978286
1750 0.926857
1750 0.982286
1750 0.942857
1800 0.969444
1800 0.957778
1800 0.875
1800 0.892778
1800 0.957222
1800 0.907778
1800 0.942778
1800 0.956667
1800 0.973333
1800 0.941667
1800 0.932778
1800 0.995556
1800 0.925556
1800 0.933333
1800 0.990556
1800 0.894444
1800 0.901111
1800 0.977778
1800 0.948889
1800 0.997778
1800 0.96
1800 0.974444
1800 0.962222
1800 0.947778
1800 0.983889
1800 0.932222
1800 0.947778
1800 0.956111
1800 0.978333
1800 0.95
1800 0.938333
1800 0.997222
1800 0.982778
1800 0.963333
1800 0.939444
1800 0.955
1800 0.907778
1800 0.909444
1800 0.927222
1800 0.970556
1800 0.900556
1800 0.903333
1800 0.925556
1800 0.983889
1800 0.988889
1800 0.965
1800 0.958333
1800 0.914444
1800 0.943889
1800 0.885556
1800 0.908889
1800 0.932222
1800 0.950556
1800 0.986667
1800 0.945556
1800 0.960556
1800 0.915
1800 0.947222
1800 0.962778
1800 0.948333
1800 0.955
1800 0.937778
1800 0.953333
1800 0.942778
1800 0.915556
1800 0.925
1800 0.990556
1800 0.922778
1800 0.922778
1800 0.929444
1800 0.911667
1800 0.953333
1800 0.931111
1800 0.961667
1800 0.961667
1850 0.935676
1850 0.865946
1850 0.994054
1850 0.972973
1850 0.964865
1850 0.928108
1850 0.935676
1850 0.914595
1850 0.948649
1850 0.928108
1850 0.94
1850 0.915676
1850 0.935676
1850 0.929189
1850 0.944324
1850 0.94
1850 0.995135
1850 0.973514
1850 0.895676
1850 0.861622
1850 0.948649
1850 0.914595
1850 0.886486
1850 0.923784
1850 0.937838
1850 0.915676
1850 0.964865
1850 0.858919
1850 0.892432
1850 0.962703
1850 0.932432
1850 0.922162
1850 0.917838
1850 0.970811
1850 0.919459
1850 0.912432
1850 0.947568
1850 0.9
1850 0.979459
1850 0.928108
1850 0.957297
1850 0.927027
1850 0.938378
1850 0.964865
1850 0.931351
1850 0.925946
1850 0.827568
1850 0.906486
1850 0.967027
1850 0.954054
1850 0.954054
1850 0.988108
1850 0.876757
1850 0.902703
1850 0.953514
1850 0.892973
1850 0.948108
1850 0.964324
1850 0.952973
1850 0.937838
1850 0.925946
1850 0.935676
1850 0.924865
1850 0.969189
1850 0.968649
1850 0.995135
1850 0.916216
1850 0.937297
1850 0.918919
1850 0.971892
1850 0.898919
1850 0.936757
1850 0.959459
1850 0.867568
1850 0.939459
1900 0.957368
1900 0.954737
1900 0.932105
1900 0.974211
1900 0.896842
1900 0.945263
1900 0.992105
1900 0.93
1900 0.891579
1900 0.933158
1900 0.961579
1900 0.950526
1900 0.930526
1900 0.935263
1900 0.986316
1900 0.969474
1900 0.947368
1900 0.957895
1900 0.909474
1900 0.941579
1900 0.956842
1900 0.956316
1900 0.919474
1900 0.946316
1900 0.892632
1900 0.966842
1900 0.945263
1900 0.944211
1900 0.935263
1900 0.946842
1900 0.962105
1900 0.988947
1900 0.972105
1900 0.944737
1900 0.996842
1900 0.936842
1900 0.909474
1900 0.952632
1900 0.99
1900 0.947368
1900 0.956842
1900 0.983684
1900 0.928421
1900 0.944737
1900 0.932632
1900 0.948947
1900 0.956316
1900 0.935789
1900 0.929474
1900 0.985789
1900 0.996316
1900 0.989474
1900 0.961053
1900 0.983684
1900 0.988947
1900 0.946842
1900 0.925263
1900 0.947368
1900 0.927895
1900 0.976842
1900 0.946842
1900 0.915789
1900 0.991579
1900 0.912632
1900 0.935263
1900 0.925263
1900 0.922105
1900 0.941579
1900 0.973158
1900 0.892632
1900 0.982632
1900 0.963158
1900 0.941579
1900 0.972632
1900 0.958421
1950 0.890256
1950 0.939487
1950 0.950769
1950 0.914872
1950 0.930256
1950 0.987179
1950 0.935385
1950 0.911795
1950 0.957949
1950 0.992821
1950 0.960513
1950 0.936923
1950 0.930769
1950 0.909744
1950 0.928205
1950 0.917436
1950 0.970769
1950 1
1950 0.962564
1950 0.900513
1950 0.97641
1950 0.864103
1950 0.95641
1950 0.994359
1950 0.848718
1950 0.970769
1950 0.927692
1950 0.992821
1950 0.854872
1950 0.993846
1950 0.957949
1950 0.904615
1950 0.934872
1950 0.965128
1950 0.957949
1950 0.932308
1950 0.963077
1950 0.984103
1950 0.986154
1950 0.974872
1950 0.961026
1950 0.970769
1950 0.952308
1950 0.919487
1950 0.969231
1950 0.977436
1950 0.911795
1950 0.979487
1950 0.979487
1950 0.967692
1950 0.913846
1950 0.934872
1950 0.889744
1950 0.978462
1950 0.914872
1950 0.922051
1950 0.939487
1950 0.91641
1950 0.957436
1950 0.944615
1950 0.946667
1950 0.926154
1950 0.954872
1950 0.944615
1950 0.971282
1950 0.914872
1950 0.986667
1950 0.914872
1950 0.894359
1950 0.955385
1950 0.948205
1950 0.908205
1950 0.976923
1950 0.950769
1950 0.946154
2000 0.9855
2000 0.994
2000 0.9255
2000 0.9095
2000 0.9735
2000 0.9345
2000 0.9655
2000 0.9385
2000 0.975
2000 0.948
2000 0.967
2000 0.972
2000 0.988
2000 0.9435
2000 0.9475
2000 0.961
2000 0.9575
2000 0.987
2000 0.9615
2000 0.8885
2000 0.9265
2000 0.948
2000 0.962
2000 0.869
2000 0.968
2000 1
2000 0.95
2000 0.96
2000 0.988
2000 0.9115
2000 0.9355
2000 0.947
2000 0.974
2000 0.95
2000 0.967
2000 0.914
2000 0.9545
2000 0.946
2000 0.9855
2000 0.875
2000 0.95
2000 0.957
2000 0.9535
2000 0.9255
2000 0.9765
2000 0.942
2000 0.9155
2000 0.9645
2000 0.9475
2000 0.9935
2000 0.89
2000 0.936
2000 0.8545
2000 0.937
2000 0.902
2000 0.9485
2000 0.88
2000 0.98
2000 0.905
2000 0.93
2000 0.955
2000 0.9535
2000 0.891
2000 0.942
2000 0.925
2000 0.928
2000 0.9495
2000 0.9625
2000 0.94
2000 0.9835
2000 0.963
2000 0.9885
2000 0.969
2000 0.9245
2000 0.9515
