50 0.14
50 0.18
50 0.02
50 0
50 0.26
50 0.02
50 0
50 0.76
50 0.1
50 0.24
50 0.04
50 0.06
50 0.24
50 0
50 0.18
50 0.24
50 0
50 0.1
50 0.36
50 0.28
50 0
50 0.06
50 0
50 0
50 0.2
50 0.66
50 0
50 0.42
50 0.22
50 0.24
50 0.2
50 0
50 0.02
50 0
50 0.2
50 0.3
50 0.2
50 0.46
50 0.42
50 0.24
50 0.24
50 0.24
50 0.16
50 0.08
50 0.5
50 0.28
50 0.18
50 0.68
50 0.4
50 0.2
50 0.38
50 0.1
50 0.06
50 0.02
50 0.24
50 0
50 0.02
50 0
50 0.26
50 0.08
50 0.4
50 0.32
50 0.14
50 0.08
50 0
50 0.32
50 0.14
50 0.04
50 0.5
50 0
50 0.1
50 0.16
50 0.52
50 0.46
50 0.28
100 0.23
100 0.26
100 0.54
100 0.66
100 0.83
100 0.79
100 0.46
100 0.83
100 0.84
100 0.45
100 0.82
100 0.53
100 0.28
100 0.45
100 0.9
100 0.28
100 0.48
100 0.24
100 0.46
100 0.71
100 0.69
100 0.69
100 0.08
100 0.58
100 0.53
100 0.35
100 0.03
100 0.4
100 0.21
100 0.6
100 0.8
100 0.47
100 0.27
100 0.76
100 0.5
100 0.53
100 0.78
100 0.77
100 0.16
100 0.44
100 0.62
100 0.18
100 0.28
100 0.83
100 0.79
100 0.72
100 0.5
100 0.08
100 0.06
100 0
100 0.21
100 0.39
100 0.03
100 0.12
100 0.65
100 0.97
100 0.84
100 0.85
100 0.78
100 0.34
100 0.42
100 0.15
100 0.61
100 0.53
100 0.29
100 0.2
100 0.67
100 0
100 0.68
100 0.73
100 0.27
100 0.66
100 0.52
100 0.08
100 0.79
150 0.706667
150 0.586667
150 0.826667
150 0.673333
150 0.573333
150 0.893333
150 0.753333
150 0.78
150 0.853333
150 0.873333
150 0.853333
150 0.686667
150 0.493333
150 0.506667
150 0.713333
150 0.686667
150 0.9
150 0.62
150 0.753333
150 0.886667
150 0.82
150 0.886667
150 0.573333
150 0.306667
150 0.8
150 0.826667
150 0.386667
150 0.386667
150 0.74
150 0.0133333
150 0.766667
150 0.706667
150 0.86
150 0.98
150 0.693333
150 0.593333
150 0.64
150 0.666667
150 0.513333
150 0.9
150 0.926667
150 0.413333
150 0.466667
150 0.46
150 0.286667
150 0.866667
150 0.0333333
150 0.806667
150 0.78
150 0.32
150 0.66
150 0.546667
150 0.726667
150 0.833333
150 0.8
150 0.826667
150 0.74
150 0.826667
150 0.4
150 0.726667
150 0.853333
150 0.0266667
150 0.966667
150 0.733333
150 0.273333
150 0.853333
150 0.82
150 0.366667
150 0.913333
150 0.433333
150 0.746667
150 0.44
150 0.726667
150 0.746667
150 0.06
200 0.695
200 0.415
200 0.97
200 0.775
200 0.285
200 0.855
200 0.64
200 0.875
200 0.76
200 0.73
200 0.92
200 0.555
200 0.82
200 0.89
200 0.81
200 0.81
200 0.825
200 0.955
200 0.84
200 0.84
200 0.78
200 0.94
200 0.58
200 0.85
200 0.8
200 0.785
200 0.935
200 0.735
200 0.715
200 0.865
200 0.47
200 0.86
200 0.73
200 0.515
200 0.715
200 0.9
200 0.56
200 0.73
200 0.925
200 0.495
200 0.68
200 0.935
200 0.58
200 0.495
200 0.9
200 0.595
200 0.96
200 0.75
200 0.86
200 0.905
200 0.135
200 0.86
200 0.86
200 0.77
200 0.825
200 0.86
200 0.93
200 0.62
200 0.875
200 0.745
200 0.455
200 0.685
200 0.88
200 0.82
200 0.735
200 0.67
200 0.635
200 0.77
200 0.765
200 0.94
200 0.88
200 0.46
200 0.84
200 0.855
200 0.625
250 0.716
250 0.9
250 0.664
250 0.84
250 0.832
250 0.876
250 0.908
250 0.932
250 0.776
250 0.82
250 0.86
250 0.872
250 0.948
250 0.972
250 0.964
250 0.928
250 0.972
250 0.628
250 0.828
250 0.9
250 0.864
250 0.656
250 0.784
250 0.896
250 0.956
250 0.936
250 0.928
250 0.884
250 0.472
250 0.908
250 0.752
250 0.852
250 0.876
250 0.808
250 0.884
250 0.82
250 0.92
250 0.756
250 0.872
250 0.776
250 0.716
250 0.716
250 0.94
250 0.5
250 0.884
250 0.86
250 0.964
250 0.604
250 0.9
250 0.844
250 0.904
250 0.928
250 0.708
250 0.792
250 0.888
250 0.944
250 0.828
250 0.892
250 0.86
250 0.892
250 0.924
250 0.876
250 0.868
250 0.852
250 0.872
250 0.976
250 0.864
250 0.952
250 0.888
250 0.864
250 0.668
250 0.692
250 0.944
250 0.924
250 0.828
300 0.856667
300 0.813333
300 0.74
300 0.89
300 0.543333
300 0.883333
300 0.71
300 0.76
300 0.856667
300 0.843333
300 0.9
300 0.813333
300 0.783333
300 0.87
300 0.926667
300 0.75
300 0.956667
300 0.963333
300 0.87
300 0.866667
300 0.92
300 0.873333
300 0.813333
300 0.943333
300 0.963333
300 0.846667
300 0.966667
300 0.843333
300 0.9
300 0.923333
300 0.803333
300 0.816667
300 0.866667
300 0.893333
300 0.873333
300 0.96
300 0.883333
300 0.976667
300 0.973333
300 0.973333
300 0.97
300 0.923333
300 0.916667
300 0.83
300 0.773333
300 0.713333
300 0.776667
300 0.89
300 0.53
300 0.963333
300 0.896667
300 0.913333
300 0.746667
300 0.756667
300 0.81
300 0.946667
300 0.956667
300 0.866667
300 0.84
300 0.933333
300 0.92
300 0.853333
300 0.893333
300 0.806667
300 0.986667
300 0.893333
300 0.893333
300 0.883333
300 0.903333
300 0.923333
300 0.913333
300 0.953333
300 0.91
300 0.89
300 0.88
350 0.942857
350 0.945714
350 0.954286
350 0.831429
350 0.98
350 0.665714
350 0.794286
350 0.937143
350 0.931429
350 0.968571
350 0.874286
350 0.757143
350 0.911429
350 0.914286
350 0.971429
350 0.794286
350 0.857143
350 0.951429
350 0.78
350 0.868571
350 0.954286
350 0.725714
350 0.954286
350 0.834286
350 0.877143
350 0.917143
350 0.908571
350 0.848571
350 0.882857
350 0.86
350 0.757143
350 0.98
350 0.891429
350 0.945714
350 0.965714
350 0.894286
350 0.922857
350 0.605714
350 0.885714
350 0.82
350 0.931429
350 0.922857
350 0.9
350 0.911429
350 0.917143
350 0.968571
350 0.00571429
350 0.974286
350 0.868571
350 0.977143
350 0.817143
350 0.908571
350 0.954286
350 0.862857
350 0.854286
350 0.977143
350 0.894286
350 0.794286
350 0.971429
350 0.88
350 0.971429
350 0.837143
350 0.945714
350 0.908571
350 0.774286
350 0.854286
350 0.925714
350 0.922857
350 0.977143
350 0.897143
350 0.888571
350 0.902857
350 0.777143
350 0.894286
350 0.862857
400 0.9725
400 0.8175
400 0.8575
400 0.7075
400 0.82
400 0.905
400 0.89
400 0.6125
400 0.9125
400 0.8925
400 0.9075
400 0.93
400 0.9
400 0.855
400 0.885
400 0.855
400 0.875
400 0.575
400 0.905
400 0.93
400 0.9775
400 0.9525
400 0.9375
400 0.7825
400 0.93
400 0.9625
400 0.97
400 0.6775
400 0.9175
400 0.9425
400 0.9375
400 0.875
400 0.8875
400 0.8625
400 0.98
400 0.9525
400 0.845
400 0.1
400 0.8425
400 0.965
400 0.9125
400 0.92
400 0.9825
400 0.84
400 0.885
400 0.94
400 0.91
400 0.77
400 0.91
400 0.955
400 0.8675
400 0.8325
400 0.9975
400 0.925
400 0.8525
400 0.86
400 0.9475
400 0.805
400 0.9775
400 0.9625
400 0.84
400 0.8575
400 0.87
400 0.9925
400 0.865
400 0.88
400 0.8525
400 0.9
400 0.8825
400 0.9875
400 0.86
400 0.9225
400 0.92
400 0.925
400 0.92
450 0.913333
450 0.924444
450 0.886667
450 0.966667
450 0.904444
450 0.935556
450 0.986667
450 0.944444
450 0.926667
450 0.857778
450 0.944444
450 0.886667
450 0.826667
450 0.931111
450 0.8
450 0.942222
450 0.724444
450 0.868889
450 0.873333
450 0.806667
450 0.906667
450 0.993333
450 0.844444
450 0.953333
450 0.848889
450 0.78
450 0.924444
450 0.857778
450 0.946667
450 0.588889
450 0.913333
450 0.884444
450 0.904444
450 0.953333
450 0.913333
450 0.924444
450 0.968889
450 0.911111
450 0.886667
450 0.857778
450 0.955556
450 0.902222
450 0.813333
450 0.913333
450 0.968889
450 0.957778
450 0.897778
450 0.944444
450 0.922222
450 0.968889
450 0.937778
450 0.966667
450 0.862222
450 0.857778
450 0.915556
450 0.846667
450 0.868889
450 0.955556
450 0.977778
450 0.975556
450 0.808889
450 0.875556
450 0.948889
450 0.904444
450 0.904444
450 0.886667
450 0.937778
450 0.784444
450 0.922222
450 0.926667
450 0.897778
450 0.817778
450 0.957778
450 0.846667
450 0.7
500 0.9
500 0.882
500 0.92
500 0.956
500 0.714
500 0.922
500 0.918
500 0.926
500 0.866
500 0.906
500 0.884
500 0.826
500 0.928
500 0.94
500 0.968
500 0.922
500 0.996
500 0.916
500 0.974
500 0.858
500 0.856
500 0.93
500 0.9
500 0.918
500 0.856
500 0.846
500 0.938
500 0.97
500 0.944
500 0.942
500 0.908
500 0.862
500 0.938
500 0.962
500 0.958
500 0.856
500 0.952
500 0.948
500 0.954
500 0.83
500 0.988
500 0.922
500 0.954
500 0.912
500 0.902
500 0.976
500 0.91
500 0.96
500 0.974
500 0.884
500 0.866
500 0.924
500 0.932
500 0.828
500 0.862
500 0.964
500 0.98
500 0.882
500 0.934
500 0.936
500 0.866
500 0.908
500 0.914
500 0.918
500 0.946
500 0.742
500 0.908
500 0.948
500 0.94
500 0.962
500 0.954
500 0.93
500 0.884
500 0.926
500 0.992
550 0.805455
550 0.965455
550 0.874545
550 0.963636
550 0.950909
550 0.925455
550 0.941818
550 0.950909
550 0.952727
550 1
550 0.963636
550 0.898182
550 0.776364
550 0.883636
550 0.901818
550 0.901818
550 0.858182
550 0.872727
550 0.956364
550 0.923636
550 0.938182
550 0.841818
550 0.867273
550 0.874545
550 0.954545
550 0.945455
550 0.854545
550 0.874545
550 0.829091
550 0.956364
550 0.958182
550 0.92
550 0.954545
550 0.0363636
550 0.78
550 0.847273
550 0.861818
550 0.881818
550 0.907273
550 0.896364
550 0.912727
550 0.9
550 0.932727
550 0.909091
550 0.947273
550 0.934545
550 0.950909
550 0.874545
550 0.923636
550 0.925455
550 0.865455
550 0.974545
550 0.829091
550 0.823636
550 0.965455
550 0.945455
550 0.970909
550 0.785455
550 0.932727
550 0.729091
550 0.978182
550 0.905455
550 0.989091
550 0.927273
550 0.94
550 0.965455
550 0.949091
550 0.952727
550 0.990909
550 0.874545
550 0.878182
550 0.961818
550 0.954545
550 0.972727
550 0.932727
600 0.941667
600 0.908333
600 0.881667
600 0.798333
600 0.908333
600 0.965
600 0.925
600 0.96
600 0.91
600 0.86
600 0.901667
600 0.938333
600 0.913333
600 0.943333
600 0.9
600 0.933333
600 0.95
600 0.891667
600 0.913333
600 0.945
600 0.92
600 0.921667
600 0.96
600 0.995
600 0.87
600 0.895
600 0.92
600 0.973333
600 0.935
600 0.96
600 0.941667
600 0.863333
600 0.925
600 0.99
600 0.973333
600 0.946667
600 0.91
600 0.883333
600 0.891667
600 0.963333
600 0.756667
600 0.863333
600 0.946667
600 0.903333
600 0.97
600 0.96
600 0.865
600 0.89
600 0.876667
600 0.82
600 0.943333
600 0.908333
600 0.948333
600 0.823333
600 0.965
600 0.926667
600 0.881667
600 0.855
600 0.92
600 0.945
600 0.901667
600 0.958333
600 0.9
600 0.963333
600 0.903333
600 0.848333
600 0.968333
600 0.958333
600 0.861667
600 0.901667
600 0.955
600 0.871667
600 0.941667
600 0.946667
600 0.785
650 0.924615
650 0.830769
650 0.918462
650 0.995385
650 0.881538
650 0.946154
650 0.887692
650 0.92
650 0.878462
650 0.955385
650 0.889231
650 0.947692
650 0.898462
650 0.924615
650 0.895385
650 0.884615
650 0.949231
650 0.823077
650 0.961538
650 0.9
650 0.796923
650 0.826154
650 0.975385
650 0.933846
650 0.924615
650 0.916923
650 0.935385
650 0.966154
650 0.924615
650 0.924615
650 0.944615
650 0.98
650 0.958462
650 0.918462
650 0.904615
650 0.901538
650 0.938462
650 0.978462
650 0.867692
650 0.873846
650 0.884615
650 0.916923
650 0.929231
650 0.946154
650 0.864615
650 0.935385
650 0.906154
650 0.915385
650 0.946154
650 0.947692
650 0.904615
650 0.829231
650 0.973846
650 0.901538
650 0.929231
650 0.930769
650 0.995385
650 0.966154
650 0.932308
650 0.901538
650 0.935385
650 0.983077
650 0.956923
650 0.886154
650 0.88
650 0.978462
650 0.907692
650 0.923077
650 0.926154
650 0.986154
650 0.9
650 0.929231
650 0.932308
650 0.92
650 0.955385
700 0.921429
700 0.96
700 0.974286
700 0.927143
700 0.945714
700 0.928571
700 0.901429
700 0.962857
700 0.917143
700 0.891429
700 0.867143
700 0.978571
700 0.89
700 0.974286
700 0.905714
700 0.957143
700 0.817143
700 0.82
700 0.961429
700 0.882857
700 0.922857
700 0.895714
700 0.965714
700 0.98
700 0.878571
700 0.915714
700 0.902857
700 0.838571
700 0.961429
700 0.954286
700 0.842857
700 0.95
700 0.882857
700 0.937143
700 0.877143
700 0.911429
700 0.955714
700 0.908571
700 0.84
700 0.91
700 0.975714
700 0.665714
700 0.937143
700 0.825714
700 0.734286
700 0.965714
700 0.861429
700 0.938571
700 0.974286
700 0.9
700 0.952857
700 0.931429
700 0.944286
700 0.894286
700 0.838571
700 0.875714
700 0.961429
700 0.957143
700 0.854286
700 0.974286
700 0.802857
700 0.868571
700 0.94
700 0.882857
700 0.981429
700 0.934286
700 0.934286
700 0.945714
700 0.911429
700 0.93
700 0.905714
700 0.994286
700 0.912857
700 0.851429
700 0.975714
750 0.897333
750 0.957333
750 0.962667
750 0.870667
750 0.932
750 0.92
750 0.982667
750 0.930667
750 0.966667
750 0.914667
750 0.838667
750 0.872
750 0.958667
750 0.925333
750 0.974667
750 0.962667
750 0.9
750 0.985333
750 0.970667
750 0.957333
750 0.962667
750 0.905333
750 0.866667
750 0.937333
750 0.941333
750 0.914667
750 0.948
750 0.926667
750 0.957333
750 0.929333
750 0.94
750 0.969333
750 0.945333
750 0.942667
750 0.889333
750 0.906667
750 0.846667
750 0.854667
750 0.865333
750 0.977333
750 0.936
750 0.813333
750 0.966667
750 0.910667
750 0.917333
750 0.866667
750 0.893333
750 0.949333
750 0.984
750 0.912
750 0.958667
750 0.884
750 0.954667
750 0.934667
750 0.9
750 0.913333
750 0.912
750 0.868
750 0.837333
750 0.930667
750 0.944
750 0.889333
750 0.918667
750 0.888
750 0.892
750 0.914667
750 0.845333
750 0.922667
750 0.936
750 0.944
750 0.925333
750 0.954667
750 0.885333
750 0.898667
750 0.924
800 0.955
800 0.80625
800 0.91
800 0.95375
800 0.9425
800 0.87375
800 0.9125
800 0.94125
800 0.9875
800 0.9025
800 0.9625
800 0.9225
800 0.96
800 0.9525
800 0.975
800 0.9175
800 0.90875
800 0.93875
800 0.87875
800 0.96875
800 0.8875
800 0.9275
800 0.88375
800 0.955
800 0.9725
800 0.9825
800 0.9175
800 0.90875
800 0.96
800 0.905
800 0.9125
800 0.87625
800 0.93375
800 0.96625
800 0.9375
800 0.9275
800 0.78
800 0.94875
800 0.96
800 0.92
800 0.9025
800 0.95
800 0.95
800 0.8375
800 0.91375
800 0.99375
800 0.98375
800 0.8175
800 0.93125
800 0.9
800 0.91125
800 0.9125
800 0.965
800 0.93875
800 0.87
800 0.9
800 0.99625
800 0.8725
800 0.93
800 0.97125
800 0.96125
800 0.95375
800 0.93
800 0.9575
800 0.95
800 0.9375
800 0.845
800 0.90375
800 0.87
800 0.965
800 0.895
800 0.93375
800 0.9525
800 0.93125
800 0.9325
850 0.942353
850 0.936471
850 0.936471
850 0.955294
850 0.890588
850 0.948235
850 0.904706
850 0.951765
850 0.896471
850 0.951765
850 0.861176
850 0.934118
850 0.924706
850 0.903529
850 0.967059
850 0.908235
850 0.969412
850 1
850 0.983529
850 0.890588
850 0.962353
850 0.930588
850 0.921176
850 0.916471
850 0.955294
850 0.907059
850 0.935294
850 0.955294
850 0.949412
850 0.927059
850 0.896471
850 0.931765
850 0.937647
850 0.896471
850 0.963529
850 0.981176
850 0.937647
850 0.905882
850 0.938824
850 0.944706
850 0.963529
850 0.895294
850 0.945882
850 0.901176
850 0.928235
850 0.944706
850 0.82
850 0.869412
850 0.957647
850 0.847059
850 0.944706
850 0.803529
850 0.894118
850 0.972941
850 0.892941
850 0.936471
850 0.847059
850 0.929412
850 0.962353
850 0.968235
850 0.909412
850 0.94
850 0.875294
850 0.978824
850 0.930588
850 0.987059
850 0.925882
850 0.892941
850 0.975294
850 0.952941
850 0.942353
850 0.907059
850 0.925882
850 0.881176
850 0.805882
900 0.982222
900 0.947778
900 0.967778
900 0.947778
900 0.922222
900 0.944444
900 0.98
900 0.915556
900 0.952222
900 0.971111
900 0.931111
900 0.914444
900 0.941111
900 0.938889
900 0.985556
900 0.963333
900 0.943333
900 0.871111
900 0.766667
900 0.956667
900 0.973333
900 0.903333
900 0.944444
900 0.931111
900 0.958889
900 0.736667
900 0.931111
900 0.934444
900 0.93
900 0.964444
900 0.922222
900 0.986667
900 0.948889
900 0.931111
900 0.951111
900 0.963333
900 0.946667
900 0.97
900 0.938889
900 0.977778
900 0.703333
900 0.84
900 0.94
900 0.89
900 0.964444
900 0.992222
900 0.932222
900 0.958889
900 0.907778
900 0.956667
900 0.963333
900 0.923333
900 0.844444
900 0.925556
900 0.922222
900 0.933333
900 0.908889
900 0.93
900 0.972222
900 0.947778
900 0.955556
900 0.88
900 0.903333
900 0.978889
900 0.818889
900 0.955556
900 0.908889
900 0.955556
900 0.908889
900 0.964444
900 0.964444
900 0.925556
900 0.994444
900 0.94
900 0.987778
950 0.983158
950 0.908421
950 0.918947
950 0.901053
950 0.867368
950 0.956842
950 0.848421
950 0.937895
950 0.938947
950 0.878947
950 0.805263
950 0.896842
950 0.928421
950 0.909474
950 0.963158
950 0.969474
950 0.951579
950 0.94
950 0.985263
950 0.954737
950 0.972632
950 0.881053
950 0.886316
950 0.938947
950 0.932632
950 0.949474
950 0.922105
950 0.914737
950 0.936842
950 0.96
950 0.917895
950 0.953684
950 0.986316
950 0.984211
950 0.914737
950 0.942105
950 0.909474
950 0.925263
950 0.982105
950 0.898947
950 0.875789
950 0.984211
950 0.910526
950 0.861053
950 0.930526
950 0.881053
950 0.989474
950 0.972632
950 0.908421
950 0.934737
950 0.938947
950 0.887368
950 0.967368
950 0.984211
950 0.997895
950 0.948421
950 0.961053
950 0.923158
950 0.907368
950 0.911579
950 0.896842
950 0.909474
950 0.933684
950 0.989474
950 0.992632
950 0.918947
950 0.978947
950 0.921053
950 0.885263
950 0.931579
950 0.992632
950 0.911579
950 0.938947
950 0.948421
950 0.927368
1000 0.939
1000 0.895
1000 0.919
1000 0.923
1000 0.975
1000 0.901
1000 0.931
1000 0.972
1000 0.895
1000 0.952
1000 0.93
1000 0.913
1000 0.938
1000 0.899
1000 0.985
1000 0.925
1000 0.941
1000 0.937
1000 0.951
1000 0.953
1000 0.97
1000 0.864
1000 0.958
1000 0.859
1000 0.974
1000 0.824
1000 0.925
1000 0.913
1000 0.93
1000 0.923
1000 0.904
1000 0.941
1000 0.94
1000 0.938
1000 0.974
1000 0.982
1000 0.921
1000 0.951
1000 0.913
1000 0.896
1000 0.975
1000 0.9
1000 0.926
1000 0.932
1000 0.976
1000 0.902
1000 0.942
1000 0.922
1000 0.973
1000 0.977
1000 0.922
1000 0.946
1000 0.944
1000 0.957
1000 0.965
1000 0.97
1000 0.991
1000 0.838
1000 0.935
1000 0.919
1000 0.953
1000 0.959
1000 0.926
1000 0.909
1000 0.923
1000 0.948
1000 0.96
1000 0.923
1000 0.887
1000 0.945
1000 0.921
1000 0.937
1000 0.955
1000 0.944
1000 0.912
1050 0.871429
1050 0.886667
1050 0.986667
1050 0.971429
1050 0.690476
1050 0.944762
1050 0.910476
1050 0.958095
1050 0.947619
1050 0.911429
1050 0.961905
1050 0.93619
1050 0.91619
1050 0.978095
1050 0.978095
1050 0.886667
1050 0.920952
1050 0.915238
1050 0.967619
1050 0.933333
1050 0.909524
1050 0.947619
1050 0.924762
1050 0.873333
1050 0.852381
1050 0.880952
1050 0.985714
1050 0.945714
1050 0.881905
1050 0.948571
1050 0.899048
1050 0.902857
1050 0.893333
1050 0.954286
1050 0.925714
1050 0.929524
1050 0.946667
1050 0.92
1050 0.945714
1050 0.98381
1050 0.967619
1050 0.927619
1050 0.851429
1050 0.902857
1050 0.932381
1050 0.922857
1050 0.940952
1050 0.955238
1050 0.935238
1050 0.890476
1050 0.922857
1050 0.94381
1050 0.980952
1050 0.994286
1050 0.906667
1050 0.91619
1050 0.961905
1050 0.972381
1050 0.918095
1050 0.973333
1050 0.88381
1050 0.910476
1050 0.978095
1050 0.950476
1050 0.959048
1050 0.86381
1050 0.953333
1050 0.960952
1050 0.937143
1050 0.901905
1050 0.944762
1050 0.957143
1050 0.971429
1050 0.974286
1050 0.927619
1100 0.912727
1100 0.922727
1100 0.987273
1100 0.949091
1100 0.954545
1100 0.930909
1100 0.899091
1100 0.959091
1100 0.888182
1100 0.92
1100 0.959091
1100 0.980909
1100 0.920909
1100 0.96
1100 0.942727
1100 0.976364
1100 0.989091
1100 0.936364
1100 0.972727
1100 0.985455
1100 0.897273
1100 0.924545
1100 0.928182
1100 0.976364
1100 0.987273
1100 0.955455
1100 0.972727
1100 0.978182
1100 0.893636
1100 0.973636
1100 0.912727
1100 0.918182
1100 0.985455
1100 0.920909
1100 0.990909
1100 0.971818
1100 0.946364
1100 0.969091
1100 0.915455
1100 0.939091
1100 0.919091
1100 0.988182
1100 0.916364
1100 0.920909
1100 0.903636
1100 0.885455
1100 0.955455
1100 0.953636
1100 0.942727
1100 0.976364
1100 0.891818
1100 0.944545
1100 0.948182
1100 0.962727
1100 0.916364
1100 0.972727
1100 0.942727
1100 0.928182
1100 0.950909
1100 0.931818
1100 0.927273
1100 0.96
1100 0.868182
1100 0.970909
1100 0.991818
1100 0.872727
1100 0.933636
1100 0.937273
1100 0.966364
1100 0.923636
1100 0.998182
1100 0.977273
1100 0.89
1100 0.906364
1100 0.721818
1150 0.917391
1150 0.88
1150 0.990435
1150 0.906087
1150 0.990435
1150 0.926957
1150 0.947826
1150 0.931304
1150 0.896522
1150 0.94087
1150 0.926087
1150 0.876522
1150 0.93913
1150 0.936522
1150 0.933913
1150 0.945217
1150 0.973043
1150 0.886957
1150 0.913043
1150 0.953043
1150 0.907826
1150 0.94
1150 0.933913
1150 0.92087
1150 0.918261
1150 0.998261
1150 0.944348
1150 0.916522
1150 0.976522
1150 0.972174
1150 0.923478
1150 0.934783
1150 0.933043
1150 0.98087
1150 0.891304
1150 0.930435
1150 0.898261
1150 0.891304
1150 0.955652
1150 0.952174
1150 0.83913
1150 0.901739
1150 0.886087
1150 0.961739
1150 0.964348
1150 0.852174
1150 0.89913
1150 0.98087
1150 0.884348
1150 0.937391
1150 0.967826
1150 0.864348
1150 0.926957
1150 0.908696
1150 0.923478
1150 0.963478
1150 0.941739
1150 0.926957
1150 0.950435
1150 0.958261
1150 0.92087
1150 0.973913
1150 0.91913
1150 0.922609
1150 0.906087
1150 0.934783
1150 0.945217
1150 0.966957
1150 0.973913
1150 0.941739
1150 0.890435
1150 0.967826
1150 0.925217
1150 0.877391
1150 0.976522
1200 0.970833
1200 0.970833
1200 0.995
1200 0.93
1200 0.951667
1200 0.895833
1200 0.913333
1200 0.948333
1200 0.895
1200 0.9475
1200 0.946667
1200 0.926667
1200 0.933333
1200 0.958333
1200 0.9175
1200 0.899167
1200 0.9125
1200 0.956667
1200 0.991667
1200 0.975
1200 0.925
1200 0.958333
1200 0.971667
1200 0.903333
1200 0.959167
1200 0.930833
1200 0.874167
1200 0.951667
1200 0.9825
1200 0.954167
1200 0.996667
1200 0.955
1200 0.948333
1200 0.961667
1200 0.9075
1200 0.933333
1200 0.9325
1200 0.9375
1200 0.996667
1200 0.975833
1200 0.918333
1200 0.7975
1200 0.861667
1200 0.9725
1200 0.98
1200 0.978333
1200 0.909167
1200 0.9475
1200 0.9425
1200 0.968333
1200 0.920833
1200 0.9725
1200 0.95
1200 0.883333
1200 0.945833
1200 0.904167
1200 0.916667
1200 0.973333
1200 0.935833
1200 0.890833
1200 0.921667
1200 0.981667
1200 0.990833
1200 0.9725
1200 0.9625
1200 0.929167
1200 0.909167
1200 0.955833
1200 0.9625
1200 0.798333
1200 0.923333
1200 0.938333
1200 0.999167
1200 0.938333
1200 0.8575
1250 0.9536
1250 0.9248
1250 0.9608
1250 0.8904
1250 0.944
1250 0.944
1250 0.9352
1250 0.952
1250 0.9352
1250 0.9328
1250 0.9472
1250 0.9944
1250 0.9008
1250 0.9232
1250 0.9384
1250 0.8808
1250 0.9368
1250 0.9632
1250 0.948
1250 0.9208
1250 0.9416
1250 0.9248
1250 0.9096
1250 0.9208
1250 0.9536
1250 0.9176
1250 0.936
1250 0.9144
1250 0.9888
1250 0.9336
1250 0.9632
1250 0.8984
1250 0.9472
1250 0.9496
1250 0.9976
1250 0.908
1250 0.9536
1250 0.9696
1250 0.9192
1250 0.9216
1250 0.9624
1250 0.9776
1250 0.8568
1250 0.92
1250 0.9344
1250 0.9328
1250 0.752
1250 0.9288
1250 0.8872
1250 0.9648
1250 0.9704
1250 1
1250 0.9112
1250 0.9392
1250 0.8976
1250 0.9784
1250 0.9528
1250 0.9456
1250 0.9312
1250 0.9224
1250 0.9248
1250 0.9136
1250 0.9624
1250 0.9232
1250 0.9504
1250 0.9216
1250 0.912
1250 0.9592
1250 0.9816
1250 0.9592
1250 0.9112
1250 0.9616
1250 0.9432
1250 0.9288
1250 0.8952
1300 0.965385
1300 0.977692
1300 0.926154
1300 0.951538
1300 0.923846
1300 0.996154
1300 0.919231
1300 0.920769
1300 0.896154
1300 0.993846
1300 0.928462
1300 0.94
1300 0.907692
1300 0.963846
1300 0.943077
1300 0.927692
1300 0.999231
1300 0.9
1300 0.944615
1300 0.954615
1300 0.926154
1300 0.881538
1300 0.921538
1300 0.928462
1300 0.93
1300 0.951538
1300 0.934615
1300 0.954615
1300 0.943846
1300 0.810769
1300 0.923846
1300 0.963077
1300 0.960769
1300 0.97
1300 0.990769
1300 0.914615
1300 0.923077
1300 0.903077
1300 0.992308
1300 0.945385
1300 0.905385
1300 0.907692
1300 0.935385
1300 0.910769
1300 0.905385
1300 0.94
1300 0.994615
1300 0.965385
1300 0.917692
1300 0.961538
1300 0.948462
1300 0.947692
1300 0.96
1300 0.93
1300 0.917692
1300 0.965385
1300 0.939231
1300 0.946923
1300 0.932308
1300 0.983077
1300 0.838462
1300 0.933077
1300 0.950769
1300 0.935385
1300 0.796154
1300 0.896923
1300 0.913077
1300 0.943846
1300 0.976154
1300 0.958462
1300 0.926154
1300 0.933846
1300 0.964615
1300 0.940769
1300 0.958462
1350 0.964444
1350 0.973333
1350 0.957037
1350 0.942963
1350 0.94963
1350 0.883704
1350 0.957778
1350 0.943704
1350 0.902963
1350 0.935556
1350 0.962222
1350 0.961481
1350 0.94963
1350 0.965926
1350 0.942963
1350 0.945926
1350 0.917037
1350 0.968148
1350 0.868889
1350 0.945185
1350 0.959259
1350 0.875556
1350 0.921481
1350 0.934815
1350 0.962222
1350 0.951852
1350 0.899259
1350 0.937037
1350 0.964444
1350 0.978519
1350 0.977778
1350 0.937778
1350 0.935556
1350 0.965185
1350 0.93037
1350 0.908148
1350 0.94963
1350 0.884444
1350 0.92963
1350 0.962222
1350 0.895556
1350 0.952593
1350 0.931111
1350 0.994074
1350 0.978519
1350 0.940741
1350 0.982222
1350 0.993333
1350 0.952593
1350 0.923704
1350 0.968148
1350 0.938519
1350 0.862222
1350 0.985185
1350 0.823704
1350 0.925185
1350 0.922222
1350 0.955556
1350 0.923704
1350 0.944444
1350 0.988889
1350 0.924444
1350 0.971852
1350 0.841481
1350 0.978519
1350 0.953333
1350 0.981481
1350 0.897778
1350 0.933333
1350 0.897037
1350 0.960741
1350 0.95037
1350 0.925185
1350 0.945185
1350 0.948148
1400 0.960714
1400 0.920714
1400 0.913571
1400 0.945
1400 0.976429
1400 0.938571
1400 0.984286
1400 0.955
1400 0.940714
1400 0.942857
1400 0.88
1400 0.969286
1400 0.976429
1400 0.951429
1400 0.919286
1400 0.801429
1400 0.937857
1400 0.947143
1400 0.88
1400 0.979286
1400 0.925714
1400 0.934286
1400 0.962857
1400 0.935
1400 0.894286
1400 0.907143
1400 0.866429
1400 0.915714
1400 0.916429
1400 0.968571
1400 0.943571
1400 0.915714
1400 0.927857
1400 0.977857
1400 0.917143
1400 0.961429
1400 0.949286
1400 0.887143
1400 0.987143
1400 0.947143
1400 0.956429
1400 0.95
1400 0.997857
1400 0.979286
1400 0.917857
1400 0.965
1400 0.922143
1400 0.915
1400 0.966429
1400 0.886429
1400 0.935
1400 0.962857
1400 0.852857
1400 0.912857
1400 0.895714
1400 0.902857
1400 0.946429
1400 0.975714
1400 0.959286
1400 0.991429
1400 0.921429
1400 0.927857
1400 0.956429
1400 0.935714
1400 0.898571
1400 0.9
1400 0.932143
1400 0.949286
1400 0.905
1400 0.959286
1400 0.98
1400 0.943571
1400 0.946429
1400 0.982857
1400 0.975714
1450 0.944828
1450 0.890345
1450 0.948966
1450 0.971724
1450 0.935862
1450 0.916552
1450 0.914483
1450 0.95931
1450 0.943448
1450 0.922759
1450 0.843448
1450 0.92
1450 0.853793
1450 1
1450 0.915172
1450 0.862069
1450 0.931034
1450 0.91931
1450 0.957931
1450 0.973793
1450 0.908966
1450 0.933793
1450 0.92
1450 0.952414
1450 0.878621
1450 0.937931
1450 0.927586
1450 0.914483
1450 0.984828
1450 0.955862
1450 0.954483
1450 0.931724
1450 0.907586
1450 0.929655
1450 0.974483
1450 0.937241
1450 0.843448
1450 0.950345
1450 0.848966
1450 0.958621
1450 0.96
1450 0.924828
1450 0.942069
1450 0.92
1450 0.751724
1450 0.935172
1450 0.891034
1450 0.929655
1450 0.966207
1450 0.94
1450 0.926897
1450 0.954483
1450 0.950345
1450 0.977931
1450 0.970345
1450 0.910345
1450 0.974483
1450 0.964828
1450 0.964828
1450 0.9
1450 0.951034
1450 0.897241
1450 0.96
1450 0.875172
1450 0.895862
1450 0.984828
1450 0.905517
1450 0.943448
1450 0.826207
1450 0.915172
1450 0.962069
1450 0.927586
1450 0.963448
1450 0.893103
1450 0.951034
1500 0.932667
1500 0.935333
1500 0.979333
1500 0.930667
1500 0.93
1500 0.949333
1500 0.88
1500 0.876
1500 0.944667
1500 0.883333
1500 0.798667
1500 0.887333
1500 0.878667
1500 0.937333
1500 0.886
1500 0.993333
1500 0.996
1500 0.944
1500 0.934667
1500 0.953333
1500 0.973333
1500 0.967333
1500 0.893333
1500 0.934
1500 0.985333
1500 0.894667
1500 0.918667
1500 0.946
1500 0.883333
1500 0.92
1500 0.927333
1500 0.958
1500 0.988
1500 0.965333
1500 0.898
1500 0.942667
1500 0.97
1500 0.895333
1500 0.965333
1500 0.954667
1500 0.943333
1500 0.897333
1500 0.902
1500 0.982
1500 0.950667
1500 0.946667
1500 0.975333
1500 0.996
1500 0.898
1500 0.965333
1500 0.928
1500 0.972
1500 0.974
1500 0.925333
1500 0.968
1500 0.964
1500 0.970667
1500 0.958
1500 0.958
1500 0.956
1500 0.972
1500 0.959333
1500 0.934667
1500 0.961333
1500 0.964667
1500 0.996667
1500 0.958667
1500 0.915333
1500 0.985333
1500 0.921333
1500 0.916
1500 0.942
1500 0.891333
1500 0.898
1500 0.931333
1550 0.94129
1550 0.965161
1550 0.914839
1550 0.969032
1550 0.926452
1550 0.952903
1550 0.972903
1550 0.943871
1550 0.958065
1550 0.881935
1550 0.950968
1550 0.868387
1550 0.962581
1550 0.978065
1550 0.983871
1550 0.949677
1550 0.93871
1550 0.96
1550 0.907742
1550 0.912258
1550 0.872258
1550 0.936129
1550 0.896129
1550 0.970968
1550 0.919355
1550 0.942581
1550 0.916774
1550 0.883871
1550 0.96129
1550 0.9
1550 0.997419
1550 0.970968
1550 0.953548
1550 0.96129
1550 0.979355
1550 0.964516
1550 0.917419
1550 0.909032
1550 0.952258
1550 0.956774
1550 0.934194
1550 0.913548
1550 0.979355
1550 0.987742
1550 0.998065
1550 0.96129
1550 0.976774
1550 0.980645
1550 0.898065
1550 0.947097
1550 0.96129
1550 0.901935
1550 0.957419
1550 0.953548
1550 0.965161
1550 0.995484
1550 0.902581
1550 0.932903
1550 0.954839
1550 0.916774
1550 0.92
1550 0.976129
1550 0.889677
1550 0.916129
1550 0.924516
1550 0.964516
1550 0.810323
1550 0.96
1550 0.925161
1550 0.944516
1550 0.993548
1550 0.96
1550 0.927097
1550 0.949032
1550 0.979355
1600 0.92
1600 0.9475
1600 0.898125
1600 0.94375
1600 0.983125
1600 0.934375
1600 0.93125
1600 0.98125
1600 0.78125
1600 0.944375
1600 0.98
1600 0.939375
1600 0.98
1600 0.94875
1600 0.96125
1600 0.94875
1600 0.908125
1600 0.88625
1600 0.92
1600 0.9375
1600 0.891875
1600 0.904375
1600 0.97625
1600 0.945625
1600 0.909375
1600 0.9575
1600 0.965625
1600 0.908125
1600 0.92125
1600 0.9875
1600 0.921875
1600 0.979375
1600 0.90125
1600 0.940625
1600 0.895625
1600 0.993125
1600 0.918125
1600 0.984375
1600 0.9475
1600 0.988125
1600 0.941875
1600 0.910625
1600 0.976875
1600 0.95875
1600 0.98375
1600 0.9575
1600 0.921875
1600 0.983125
1600 0.98875
1600 0.92
1600 0.9675
1600 0.920625
1600 0.93
1600 0.875
1600 0.935
1600 0.969375
1600 0.939375
1600 0.980625
1600 0.9475
1600 0.975625
1600 0.943125
1600 0.940625
1600 0.944375
1600 0.931875
1600 0.841875
1600 0.9475
1600 0.94625
1600 0.916875
1600 0.99625
1600 0.93125
1600 0.926875
1600 0.928125
1600 0.98125
1600 0.930625
1600 0.95875
1650 0.978788
1650 0.952727
1650 0.898788
1650 0.928485
1650 0.916364
1650 0.996364
1650 0.960606
1650 0.924848
1650 0.987273
1650 0.940606
1650 0.949697
1650 0.952727
1650 0.98303
1650 0.945455
1650 0.978788
1650 0.986061
1650 0.969697
1650 0.910303
1650 0.918182
1650 0.998788
1650 0.915152
1650 0.975758
1650 0.947273
1650 0.954545
1650 0.87697
1650 0.96303
1650 0.953939
1650 0.930909
1650 0.938182
1650 0.924242
1650 0.989091
1650 0.881212
1650 0.946667
1650 0.954545
1650 0.927273
1650 0.90303
1650 0.926667
1650 0.939394
1650 0.941212
1650 0.946061
1650 0.986061
1650 0.942424
1650 0.914545
1650 0.92
1650 0.969091
1650 0.96
1650 0.881212
1650 0.919394
1650 0.906061
1650 0.982424
1650 0.923636
1650 0.930303
1650 0.957576
1650 0.940606
1650 0.947879
1650 0.948485
1650 0.942424
1650 0.973939
1650 0.969091
1650 0.88303
1650 0.9
1650 0.961818
1650 0.970909
1650 0.904848
1650 0.86303
1650 0.955758
1650 0.933333
1650 0.922424
1650 0.973333
1650 0.944848
1650 0.807879
1650 0.889697
1650 0.967273
1650 0.86303
1650 0.943636
1700 0.921176
1700 0.812941
1700 0.942353
1700 0.968824
1700 0.952941
1700 0.937059
1700 0.965294
1700 0.955294
1700 0.925294
1700 0.954706
1700 0.967647
1700 0.944706
1700 0.932941
1700 0.905882
1700 0.966471
1700 0.951176
1700 0.951176
1700 0.950588
1700 0.915882
1700 0.931176
1700 0.934118
1700 0.829412
1700 0.934706
1700 0.853529
1700 0.987647
1700 0.983529
1700 0.934706
1700 0.955882
1700 0.899412
1700 0.913529
1700 0.931176
1700 0.920588
1700 0.967059
1700 0.903529
1700 0.936471
1700 0.926471
1700 0.905882
1700 0.942353
1700 0.948235
1700 0.981765
1700 0.958824
1700 0.9
1700 0.93
1700 0.95
1700 0.941176
1700 0.892941
1700 0.939412
1700 0.877059
1700 0.958824
1700 0.985882
1700 0.922353
1700 0.893529
1700 0.927647
1700 0.922941
1700 0.932941
1700 0.937059
1700 0.91
1700 0.855294
1700 0.9
1700 0.881765
1700 0.941765
1700 0.926471
1700 0.924706
1700 0.969412
1700 0.951765
1700 0.973529
1700 0.889412
1700 0.897647
1700 0.935294
1700 0.970588
1700 0.954706
1700 0.927647
1700 0.914706
1700 0.95
1700 0.951176
1750 0.894857
1750 0.914857
1750 0.867429
1750 0.927429
1750 0.932571
1750 0.934857
1750 0.936
1750 0.920571
1750 0.945714
1750 0.906857
1750 0.944571
1750 0.925714
1750 0.962857
1750 0.92
1750 0.959429
1750 0.939429
1750 0.950857
1750 0.982857
1750 0.937143
1750 0.972571
1750 0.908571
1750 0.932
1750 0.932571
1750 0.914286
1750 0.878857
1750 0.958286
1750 0.925714
1750 0.931429
1750 0.951429
1750 0.887429
1750 0.889714
1750 0.918857
1750 0.899429
1750 0.957143
1750 0.947429
1750 0.946286
1750 0.944
1750 0.935429
1750 0.961143
1750 0.945714
1750 0.919429
1750 0.924571
1750 0.967429
1750 0.945143
1750 0.947429
1750 0.919429
1750 0.92
1750 0.973714
1750 0.970857
1750 0.909143
1750 0.981143
1750 0.972
1750 0.992571
1750 0.921143
1750 0.926286
1750 0.918286
1750 0.931429
1750 0.984
1750 0.917714
1750 0.939429
1750 0.969714
1750 0.857143
1750 0.953143
1750 0.936571
1750 0.965714
1750 0.962286
1750 0.908571
1750 0.975429
1750 0.890286
1750 0.948
1750 0.498286
1750 0.962286
1750 0.972571
1750 0.966857
1750 0.933143
1800 0.926111
1800 0.948889
1800 0.961111
1800 0.926111
1800 0.931111
1800 0.959444
1800 0.960556
1800 0.923333
1800 0.967222
1800 0.93
1800 0.885556
1800 0.952222
1800 0.955556
1800 0.985
1800 0.869444
1800 0.978333
1800 0.943333
1800 0.933889
1800 0.929444
1800 0.933889
1800 0.965
1800 0.883333
1800 0.947778
1800 0.929444
1800 0.950556
1800 0.902222
1800 0.967222
1800 0.941111
1800 0.983333
1800 0.926667
1800 0.986111
1800 0.965556
1800 0.932778
1800 0.941111
1800 0.930556
1800 0.948889
1800 0.936111
1800 0.948333
1800 0.932222
1800 0.952778
1800 0.981667
1800 0.946111
1800 0.966667
1800 0.997222
1800 0.972778
1800 0.911111
1800 0.958333
1800 0.901667
1800 0.947778
1800 0.997222
1800 0.991111
1800 0.95
1800 0.91
1800 0.933889
1800 0.997778
1800 0.990556
1800 0.951111
1800 0.986667
1800 0.947222
1800 0.944444
1800 0.975
1800 0.976111
1800 0.86
1800 0.906667
1800 0.917778
1800 0.960556
1800 0.956111
1800 0.952778
1800 0.967778
1800 0.956111
1800 0.913889
1800 0.951667
1800 0.887778
1800 0.938333
1800 0.985
1850 0.93027
1850 0.923243
1850 0.940541
1850 0.886486
1850 0.938919
1850 0.934054
1850 0.965946
1850 0.921081
1850 0.941622
1850 0.91027
1850 0.921622
1850 0.915135
1850 0.927027
1850 0.886486
1850 0.971351
1850 0.957297
1850 0.996757
1850 0.955135
1850 0.958919
1850 0.853514
1850 0.961622
1850 0.984865
1850 0.951892
1850 0.971892
1850 0.962703
1850 0.896757
1850 0.958378
1850 0.952973
1850 0.935676
1850 0.976216
1850 0.969189
1850 0.934054
1850 0.945946
1850 0.881622
1850 0.937838
1850 0.997838
1850 0.954054
1850 0.951892
1850 0.948108
1850 0.953514
1850 0.958378
1850 0.974595
1850 0.943784
1850 0.949189
1850 0.874595
1850 0.949189
1850 0.923784
1850 0.963784
1850 0.925405
1850 0.965405
1850 0.877297
1850 0.946486
1850 0.947027
1850 0.987027
1850 0.94
1850 0.948108
1850 0.978378
1850 0.917297
1850 0.945946
1850 0.983243
1850 0.972973
1850 0.965946
1850 0.937297
1850 0.944324
1850 0.917838
1850 0.942703
1850 0.922162
1850 0.864865
1850 0.942703
1850 0.991892
1850 0.952432
1850 0.954054
1850 0.901622
1850 0.902703
1850 0.964865
1900 0.954737
1900 0.938421
1900 0.903684
1900 0.913684
1900 0.885789
1900 0.919474
1900 0.862632
1900 0.941053
1900 0.927368
1900 0.942632
1900 0.942105
1900 0.930526
1900 0.952632
1900 0.931579
1900 0.991053
1900 0.970526
1900 0.930526
1900 0.880526
1900 0.993158
1900 0.971053
1900 0.955263
1900 0.861579
1900 0.968947
1900 0.896316
1900 0.932105
1900 0.947895
1900 0.956316
1900 0.948421
1900 0.964211
1900 0.924211
1900 0.968947
1900 0.951579
1900 0.924737
1900 0.964211
1900 0.947368
1900 0.941053
1900 0.936316
1900 0.907895
1900 0.957368
1900 0.916316
1900 0.961579
1900 0.957368
1900 0.91
1900 0.989474
1900 0.944211
1900 0.950526
1900 0.958421
1900 0.94
1900 0.973684
1900 0.975263
1900 0.956842
1900 0.898421
1900 0.981579
1900 0.888421
1900 0.937895
1900 0.950526
1900 0.971053
1900 0.936316
1900 0.976842
1900 0.886842
1900 0.93
1900 0.903684
1900 0.943684
1900 0.915789
1900 0.935789
1900 0.919474
1900 0.939474
1900 0.947368
1900 0.894737
1900 0.905789
1900 0.888421
1900 0.921579
1900 0.885263
1900 0.961579
1900 0.926316
1950 0.989231
1950 0.948718
1950 0.909231
1950 0.965128
1950 0.934872
1950 0.977436
1950 0.954872
1950 0.897949
1950 0.989744
1950 0.95641
1950 0.953333
1950 0.933846
1950 0.822051
1950 0.893846
1950 0.959487
1950 0.96
1950 0.925128
1950 0.933333
1950 0.940513
1950 0.933333
1950 0.977436
1950 0.961026
1950 0.993333
1950 0.955385
1950 0.938462
1950 0.996923
1950 0.95641
1950 0.910256
1950 0.905128
1950 0.945128
1950 0.926154
1950 0.934872
1950 0.932308
1950 0.972308
1950 0.965128
1950 0.904103
1950 0.969231
1950 0.986154
1950 0.947692
1950 0.939487
1950 0.979487
1950 0.945641
1950 0.970256
1950 0.969231
1950 0.953846
1950 0.950769
1950 0.964103
1950 0.89641
1950 0.978462
1950 0.846154
1950 0.959487
1950 0.962564
1950 0.92
1950 0.957949
1950 0.978462
1950 0.928718
1950 0.927692
1950 0.986154
1950 0.843077
1950 0.932821
1950 0.937436
1950 0.929231
1950 0.957436
1950 0.938462
1950 0.933846
1950 0.887692
1950 0.98359
1950 0.886154
1950 0.939487
1950 0.917949
1950 0.977949
1950 0.937436
1950 0.971282
1950 0.904615
1950 0.957436
2000 0.912
2000 0.935
2000 0.932
2000 0.9535
2000 0.9965
2000 0.963
2000 0.9325
2000 0.9385
2000 0.8655
2000 0.973
2000 0.948
2000 0.964
2000 0.9585
2000 0.901
2000 0.966
2000 0.9705
2000 0.963
2000 0.9215
2000 0.9715
2000 0.947
2000 0.9715
2000 0.836
2000 0.909
2000 0.9625
2000 0.939
2000 0.877
2000 0.989
2000 0.954
2000 0.936
2000 0.9365
2000 0.931
2000 0.953
2000 0.9555
2000 0.953
2000 0.9875
2000 0.894
2000 0.95
2000 0.9235
2000 0.988
2000 0.9305
2000 0.9555
2000 0.971
2000 0.927
2000 0.9275
2000 0.929
2000 0.906
2000 0.969
2000 0.897
2000 0.914
2000 0.9735
2000 0.93
2000 0.936
2000 0.9425
2000 0.9335
2000 0.9325
2000 0.9685
2000 0.948
2000 0.8595
2000 0.953
2000 0.929
2000 0.932
2000 0.987
2000 0.873
2000 0.923
2000 0.9535
2000 0.9365
2000 0.8755
2000 0.912
2000 0.901
2000 0.965
2000 0.934
2000 0.955
2000 0.949
2000 0.958
2000 0.9
