50 0.02
50 0.38
50 0.08
50 0.18
50 0.26
50 0.2
50 0.34
50 0.58
50 0
50 0.22
50 0
50 0.22
50 0.22
50 0.48
50 0.16
50 0.14
50 0.08
50 0.66
50 0.24
50 0
50 0.16
50 0.06
50 0
50 0.02
50 0.14
50 0.66
50 0.34
50 0.66
50 0.18
50 0.2
50 0
50 0
50 0.52
50 0.14
50 0.2
50 0.26
50 0.68
50 0.62
50 0.26
50 0.02
50 0.22
50 0.2
50 0.16
50 0.74
50 0.04
50 0.6
50 0.18
50 0.62
50 0.24
50 0.32
50 0.48
50 0.08
50 0.18
50 0.08
50 0.58
50 0.12
50 0.44
50 0
50 0.12
50 0.08
50 0.04
50 0.28
50 0.16
50 0.22
50 0.56
50 0.24
50 0.24
50 0.38
50 0.62
50 0.1
50 0
50 0.2
50 0.2
50 0.76
50 0.12
100 0.3
100 0.04
100 0.15
100 0.79
100 0.82
100 0.61
100 0.48
100 0.2
100 0.74
100 0.29
100 0.82
100 0.04
100 0.02
100 0.08
100 0.88
100 0.28
100 0.58
100 0.36
100 0.26
100 0.89
100 0.78
100 0.76
100 0.48
100 0.62
100 0.55
100 0.39
100 0.01
100 0.45
100 0.82
100 0.57
100 0.71
100 0.46
100 0.21
100 0.8
100 0.73
100 0.65
100 0.75
100 0.59
100 0
100 0.44
100 0.61
100 0.06
100 0.24
100 0.8
100 0.66
100 0.67
100 0.5
100 0.31
100 0.73
100 0.67
100 0.36
100 0.66
100 0.32
100 0.66
100 0.51
100 0.87
100 0.37
100 0.81
100 0.8
100 0.61
100 0.75
100 0.19
100 0.53
100 0.43
100 0.54
100 0.16
100 0.89
100 0.47
100 0.64
100 0.75
100 0.05
100 0.62
100 0.51
100 0.06
100 0.9
150 0.7
150 0.64
150 0.506667
150 0.773333
150 0.52
150 0.8
150 0.686667
150 0.74
150 0.84
150 0.426667
150 0.686667
150 0.853333
150 0.673333
150 0.533333
150 0.66
150 0.68
150 0.6
150 0.4
150 0.473333
150 0.76
150 0.706667
150 0.7
150 0.646667
150 0.326667
150 0.913333
150 0.66
150 0.38
150 0.366667
150 0.78
150 0.78
150 0.66
150 0.766667
150 0.806667
150 0.926667
150 0.666667
150 0.546667
150 0.406667
150 0.513333
150 0.66
150 0.773333
150 0.746667
150 0.62
150 0.36
150 0.346667
150 0.406667
150 0.773333
150 0.726667
150 0.46
150 0.646667
150 0.42
150 0.746667
150 0.473333
150 0.693333
150 0.66
150 0.593333
150 0.733333
150 0.666667
150 0.786667
150 0.4
150 0.66
150 0.74
150 0.62
150 0.9
150 0.593333
150 0.853333
150 0.76
150 0.486667
150 0.306667
150 0.786667
150 0.526667
150 0.693333
150 0.466667
150 0.686667
150 0.886667
150 0.7
200 0.665
200 0.355
200 0.86
200 0.7
200 0.34
200 0.84
200 0.705
200 0.89
200 0.68
200 0.27
200 0.88
200 0.57
200 0.885
200 0.91
200 0.64
200 0.045
200 0.785
200 0.805
200 0.78
200 0.78
200 0.69
200 0.69
200 0.305
200 0.775
200 0.6
200 0.79
200 0.87
200 0.515
200 0.565
200 0.745
200 0.695
200 0.88
200 0.795
200 0.715
200 0.275
200 0.86
200 0.375
200 0.775
200 0.685
200 0.47
200 0.715
200 0.8
200 0.8
200 0.47
200 0.82
200 0.545
200 0.7
200 0.72
200 0.785
200 0.62
200 0.155
200 0.785
200 0.355
200 0.675
200 0.85
200 0.895
200 0.665
200 0.655
200 0.86
200 0.75
200 0.385
200 0.77
200 0.83
200 0.8
200 0.765
200 0.695
200 0.49
200 0.915
200 0.685
200 0.825
200 0.675
200 0.385
200 0.75
200 0.835
200 0.745
250 0.764
250 0.812
250 0.864
250 0.744
250 0.88
250 0.924
250 0.804
250 0.8
250 0.74
250 0.756
250 0.8
250 0.876
250 0.924
250 0.684
250 0.528
250 0.884
250 0.86
250 0.616
250 0.752
250 0.828
250 0.768
250 0.604
250 0.664
250 0.476
250 0.864
250 0.792
250 0.872
250 0.796
250 0.58
250 0.728
250 0.652
250 0.844
250 0.604
250 0.648
250 0.772
250 0.684
250 0.828
250 0.736
250 0.688
250 0.66
250 0.58
250 0.436
250 0.708
250 0.392
250 0.772
250 0.78
250 0.836
250 0.6
250 0.86
250 0.572
250 0.864
250 0.756
250 0.42
250 0.764
250 0.696
250 0.888
250 0.628
250 0.44
250 0.728
250 0.648
250 0.832
250 0.736
250 0.616
250 0.848
250 0.688
250 0.744
250 0.856
250 0.692
250 0.832
250 0.864
250 0.668
250 0.724
250 0.884
250 0.888
250 0.772
300 0.593333
300 0.793333
300 0.78
300 0.813333
300 0.46
300 0.51
300 0.753333
300 0.26
300 0.843333
300 0.8
300 0.88
300 0.84
300 0.723333
300 0.793333
300 0.896667
300 0.763333
300 0.86
300 0.846667
300 0.876667
300 0.85
300 0.603333
300 0.82
300 0.783333
300 0.836667
300 0.806667
300 0.78
300 0.726667
300 0.816667
300 0.553333
300 0.736667
300 0.766667
300 0.766667
300 0.466667
300 0.786667
300 0.813333
300 0.91
300 0.826667
300 0.88
300 0.676667
300 0.67
300 0.836667
300 0.626667
300 0.846667
300 0.8
300 0.716667
300 0.546667
300 0.773333
300 0.4
300 0.81
300 0.793333
300 0.903333
300 0.793333
300 0.48
300 0.716667
300 0.81
300 0.77
300 0.756667
300 0.746667
300 0.753333
300 0.796667
300 0.6
300 0.77
300 0.783333
300 0.88
300 0.836667
300 0.906667
300 0.77
300 0.816667
300 0.883333
300 0.806667
300 0.853333
300 0.813333
300 0.836667
300 0.773333
300 0.78
350 0.831429
350 0.928571
350 0.76
350 0.622857
350 0.785714
350 0.557143
350 0.714286
350 0.734286
350 0.765714
350 0.76
350 0.768571
350 0.765714
350 0.762857
350 0.708571
350 0.794286
350 0.608571
350 0.82
350 0.86
350 0.828571
350 0.817143
350 0.92
350 0.648571
350 0.751429
350 0.791429
350 0.802857
350 0.868571
350 0.822857
350 0.771429
350 0.82
350 0.831429
350 0.697143
350 0.777143
350 0.554286
350 0.888571
350 0.788571
350 0.774286
350 0.808571
350 0.582857
350 0.888571
350 0.782857
350 0.76
350 0.837143
350 0.828571
350 0.751429
350 0.774286
350 0.82
350 0.468571
350 0.774286
350 0.654286
350 0.657143
350 0.777143
350 0.688571
350 0.842857
350 0.794286
350 0.788571
350 0.848571
350 0.874286
350 0.82
350 0.762857
350 0.648571
350 0.802857
350 0.88
350 0.877143
350 0.76
350 0.685714
350 0.831429
350 0.857143
350 0.814286
350 0.905714
350 0.837143
350 0.782857
350 0.857143
350 0.391429
350 0.717143
350 0.751429
400 0.7775
400 0.78
400 0.77
400 0.76
400 0.695
400 0.8375
400 0.8925
400 0.525
400 0.8975
400 0.5675
400 0.8975
400 0.7925
400 0.7
400 0.7875
400 0.8075
400 0.8225
400 0.7225
400 0.485
400 0.875
400 0.8225
400 0.8375
400 0.9125
400 0.835
400 0.7175
400 0.7275
400 0.7325
400 0.415
400 0.64
400 0.85
400 0.86
400 0.745
400 0.825
400 0.8725
400 0.585
400 0.8925
400 0.775
400 0.7375
400 0.4325
400 0.785
400 0.8375
400 0.695
400 0.885
400 0.8275
400 0.825
400 0.8425
400 0.78
400 0.795
400 0.85
400 0.82
400 0.8925
400 0.7975
400 0.8075
400 0.815
400 0.745
400 0.8375
400 0.865
400 0.94
400 0.8225
400 0.7
400 0.825
400 0.795
400 0.7725
400 0.7875
400 0.5825
400 0.8075
400 0.7825
400 0.7875
400 0.9
400 0.7475
400 0.7325
400 0.775
400 0.795
400 0.91
400 0.8625
400 0.7875
450 0.72
450 0.826667
450 0.56
450 0.915556
450 0.822222
450 0.755556
450 0.884444
450 0.84
450 0.828889
450 0.764444
450 0.782222
450 0.784444
450 0.433333
450 0.584444
450 0.666667
450 0.793333
450 0.624444
450 0.866667
450 0.764444
450 0.857778
450 0.751111
450 0.484444
450 0.582222
450 0.737778
450 0.88
450 0.735556
450 0.88
450 0.851111
450 0.435556
450 0.66
450 0.857778
450 0.728889
450 0.742222
450 0.771111
450 0.722222
450 0.757778
450 0.837778
450 0.866667
450 0.835556
450 0.733333
450 0.766667
450 0.744444
450 0.746667
450 0.837778
450 0.755556
450 0.884444
450 0.782222
450 0.895556
450 0.78
450 0.691111
450 0.675556
450 0.728889
450 0.84
450 0.795556
450 0.786667
450 0.884444
450 0.862222
450 0.855556
450 0.755556
450 0.888889
450 0.68
450 0.713333
450 0.866667
450 0.702222
450 0.884444
450 0.773333
450 0.737778
450 0.753333
450 0.542222
450 0.786667
450 0.744444
450 0.768889
450 0.937778
450 0.786667
450 0.657778
500 0.774
500 0.764
500 0.894
500 0.886
500 0.778
500 0.774
500 0.778
500 0.814
500 0.812
500 0.81
500 0.744
500 0.732
500 0.746
500 0.866
500 0.75
500 0.75
500 0.892
500 0.918
500 0.862
500 0.73
500 0.808
500 0.85
500 0.886
500 0.852
500 0.84
500 0.668
500 0.77
500 0.894
500 0.864
500 0.892
500 0.804
500 0.866
500 0.83
500 0.858
500 0.828
500 0.748
500 0.864
500 0.748
500 0.796
500 0.79
500 0.894
500 0.78
500 0.894
500 0.736
500 0.784
500 0.89
500 0.868
500 0.888
500 0.726
500 0.808
500 0.786
500 0.794
500 0.834
500 0.648
500 0.826
500 0.856
500 0.804
500 0.796
500 0.892
500 0.848
500 0.746
500 0.868
500 0.856
500 0.534
500 0.912
500 0.418
500 0.852
500 0.86
500 0.904
500 0.748
500 0.85
500 0.876
500 0.864
500 0.794
500 0.832
550 0.709091
550 0.785455
550 0.889091
550 0.767273
550 0.812727
550 0.890909
550 0.830909
550 0.847273
550 0.8
550 0.856364
550 0.796364
550 0.838182
550 0.341818
550 0.916364
550 0.794545
550 0.829091
550 0.818182
550 0.852727
550 0.903636
550 0.8
550 0.949091
550 0.792727
550 0.796364
550 0.836364
550 0.796364
550 0.869091
550 0.82
550 0.778182
550 0.707273
550 0.721818
550 0.86
550 0.774545
550 0.867273
550 0
550 0.741818
550 0.772727
550 0.685455
550 0.750909
550 0.792727
550 0.872727
550 0.881818
550 0.858182
550 0.912727
550 0.84
550 0.903636
550 0.838182
550 0.454545
550 0.758182
550 0.749091
550 0.674545
550 0.878182
550 0.8
550 0.709091
550 0.754545
550 0.703636
550 0.714545
550 0.916364
550 0.774545
550 0.86
550 0.834545
550 0.787273
550 0.867273
550 0.734545
550 0.863636
550 0.716364
550 0.829091
550 0.734545
550 0.905455
550 0.8
550 0.803636
550 0.843636
550 0.841818
550 0.785455
550 0.809091
550 0.883636
600 0.89
600 0.898333
600 0.673333
600 0.751667
600 0.87
600 0.796667
600 0.855
600 0.878333
600 0.74
600 0.785
600 0.7
600 0.853333
600 0.795
600 0.853333
600 0.85
600 0.775
600 0.795
600 0.806667
600 0.868333
600 0.721667
600 0.725
600 0.916667
600 0.82
600 0.645
600 0.755
600 0.815
600 0.73
600 0.848333
600 0.86
600 0.788333
600 0.79
600 0.886667
600 0.801667
600 0.855
600 0.828333
600 0.613333
600 0.781667
600 0.755
600 0.863333
600 0.9
600 0.641667
600 0.826667
600 0.871667
600 0.848333
600 0.861667
600 0.83
600 0.823333
600 0.82
600 0.751667
600 0.686667
600 0.661667
600 0.861667
600 0.863333
600 0.845
600 0.781667
600 0.806667
600 0.821667
600 0.766667
600 0.875
600 0.705
600 0.881667
600 0.858333
600 0.838333
600 0.79
600 0.833333
600 0.793333
600 0.715
600 0.853333
600 0.785
600 0.743333
600 0.81
600 0.801667
600 0.731667
600 0.855
600 0.736667
650 0.818462
650 0.695385
650 0.829231
650 0.778462
650 0.815385
650 0.913846
650 0.846154
650 0.806154
650 0.86
650 0.821538
650 0.744615
650 0.841538
650 0.864615
650 0.678462
650 0.823077
650 0.858462
650 0.863077
650 0.690769
650 0.84
650 0.789231
650 0.635385
650 0.824615
650 0.809231
650 0.612308
650 0.892308
650 0.836923
650 0.832308
650 0.846154
650 0.809231
650 0.861538
650 0.635385
650 0.850769
650 0.841538
650 0.756923
650 0.832308
650 0.741538
650 0.601538
650 0.832308
650 0.807692
650 0.907692
650 0.772308
650 0.867692
650 0.887692
650 0.807692
650 0.829231
650 0.881538
650 0.832308
650 0.736923
650 0.864615
650 0.766154
650 0.746154
650 0.76
650 0.806154
650 0.8
650 0.769231
650 0.830769
650 0.746154
650 0.812308
650 0.763077
650 0.858462
650 0.793846
650 0.849231
650 0.696923
650 0.855385
650 0.733846
650 0.715385
650 0.830769
650 0.667692
650 0.767692
650 0.843077
650 0.887692
650 0.852308
650 0.913846
650 0.835385
650 0.712308
700 0.747143
700 0.864286
700 0.72
700 0.851429
700 0.871429
700 0.711429
700 0.825714
700 0.832857
700 0.887143
700 0.76
700 0.784286
700 0.797143
700 0.854286
700 0.767143
700 0.788571
700 0.841429
700 0.828571
700 0.821429
700 0.831429
700 0.725714
700 0.808571
700 0.875714
700 0.842857
700 0.861429
700 0.894286
700 0.887143
700 0.888571
700 0.8
700 0.851429
700 0.962857
700 0.767143
700 0.774286
700 0.794286
700 0.871429
700 0.802857
700 0.855714
700 0.854286
700 0.79
700 0.865714
700 0.814286
700 0.72
700 0.577143
700 0.874286
700 0.702857
700 0.64
700 0.858571
700 0.727143
700 0.844286
700 0.851429
700 0.741429
700 0.94
700 0.755714
700 0.845714
700 0.798571
700 0.754286
700 0.824286
700 0.957143
700 0.751429
700 0.754286
700 0.805714
700 0.595714
700 0.84
700 0.772857
700 0.62
700 0.865714
700 0.82
700 0.821429
700 0.858571
700 0.8
700 0.698571
700 0.847143
700 0.877143
700 0.797143
700 0.827143
700 0.89
750 0.841333
750 0.828
750 0.84
750 0.78
750 0.814667
750 0.829333
750 0.944
750 0.817333
750 0.872
750 0.822667
750 0.78
750 0.754667
750 0.809333
750 0.810667
750 0.810667
750 0.886667
750 0.678667
750 0.770667
750 0.854667
750 0.86
750 0.918667
750 0.806667
750 0.721333
750 0.896
750 0.941333
750 0.764
750 0.732
750 0.817333
750 0.729333
750 0.772
750 0.889333
750 0.814667
750 0.836
750 0.837333
750 0.557333
750 0.730667
750 0.722667
750 0.904
750 0.841333
750 0.870667
750 0.710667
750 0.533333
750 0.854667
750 0.888
750 0.836
750 0.774667
750 0.862667
750 0.858667
750 0.834667
750 0.850667
750 0.902667
750 0.781333
750 0.704
750 0.866667
750 0.772
750 0.865333
750 0.768
750 0.652
750 0.704
750 0.614667
750 0.669333
750 0.836
750 0.834667
750 0.573333
750 0.834667
750 0.896
750 0.865333
750 0.804
750 0.852
750 0.832
750 0.833333
750 0.701333
750 0.792
750 0.861333
750 0.832
800 0.82125
800 0.7425
800 0.82375
800 0.88625
800 0.81375
800 0.7975
800 0.72375
800 0.73375
800 0.915
800 0.74375
800 0.83375
800 0.8325
800 0.8475
800 0.8325
800 0.80375
800 0.83375
800 0.8375
800 0.8175
800 0.8225
800 0.7975
800 0.815
800 0.73125
800 0.82625
800 0.81375
800 0.8325
800 0.86
800 0.79
800 0.8675
800 0.88625
800 0.85875
800 0.78625
800 0.7425
800 0.8275
800 0.75875
800 0.8525
800 0.84375
800 0.705
800 0.895
800 0.61625
800 0.83375
800 0.85875
800 0.81375
800 0.75375
800 0.59875
800 0.82
800 0.885
800 0.78
800 0.8075
800 0.8325
800 0.76
800 0.825
800 0.8325
800 0.8375
800 0.84875
800 0.87875
800 0.80875
800 0.80625
800 0.78875
800 0.82375
800 0.855
800 0.89
800 0.825
800 0.72625
800 0.86625
800 0.81125
800 0.85125
800 0.79875
800 0.92125
800 0.78875
800 0.83125
800 0.875
800 0.815
800 0.8
800 0.81875
800 0.8675
850 0.831765
850 0.648235
850 0.836471
850 0.78
850 0.715294
850 0.834118
850 0.858824
850 0.784706
850 0.783529
850 0.923529
850 0.734118
850 0.810588
850 0.803529
850 0.850588
850 0.910588
850 0.752941
850 0.809412
850 0.771765
850 0.767059
850 0.863529
850 0.792941
850 0.849412
850 0.903529
850 0.943529
850 0.854118
850 0.848235
850 0.747059
850 0.782353
850 0.84
850 0.764706
850 0.358824
850 0.855294
850 0.908235
850 0.812941
850 0.758824
850 0.515294
850 0.868235
850 0.741176
850 0.835294
850 0.825882
850 0.794118
850 0.812941
850 0.662353
850 0.707059
850 0.750588
850 0.856471
850 0.783529
850 0.816471
850 0.736471
850 0.868235
850 0.829412
850 0.678824
850 0.802353
850 0.728235
850 0.709412
850 0.807059
850 0.830588
850 0.645882
850 0.765882
850 0.725882
850 0.714118
850 0.767059
850 0.916471
850 0.837647
850 0.824706
850 0.834118
850 0.849412
850 0.824706
850 0.855294
850 0.791765
850 0.884706
850 0.874118
850 0.736471
850 0.770588
850 0.783529
900 0.753333
900 0.713333
900 0.842222
900 0.838889
900 0.866667
900 0.864444
900 0.805556
900 0.751111
900 0.858889
900 0.862222
900 0.851111
900 0.908889
900 0.66
900 0.73
900 0.845556
900 0.764444
900 0.797778
900 0.797778
900 0.808889
900 0.866667
900 0.775556
900 0.864444
900 0.772222
900 0.858889
900 0.835556
900 0.803333
900 0.761111
900 0.821111
900 0.781111
900 0.79
900 0.871111
900 0.877778
900 0.658889
900 0.788889
900 0.516667
900 0.877778
900 0.813333
900 0.778889
900 0.86
900 0.784444
900 0.627778
900 0.766667
900 0.803333
900 0.61
900 0.827778
900 0.788889
900 0.811111
900 0.906667
900 0.852222
900 0.762222
900 0.806667
900 0.824444
900 0.7
900 0.827778
900 0.865556
900 0.818889
900 0.651111
900 0.74
900 0.892222
900 0.716667
900 0.796667
900 0.878889
900 0.78
900 0.935556
900 0.792222
900 0.883333
900 0.872222
900 0.693333
900 0.894444
900 0.674444
900 0.811111
900 0.863333
900 0.874444
900 0.845556
900 0.824444
950 0.825263
950 0.834737
950 0.843158
950 0.771579
950 0.877895
950 0.744211
950 0.744211
950 0.825263
950 0.558947
950 0.857895
950 0.881053
950 0.738947
950 0.851579
950 0.757895
950 0.902105
950 0.895789
950 0.874737
950 0.868421
950 0.887368
950 0.906316
950 0.852632
950 0.869474
950 0.886316
950 0.809474
950 0.838947
950 0.915789
950 0.849474
950 0.852632
950 0.829474
950 0.875789
950 0.755789
950 0.82
950 0.827368
950 0.888421
950 0.806316
950 0.78
950 0.882105
950 0.844211
950 0.731579
950 0.743158
950 0.832632
950 0.848421
950 0.837895
950 0.733684
950 0.904211
950 0.697895
950 0.835789
950 0.841053
950 0.873684
950 0.755789
950 0.830526
950 0.681053
950 0.82
950 0.836842
950 0.669474
950 0.790526
950 0.828421
950 0.889474
950 0.769474
950 0.848421
950 0.825263
950 0.793684
950 0.852632
950 0.794737
950 0.807368
950 0.906316
950 0.708421
950 0.833684
950 0.712632
950 0.8
950 0.804211
950 0.853684
950 0.8
950 0.789474
950 0.926316
1000 0.824
1000 0.857
1000 0.863
1000 0.824
1000 0.793
1000 0.857
1000 0.777
1000 0.817
1000 0.852
1000 0.833
1000 0.79
1000 0.798
1000 0.869
1000 0.835
1000 0.902
1000 0.774
1000 0.91
1000 0.82
1000 0.767
1000 0.854
1000 0.781
1000 0.755
1000 0.679
1000 0.86
1000 0.831
1000 0.688
1000 0.802
1000 0.7
1000 0.781
1000 0.761
1000 0.925
1000 0.901
1000 0.939
1000 0.861
1000 0.807
1000 0.863
1000 0.823
1000 0.705
1000 0.815
1000 0.85
1000 0.812
1000 0.782
1000 0.899
1000 0.799
1000 0.856
1000 0.812
1000 0.81
1000 0.897
1000 0.643
1000 0.643
1000 0.846
1000 0.741
1000 0.866
1000 0.79
1000 0.93
1000 0.889
1000 0.802
1000 0.766
1000 0.82
1000 0.787
1000 0.886
1000 0.815
1000 0.854
1000 0.88
1000 0.825
1000 0.771
1000 0.907
1000 0.822
1000 0.778
1000 0.869
1000 0.783
1000 0.879
1000 0.827
1000 0.81
1000 0.807
1050 0.806667
1050 0.84381
1050 0.790476
1050 0.822857
1050 0.737143
1050 0.787619
1050 0.798095
1050 0.741905
1050 0.818095
1050 0.857143
1050 0.827619
1050 0.817143
1050 0.826667
1050 0.870476
1050 0.875238
1050 0.913333
1050 0.814286
1050 0.906667
1050 0.92381
1050 0.773333
1050 0.841905
1050 0.854286
1050 0.726667
1050 0.848571
1050 0.639048
1050 0.626667
1050 0.846667
1050 0.761905
1050 0.87619
1050 0.899048
1050 0.894286
1050 0.849524
1050 0.775238
1050 0.78381
1050 0.866667
1050 0.755238
1050 0.797143
1050 0.88381
1050 0.697143
1050 0.77619
1050 0.754286
1050 0.864762
1050 0.682857
1050 0.805714
1050 0.865714
1050 0.797143
1050 0.908571
1050 0.870476
1050 0.833333
1050 0.859048
1050 0.815238
1050 0.84
1050 0.637143
1050 0.805714
1050 0.698095
1050 0.78381
1050 0.818095
1050 0.800952
1050 0.809524
1050 0.886667
1050 0.841905
1050 0.837143
1050 0.715238
1050 0.810476
1050 0.82381
1050 0.879048
1050 0.841905
1050 0.750476
1050 0.814286
1050 0.84
1050 0.794286
1050 0.835238
1050 0.850476
1050 0.731429
1050 0.832381
1100 0.867273
1100 0.841818
1100 0.729091
1100 0.813636
1100 0.817273
1100 0.845455
1100 0.864545
1100 0.899091
1100 0.854545
1100 0.852727
1100 0.846364
1100 0.904545
1100 0.88
1100 0.835455
1100 0.831818
1100 0.859091
1100 0.860909
1100 0.734545
1100 0.791818
1100 0.757273
1100 0.803636
1100 0.826364
1100 0.848182
1100 0.767273
1100 0.91
1100 0.842727
1100 0.823636
1100 0.933636
1100 0.918182
1100 0.876364
1100 0.828182
1100 0.809091
1100 0.86
1100 0.894545
1100 0.683636
1100 0.851818
1100 0.8
1100 0.837273
1100 0.839091
1100 0.792727
1100 0.796364
1100 0.82
1100 0.771818
1100 0.813636
1100 0.777273
1100 0.834545
1100 0.811818
1100 0.803636
1100 0.836364
1100 0.818182
1100 0.654545
1100 0.904545
1100 0.898182
1100 0.453636
1100 0.721818
1100 0.781818
1100 0.705455
1100 0.831818
1100 0.840909
1100 0.802727
1100 0.9
1100 0.87
1100 0.840909
1100 0.817273
1100 0.834545
1100 0.717273
1100 0.711818
1100 0.85
1100 0.883636
1100 0.826364
1100 0.795455
1100 0.853636
1100 0.713636
1100 0.823636
1100 0.229091
1150 0.836522
1150 0.783478
1150 0.863478
1150 0.83913
1150 0.897391
1150 0.828696
1150 0.764348
1150 0.907826
1150 0.897391
1150 0.762609
1150 0.87913
1150 0.826957
1150 0.458261
1150 0.74087
1150 0.844348
1150 0.821739
1150 0.78
1150 0.746087
1150 0.766957
1150 0.874783
1150 0.868696
1150 0.886957
1150 0.841739
1150 0.758261
1150 0.782609
1150 0.796522
1150 0.876522
1150 0.86
1150 0.817391
1150 0.80087
1150 0.653913
1150 0.872174
1150 0.843478
1150 0.765217
1150 0.771304
1150 0.926957
1150 0.853913
1150 0.858261
1150 0.831304
1150 0.883478
1150 0.635652
1150 0.847826
1150 0.895652
1150 0.673913
1150 0.869565
1150 0.733913
1150 0.841739
1150 0.826087
1150 0.898261
1150 0.923478
1150 0.891304
1150 0.73913
1150 0.87913
1150 0.638261
1150 0.883478
1150 0.678261
1150 0.8
1150 0.875652
1150 0.753043
1150 0.926957
1150 0.731304
1150 0.831304
1150 0.82087
1150 0.643478
1150 0.833913
1150 0.793913
1150 0.833043
1150 0.813043
1150 0.847826
1150 0.826087
1150 0.831304
1150 0.902609
1150 0.794783
1150 0.753043
1150 0.888696
1200 0.8975
1200 0.828333
1200 0.8325
1200 0.684167
1200 0.790833
1200 0.826667
1200 0.888333
1200 0.78
1200 0.86
1200 0.768333
1200 0.731667
1200 0.8
1200 0.875
1200 0.81
1200 0.7975
1200 0.770833
1200 0.793333
1200 0.849167
1200 0.8275
1200 0.829167
1200 0.826667
1200 0.840833
1200 0.869167
1200 0.833333
1200 0.9
1200 0.740833
1200 0.715833
1200 0.805
1200 0.909167
1200 0.8075
1200 0.831667
1200 0.775
1200 0.895
1200 0.82
1200 0.8525
1200 0.853333
1200 0.9025
1200 0.86
1200 0.785833
1200 0.880833
1200 0.881667
1200 0.644167
1200 0.8325
1200 0.835833
1200 0.8325
1200 0.7775
1200 0.8225
1200 0.855
1200 0.825833
1200 0.8325
1200 0.8725
1200 0.8225
1200 0.800833
1200 0.93
1200 0.716667
1200 0.806667
1200 0.776667
1200 0.701667
1200 0.833333
1200 0.855833
1200 0.820833
1200 0.798333
1200 0.824167
1200 0.830833
1200 0.88
1200 0.908333
1200 0.865
1200 0.831667
1200 0.805
1200 0.828333
1200 0.875833
1200 0.8275
1200 0.88
1200 0.894167
1200 0.695
1250 0.824
1250 0.8464
1250 0.872
1250 0.7664
1250 0.8176
1250 0.8272
1250 0.756
1250 0.8968
1250 0.8112
1250 0.7992
1250 0.8632
1250 0.8008
1250 0.8
1250 0.7672
1250 0.7672
1250 0.8456
1250 0.8864
1250 0.8272
1250 0.8664
1250 0.828
1250 0.7168
1250 0.5832
1250 0.716
1250 0.8152
1250 0.872
1250 0.7608
1250 0.8464
1250 0.7856
1250 0.8
1250 0.8064
1250 0.82
1250 0.7736
1250 0.8688
1250 0.8736
1250 0.876
1250 0.9264
1250 0.8328
1250 0.7704
1250 0.7832
1250 0.9272
1250 0.8424
1250 0.8488
1250 0.896
1250 0.804
1250 0.8344
1250 0.8256
1250 0.7696
1250 0.6424
1250 0.8472
1250 0.6072
1250 0.7504
1250 0.8264
1250 0.8168
1250 0.8248
1250 0.7872
1250 0.8912
1250 0.8496
1250 0.836
1250 0.84
1250 0.9456
1250 0.8376
1250 0.8512
1250 0.7976
1250 0.8376
1250 0.8912
1250 0.836
1250 0.7944
1250 0.792
1250 0.8656
1250 0.8824
1250 0.78
1250 0.824
1250 0.8936
1250 0.6032
1250 0.872
1300 0.919231
1300 0.813077
1300 0.850769
1300 0.826923
1300 0.792308
1300 0.593077
1300 0.822308
1300 0.881538
1300 0.849231
1300 0.833077
1300 0.884615
1300 0.891538
1300 0.884615
1300 0.806923
1300 0.77
1300 0.77
1300 0.759231
1300 0.814615
1300 0.87
1300 0.796923
1300 0.845385
1300 0.860769
1300 0.712308
1300 0.820769
1300 0.790769
1300 0.841538
1300 0.820769
1300 0.795385
1300 0.784615
1300 0.697692
1300 0.840769
1300 0.637692
1300 0.864615
1300 0.846923
1300 0.792308
1300 0.906923
1300 0.846154
1300 0.768462
1300 0.803077
1300 0.699231
1300 0.847692
1300 0.843077
1300 0.861538
1300 0.786923
1300 0.711538
1300 0.818462
1300 0.868462
1300 0.833077
1300 0.710769
1300 0.79
1300 0.94
1300 0.820769
1300 0.832308
1300 0.660769
1300 0.809231
1300 0.818462
1300 0.721538
1300 0.913846
1300 0.811538
1300 0.885385
1300 0.761538
1300 0.861538
1300 0.753077
1300 0.849231
1300 0.863846
1300 0.840769
1300 0.698462
1300 0.884615
1300 0.766154
1300 0.803846
1300 0.801538
1300 0.683077
1300 0.766154
1300 0.845385
1300 0.893846
1350 0.88963
1350 0.868148
1350 0.898519
1350 0.860741
1350 0.640741
1350 0.884444
1350 0.863704
1350 0.863704
1350 0.853333
1350 0.81037
1350 0.799259
1350 0.814074
1350 0.757778
1350 0.620741
1350 0.806667
1350 0.834815
1350 0.88
1350 0.8
1350 0.875556
1350 0.891111
1350 0.662222
1350 0.855556
1350 0.721481
1350 0.836296
1350 0.751111
1350 0.812593
1350 0.888148
1350 0.734815
1350 0.886667
1350 0.915556
1350 0.879259
1350 0.839259
1350 0.862963
1350 0.893333
1350 0.84
1350 0.81037
1350 0.805185
1350 0.905185
1350 0.778519
1350 0.801481
1350 0.811111
1350 0.844444
1350 0.843704
1350 0.902963
1350 0.84963
1350 0.86
1350 0.818519
1350 0.815556
1350 0.872593
1350 0.88963
1350 0.785926
1350 0.839259
1350 0.861481
1350 0.868148
1350 0.88
1350 0.781481
1350 0.578519
1350 0.805185
1350 0.734074
1350 0.877037
1350 0.843704
1350 0.862222
1350 0.837037
1350 0.445185
1350 0.812593
1350 0.671852
1350 0.877037
1350 0.802222
1350 0.821481
1350 0.874815
1350 0.832593
1350 0.865926
1350 0.832593
1350 0.813333
1350 0.861481
1400 0.901429
1400 0.755
1400 0.813571
1400 0.802143
1400 0.923571
1400 0.854286
1400 0.775
1400 0.835
1400 0.895
1400 0.761429
1400 0.867857
1400 0.794286
1400 0.769286
1400 0.694286
1400 0.876429
1400 0.809286
1400 0.853571
1400 0.891429
1400 0.725714
1400 0.880714
1400 0.908571
1400 0.855
1400 0.761429
1400 0.870714
1400 0.874286
1400 0.793571
1400 0.840714
1400 0.810714
1400 0.792143
1400 0.829286
1400 0.888571
1400 0.871429
1400 0.862857
1400 0.887143
1400 0.851429
1400 0.867143
1400 0.780714
1400 0.918571
1400 0.815714
1400 0.887857
1400 0.796429
1400 0.867857
1400 0.778571
1400 0.87
1400 0.813571
1400 0.834286
1400 0.909286
1400 0.827857
1400 0.809286
1400 0.782143
1400 0.857143
1400 0.831429
1400 0.787143
1400 0.758571
1400 0.84
1400 0.76
1400 0.813571
1400 0.852857
1400 0.860714
1400 0.83
1400 0.932143
1400 0.875
1400 0.836429
1400 0.839286
1400 0.734286
1400 0.767857
1400 0.826429
1400 0.860714
1400 0.842143
1400 0.822143
1400 0.887143
1400 0.711429
1400 0.705714
1400 0.867143
1400 0.887857
1450 0.916552
1450 0.849655
1450 0.870345
1450 0.837241
1450 0.76
1450 0.626207
1450 0.825517
1450 0.911724
1450 0.850345
1450 0.931724
1450 0.757241
1450 0.795172
1450 0.869655
1450 0.855172
1450 0.852414
1450 0.797931
1450 0.88069
1450 0.871724
1450 0.837241
1450 0.844828
1450 0.853793
1450 0.754483
1450 0.911724
1450 0.811724
1450 0.697241
1450 0.789655
1450 0.84069
1450 0.811724
1450 0.793793
1450 0.835172
1450 0.832414
1450 0.702069
1450 0.824138
1450 0.855862
1450 0.854483
1450 0.752414
1450 0.843448
1450 0.898621
1450 0.753793
1450 0.909655
1450 0.857931
1450 0.896552
1450 0.881379
1450 0.793103
1450 0.803448
1450 0.864138
1450 0.82
1450 0.853793
1450 0.822759
1450 0.866207
1450 0.844828
1450 0.884828
1450 0.848966
1450 0.781379
1450 0.862759
1450 0.824828
1450 0.83931
1450 0.875862
1450 0.929655
1450 0.903448
1450 0.83931
1450 0.835862
1450 0.841379
1450 0.709655
1450 0.838621
1450 0.771034
1450 0.882759
1450 0.764138
1450 0.782069
1450 0.808276
1450 0.837931
1450 0.829655
1450 0.872414
1450 0.836552
1450 0.854483
1500 0.82
1500 0.638
1500 0.784
1500 0.822667
1500 0.902
1500 0.826667
1500 0.854667
1500 0.847333
1500 0.734667
1500 0.836
1500 0.705333
1500 0.819333
1500 0.770667
1500 0.845333
1500 0.914
1500 0.894
1500 0.776667
1500 0.654
1500 0.888
1500 0.836
1500 0.844
1500 0.876
1500 0.742
1500 0.798667
1500 0.867333
1500 0.884667
1500 0.876
1500 0.816
1500 0.881333
1500 0.804
1500 0.774667
1500 0.902
1500 0.877333
1500 0.824667
1500 0.842
1500 0.765333
1500 0.812
1500 0.808667
1500 0.908
1500 0.634
1500 0.83
1500 0.899333
1500 0.827333
1500 0.806667
1500 0.879333
1500 0.850667
1500 0.711333
1500 0.858
1500 0.810667
1500 0.769333
1500 0.850667
1500 0.834667
1500 0.743333
1500 0.760667
1500 0.866
1500 0.864667
1500 0.885333
1500 0.807333
1500 0.932
1500 0.842667
1500 0.73
1500 0.777333
1500 0.880667
1500 0.829333
1500 0.778667
1500 0.823333
1500 0.831333
1500 0.900667
1500 0.818
1500 0.785333
1500 0.888
1500 0.875333
1500 0.744
1500 0.839333
1500 0.835333
1550 0.839355
1550 0.649032
1550 0.836774
1550 0.859355
1550 0.801935
1550 0.848387
1550 0.876774
1550 0.776774
1550 0.775484
1550 0.804516
1550 0.802581
1550 0.790968
1550 0.84129
1550 0.807097
1550 0.807097
1550 0.799355
1550 0.81871
1550 0.836774
1550 0.774194
1550 0.873548
1550 0.894194
1550 0.751613
1550 0.82
1550 0.861935
1550 0.615484
1550 0.846452
1550 0.734839
1550 0.840645
1550 0.865161
1550 0.879355
1550 0.859355
1550 0.859355
1550 0.890323
1550 0.911613
1550 0.825806
1550 0.848387
1550 0.783871
1550 0.691613
1550 0.84129
1550 0.879355
1550 0.729032
1550 0.883226
1550 0.818065
1550 0.864516
1550 0.778065
1550 0.864516
1550 0.769677
1550 0.852903
1550 0.870968
1550 0.841935
1550 0.801935
1550 0.806452
1550 0.891613
1550 0.84
1550 0.836774
1550 0.850323
1550 0.849032
1550 0.825161
1550 0.76129
1550 0.869032
1550 0.827097
1550 0.849032
1550 0.88
1550 0.801935
1550 0.743871
1550 0.81871
1550 0.660645
1550 0.850323
1550 0.84129
1550 0.810968
1550 0.612258
1550 0.855484
1550 0.823871
1550 0.957419
1550 0.796129
1600 0.868125
1600 0.855
1600 0.770625
1600 0.84375
1600 0.86625
1600 0.778125
1600 0.783125
1600 0.855
1600 0.863125
1600 0.88
1600 0.88625
1600 0.749375
1600 0.866875
1600 0.8425
1600 0.866875
1600 0.83125
1600 0.81125
1600 0.80625
1600 0.7675
1600 0.771875
1600 0.7975
1600 0.756875
1600 0.61375
1600 0.931875
1600 0.84875
1600 0.825625
1600 0.81625
1600 0.865625
1600 0.81125
1600 0.898125
1600 0.86625
1600 0.81875
1600 0.778125
1600 0.91625
1600 0.71
1600 0.865
1600 0.85875
1600 0.87
1600 0.86875
1600 0.934375
1600 0.83625
1600 0.885
1600 0.910625
1600 0.775
1600 0.793125
1600 0.87375
1600 0.793125
1600 0.805625
1600 0.84875
1600 0.840625
1600 0.85625
1600 0.836875
1600 0.886875
1600 0.819375
1600 0.840625
1600 0.778125
1600 0.86375
1600 0.88
1600 0.895625
1600 0.781875
1600 0.85875
1600 0.76875
1600 0.854375
1600 0.798125
1600 0.88625
1600 0.848125
1600 0.921875
1600 0.875625
1600 0.75875
1600 0.905625
1600 0.8525
1600 0.824375
1600 0.833125
1600 0.77375
1600 0.736875
1650 0.830909
1650 0.824848
1650 0.86
1650 0.820606
1650 0.873939
1650 0.862424
1650 0.849091
1650 0.76303
1650 0.829697
1650 0.777576
1650 0.864848
1650 0.806061
1650 0.898788
1650 0.818182
1650 0.780606
1650 0.855152
1650 0.86
1650 0.87697
1650 0.845455
1650 0.846667
1650 0.815152
1650 0.88303
1650 0.798182
1650 0.771515
1650 0.78303
1650 0.759394
1650 0.806061
1650 0.873333
1650 0.82303
1650 0.759394
1650 0.869091
1650 0.730909
1650 0.886667
1650 0.814545
1650 0.742424
1650 0.68303
1650 0.879394
1650 0.818788
1650 0.77697
1650 0.77697
1650 0.512121
1650 0.778182
1650 0.812727
1650 0.844242
1650 0.886061
1650 0.889697
1650 0.872121
1650 0.784848
1650 0.832121
1650 0.822424
1650 0.824242
1650 0.849697
1650 0.867879
1650 0.806667
1650 0.786667
1650 0.838788
1650 0.832121
1650 0.915758
1650 0.747879
1650 0.809091
1650 0.836364
1650 0.815758
1650 0.704848
1650 0.744848
1650 0.885455
1650 0.806667
1650 0.810303
1650 0.827273
1650 0.807273
1650 0.855152
1650 0.750303
1650 0.882424
1650 0.9
1650 0.722424
1650 0.788485
1700 0.775882
1700 0.785294
1700 0.82
1700 0.890588
1700 0.847647
1700 0.882941
1700 0.806471
1700 0.88
1700 0.817059
1700 0.851176
1700 0.806471
1700 0.755294
1700 0.813529
1700 0.815294
1700 0.864118
1700 0.824118
1700 0.853529
1700 0.789412
1700 0.777647
1700 0.87
1700 0.822353
1700 0.804706
1700 0.835882
1700 0.804706
1700 0.861176
1700 0.841765
1700 0.816471
1700 0.902353
1700 0.886471
1700 0.804706
1700 0.763529
1700 0.85
1700 0.904706
1700 0.865882
1700 0.839412
1700 0.855294
1700 0.837059
1700 0.748824
1700 0.735294
1700 0.847059
1700 0.905882
1700 0.838235
1700 0.867647
1700 0.82
1700 0.819412
1700 0.797059
1700 0.750588
1700 0.806471
1700 0.823529
1700 0.82
1700 0.857059
1700 0.810588
1700 0.9
1700 0.769412
1700 0.854118
1700 0.906471
1700 0.851176
1700 0.825882
1700 0.868235
1700 0.797647
1700 0.845294
1700 0.877647
1700 0.8
1700 0.801765
1700 0.801765
1700 0.865882
1700 0.850588
1700 0.882353
1700 0.732353
1700 0.884706
1700 0.766471
1700 0.898235
1700 0.881765
1700 0.854706
1700 0.877647
1750 0.830286
1750 0.788571
1750 0.809714
1750 0.677143
1750 0.745714
1750 0.840571
1750 0.820571
1750 0.802286
1750 0.826857
1750 0.698857
1750 0.818286
1750 0.864571
1750 0.792
1750 0.829143
1750 0.817714
1750 0.827429
1750 0.812
1750 0.824571
1750 0.868
1750 0.832
1750 0.849714
1750 0.926857
1750 0.762286
1750 0.809714
1750 0.801714
1750 0.812571
1750 0.800571
1750 0.878857
1750 0.869143
1750 0.892571
1750 0.701143
1750 0.877714
1750 0.742286
1750 0.823429
1750 0.844
1750 0.802857
1750 0.829714
1750 0.796
1750 0.813143
1750 0.813714
1750 0.84
1750 0.771429
1750 0.908
1750 0.826857
1750 0.772
1750 0.783429
1750 0.761143
1750 0.831429
1750 0.893143
1750 0.805714
1750 0.855429
1750 0.874857
1750 0.833714
1750 0.829143
1750 0.790857
1750 0.824571
1750 0.817143
1750 0.868571
1750 0.872571
1750 0.895429
1750 0.800571
1750 0.831429
1750 0.801714
1750 0.789143
1750 0.845714
1750 0.821714
1750 0.794286
1750 0.829143
1750 0.816571
1750 0.895429
1750 0.430286
1750 0.790286
1750 0.866857
1750 0.843429
1750 0.749143
1800 0.923333
1800 0.819444
1800 0.826111
1800 0.877222
1800 0.832778
1800 0.89
1800 0.837778
1800 0.880556
1800 0.868889
1800 0.851667
1800 0.830556
1800 0.880556
1800 0.82
1800 0.782222
1800 0.788333
1800 0.910556
1800 0.843889
1800 0.872222
1800 0.858889
1800 0.781111
1800 0.834444
1800 0.845556
1800 0.947222
1800 0.848889
1800 0.883333
1800 0.767222
1800 0.881111
1800 0.865
1800 0.857222
1800 0.819444
1800 0.853889
1800 0.766111
1800 0.790556
1800 0.866667
1800 0.899444
1800 0.843889
1800 0.747222
1800 0.813333
1800 0.636111
1800 0.865556
1800 0.882778
1800 0.704444
1800 0.785
1800 0.902222
1800 0.792222
1800 0.874444
1800 0.818889
1800 0.795556
1800 0.870556
1800 0.813333
1800 0.778889
1800 0.85
1800 0.827222
1800 0.835556
1800 0.812778
1800 0.78
1800 0.811667
1800 0.791667
1800 0.772222
1800 0.852778
1800 0.84
1800 0.898333
1800 0.828333
1800 0.874444
1800 0.9
1800 0.859444
1800 0.857778
1800 0.791111
1800 0.861111
1800 0.818333
1800 0.907222
1800 0.844444
1800 0.837778
1800 0.817778
1800 0.796111
1850 0.827027
1850 0.827568
1850 0.814595
1850 0.826486
1850 0.868649
1850 0.811892
1850 0.921081
1850 0.861622
1850 0.841081
1850 0.850811
1850 0.812432
1850 0.804865
1850 0.883784
1850 0.797838
1850 0.842703
1850 0.911892
1850 0.841622
1850 0.832973
1850 0.815135
1850 0.787027
1850 0.874595
1850 0.702703
1850 0.867568
1850 0.736216
1850 0.755135
1850 0.857838
1850 0.93027
1850 0.862703
1850 0.875676
1850 0.754054
1850 0.916757
1850 0.828649
1850 0.803784
1850 0.815135
1850 0.856216
1850 0.824324
1850 0.874054
1850 0.778919
1850 0.792973
1850 0.858919
1850 0.781081
1850 0.755135
1850 0.835135
1850 0.838919
1850 0.750811
1850 0.823784
1850 0.817297
1850 0.752973
1850 0.841622
1850 0.884865
1850 0.751892
1850 0.88973
1850 0.798919
1850 0.792973
1850 0.841622
1850 0.766486
1850 0.801081
1850 0.862162
1850 0.89027
1850 0.837297
1850 0.654054
1850 0.851351
1850 0.828108
1850 0.850811
1850 0.826486
1850 0.841622
1850 0.828649
1850 0.794054
1850 0.820541
1850 0.66973
1850 0.802162
1850 0.847568
1850 0.788649
1850 0.839459
1850 0.914595
1900 0.794737
1900 0.826316
1900 0.774737
1900 0.806316
1900 0.831053
1900 0.843684
1900 0.887368
1900 0.846842
1900 0.858421
1900 0.910526
1900 0.902105
1900 0.851053
1900 0.871579
1900 0.654211
1900 0.796842
1900 0.843158
1900 0.842632
1900 0.889474
1900 0.821053
1900 0.79
1900 0.88
1900 0.829474
1900 0.81
1900 0.868421
1900 0.898947
1900 0.874211
1900 0.797368
1900 0.872105
1900 0.848947
1900 0.783158
1900 0.83
1900 0.908947
1900 0.806316
1900 0.828421
1900 0.901579
1900 0.875789
1900 0.715789
1900 0.886316
1900 0.820526
1900 0.864211
1900 0.896842
1900 0.767368
1900 0.788947
1900 0.775263
1900 0.798947
1900 0.88
1900 0.756316
1900 0.809474
1900 0.764211
1900 0.855263
1900 0.868947
1900 0.874211
1900 0.869474
1900 0.818947
1900 0.810526
1900 0.764211
1900 0.881579
1900 0.846316
1900 0.904737
1900 0.88
1900 0.860526
1900 0.866842
1900 0.755263
1900 0.912105
1900 0.82
1900 0.809474
1900 0.873684
1900 0.815789
1900 0.844737
1900 0.822105
1900 0.85
1900 0.888421
1900 0.886316
1900 0.911053
1900 0.832105
1950 0.835897
1950 0.784615
1950 0.898462
1950 0.928718
1950 0.794359
1950 0.861538
1950 0.809744
1950 0.765128
1950 0.788718
1950 0.815385
1950 0.805128
1950 0.816923
1950 0.839487
1950 0.625128
1950 0.802564
1950 0.855897
1950 0.877949
1950 0.870256
1950 0.777436
1950 0.873333
1950 0.891282
1950 0.854872
1950 0.812821
1950 0.781026
1950 0.871795
1950 0.855385
1950 0.831795
1950 0.824615
1950 0.802564
1950 0.899487
1950 0.739487
1950 0.843077
1950 0.807179
1950 0.867179
1950 0.851795
1950 0.909231
1950 0.857436
1950 0.83641
1950 0.78
1950 0.803077
1950 0.750256
1950 0.837949
1950 0.916923
1950 0.731282
1950 0.84359
1950 0.857949
1950 0.857949
1950 0.864615
1950 0.885641
1950 0.812821
1950 0.894359
1950 0.826154
1950 0.830256
1950 0.852821
1950 0.875385
1950 0.654359
1950 0.847692
1950 0.655897
1950 0.814872
1950 0.950769
1950 0.809744
1950 0.850769
1950 0.868205
1950 0.803077
1950 0.818462
1950 0.910256
1950 0.862564
1950 0.780513
1950 0.758974
1950 0.793333
1950 0.793846
1950 0.820513
1950 0.833846
1950 0.782051
1950 0.853846
2000 0.8425
2000 0.8955
2000 0.861
2000 0.8435
2000 0.8005
2000 0.7785
2000 0.91
2000 0.77
2000 0.734
2000 0.678
2000 0.817
2000 0.866
2000 0.8915
2000 0.801
2000 0.6195
2000 0.863
2000 0.8365
2000 0.837
2000 0.9
2000 0.7605
2000 0.8955
2000 0.8245
2000 0.824
2000 0.805
2000 0.6905
2000 0.7945
2000 0.801
2000 0.8395
2000 0.859
2000 0.8205
2000 0.877
2000 0.8995
2000 0.872
2000 0.8795
2000 0.877
2000 0.7675
2000 0.8595
2000 0.8395
2000 0.7955
2000 0.8735
2000 0.861
2000 0.8625
2000 0.839
2000 0.8165
2000 0.8485
2000 0.755
2000 0.8805
2000 0.87
2000 0.788
2000 0.758
2000 0.8845
2000 0.8255
2000 0.828
2000 0.808
2000 0.8255
2000 0.8265
2000 0.8825
2000 0.8425
2000 0.8705
2000 0.8625
2000 0.868
2000 0.83
2000 0.7765
2000 0.8675
2000 0.8
2000 0.7865
2000 0.8555
2000 0.6415
2000 0.7615
2000 0.8575
2000 0.8845
2000 0.945
2000 0.874
2000 0.806
2000 0.8065
