50 0.36
50 0.38
50 0.02
50 0.54
50 0.42
50 0
50 0.4
50 0.54
50 0.02
50 0.22
50 0.14
50 0.12
50 0.26
50 0.28
50 0.04
50 0
50 0.02
50 0.66
50 0.18
50 0.46
50 0.02
50 0.08
50 0
50 0.12
50 0.16
50 0.66
50 0.4
50 0.32
50 0.46
50 0.14
50 0
50 0.08
50 0
50 0.2
50 0.2
50 0.24
50 0.68
50 0.62
50 0
50 0.08
50 0
50 0.3
50 0.04
50 0.74
50 0.56
50 0.44
50 0.22
50 0.58
50 0.32
50 0.28
50 0.64
50 0
50 0.46
50 0.36
50 0.64
50 0.02
50 0.06
50 0
50 0.08
50 0
50 0.36
50 0.22
50 0.38
50 0
50 0.4
50 0.28
50 0.1
50 0
50 0.44
50 0
50 0.08
50 0.26
50 0.38
50 0.84
50 0.22
100 0.23
100 0
100 0.36
100 0.63
100 0.87
100 0.9
100 0.51
100 0.83
100 0.6
100 0.57
100 0.82
100 0.11
100 0.3
100 0.01
100 0.86
100 0.23
100 0.7
100 0.42
100 0.53
100 0.67
100 0.71
100 0.68
100 0.53
100 0.78
100 0.53
100 0.86
100 0
100 0.42
100 0.81
100 0.6
100 0.74
100 0.45
100 0.18
100 0.79
100 0.65
100 0.53
100 0.71
100 0.62
100 0.01
100 0.55
100 0.6
100 0.68
100 0.42
100 0.72
100 0.62
100 0.77
100 0.52
100 0.73
100 0.45
100 0.62
100 0.24
100 0.54
100 0.14
100 0.43
100 0.55
100 0.94
100 0.78
100 0.72
100 0.84
100 0.83
100 0.41
100 0.37
100 0.47
100 0.56
100 0.42
100 0.18
100 0.77
100 0.57
100 0.7
100 0.66
100 0.13
100 0.66
100 0.32
100 0.12
100 0.08
150 0.68
150 0.573333
150 0.593333
150 0.58
150 0.48
150 0.746667
150 0.76
150 0.713333
150 0.86
150 0.88
150 0.74
150 0.733333
150 0.433333
150 0.653333
150 0.54
150 0.713333
150 0.586667
150 0.473333
150 0.746667
150 0.766667
150 0.74
150 0.86
150 0.486667
150 0.186667
150 0.84
150 0.673333
150 0.313333
150 0.826667
150 0.786667
150 0.606667
150 0.72
150 0.806667
150 0.773333
150 0.76
150 0.666667
150 0.54
150 0.546667
150 0.633333
150 0.28
150 0.78
150 0.733333
150 0.326667
150 0.36
150 0.446667
150 0.306667
150 0.586667
150 0.453333
150 0.653333
150 0.72
150 0.253333
150 0.7
150 0.5
150 0.78
150 0.68
150 0.58
150 0.666667
150 0.693333
150 0.76
150 0.393333
150 0.686667
150 0.86
150 0.673333
150 0.793333
150 0.366667
150 0.92
150 0.333333
150 0.746667
150 0.493333
150 0.766667
150 0.526667
150 0.76
150 0.44
150 0.68
150 0.726667
150 0.7
200 0.585
200 0.31
200 0.87
200 0.695
200 0.66
200 0.815
200 0.33
200 0.84
200 0.74
200 0.34
200 0.705
200 0.535
200 0.78
200 0.8
200 0.645
200 0
200 0.79
200 0.76
200 0.81
200 0.825
200 0.67
200 0.84
200 0.08
200 0.775
200 0.6
200 0.67
200 0.91
200 0.865
200 0.56
200 0.715
200 0.485
200 0.575
200 0.475
200 0.87
200 0.64
200 0.62
200 0.485
200 0.68
200 0.63
200 0.425
200 0.66
200 0.755
200 0.29
200 0.51
200 0.885
200 0.735
200 0.815
200 0.56
200 0.79
200 0.46
200 0.35
200 0.75
200 0.515
200 0.71
200 0.775
200 0.655
200 0.71
200 0.645
200 0.84
200 0.59
200 0.335
200 0.69
200 0.725
200 0.82
200 0.84
200 0.715
200 0.635
200 0.77
200 0.605
200 0.81
200 0.695
200 0.405
200 0.805
200 0.91
200 0.685
250 0.788
250 0.804
250 0.784
250 0.756
250 0.856
250 0.832
250 0.888
250 0.82
250 0.516
250 0.76
250 0.816
250 0.824
250 0.82
250 0.584
250 0.776
250 0.876
250 0.764
250 0.512
250 0.784
250 0.876
250 0.792
250 0.712
250 0.68
250 0.532
250 0.872
250 0.836
250 0.744
250 0.712
250 0.736
250 0.792
250 0.508
250 0.716
250 0.536
250 0.704
250 0.8
250 0.652
250 0.836
250 0.76
250 0.512
250 0.648
250 0.704
250 0.456
250 0.632
250 0.536
250 0.736
250 0.864
250 0.864
250 0.572
250 0.788
250 0.508
250 0.816
250 0.772
250 0.716
250 0.748
250 0.748
250 0.82
250 0.82
250 0.744
250 0.82
250 0.876
250 0.64
250 0.824
250 0.792
250 0.688
250 0.652
250 0.612
250 0.876
250 0.828
250 0.86
250 0.868
250 0.732
250 0.764
250 0.852
250 0.868
250 0.824
300 0.606667
300 0.726667
300 0.876667
300 0.8
300 0.653333
300 0.49
300 0.72
300 0.4
300 0.806667
300 0.813333
300 0.806667
300 0.77
300 0.773333
300 0.826667
300 0.693333
300 0.783333
300 0.696667
300 0.8
300 0.8
300 0.846667
300 0.69
300 0.796667
300 0.853333
300 0.693333
300 0.5
300 0.863333
300 0.846667
300 0.866667
300 0.843333
300 0.683333
300 0.746667
300 0.71
300 0.633333
300 0.736667
300 0.793333
300 0.926667
300 0.713333
300 0.833333
300 0.493333
300 0.86
300 0.803333
300 0.82
300 0.766667
300 0.756667
300 0.7
300 0.6
300 0.716667
300 0.426667
300 0.616667
300 0.656667
300 0.816667
300 0.906667
300 0.703333
300 0.8
300 0.78
300 0.873333
300 0.796667
300 0.75
300 0.8
300 0.796667
300 0.816667
300 0.74
300 0.84
300 0.726667
300 0.91
300 0.873333
300 0.863333
300 0.763333
300 0.923333
300 0.816667
300 0.83
300 0.666667
300 0.79
300 0.816667
300 0.836667
350 0.814286
350 0.828571
350 0.742857
350 0.571429
350 0.857143
350 0.68
350 0.714286
350 0.782857
350 0.917143
350 0.685714
350 0.785714
350 0.728571
350 0.757143
350 0.728571
350 0.862857
350 0.651429
350 0.845714
350 0.874286
350 0.814286
350 0.371429
350 0.802857
350 0.694286
350 0.722857
350 0.771429
350 0.825714
350 0.891429
350 0.831429
350 0.74
350 0.734286
350 0.768571
350 0.72
350 0.797143
350 0.771429
350 0.877143
350 0.785714
350 0.788571
350 0.905714
350 0.582857
350 0.822857
350 0.754286
350 0.84
350 0.7
350 0.897143
350 0.808571
350 0.871429
350 0.705714
350 0.537143
350 0.662857
350 0.717143
350 0.808571
350 0.74
350 0.9
350 0.777143
350 0.837143
350 0.811429
350 0.634286
350 0.908571
350 0.677143
350 0.702857
350 0.865714
350 0.814286
350 0.805714
350 0.788571
350 0.808571
350 0.725714
350 0.8
350 0.857143
350 0.74
350 0.78
350 0.817143
350 0.785714
350 0.794286
350 0.271429
350 0.66
350 0.677143
400 0.8725
400 0.645
400 0.8725
400 0.7875
400 0.7325
400 0.855
400 0.76
400 0.67
400 0.835
400 0.7975
400 0.9425
400 0.835
400 0.7775
400 0.7575
400 0.8
400 0.625
400 0.8275
400 0.6775
400 0.86
400 0.8575
400 0.6525
400 0.835
400 0.7225
400 0.7375
400 0.76
400 0.5775
400 0.745
400 0.7025
400 0.79
400 0.8325
400 0.7925
400 0.7375
400 0.82
400 0.765
400 0.9175
400 0.715
400 0.785
400 0.44
400 0.9125
400 0.7225
400 0.87
400 0.8925
400 0.5825
400 0.8125
400 0.8175
400 0.9225
400 0.68
400 0.825
400 0.7575
400 0.8575
400 0.81
400 0.7125
400 0.74
400 0.785
400 0.84
400 0.8525
400 0.845
400 0.8475
400 0.6625
400 0.7425
400 0.73
400 0.8125
400 0.7125
400 0.7625
400 0.9275
400 0.8725
400 0.8125
400 0.86
400 0.775
400 0.4525
400 0.83
400 0.76
400 0.7625
400 0.85
400 0.785
450 0.757778
450 0.826667
450 0.74
450 0.913333
450 0.837778
450 0.693333
450 0.904444
450 0.791111
450 0.808889
450 0.795556
450 0.737778
450 0.78
450 0.76
450 0.726667
450 0.675556
450 0.873333
450 0.831111
450 0.802222
450 0.777778
450 0.775556
450 0.897778
450 0.893333
450 0.628889
450 0.98
450 0.9
450 0.755556
450 0.848889
450 0.802222
450 0.677778
450 0.608889
450 0.882222
450 0.868889
450 0.968889
450 0.802222
450 0.777778
450 0.782222
450 0.771111
450 0.875556
450 0.842222
450 0.76
450 0.74
450 0.84
450 0.566667
450 0.777778
450 0.893333
450 0.822222
450 0.942222
450 0.708889
450 0.708889
450 0.866667
450 0.835556
450 0.566667
450 0.817778
450 0.648889
450 0.788889
450 0.771111
450 0.857778
450 0.815556
450 0.851111
450 0.944444
450 0.566667
450 0.753333
450 0.751111
450 0.764444
450 0.8
450 0.768889
450 0.784444
450 0.586667
450 0.597778
450 0.806667
450 0.688889
450 0.744444
450 0.895556
450 0.782222
450 0.7
500 0.85
500 0.806
500 0.782
500 0.654
500 0.76
500 0.746
500 0.742
500 0.876
500 0.802
500 0.794
500 0.806
500 0.844
500 0.778
500 0.788
500 0.88
500 0.85
500 0.806
500 0.838
500 0.918
500 0.878
500 0.87
500 0.92
500 0.862
500 0.81
500 0.752
500 0.798
500 0.81
500 0.746
500 0.752
500 0.588
500 0.842
500 0.816
500 0.818
500 0.866
500 0.786
500 0.874
500 0.752
500 0.622
500 0.798
500 0.814
500 0.894
500 0.764
500 0.9
500 0.744
500 0.802
500 0.674
500 0.774
500 0.84
500 0.87
500 0.652
500 0.642
500 0.858
500 0.852
500 0.728
500 0.642
500 0.85
500 0.896
500 0.734
500 0.856
500 0.876
500 0.832
500 0.814
500 0.786
500 0.812
500 0.49
500 0.614
500 0.724
500 0.772
500 0.816
500 0.826
500 0.786
500 0.81
500 0.826
500 0.882
500 0.83
550 0.665455
550 0.7
550 0.658182
550 0.792727
550 0.8
550 0.852727
550 0.852727
550 0.949091
550 0.805455
550 0.938182
550 0.707273
550 0.807273
550 0.534545
550 0.816364
550 0.845455
550 0.816364
550 0.665455
550 0.792727
550 0.821818
550 0.783636
550 0.856364
550 0.725455
550 0.774545
550 0.743636
550 0.894545
550 0.770909
550 0.849091
550 0.783636
550 0.883636
550 0.805455
550 0.776364
550 0.796364
550 0.867273
550 0.481818
550 0.736364
550 0.710909
550 0.707273
550 0.778182
550 0.856364
550 0.887273
550 0.836364
550 0.881818
550 0.856364
550 0.68
550 0.909091
550 0.801818
550 0.64
550 0.598182
550 0.705455
550 0.630909
550 0.883636
550 0.898182
550 0.741818
550 0.738182
550 0.803636
550 0.847273
550 0.829091
550 0.721818
550 0.850909
550 0.736364
550 0.870909
550 0.798182
550 0.836364
550 0.743636
550 0.843636
550 0.730909
550 0.809091
550 0.874545
550 0.772727
550 0.847273
550 0.783636
550 0.749091
550 0.805455
550 0.847273
550 0.921818
600 0.858333
600 0.813333
600 0.818333
600 0.718333
600 0.803333
600 0.858333
600 0.821667
600 0.878333
600 0.92
600 0.761667
600 0.783333
600 0.811667
600 0.598333
600 0.743333
600 0.803333
600 0.781667
600 0.841667
600 0.773333
600 0.833333
600 0.563333
600 0.761667
600 0.903333
600 0.888333
600 0.731667
600 0.738333
600 0.888333
600 0.74
600 0.791667
600 0.885
600 0.818333
600 0.816667
600 0.813333
600 0.813333
600 0.826667
600 0.753333
600 0.851667
600 0.871667
600 0.783333
600 0.838333
600 0.798333
600 0.66
600 0.82
600 0.861667
600 0.836667
600 0.848333
600 0.735
600 0.82
600 0.8
600 0.75
600 0.773333
600 0.853333
600 0.656667
600 0.853333
600 0.836667
600 0.845
600 0.91
600 0.743333
600 0.701667
600 0.863333
600 0.885
600 0.838333
600 0.813333
600 0.841667
600 0.871667
600 0.821667
600 0.801667
600 0.845
600 0.835
600 0.733333
600 0.826667
600 0.788333
600 0.805
600 0.8
600 0.891667
600 0.701667
650 0.910769
650 0.64
650 0.866154
650 0.770769
650 0.713846
650 0.84
650 0.726154
650 0.847692
650 0.853846
650 0.830769
650 0.738462
650 0.846154
650 0.74
650 0.752308
650 0.736923
650 0.644615
650 0.916923
650 0.68
650 0.884615
650 0.813846
650 0.863077
650 0.561538
650 0.853846
650 0.883077
650 0.713846
650 0.813846
650 0.904615
650 0.858462
650 0.873846
650 0.94
650 0.749231
650 0.881538
650 0.861538
650 0.716923
650 0.830769
650 0.801538
650 0.575385
650 0.783077
650 0.730769
650 0.872308
650 0.849231
650 0.823077
650 0.835385
650 0.82
650 0.832308
650 0.7
650 0.823077
650 0.710769
650 0.787692
650 0.76
650 0.792308
650 0.807692
650 0.775385
650 0.773846
650 0.750769
650 0.847692
650 0.881538
650 0.686154
650 0.766154
650 0.718462
650 0.827692
650 0.823077
650 0.676923
650 0.861538
650 0.732308
650 0.724615
650 0.823077
650 0.646154
650 0.836923
650 0.752308
650 0.769231
650 0.783077
650 0.787692
650 0.846154
650 0.710769
700 0.77
700 0.925714
700 0.822857
700 0.874286
700 0.794286
700 0.844286
700 0.89
700 0.927143
700 0.888571
700 0.834286
700 0.815714
700 0.857143
700 0.857143
700 0.761429
700 0.894286
700 0.834286
700 0.757143
700 0.76
700 0.791429
700 0.767143
700 0.81
700 0.877143
700 0.935714
700 0.824286
700 0.85
700 0.834286
700 0.807143
700 0.757143
700 0.832857
700 0.817143
700 0.864286
700 0.848571
700 0.824286
700 0.804286
700 0.765714
700 0.847143
700 0.745714
700 0.754286
700 0.695714
700 0.862857
700 0.652857
700 0.737143
700 0.908571
700 0.751429
700 0.704286
700 0.872857
700 0.778571
700 0.83
700 0.837143
700 0.752857
700 0.788571
700 0.858571
700 0.801429
700 0.881429
700 0.801429
700 0.812857
700 0.805714
700 0.865714
700 0.744286
700 0.82
700 0.624286
700 0.805714
700 0.89
700 0.665714
700 0.717143
700 0.905714
700 0.855714
700 0.83
700 0.774286
700 0.801429
700 0.802857
700 0.867143
700 0.811429
700 0.821429
700 0.92
750 0.876
750 0.769333
750 0.848
750 0.68
750 0.878667
750 0.892
750 0.766667
750 0.801333
750 0.854667
750 0.805333
750 0.664
750 0.798667
750 0.721333
750 0.778667
750 0.857333
750 0.822667
750 0.773333
750 0.810667
750 0.797333
750 0.810667
750 0.748
750 0.861333
750 0.682667
750 0.897333
750 0.826667
750 0.882667
750 0.833333
750 0.841333
750 0.72
750 0.842667
750 0.748
750 0.877333
750 0.801333
750 0.861333
750 0.774667
750 0.830667
750 0.856
750 0.834667
750 0.874667
750 0.838667
750 0.946667
750 0.650667
750 0.905333
750 0.794667
750 0.710667
750 0.828
750 0.714667
750 0.702667
750 0.849333
750 0.773333
750 0.849333
750 0.877333
750 0.765333
750 0.894667
750 0.821333
750 0.906667
750 0.833333
750 0.748
750 0.698667
750 0.545333
750 0.752
750 0.809333
750 0.832
750 0.542667
750 0.838667
750 0.824
750 0.804
750 0.796
750 0.773333
750 0.825333
750 0.834667
750 0.786667
750 0.821333
750 0.858667
750 0.825333
800 0.89125
800 0.75
800 0.82
800 0.92375
800 0.82
800 0.8125
800 0.80625
800 0.76375
800 0.93875
800 0.88125
800 0.78
800 0.8625
800 0.92875
800 0.80125
800 0.8275
800 0.89
800 0.75375
800 0.79875
800 0.74125
800 0.79125
800 0.81125
800 0.78125
800 0.84625
800 0.8425
800 0.7825
800 0.78375
800 0.87125
800 0.8225
800 0.8975
800 0.8325
800 0.83375
800 0.88625
800 0.8425
800 0.72125
800 0.8075
800 0.75
800 0.78875
800 0.85875
800 0.77125
800 0.75375
800 0.86625
800 0.81625
800 0.835
800 0.7275
800 0.805
800 0.86125
800 0.75875
800 0.87125
800 0.90125
800 0.835
800 0.80875
800 0.85
800 0.875
800 0.6975
800 0.7475
800 0.76125
800 0.85
800 0.725
800 0.84125
800 0.8125
800 0.7125
800 0.875
800 0.7525
800 0.86875
800 0.7625
800 0.78875
800 0.7975
800 0.8025
800 0.785
800 0.84125
800 0.765
800 0.72875
800 0.88375
800 0.83375
800 0.87375
850 0.804706
850 0.935294
850 0.828235
850 0.682353
850 0.636471
850 0.938824
850 0.787059
850 0.86
850 0.787059
850 0.618824
850 0.815294
850 0.821176
850 0.808235
850 0.874118
850 0.697647
850 0.901176
850 0.838824
850 0.772941
850 0.875294
850 0.695294
850 0.86
850 0.815294
850 0.882353
850 0.914118
850 0.909412
850 0.752941
850 0.901176
850 0.734118
850 0.810588
850 0.861176
850 0.724706
850 0.838824
850 0.922353
850 0.815294
850 0.84
850 0.82
850 0.922353
850 0.564706
850 0.815294
850 0.852941
850 0.781176
850 0.937647
850 0.861176
850 0.885882
850 0.917647
850 0.897647
850 0.857647
850 0.747059
850 0.809412
850 0.847059
850 0.816471
850 0.792941
850 0.765882
850 0.850588
850 0.72
850 0.767059
850 0.801176
850 0.895294
850 0.838824
850 0.854118
850 0.734118
850 0.856471
850 0.783529
850 0.781176
850 0.811765
850 0.821176
850 0.843529
850 0.825882
850 0.692941
850 0.761176
850 0.768235
850 0.802353
850 0.848235
850 0.86
850 0.855294
900 0.854444
900 0.822222
900 0.818889
900 0.841111
900 0.852222
900 0.855556
900 0.772222
900 0.791111
900 0.731111
900 0.813333
900 0.837778
900 0.812222
900 0.788889
900 0.833333
900 0.826667
900 0.873333
900 0.69
900 0.752222
900 0.78
900 0.765556
900 0.527778
900 0.795556
900 0.822222
900 0.804444
900 0.804444
900 0.85
900 0.696667
900 0.875556
900 0.865556
900 0.806667
900 0.831111
900 0.832222
900 0.884444
900 0.895556
900 0.398889
900 0.826667
900 0.848889
900 0.804444
900 0.625556
900 0.861111
900 0.728889
900 0.853333
900 0.847778
900 0.788889
900 0.927778
900 0.816667
900 0.825556
900 0.827778
900 0.793333
900 0.854444
900 0.875556
900 0.795556
900 0.774444
900 0.782222
900 0.857778
900 0.797778
900 0.857778
900 0.826667
900 0.842222
900 0.834444
900 0.868889
900 0.813333
900 0.765556
900 0.765556
900 0.773333
900 0.838889
900 0.821111
900 0.813333
900 0.816667
900 0.824444
900 0.828889
900 0.865556
900 0.742222
900 0.842222
900 0.854444
950 0.866316
950 0.781053
950 0.823158
950 0.848421
950 0.66
950 0.904211
950 0.74
950 0.923158
950 0.874737
950 0.808421
950 0.806316
950 0.808421
950 0.810526
950 0.867368
950 0.889474
950 0.863158
950 0.867368
950 0.842105
950 0.82
950 0.741053
950 0.865263
950 0.891579
950 0.861053
950 0.846316
950 0.8
950 0.851579
950 0.729474
950 0.850526
950 0.754737
950 0.791579
950 0.829474
950 0.773684
950 0.882105
950 0.855789
950 0.790526
950 0.829474
950 0.826316
950 0.781053
950 0.828421
950 0.783158
950 0.850526
950 0.868421
950 0.851579
950 0.807368
950 0.802105
950 0.830526
950 0.887368
950 0.670526
950 0.843158
950 0.834737
950 0.778947
950 0.856842
950 0.805263
950 0.877895
950 0.726316
950 0.686316
950 0.829474
950 0.846316
950 0.829474
950 0.804211
950 0.824211
950 0.868421
950 0.833684
950 0.867368
950 0.810526
950 0.745263
950 0.832632
950 0.902105
950 0.809474
950 0.694737
950 0.832632
950 0.732632
950 0.755789
950 0.890526
950 0.912632
1000 0.742
1000 0.77
1000 0.843
1000 0.826
1000 0.896
1000 0.818
1000 0.683
1000 0.795
1000 0.844
1000 0.834
1000 0.834
1000 0.826
1000 0.95
1000 0.777
1000 0.76
1000 0.754
1000 0.811
1000 0.881
1000 0.819
1000 0.893
1000 0.838
1000 0.826
1000 0.877
1000 0.87
1000 0.88
1000 0.697
1000 0.784
1000 0.744
1000 0.846
1000 0.763
1000 0.706
1000 0.882
1000 0.827
1000 0.817
1000 0.816
1000 0.863
1000 0.839
1000 0.755
1000 0.826
1000 0.79
1000 0.851
1000 0.799
1000 0.849
1000 0.778
1000 0.843
1000 0.631
1000 0.833
1000 0.75
1000 0.794
1000 0.829
1000 0.877
1000 0.71
1000 0.874
1000 0.865
1000 0.908
1000 0.904
1000 0.832
1000 0.84
1000 0.863
1000 0.809
1000 0.899
1000 0.819
1000 0.853
1000 0.829
1000 0.896
1000 0.805
1000 0.824
1000 0.87
1000 0.745
1000 0.854
1000 0.918
1000 0.928
1000 0.86
1000 0.861
1000 0.885
1050 0.781905
1050 0.857143
1050 0.8
1050 0.68
1050 0.637143
1050 0.862857
1050 0.772381
1050 0.838095
1050 0.845714
1050 0.778095
1050 0.795238
1050 0.806667
1050 0.821905
1050 0.739048
1050 0.739048
1050 0.84381
1050 0.697143
1050 0.867619
1050 0.805714
1050 0.888571
1050 0.850476
1050 0.562857
1050 0.874286
1050 0.802857
1050 0.752381
1050 0.800952
1050 0.799048
1050 0.752381
1050 0.800952
1050 0.888571
1050 0.895238
1050 0.728571
1050 0.800952
1050 0.820952
1050 0.821905
1050 0.788571
1050 0.847619
1050 0.812381
1050 0.853333
1050 0.862857
1050 0.853333
1050 0.832381
1050 0.758095
1050 0.84381
1050 0.833333
1050 0.944762
1050 0.857143
1050 0.871429
1050 0.860952
1050 0.872381
1050 0.906667
1050 0.92381
1050 0.661905
1050 0.842857
1050 0.938095
1050 0.629524
1050 0.810476
1050 0.915238
1050 0.750476
1050 0.826667
1050 0.849524
1050 0.677143
1050 0.77619
1050 0.819048
1050 0.779048
1050 0.834286
1050 0.780952
1050 0.812381
1050 0.760952
1050 0.607619
1050 0.855238
1050 0.71619
1050 0.870476
1050 0.81619
1050 0.81619
1100 0.902727
1100 0.844545
1100 0.657273
1100 0.873636
1100 0.901818
1100 0.817273
1100 0.787273
1100 0.859091
1100 0.810909
1100 0.752727
1100 0.877273
1100 0.858182
1100 0.853636
1100 0.675455
1100 0.802727
1100 0.898182
1100 0.855455
1100 0.769091
1100 0.777273
1100 0.812727
1100 0.805455
1100 0.841818
1100 0.859091
1100 0.81
1100 0.79
1100 0.804545
1100 0.806364
1100 0.902727
1100 0.824545
1100 0.792727
1100 0.844545
1100 0.789091
1100 0.879091
1100 0.8
1100 0.712727
1100 0.798182
1100 0.788182
1100 0.825455
1100 0.869091
1100 0.81
1100 0.835455
1100 0.782727
1100 0.812727
1100 0.842727
1100 0.84
1100 0.799091
1100 0.821818
1100 0.830909
1100 0.806364
1100 0.841818
1100 0.59
1100 0.904545
1100 0.86
1100 0.845455
1100 0.786364
1100 0.780909
1100 0.857273
1100 0.88
1100 0.678182
1100 0.732727
1100 0.882727
1100 0.864545
1100 0.822727
1100 0.754545
1100 0.55
1100 0.776364
1100 0.915455
1100 0.755455
1100 0.885455
1100 0.811818
1100 0.898182
1100 0.800909
1100 0.843636
1100 0.808182
1100 0.71
1150 0.79913
1150 0.885217
1150 0.862609
1150 0.81913
1150 0.837391
1150 0.861739
1150 0.874783
1150 0.804348
1150 0.788696
1150 0.736522
1150 0.82087
1150 0.862609
1150 0.901739
1150 0.866957
1150 0.841739
1150 0.846957
1150 0.828696
1150 0.753913
1150 0.813913
1150 0.801739
1150 0.790435
1150 0.79913
1150 0.916522
1150 0.807826
1150 0.766087
1150 0.743478
1150 0.798261
1150 0.801739
1150 0.810435
1150 0.78
1150 0.784348
1150 0.827826
1150 0.796522
1150 0.898261
1150 0.796522
1150 0.88
1150 0.927826
1150 0.845217
1150 0.851304
1150 0.835652
1150 0.837391
1150 0.810435
1150 0.855652
1150 0.89913
1150 0.842609
1150 0.807826
1150 0.707826
1150 0.915652
1150 0.896522
1150 0.828696
1150 0.801739
1150 0.9
1150 0.833913
1150 0.807826
1150 0.711304
1150 0.761739
1150 0.754783
1150 0.764348
1150 0.825217
1150 0.917391
1150 0.803478
1150 0.911304
1150 0.858261
1150 0.654783
1150 0.784348
1150 0.713913
1150 0.845217
1150 0.814783
1150 0.810435
1150 0.888696
1150 0.901739
1150 0.889565
1150 0.829565
1150 0.832174
1150 0.843478
1200 0.8275
1200 0.773333
1200 0.8425
1200 0.646667
1200 0.821667
1200 0.861667
1200 0.855
1200 0.844167
1200 0.850833
1200 0.5275
1200 0.679167
1200 0.825833
1200 0.841667
1200 0.89
1200 0.7875
1200 0.830833
1200 0.896667
1200 0.775
1200 0.920833
1200 0.9525
1200 0.865833
1200 0.800833
1200 0.863333
1200 0.868333
1200 0.890833
1200 0.818333
1200 0.7325
1200 0.785
1200 0.83
1200 0.8225
1200 0.904167
1200 0.739167
1200 0.913333
1200 0.844167
1200 0.844167
1200 0.800833
1200 0.723333
1200 0.849167
1200 0.844167
1200 0.811667
1200 0.870833
1200 0.705833
1200 0.705
1200 0.845833
1200 0.769167
1200 0.895833
1200 0.848333
1200 0.874167
1200 0.813333
1200 0.899167
1200 0.87
1200 0.766667
1200 0.750833
1200 0.669167
1200 0.809167
1200 0.798333
1200 0.86
1200 0.905
1200 0.815833
1200 0.854167
1200 0.751667
1200 0.875
1200 0.855
1200 0.873333
1200 0.775
1200 0.789167
1200 0.820833
1200 0.728333
1200 0.830833
1200 0.728333
1200 0.790833
1200 0.863333
1200 0.726667
1200 0.899167
1200 0.885833
1250 0.8072
1250 0.7224
1250 0.824
1250 0.8072
1250 0.812
1250 0.8576
1250 0.9008
1250 0.7512
1250 0.7784
1250 0.8
1250 0.7568
1250 0.7736
1250 0.8616
1250 0.8432
1250 0.8472
1250 0.844
1250 0.8328
1250 0.808
1250 0.8352
1250 0.8296
1250 0.8048
1250 0.7936
1250 0.8472
1250 0.8896
1250 0.812
1250 0.828
1250 0.7976
1250 0.852
1250 0.8504
1250 0.6296
1250 0.82
1250 0.7464
1250 0.8408
1250 0.7888
1250 0.8552
1250 0.8952
1250 0.8176
1250 0.852
1250 0.848
1250 0.8024
1250 0.8792
1250 0.84
1250 0.7696
1250 0.9216
1250 0.6232
1250 0.8704
1250 0.844
1250 0.76
1250 0.828
1250 0.8928
1250 0.7016
1250 0.8344
1250 0.8752
1250 0.8616
1250 0.8456
1250 0.8504
1250 0.8072
1250 0.8488
1250 0.8744
1250 0.7808
1250 0.8816
1250 0.7384
1250 0.7248
1250 0.8
1250 0.8264
1250 0.796
1250 0.9024
1250 0.8648
1250 0.8784
1250 0.9064
1250 0.7296
1250 0.8728
1250 0.7648
1250 0.892
1250 0.8792
1300 0.828462
1300 0.922308
1300 0.843846
1300 0.749231
1300 0.843846
1300 0.856923
1300 0.739231
1300 0.857692
1300 0.806923
1300 0.900769
1300 0.708462
1300 0.906154
1300 0.824615
1300 0.788462
1300 0.776923
1300 0.796154
1300 0.790769
1300 0.856154
1300 0.796154
1300 0.874615
1300 0.896154
1300 0.920769
1300 0.631538
1300 0.847692
1300 0.787692
1300 0.9
1300 0.841538
1300 0.909231
1300 0.816154
1300 0.67
1300 0.806923
1300 0.855385
1300 0.717692
1300 0.878462
1300 0.836154
1300 0.870769
1300 0.841538
1300 0.88
1300 0.910769
1300 0.703846
1300 0.794615
1300 0.855385
1300 0.832308
1300 0.911538
1300 0.775385
1300 0.850769
1300 0.756923
1300 0.859231
1300 0.722308
1300 0.8
1300 0.891538
1300 0.834615
1300 0.875385
1300 0.847692
1300 0.820769
1300 0.917692
1300 0.854615
1300 0.869231
1300 0.776154
1300 0.779231
1300 0.793077
1300 0.862308
1300 0.822308
1300 0.785385
1300 0.693077
1300 0.863846
1300 0.808462
1300 0.856923
1300 0.763077
1300 0.786923
1300 0.848462
1300 0.712308
1300 0.933077
1300 0.686154
1300 0.901538
1350 0.965926
1350 0.857037
1350 0.914074
1350 0.82963
1350 0.842963
1350 0.808889
1350 0.876296
1350 0.845185
1350 0.932593
1350 0.767407
1350 0.794815
1350 0.808148
1350 0.897778
1350 0.695556
1350 0.806667
1350 0.844444
1350 0.895556
1350 0.854074
1350 0.726667
1350 0.856296
1350 0.80963
1350 0.821481
1350 0.811111
1350 0.792593
1350 0.871852
1350 0.897778
1350 0.834815
1350 0.843704
1350 0.91037
1350 0.827407
1350 0.838519
1350 0.917778
1350 0.831111
1350 0.915556
1350 0.874815
1350 0.865926
1350 0.775556
1350 0.808889
1350 0.864444
1350 0.839259
1350 0.867407
1350 0.795556
1350 0.815556
1350 0.932593
1350 0.820741
1350 0.86963
1350 0.817037
1350 0.834074
1350 0.828889
1350 0.81037
1350 0.882963
1350 0.84963
1350 0.795556
1350 0.745926
1350 0.792593
1350 0.859259
1350 0.795556
1350 0.725926
1350 0.817778
1350 0.896296
1350 0.861481
1350 0.811111
1350 0.73037
1350 0.688148
1350 0.786667
1350 0.84963
1350 0.84963
1350 0.772593
1350 0.873333
1350 0.85037
1350 0.784444
1350 0.868889
1350 0.751852
1350 0.843704
1350 0.753333
1400 0.915
1400 0.767857
1400 0.794286
1400 0.888571
1400 0.709286
1400 0.839286
1400 0.875
1400 0.841429
1400 0.786429
1400 0.753571
1400 0.882857
1400 0.776429
1400 0.878571
1400 0.832857
1400 0.805714
1400 0.835
1400 0.812857
1400 0.736429
1400 0.833571
1400 0.889286
1400 0.714286
1400 0.822857
1400 0.841429
1400 0.82
1400 0.795714
1400 0.889286
1400 0.828571
1400 0.855714
1400 0.8
1400 0.845
1400 0.837143
1400 0.877143
1400 0.782857
1400 0.838571
1400 0.818571
1400 0.817857
1400 0.876429
1400 0.812143
1400 0.805714
1400 0.696429
1400 0.807857
1400 0.923571
1400 0.812143
1400 0.761429
1400 0.817143
1400 0.874286
1400 0.874286
1400 0.791429
1400 0.850714
1400 0.870714
1400 0.832857
1400 0.759286
1400 0.871429
1400 0.807857
1400 0.780714
1400 0.870714
1400 0.921429
1400 0.860714
1400 0.869286
1400 0.805714
1400 0.764286
1400 0.835
1400 0.815
1400 0.788571
1400 0.861429
1400 0.85
1400 0.855
1400 0.8
1400 0.767857
1400 0.79
1400 0.853571
1400 0.775714
1400 0.807143
1400 0.849286
1400 0.832857
1450 0.731724
1450 0.798621
1450 0.842069
1450 0.864828
1450 0.833793
1450 0.773103
1450 0.897241
1450 0.792414
1450 0.808966
1450 0.831034
1450 0.834483
1450 0.917931
1450 0.810345
1450 0.90069
1450 0.815172
1450 0.82069
1450 0.83931
1450 0.761379
1450 0.801379
1450 0.916552
1450 0.788276
1450 0.810345
1450 0.902069
1450 0.876552
1450 0.748966
1450 0.787586
1450 0.874483
1450 0.886897
1450 0.884138
1450 0.876552
1450 0.843448
1450 0.678621
1450 0.824828
1450 0.864138
1450 0.833103
1450 0.807586
1450 0.843448
1450 0.844138
1450 0.810345
1450 0.841379
1450 0.824138
1450 0.778621
1450 0.926897
1450 0.884138
1450 0.753103
1450 0.862069
1450 0.876552
1450 0.804828
1450 0.829655
1450 0.809655
1450 0.791034
1450 0.828966
1450 0.845517
1450 0.828966
1450 0.871724
1450 0.79931
1450 0.824828
1450 0.884828
1450 0.895172
1450 0.81931
1450 0.774483
1450 0.833793
1450 0.875172
1450 0.874483
1450 0.653793
1450 0.797241
1450 0.712414
1450 0.876552
1450 0.743448
1450 0.894483
1450 0.730345
1450 0.915172
1450 0.79931
1450 0.847586
1450 0.78069
1500 0.812
1500 0.9
1500 0.865333
1500 0.842667
1500 0.838
1500 0.85
1500 0.814
1500 0.824
1500 0.654667
1500 0.86
1500 0.742
1500 0.853333
1500 0.801333
1500 0.824667
1500 0.832667
1500 0.874
1500 0.851333
1500 0.898
1500 0.812667
1500 0.848667
1500 0.778
1500 0.791333
1500 0.755333
1500 0.813333
1500 0.847333
1500 0.875333
1500 0.736667
1500 0.904667
1500 0.873333
1500 0.762
1500 0.838
1500 0.737333
1500 0.89
1500 0.904667
1500 0.648
1500 0.890667
1500 0.895333
1500 0.807333
1500 0.851333
1500 0.896667
1500 0.836
1500 0.824
1500 0.82
1500 0.734667
1500 0.872667
1500 0.821333
1500 0.826
1500 0.841333
1500 0.818667
1500 0.763333
1500 0.861333
1500 0.852667
1500 0.892667
1500 0.836667
1500 0.819333
1500 0.848667
1500 0.822
1500 0.886
1500 0.770667
1500 0.794
1500 0.719333
1500 0.719333
1500 0.88
1500 0.836
1500 0.846
1500 0.76
1500 0.840667
1500 0.822667
1500 0.858667
1500 0.731333
1500 0.891333
1500 0.937333
1500 0.507333
1500 0.750667
1500 0.78
1550 0.843871
1550 0.874839
1550 0.84
1550 0.827097
1550 0.829677
1550 0.809032
1550 0.763871
1550 0.930323
1550 0.787742
1550 0.584516
1550 0.797419
1550 0.78
1550 0.890968
1550 0.843871
1550 0.878065
1550 0.76
1550 0.833548
1550 0.827097
1550 0.854839
1550 0.8
1550 0.870968
1550 0.856129
1550 0.814194
1550 0.885806
1550 0.832903
1550 0.836774
1550 0.813548
1550 0.79871
1550 0.79871
1550 0.854194
1550 0.819355
1550 0.889032
1550 0.827097
1550 0.832258
1550 0.876129
1550 0.834839
1550 0.876129
1550 0.780645
1550 0.825161
1550 0.837419
1550 0.812903
1550 0.756774
1550 0.809032
1550 0.889677
1550 0.705806
1550 0.774839
1550 0.807742
1550 0.876774
1550 0.801935
1550 0.862581
1550 0.813548
1550 0.800645
1550 0.868387
1550 0.887742
1550 0.801935
1550 0.88
1550 0.852903
1550 0.777419
1550 0.729032
1550 0.751613
1550 0.838065
1550 0.840645
1550 0.869677
1550 0.90129
1550 0.847097
1550 0.875484
1550 0.70129
1550 0.823226
1550 0.780645
1550 0.818065
1550 0.79871
1550 0.871613
1550 0.837419
1550 0.824516
1550 0.872903
1600 0.8375
1600 0.686875
1600 0.835
1600 0.869375
1600 0.87125
1600 0.784375
1600 0.855
1600 0.77
1600 0.896875
1600 0.7925
1600 0.830625
1600 0.92125
1600 0.84125
1600 0.873125
1600 0.850625
1600 0.794375
1600 0.884375
1600 0.815
1600 0.878125
1600 0.8175
1600 0.870625
1600 0.846875
1600 0.785
1600 0.78875
1600 0.88875
1600 0.82625
1600 0.770625
1600 0.875
1600 0.74125
1600 0.85375
1600 0.69375
1600 0.873125
1600 0.821875
1600 0.89
1600 0.8125
1600 0.870625
1600 0.859375
1600 0.760625
1600 0.888125
1600 0.90875
1600 0.84375
1600 0.80375
1600 0.824375
1600 0.860625
1600 0.83
1600 0.869375
1600 0.79
1600 0.859375
1600 0.814375
1600 0.82125
1600 0.78
1600 0.65625
1600 0.800625
1600 0.858125
1600 0.88125
1600 0.475625
1600 0.756875
1600 0.825625
1600 0.87
1600 0.784375
1600 0.84875
1600 0.833125
1600 0.824375
1600 0.880625
1600 0.795625
1600 0.838125
1600 0.811875
1600 0.91125
1600 0.83375
1600 0.875
1600 0.816875
1600 0.8425
1600 0.7825
1600 0.926875
1600 0.7175
1650 0.930303
1650 0.8
1650 0.743636
1650 0.870303
1650 0.671515
1650 0.830909
1650 0.810909
1650 0.830303
1650 0.683636
1650 0.837576
1650 0.802424
1650 0.848485
1650 0.801818
1650 0.757576
1650 0.793939
1650 0.819394
1650 0.820606
1650 0.839394
1650 0.873939
1650 0.820606
1650 0.844242
1650 0.856364
1650 0.836364
1650 0.835758
1650 0.752121
1650 0.690909
1650 0.877576
1650 0.795758
1650 0.838182
1650 0.753939
1650 0.847879
1650 0.792727
1650 0.769091
1650 0.847273
1650 0.78303
1650 0.82
1650 0.833333
1650 0.725455
1650 0.793939
1650 0.732727
1650 0.867273
1650 0.769091
1650 0.907273
1650 0.853333
1650 0.863636
1650 0.850303
1650 0.82
1650 0.857576
1650 0.863636
1650 0.824848
1650 0.830303
1650 0.875152
1650 0.841212
1650 0.854545
1650 0.930909
1650 0.815758
1650 0.908485
1650 0.889697
1650 0.818182
1650 0.76303
1650 0.798182
1650 0.846667
1650 0.837576
1650 0.787879
1650 0.865455
1650 0.57697
1650 0.811515
1650 0.870909
1650 0.78
1650 0.76
1650 0.665455
1650 0.890909
1650 0.841818
1650 0.804242
1650 0.801818
1700 0.852353
1700 0.705294
1700 0.882941
1700 0.920588
1700 0.851176
1700 0.891176
1700 0.855294
1700 0.86
1700 0.816471
1700 0.767059
1700 0.73
1700 0.776471
1700 0.820588
1700 0.848824
1700 0.898235
1700 0.878824
1700 0.872941
1700 0.822353
1700 0.748235
1700 0.835294
1700 0.841176
1700 0.614706
1700 0.82
1700 0.785882
1700 0.883529
1700 0.81
1700 0.869412
1700 0.841765
1700 0.832353
1700 0.809412
1700 0.814706
1700 0.822941
1700 0.781765
1700 0.875294
1700 0.838824
1700 0.835882
1700 0.851765
1700 0.72
1700 0.824706
1700 0.931176
1700 0.761765
1700 0.777059
1700 0.878824
1700 0.775294
1700 0.880588
1700 0.848824
1700 0.892941
1700 0.748824
1700 0.885294
1700 0.802353
1700 0.841176
1700 0.788235
1700 0.905882
1700 0.878824
1700 0.910588
1700 0.858824
1700 0.887059
1700 0.811765
1700 0.791176
1700 0.832941
1700 0.840588
1700 0.803529
1700 0.900588
1700 0.810588
1700 0.872941
1700 0.825294
1700 0.754118
1700 0.924118
1700 0.851176
1700 0.810588
1700 0.798235
1700 0.86
1700 0.897647
1700 0.887059
1700 0.862941
1750 0.838286
1750 0.848571
1750 0.825714
1750 0.825143
1750 0.830286
1750 0.805143
1750 0.856
1750 0.856571
1750 0.858286
1750 0.734857
1750 0.891429
1750 0.704571
1750 0.836571
1750 0.825143
1750 0.720571
1750 0.865714
1750 0.877714
1750 0.84
1750 0.845714
1750 0.886857
1750 0.752
1750 0.802857
1750 0.76
1750 0.844571
1750 0.820571
1750 0.908
1750 0.809714
1750 0.818857
1750 0.822857
1750 0.862857
1750 0.788
1750 0.786857
1750 0.848
1750 0.838286
1750 0.792571
1750 0.846857
1750 0.843429
1750 0.797143
1750 0.642857
1750 0.897714
1750 0.826857
1750 0.852
1750 0.703429
1750 0.842286
1750 0.782857
1750 0.754286
1750 0.851429
1750 0.866857
1750 0.879429
1750 0.807429
1750 0.732
1750 0.933143
1750 0.818286
1750 0.803429
1750 0.876
1750 0.804571
1750 0.821714
1750 0.819429
1750 0.772
1750 0.854857
1750 0.838857
1750 0.829143
1750 0.866286
1750 0.782857
1750 0.872
1750 0.906857
1750 0.792571
1750 0.8
1750 0.795429
1750 0.913714
1750 0.469714
1750 0.767429
1750 0.866857
1750 0.832571
1750 0.845714
1800 0.833333
1800 0.828333
1800 0.771667
1800 0.806667
1800 0.812222
1800 0.877778
1800 0.592222
1800 0.854444
1800 0.817222
1800 0.778889
1800 0.925556
1800 0.873889
1800 0.838333
1800 0.816111
1800 0.852778
1800 0.897222
1800 0.837222
1800 0.847222
1800 0.809444
1800 0.818333
1800 0.662778
1800 0.875556
1800 0.871111
1800 0.827222
1800 0.893889
1800 0.845
1800 0.838889
1800 0.796667
1800 0.946111
1800 0.852222
1800 0.703889
1800 0.771111
1800 0.846667
1800 0.831667
1800 0.868333
1800 0.778333
1800 0.672778
1800 0.908889
1800 0.762778
1800 0.856667
1800 0.893333
1800 0.783889
1800 0.787778
1800 0.92
1800 0.976667
1800 0.863889
1800 0.783333
1800 0.82
1800 0.832778
1800 0.845
1800 0.843333
1800 0.813333
1800 0.795556
1800 0.788333
1800 0.821111
1800 0.801667
1800 0.894444
1800 0.803889
1800 0.822778
1800 0.922778
1800 0.837778
1800 0.862222
1800 0.864444
1800 0.847778
1800 0.862778
1800 0.732222
1800 0.836111
1800 0.755
1800 0.762222
1800 0.907778
1800 0.814444
1800 0.852778
1800 0.765556
1800 0.752778
1800 0.903333
1850 0.69027
1850 0.785405
1850 0.844324
1850 0.837838
1850 0.896757
1850 0.879459
1850 0.891892
1850 0.762703
1850 0.834054
1850 0.781081
1850 0.868108
1850 0.865405
1850 0.862703
1850 0.841622
1850 0.84973
1850 0.847027
1850 0.78973
1850 0.858919
1850 0.862162
1850 0.824324
1850 0.877838
1850 0.844865
1850 0.847568
1850 0.906486
1850 0.812973
1850 0.798378
1850 0.754054
1850 0.791351
1850 0.837297
1850 0.825946
1850 0.863784
1850 0.839459
1850 0.772973
1850 0.912432
1850 0.905946
1850 0.761622
1850 0.908108
1850 0.821081
1850 0.786486
1850 0.897838
1850 0.813514
1850 0.777838
1850 0.776757
1850 0.88
1850 0.808649
1850 0.797838
1850 0.858378
1850 0.778919
1850 0.807568
1850 0.864324
1850 0.821622
1850 0.819459
1850 0.804865
1850 0.964324
1850 0.788649
1850 0.897838
1850 0.876216
1850 0.897838
1850 0.858378
1850 0.857297
1850 0.834054
1850 0.881622
1850 0.824324
1850 0.881081
1850 0.835135
1850 0.834595
1850 0.818919
1850 0.825946
1850 0.827027
1850 0.769189
1850 0.87027
1850 0.838378
1850 0.742703
1850 0.854595
1850 0.811892
1900 0.889474
1900 0.836842
1900 0.812105
1900 0.885263
1900 0.818947
1900 0.856842
1900 0.82
1900 0.817895
1900 0.891579
1900 0.866316
1900 0.907368
1900 0.705789
1900 0.783158
1900 0.829474
1900 0.896316
1900 0.675789
1900 0.864211
1900 0.818421
1900 0.850526
1900 0.875789
1900 0.825263
1900 0.831579
1900 0.859474
1900 0.775789
1900 0.904737
1900 0.695789
1900 0.853684
1900 0.866316
1900 0.793684
1900 0.888947
1900 0.837895
1900 0.627368
1900 0.838421
1900 0.882105
1900 0.845789
1900 0.877368
1900 0.920526
1900 0.877368
1900 0.869474
1900 0.822105
1900 0.859474
1900 0.848421
1900 0.765789
1900 0.856316
1900 0.815263
1900 0.866842
1900 0.857895
1900 0.823684
1900 0.835789
1900 0.9
1900 0.852632
1900 0.781053
1900 0.862632
1900 0.821053
1900 0.856316
1900 0.767895
1900 0.687368
1900 0.866842
1900 0.742105
1900 0.789474
1900 0.891579
1900 0.873684
1900 0.854211
1900 0.764211
1900 0.730526
1900 0.816316
1900 0.861579
1900 0.837895
1900 0.838421
1900 0.811579
1900 0.787368
1900 0.843158
1900 0.891579
1900 0.909474
1900 0.632632
1950 0.787692
1950 0.881538
1950 0.845641
1950 0.810769
1950 0.852821
1950 0.938462
1950 0.852308
1950 0.887692
1950 0.708718
1950 0.877436
1950 0.799487
1950 0.933333
1950 0.786154
1950 0.302051
1950 0.904615
1950 0.865128
1950 0.920513
1950 0.868718
1950 0.786667
1950 0.765641
1950 0.824103
1950 0.770769
1950 0.91641
1950 0.661026
1950 0.871795
1950 0.844615
1950 0.818974
1950 0.767692
1950 0.762051
1950 0.847179
1950 0.917436
1950 0.831795
1950 0.892308
1950 0.77641
1950 0.851282
1950 0.682564
1950 0.809231
1950 0.874359
1950 0.841026
1950 0.907692
1950 0.801538
1950 0.824615
1950 0.906667
1950 0.849744
1950 0.80359
1950 0.78359
1950 0.874359
1950 0.734359
1950 0.838974
1950 0.854359
1950 0.837949
1950 0.868205
1950 0.828718
1950 0.752308
1950 0.869744
1950 0.826667
1950 0.883077
1950 0.862051
1950 0.888718
1950 0.80359
1950 0.837949
1950 0.898462
1950 0.944103
1950 0.908205
1950 0.871795
1950 0.864615
1950 0.794359
1950 0.805128
1950 0.785128
1950 0.833333
1950 0.828205
1950 0.849744
1950 0.821538
1950 0.831795
1950 0.690769
2000 0.857
2000 0.9615
2000 0.85
2000 0.8975
2000 0.885
2000 0.7515
2000 0.855
2000 0.735
2000 0.8515
2000 0.827
2000 0.785
2000 0.812
2000 0.853
2000 0.7845
2000 0.8655
2000 0.909
2000 0.8795
2000 0.8535
2000 0.8785
2000 0.836
2000 0.87
2000 0.7895
2000 0.9805
2000 0.783
2000 0.856
2000 0.8095
2000 0.7215
2000 0.845
2000 0.77
2000 0.821
2000 0.8415
2000 0.808
2000 0.908
2000 0.8335
2000 0.84
2000 0.7805
2000 0.7895
2000 0.791
2000 0.857
2000 0.8405
2000 0.851
2000 0.8645
2000 0.795
2000 0.707
2000 0.8695
2000 0.8555
2000 0.8205
2000 0.8845
2000 0.828
2000 0.8945
2000 0.8835
2000 0.8435
2000 0.814
2000 0.8465
2000 0.8415
2000 0.7075
2000 0.7855
2000 0.8075
2000 0.896
2000 0.786
2000 0.838
2000 0.853
2000 0.805
2000 0.805
2000 0.852
2000 0.8605
2000 0.728
2000 0.886
2000 0.8365
2000 0.885
2000 0.7875
2000 0.824
2000 0.8455
2000 0.829
2000 0.8535
