50 0.4
50 0.46
50 0.04
50 0
50 0.02
50 0.18
50 0.4
50 0.54
50 0
50 0.22
50 0.32
50 0.04
50 0.24
50 0.24
50 0.16
50 0.1
50 0.26
50 0.64
50 0.2
50 0.08
50 0.06
50 0.12
50 0.16
50 0.04
50 0.14
50 0.2
50 0.5
50 0.66
50 0.18
50 0.24
50 0.5
50 0.04
50 0.06
50 0.02
50 0.22
50 0.3
50 0.38
50 0.7
50 0.02
50 0
50 0
50 0.02
50 0.14
50 0.76
50 0.48
50 0.56
50 0.22
50 0.56
50 0.24
50 0.26
50 0.66
50 0.08
50 0.12
50 0.38
50 0.62
50 0
50 0.34
50 0.12
50 0
50 0.1
50 0.38
50 0.28
50 0.2
50 0.08
50 0.02
50 0
50 0.14
50 0
50 0.04
50 0.02
50 0.12
50 0.26
50 0.1
50 0.64
50 0.14
100 0.23
100 0.04
100 0.26
100 0.21
100 0.73
100 0.72
100 0.49
100 0
100 0.78
100 0.36
100 0.82
100 0.73
100 0.32
100 0.01
100 0.87
100 0.14
100 0.6
100 0.3
100 0.28
100 0.7
100 0.71
100 0.53
100 0.55
100 0.64
100 0.46
100 0.64
100 0.58
100 0.57
100 0.2
100 0.59
100 0.47
100 0.45
100 0.28
100 0.81
100 0.75
100 0.51
100 0.7
100 0.59
100 0.1
100 0.55
100 0.61
100 0.33
100 0.45
100 0.85
100 0.68
100 0.71
100 0.47
100 0.45
100 0.67
100 0.67
100 0.3
100 0.63
100 0.1
100 0.63
100 0.51
100 0.91
100 0.8
100 0.08
100 0.76
100 0.58
100 0.4
100 0.33
100 0.52
100 0.53
100 0.52
100 0.16
100 0.78
100 0.38
100 0.2
100 0.72
100 0.21
100 0.62
100 0.51
100 0.08
100 0.91
150 0.573333
150 0.526667
150 0.72
150 0.72
150 0.48
150 0.753333
150 0.486667
150 0.773333
150 0.753333
150 0.106667
150 0.76
150 0.846667
150 0.42
150 0.52
150 0.806667
150 0.706667
150 0.78
150 0.62
150 0.66
150 0.76
150 0.72
150 0.706667
150 0.66
150 0.24
150 0.773333
150 0.653333
150 0.68
150 0.773333
150 0.786667
150 0.8
150 0.666667
150 0.786667
150 0.806667
150 0.86
150 0.606667
150 0.54
150 0.486667
150 0.613333
150 0.46
150 0.6
150 0.873333
150 0.393333
150 0.346667
150 0.493333
150 0.306667
150 0
150 0.733333
150 0.553333
150 0.766667
150 0.44
150 0.613333
150 0.486667
150 0.733333
150 0.82
150 0.68
150 0.78
150 0.733333
150 0.833333
150 0.373333
150 0.493333
150 0.806667
150 0.78
150 0.826667
150 0.553333
150 0.82
150 0.613333
150 0.48
150 0.373333
150 0.7
150 0.533333
150 0.733333
150 0.28
150 0.733333
150 0.726667
150 0.7
200 0.56
200 0.4
200 0.805
200 0.76
200 0.7
200 0.805
200 0.59
200 0.82
200 0.82
200 0.6
200 0.71
200 0.605
200 0.74
200 0.86
200 0.625
200 0.705
200 0.82
200 0.83
200 0.635
200 0.845
200 0.695
200 0.75
200 0.515
200 0.825
200 0.625
200 0.645
200 0.85
200 0.66
200 0.625
200 0.785
200 0.5
200 0.865
200 0.725
200 0.475
200 0.625
200 0.85
200 0.27
200 0.695
200 0.705
200 0.485
200 0.65
200 0.895
200 0.605
200 0.47
200 0.85
200 0.73
200 0.775
200 0.9
200 0.81
200 0.805
200 0.145
200 0.83
200 0.39
200 0.895
200 0.67
200 0.565
200 0.825
200 0.515
200 0.855
200 0.72
200 0.54
200 0.705
200 0.9
200 0.845
200 0.735
200 0.685
200 0.58
200 0.62
200 0.845
200 0.83
200 0.725
200 0.375
200 0.77
200 0.745
200 0.69
250 0.692
250 0.748
250 0.788
250 0.792
250 0.808
250 0.792
250 0.844
250 0.64
250 0.536
250 0.8
250 0.816
250 0.828
250 0.88
250 0.828
250 0.724
250 0.888
250 0.868
250 0.624
250 0.612
250 0.828
250 0.8
250 0.688
250 0.656
250 0.744
250 0.88
250 0.82
250 0.832
250 0.744
250 0.596
250 0.744
250 0.684
250 0.884
250 0.916
250 0.724
250 0.776
250 0.444
250 0.736
250 0.756
250 0.824
250 0.704
250 0.604
250 0.536
250 0.788
250 0.536
250 0.7
250 0.808
250 0.896
250 0.576
250 0.896
250 0.812
250 0.808
250 0.668
250 0.672
250 0.732
250 0.824
250 0.816
250 0.776
250 0.496
250 0.764
250 0.804
250 0.668
250 0.836
250 0.72
250 0.772
250 0.684
250 0.652
250 0.816
250 0.728
250 0.888
250 0.812
250 0.812
250 0.48
250 0.916
250 0.84
250 0.84
300 0.756667
300 0.846667
300 0.83
300 0.846667
300 0.696667
300 0.503333
300 0.76
300 0.49
300 0.86
300 0.73
300 0.813333
300 0.253333
300 0.75
300 0.63
300 0.633333
300 0.72
300 0.15
300 0.753333
300 0.653333
300 0.803333
300 0.7
300 0.646667
300 0.736667
300 0.82
300 0.62
300 0.746667
300 0.876667
300 0.83
300 0.62
300 0.73
300 0.816667
300 0.813333
300 0.82
300 0.77
300 0.813333
300 0.816667
300 0.65
300 0.8
300 0.843333
300 0.876667
300 0.823333
300 0.716667
300 0.823333
300 0.77
300 0.586667
300 0.62
300 0.866667
300 0.64
300 0.516667
300 0.83
300 0.736667
300 0.833333
300 0.476667
300 0.693333
300 0.79
300 0.7
300 0.846667
300 0.766667
300 0.78
300 0.766667
300 0.756667
300 0.726667
300 0.8
300 0.7
300 0.61
300 0.803333
300 0.903333
300 0.516667
300 0.986667
300 0.87
300 0.86
300 0.88
300 0.793333
300 0.853333
300 0.79
350 0.891429
350 0.9
350 0.802857
350 0.6
350 0.654286
350 0.574286
350 0.728571
350 0.328571
350 0.822857
350 0.774286
350 0.802857
350 0.74
350 0.771429
350 0.671429
350 0.865714
350 0.634286
350 0.802857
350 0.845714
350 0.737143
350 0.517143
350 0.894286
350 0.717143
350 0.851429
350 0.76
350 0.805714
350 0.842857
350 0.802857
350 0.817143
350 0.874286
350 0.765714
350 0.788571
350 0.854286
350 0.808571
350 0.888571
350 0.817143
350 0.562857
350 0.834286
350 0.528571
350 0.782857
350 0.714286
350 0.788571
350 0.822857
350 0.877143
350 0.817143
350 0.888571
350 0.808571
350 0.84
350 0.722857
350 0.697143
350 0.785714
350 0.84
350 0.825714
350 0.868571
350 0.848571
350 0.768571
350 0.728571
350 0.774286
350 0.708571
350 0.797143
350 0.845714
350 0.871429
350 0.717143
350 0.791429
350 0.765714
350 0.782857
350 0.802857
350 0.762857
350 0.834286
350 0.865714
350 0.82
350 0.751429
350 0.857143
350 0.308571
350 0.862857
350 0.765714
400 0.79
400 0.7875
400 0.805
400 0.765
400 0.8
400 0.8525
400 0.795
400 0.5225
400 0.83
400 0.6575
400 0.82
400 0.905
400 0.8575
400 0.7875
400 0.835
400 0.785
400 0.7125
400 0.605
400 0.9025
400 0.7375
400 0.9175
400 0.89
400 0.805
400 0.625
400 0.845
400 0.8325
400 0.415
400 0.7175
400 0.8225
400 0.8475
400 0.7675
400 0.705
400 0.8375
400 0.835
400 0.875
400 0.86
400 0.8225
400 0.46
400 0.8375
400 0.885
400 0.8925
400 0.8575
400 0.78
400 0.8425
400 0.87
400 0.83
400 0.7625
400 0.7425
400 0.8375
400 0.88
400 0.8275
400 0.8025
400 0.8675
400 0.7975
400 0.795
400 0.815
400 0.7525
400 0.66
400 0.69
400 0.8625
400 0.81
400 0.77
400 0.865
400 0.85
400 0.7475
400 0.885
400 0.845
400 0.8175
400 0.7675
400 0.7475
400 0.875
400 0.8375
400 0.9075
400 0.905
400 0.8175
450 0.784444
450 0.973333
450 0.773333
450 0.675556
450 0.526667
450 0.726667
450 0.828889
450 0.835556
450 0.804444
450 0.802222
450 0.731111
450 0.873333
450 0.82
450 0.822222
450 0.664444
450 0.828889
450 0.668889
450 0.817778
450 0.731111
450 0.8
450 0.817778
450 0.473333
450 0.813333
450 0.893333
450 0.868889
450 0.477778
450 0.828889
450 0.846667
450 0.888889
450 0.802222
450 0.82
450 0.793333
450 0.771111
450 0.82
450 0.702222
450 0.824444
450 0.904444
450 0.753333
450 0.768889
450 0.764444
450 0.628889
450 0.842222
450 0.648889
450 0.86
450 0.72
450 0.828889
450 0.706667
450 0.844444
450 0.824444
450 0.862222
450 0.904444
450 0.782222
450 0.793333
450 0.862222
450 0.811111
450 0.817778
450 0.848889
450 0.897778
450 0.791111
450 0.873333
450 0.728889
450 0.795556
450 0.797778
450 0.797778
450 0.782222
450 0.693333
450 0.808889
450 0.793333
450 0.766667
450 0.824444
450 0.866667
450 0.8
450 0.791111
450 0.611111
450 0.444444
500 0.864
500 0.856
500 0.852
500 0.696
500 0.722
500 0.938
500 0.828
500 0.846
500 0.74
500 0.844
500 0.852
500 0.836
500 0.866
500 0.826
500 0.84
500 0.828
500 0.834
500 0.738
500 0.74
500 0.84
500 0.91
500 0.836
500 0.874
500 0.776
500 0.478
500 0.768
500 0.836
500 0.862
500 0.826
500 0.818
500 0.848
500 0.782
500 0.814
500 0.822
500 0.85
500 0.746
500 0.836
500 0.664
500 0.874
500 0.766
500 0.7
500 0.798
500 0.866
500 0.764
500 0.852
500 0.89
500 0.814
500 0.82
500 0.738
500 0.768
500 0.836
500 0.814
500 0.854
500 0.744
500 0.772
500 0.84
500 0.812
500 0.806
500 0.874
500 0.858
500 0.81
500 0.702
500 0.632
500 0.654
500 0.832
500 0.43
500 0.736
500 0.766
500 0.868
500 0.86
500 0.708
500 0.82
500 0.858
500 0.854
500 0.918
550 0.707273
550 0.729091
550 0.838182
550 0.84
550 0.849091
550 0.701818
550 0.845455
550 0.798182
550 0.845455
550 0.685455
550 0.765455
550 0.769091
550 0.589091
550 0.914545
550 0.763636
550 0.836364
550 0.763636
550 0.852727
550 0.783636
550 0.834545
550 0.856364
550 0.78
550 0.825455
550 0.865455
550 0.894545
550 0.667273
550 0.881818
550 0.727273
550 0.776364
550 0.796364
550 0.86
550 0.558182
550 0.814545
550 0
550 0.883636
550 0.736364
550 0.725455
550 0.676364
550 0.825455
550 0.849091
550 0.847273
550 0.84
550 0.854545
550 0.785455
550 0.767273
550 0.792727
550 0.558182
550 0.687273
550 0.925455
550 0.878182
550 0.867273
550 0.796364
550 0.710909
550 0.821818
550 0.781818
550 0.823636
550 0.889091
550 0.832727
550 0.845455
550 0.727273
550 0.836364
550 0.847273
550 0.88
550 0.785455
550 0.798182
550 0.818182
550 0.847273
550 0.909091
550 0.665455
550 0.84
550 0.798182
550 0.830909
550 0.834545
550 0.721818
550 0.901818
600 0.771667
600 0.886667
600 0.923333
600 0.581667
600 0.865
600 0.883333
600 0.778333
600 0.905
600 0.861667
600 0.838333
600 0.806667
600 0.758333
600 0.631667
600 0.885
600 0.813333
600 0.793333
600 0.831667
600 0.74
600 0.836667
600 0.78
600 0.766667
600 0.883333
600 0.816667
600 0.868333
600 0.716667
600 0.873333
600 0.668333
600 0.815
600 0.698333
600 0.876667
600 0.835
600 0.835
600 0.823333
600 0.823333
600 0.876667
600 0.796667
600 0.823333
600 0.621667
600 0.81
600 0.878333
600 0.476667
600 0.863333
600 0.881667
600 0.838333
600 0.82
600 0.88
600 0.683333
600 0.855
600 0.706667
600 0.89
600 0.815
600 0.843333
600 0.875
600 0.796667
600 0.826667
600 0.88
600 0.846667
600 0.836667
600 0.84
600 0.795
600 0.87
600 0.896667
600 0.85
600 0.78
600 0.721667
600 0.803333
600 0.826667
600 0.766667
600 0.703333
600 0.846667
600 0.843333
600 0.813333
600 0.686667
600 0.83
600 0.685
650 0.841538
650 0.821538
650 0.841538
650 0.809231
650 0.572308
650 0.770769
650 0.710769
650 0.946154
650 0.86
650 0.870769
650 0.804615
650 0.818462
650 0.789231
650 0.809231
650 0.844615
650 0.864615
650 0.852308
650 0.767692
650 0.836923
650 0.881538
650 0.712308
650 0.830769
650 0.844615
650 0.912308
650 0.761538
650 0.830769
650 0.876923
650 0.584615
650 0.88
650 0.867692
650 0.796923
650 0.844615
650 0.88
650 0.807692
650 0.878462
650 0.770769
650 0.881538
650 0.776923
650 0.864615
650 0.9
650 0.84
650 0.869231
650 0.9
650 0.876923
650 0.856923
650 0.715385
650 0.852308
650 0.906154
650 0.863077
650 0.807692
650 0.903077
650 0.787692
650 0.781538
650 0.801538
650 0.806154
650 0.843077
650 0.889231
650 0.870769
650 0.609231
650 0.795385
650 0.915385
650 0.815385
650 0.773846
650 0.836923
650 0.864615
650 0.772308
650 0.86
650 0.896923
650 0.866154
650 0.746154
650 0.756923
650 0.832308
650 0.907692
650 0.870769
650 0.733846
700 0.811429
700 0.772857
700 0.848571
700 0.715714
700 0.844286
700 0.831429
700 0.82
700 0.828571
700 0.825714
700 0.801429
700 0.877143
700 0.905714
700 0.835714
700 0.811429
700 0.858571
700 0.737143
700 0.601429
700 0.908571
700 0.821429
700 0.815714
700 0.775714
700 0.877143
700 0.802857
700 0.841429
700 0.818571
700 0.841429
700 0.782857
700 0.732857
700 0.874286
700 0.874286
700 0.861429
700 0.872857
700 0.815714
700 0.83
700 0.798571
700 0.841429
700 0.898571
700 0.827143
700 0.832857
700 0.891429
700 0.741429
700 0.614286
700 0.792857
700 0.694286
700 0.82
700 0.897143
700 0.665714
700 0.852857
700 0.715714
700 0.884286
700 0.857143
700 0.797143
700 0.875714
700 0.847143
700 0.791429
700 0.932857
700 0.894286
700 0.758571
700 0.831429
700 0.787143
700 0.724286
700 0.814286
700 0.898571
700 0.8
700 0.682857
700 0.755714
700 0.854286
700 0.828571
700 0.721429
700 0.76
700 0.764286
700 0.94
700 0.88
700 0.854286
700 0.9
750 0.884
750 0.765333
750 0.705333
750 0.845333
750 0.848
750 0.869333
750 0.74
750 0.732
750 0.782667
750 0.801333
750 0.689333
750 0.868
750 0.768
750 0.849333
750 0.801333
750 0.824
750 0.428
750 0.702667
750 0.796
750 0.857333
750 0.852
750 0.809333
750 0.742667
750 0.888
750 0.889333
750 0.833333
750 0.752
750 0.870667
750 0.790667
750 0.769333
750 0.890667
750 0.8
750 0.929333
750 0.850667
750 0.772
750 0.729333
750 0.8
750 0.897333
750 0.730667
750 0.728
750 0.865333
750 0.630667
750 0.832
750 0.781333
750 0.770667
750 0.865333
750 0.852
750 0.881333
750 0.786667
750 0.812
750 0.904
750 0.898667
750 0.772
750 0.8
750 0.844
750 0.876
750 0.914667
750 0.793333
750 0.794667
750 0.798667
750 0.888
750 0.782667
750 0.885333
750 0.768
750 0.816
750 0.88
750 0.598667
750 0.810667
750 0.886667
750 0.808
750 0.865333
750 0.864
750 0.792
750 0.805333
750 0.857333
800 0.87375
800 0.7775
800 0.86625
800 0.80875
800 0.83125
800 0.81
800 0.79125
800 0.89375
800 0.84875
800 0.8575
800 0.8475
800 0.8975
800 0.74625
800 0.87125
800 0.8275
800 0.8525
800 0.90625
800 0.8475
800 0.8025
800 0.8225
800 0.92
800 0.8
800 0.7625
800 0.87
800 0.86125
800 0.78
800 0.7825
800 0.83
800 0.83875
800 0.81
800 0.92625
800 0.8725
800 0.7925
800 0.9125
800 0.835
800 0.805
800 0.77125
800 0.90625
800 0.73125
800 0.745
800 0.85
800 0.7875
800 0.8975
800 0.6725
800 0.82625
800 0.89125
800 0.805
800 0.795
800 0.63375
800 0.77375
800 0.77125
800 0.79875
800 0.84125
800 0.83375
800 0.795
800 0.7325
800 0.9075
800 0.81125
800 0.8275
800 0.83875
800 0.88375
800 0.89375
800 0.7225
800 0.81
800 0.7725
800 0.825
800 0.765
800 0.8625
800 0.8025
800 0.89625
800 0.8275
800 0.67875
800 0.855
800 0.8625
800 0.88
850 0.757647
850 0.8
850 0.84
850 0.874118
850 0.704706
850 0.801176
850 0.785882
850 0.828235
850 0.794118
850 0.797647
850 0.776471
850 0.803529
850 0.843529
850 0.797647
850 0.734118
850 0.783529
850 0.851765
850 0.854118
850 0.896471
850 0.834118
850 0.828235
850 0.934118
850 0.762353
850 0.822353
850 0.890588
850 0.842353
850 0.734118
850 0.690588
850 0.914118
850 0.891765
850 0.683529
850 0.809412
850 0.878824
850 0.761176
850 0.823529
850 0.818824
850 0.86
850 0.765882
850 0.872941
850 0.829412
850 0.858824
850 0.729412
850 0.811765
850 0.811765
850 0.908235
850 0.862353
850 0.884706
850 0.788235
850 0.623529
850 0.815294
850 0.847059
850 0.584706
850 0.86
850 0.801176
850 0.717647
850 0.784706
850 0.872941
850 0.851765
850 0.850588
850 0.870588
850 0.687059
850 0.778824
850 0.915294
850 0.865882
850 0.703529
850 0.849412
850 0.888235
850 0.764706
850 0.803529
850 0.810588
850 0.823529
850 0.765882
850 0.876471
850 0.831765
850 0.750588
900 0.875556
900 0.82
900 0.908889
900 0.793333
900 0.833333
900 0.823333
900 0.81
900 0.853333
900 0.862222
900 0.891111
900 0.864444
900 0.906667
900 0.861111
900 0.852222
900 0.893333
900 0.826667
900 0.72
900 0.761111
900 0.695556
900 0.915556
900 0.853333
900 0.715556
900 0.872222
900 0.748889
900 0.785556
900 0.628889
900 0.708889
900 0.916667
900 0.74
900 0.85
900 0.835556
900 0.705556
900 0.741111
900 0.806667
900 0.576667
900 0.89
900 0.885556
900 0.854444
900 0.864444
900 0.805556
900 0.905556
900 0.826667
900 0.838889
900 0.803333
900 0.826667
900 0.848889
900 0.832222
900 0.871111
900 0.88
900 0.891111
900 0.543333
900 0.896667
900 0.726667
900 0.76
900 0.783333
900 0.807778
900 0.837778
900 0.843333
900 0.833333
900 0.82
900 0.94
900 0.833333
900 0.856667
900 0.771111
900 0.745556
900 0.841111
900 0.833333
900 0.722222
900 0.928889
900 0.844444
900 0.866667
900 0.845556
900 0.761111
900 0.64
900 0.835556
950 0.842105
950 0.761053
950 0.788421
950 0.851579
950 0.908421
950 0.809474
950 0.810526
950 0.895789
950 0.843158
950 0.873684
950 0.784211
950 0.772632
950 0.887368
950 0.818947
950 0.802105
950 0.809474
950 0.815789
950 0.803158
950 0.903158
950 0.704211
950 0.883158
950 0.845263
950 0.853684
950 0.865263
950 0.934737
950 0.854737
950 0.781053
950 0.937895
950 0.918947
950 0.788421
950 0.782105
950 0.863158
950 0.88
950 0.906316
950 0.764211
950 0.912632
950 0.946316
950 0.773684
950 0.826316
950 0.798947
950 0.833684
950 0.884211
950 0.881053
950 0.846316
950 0.809474
950 0.772632
950 0.853684
950 0.849474
950 0.848421
950 0.933684
950 0.782105
950 0.495789
950 0.838947
950 0.857895
950 0.6
950 0.886316
950 0.918947
950 0.864211
950 0.877895
950 0.715789
950 0.794737
950 0.846316
950 0.826316
950 0.730526
950 0.798947
950 0.887368
950 0.727368
950 0.849474
950 0.832632
950 0.796842
950 0.801053
950 0.864211
950 0.903158
950 0.763158
950 0.864211
1000 0.872
1000 0.73
1000 0.888
1000 0.9
1000 0.939
1000 0.807
1000 0.642
1000 0.81
1000 0.769
1000 0.686
1000 0.854
1000 0.862
1000 0.863
1000 0.754
1000 0.826
1000 0.899
1000 0.848
1000 0.905
1000 0.8
1000 0.851
1000 0.93
1000 0.758
1000 0.661
1000 0.906
1000 0.836
1000 0.879
1000 0.846
1000 0.873
1000 0.862
1000 0.697
1000 0.784
1000 0.874
1000 0.842
1000 0.896
1000 0.766
1000 0.856
1000 0.861
1000 0.857
1000 0.864
1000 0.832
1000 0.809
1000 0.859
1000 0.83
1000 0.85
1000 0.918
1000 0.794
1000 0.873
1000 0.864
1000 0.792
1000 0.9
1000 0.859
1000 0.738
1000 0.776
1000 0.853
1000 0.85
1000 0.829
1000 0.86
1000 0.865
1000 0.896
1000 0.866
1000 0.805
1000 0.787
1000 0.819
1000 0.824
1000 0.871
1000 0.882
1000 0.824
1000 0.723
1000 0.898
1000 0.804
1000 0.833
1000 0.795
1000 0.883
1000 0.928
1000 0.81
1050 0.86381
1050 0.761905
1050 0.834286
1050 0.749524
1050 0.641905
1050 0.84381
1050 0.790476
1050 0.825714
1050 0.853333
1050 0.848571
1050 0.79619
1050 0.831429
1050 0.802857
1050 0.921905
1050 0.831429
1050 0.877143
1050 0.748571
1050 0.931429
1050 0.866667
1050 0.897143
1050 0.82
1050 0.830476
1050 0.732381
1050 0.817143
1050 0.92
1050 0.780952
1050 0.727619
1050 0.861905
1050 0.764762
1050 0.781905
1050 0.88381
1050 0.853333
1050 0.814286
1050 0.82
1050 0.824762
1050 0.728571
1050 0.815238
1050 0.893333
1050 0.733333
1050 0.80381
1050 0.787619
1050 0.848571
1050 0.770476
1050 0.805714
1050 0.904762
1050 0.906667
1050 0.889524
1050 0.797143
1050 0.807619
1050 0.855238
1050 0.87619
1050 0.719048
1050 0.813333
1050 0.814286
1050 0.885714
1050 0.859048
1050 0.762857
1050 0.854286
1050 0.73619
1050 0.871429
1050 0.82381
1050 0.88
1050 0.813333
1050 0.877143
1050 0.711429
1050 0.825714
1050 0.874286
1050 0.788571
1050 0.785714
1050 0.857143
1050 0.826667
1050 0.797143
1050 0.861905
1050 0.769524
1050 0.874286
1100 0.862727
1100 0.847273
1100 0.863636
1100 0.833636
1100 0.848182
1100 0.927273
1100 0.786364
1100 0.761818
1100 0.877273
1100 0.819091
1100 0.881818
1100 0.85
1100 0.874545
1100 0.899091
1100 0.810909
1100 0.900909
1100 0.863636
1100 0.862727
1100 0.712727
1100 0.812727
1100 0.82
1100 0.808182
1100 0.826364
1100 0.854545
1100 0.799091
1100 0.727273
1100 0.798182
1100 0.9
1100 0.861818
1100 0.858182
1100 0.816364
1100 0.913636
1100 0.882727
1100 0.896364
1100 0.796364
1100 0.837273
1100 0.712727
1100 0.824545
1100 0.815455
1100 0.813636
1100 0.903636
1100 0.840909
1100 0.850909
1100 0.819091
1100 0.889091
1100 0.911818
1100 0.760909
1100 0.816364
1100 0.863636
1100 0.833636
1100 0.836364
1100 0.892727
1100 0.845455
1100 0.776364
1100 0.792727
1100 0.921818
1100 0.882727
1100 0.845455
1100 0.738182
1100 0.873636
1100 0.838182
1100 0.810909
1100 0.756364
1100 0.75
1100 0.88
1100 0.777273
1100 0.813636
1100 0.888182
1100 0.824545
1100 0.827273
1100 0.827273
1100 0.819091
1100 0.813636
1100 0.815455
1100 0.388182
1150 0.854783
1150 0.78087
1150 0.804348
1150 0.84087
1150 0.931304
1150 0.887826
1150 0.837391
1150 0.89913
1150 0.92
1150 0.892174
1150 0.906087
1150 0.845217
1150 0.821739
1150 0.863478
1150 0.857391
1150 0.793913
1150 0.855652
1150 0.816522
1150 0.744348
1150 0.853043
1150 0.86
1150 0.898261
1150 0.807826
1150 0.811304
1150 0.825217
1150 0.886957
1150 0.915652
1150 0.882609
1150 0.869565
1150 0.894783
1150 0.867826
1150 0.851304
1150 0.843478
1150 0.763478
1150 0.812174
1150 0.891304
1150 0.885217
1150 0.84
1150 0.817391
1150 0.811304
1150 0.80087
1150 0.546087
1150 0.844348
1150 0.842609
1150 0.886087
1150 0.694783
1150 0.85913
1150 0.843478
1150 0.876522
1150 0.846087
1150 0.874783
1150 0.790435
1150 0.853043
1150 0.555652
1150 0.845217
1150 0.821739
1150 0.831304
1150 0.803478
1150 0.9
1150 0.81913
1150 0.871304
1150 0.931304
1150 0.908696
1150 0.725217
1150 0.817391
1150 0.864348
1150 0.873913
1150 0.82
1150 0.874783
1150 0.83913
1150 0.846957
1150 0.811304
1150 0.854783
1150 0.810435
1150 0.843478
1200 0.914167
1200 0.856667
1200 0.835
1200 0.838333
1200 0.826667
1200 0.9225
1200 0.8675
1200 0.775833
1200 0.870833
1200 0.803333
1200 0.791667
1200 0.788333
1200 0.846667
1200 0.818333
1200 0.7725
1200 0.903333
1200 0.8275
1200 0.914167
1200 0.904167
1200 0.798333
1200 0.7875
1200 0.783333
1200 0.861667
1200 0.879167
1200 0.848333
1200 0.811667
1200 0.890833
1200 0.826667
1200 0.8075
1200 0.885
1200 0.878333
1200 0.914167
1200 0.874167
1200 0.87
1200 0.843333
1200 0.806667
1200 0.8775
1200 0.893333
1200 0.809167
1200 0.795833
1200 0.809167
1200 0.6975
1200 0.815
1200 0.8925
1200 0.869167
1200 0.785833
1200 0.903333
1200 0.930833
1200 0.858333
1200 0.84
1200 0.824167
1200 0.846667
1200 0.8275
1200 0.7475
1200 0.86
1200 0.7725
1200 0.7375
1200 0.758333
1200 0.815833
1200 0.91
1200 0.885833
1200 0.874167
1200 0.876667
1200 0.845833
1200 0.853333
1200 0.809167
1200 0.835
1200 0.710833
1200 0.879167
1200 0.805833
1200 0.821667
1200 0.84
1200 0.808333
1200 0.88
1200 0.84
1250 0.8864
1250 0.844
1250 0.7952
1250 0.8152
1250 0.8264
1250 0.9192
1250 0.7624
1250 0.8024
1250 0.8024
1250 0.9136
1250 0.8304
1250 0.8696
1250 0.848
1250 0.864
1250 0.8416
1250 0.8592
1250 0.904
1250 0.7576
1250 0.8736
1250 0.848
1250 0.7296
1250 0.6672
1250 0.6616
1250 0.8288
1250 0.832
1250 0.8456
1250 0.8352
1250 0.7792
1250 0.8688
1250 0.8336
1250 0.8432
1250 0.836
1250 0.9048
1250 0.8912
1250 0.8224
1250 0.8544
1250 0.8312
1250 0.7432
1250 0.8952
1250 0.8112
1250 0.9152
1250 0.8656
1250 0.8336
1250 0.8536
1250 0.7768
1250 0.8048
1250 0.6848
1250 0.852
1250 0.8864
1250 0.7072
1250 0.8632
1250 0.8672
1250 0.8544
1250 0.7728
1250 0.8296
1250 0.832
1250 0.8368
1250 0.8784
1250 0.8296
1250 0.8024
1250 0.8384
1250 0.8584
1250 0.9104
1250 0.8024
1250 0.8136
1250 0.8984
1250 0.884
1250 0.8656
1250 0.8912
1250 0.824
1250 0.776
1250 0.8936
1250 0.8944
1250 0.9192
1250 0.8632
1300 0.756923
1300 0.813846
1300 0.853846
1300 0.863846
1300 0.816154
1300 0.916154
1300 0.793846
1300 0.942308
1300 0.783077
1300 0.903077
1300 0.860769
1300 0.83
1300 0.881538
1300 0.893077
1300 0.824615
1300 0.836154
1300 0.792308
1300 0.833077
1300 0.841538
1300 0.871538
1300 0.889231
1300 0.839231
1300 0.654615
1300 0.734615
1300 0.780769
1300 0.802308
1300 0.847692
1300 0.903846
1300 0.841538
1300 0.756154
1300 0.788462
1300 0.860769
1300 0.816154
1300 0.883077
1300 0.808462
1300 0.863846
1300 0.806923
1300 0.815385
1300 0.799231
1300 0.76
1300 0.86
1300 0.814615
1300 0.847692
1300 0.784615
1300 0.916154
1300 0.837692
1300 0.876923
1300 0.891538
1300 0.652308
1300 0.834615
1300 0.897692
1300 0.813846
1300 0.79
1300 0.818462
1300 0.819231
1300 0.925385
1300 0.869231
1300 0.921538
1300 0.880769
1300 0.757692
1300 0.855385
1300 0.782308
1300 0.766154
1300 0.847692
1300 0.746923
1300 0.869231
1300 0.918462
1300 0.869231
1300 0.84
1300 0.813077
1300 0.766923
1300 0.800769
1300 0.924615
1300 0.866923
1300 0.850769
1350 0.845185
1350 0.903704
1350 0.880741
1350 0.88963
1350 0.868148
1350 0.815556
1350 0.937778
1350 0.817778
1350 0.820741
1350 0.86963
1350 0.687407
1350 0.871852
1350 0.881481
1350 0.854815
1350 0.865926
1350 0.848889
1350 0.84963
1350 0.905185
1350 0.782222
1350 0.882963
1350 0.782963
1350 0.806667
1350 0.878519
1350 0.885926
1350 0.874815
1350 0.84
1350 0.858519
1350 0.905926
1350 0.812593
1350 0.821481
1350 0.874815
1350 0.834074
1350 0.878519
1350 0.860741
1350 0.78
1350 0.900741
1350 0.886667
1350 0.818519
1350 0.791852
1350 0.656296
1350 0.766667
1350 0.877037
1350 0.884444
1350 0.837037
1350 0.828148
1350 0.606667
1350 0.806667
1350 0.86963
1350 0.873333
1350 0.861481
1350 0.88
1350 0.824444
1350 0.699259
1350 0.884444
1350 0.864444
1350 0.842963
1350 0.745185
1350 0.904444
1350 0.854815
1350 0.882963
1350 0.825926
1350 0.88963
1350 0.895556
1350 0.782222
1350 0.808148
1350 0.868889
1350 0.787407
1350 0.834074
1350 0.878519
1350 0.877037
1350 0.862222
1350 0.779259
1350 0.856296
1350 0.788889
1350 0.793333
1400 0.844286
1400 0.86
1400 0.869286
1400 0.89
1400 0.89
1400 0.821429
1400 0.855714
1400 0.914286
1400 0.822143
1400 0.718571
1400 0.835714
1400 0.880714
1400 0.824286
1400 0.835
1400 0.871429
1400 0.662857
1400 0.831429
1400 0.869286
1400 0.855714
1400 0.865
1400 0.684286
1400 0.877143
1400 0.837143
1400 0.850714
1400 0.821429
1400 0.9
1400 0.866429
1400 0.889286
1400 0.817857
1400 0.839286
1400 0.809286
1400 0.756429
1400 0.859286
1400 0.861429
1400 0.874286
1400 0.804286
1400 0.885714
1400 0.887857
1400 0.791429
1400 0.855
1400 0.807857
1400 0.754286
1400 0.919286
1400 0.797857
1400 0.752857
1400 0.867143
1400 0.894286
1400 0.858571
1400 0.882857
1400 0.934286
1400 0.851429
1400 0.921429
1400 0.914286
1400 0.819286
1400 0.885714
1400 0.822143
1400 0.777143
1400 0.813571
1400 0.852143
1400 0.803571
1400 0.855
1400 0.899286
1400 0.797857
1400 0.906429
1400 0.92
1400 0.794286
1400 0.857857
1400 0.895
1400 0.855714
1400 0.847857
1400 0.797857
1400 0.688571
1400 0.742143
1400 0.852143
1400 0.857857
1450 0.846897
1450 0.802069
1450 0.814483
1450 0.844828
1450 0.906897
1450 0.910345
1450 0.846897
1450 0.695862
1450 0.845517
1450 0.914483
1450 0.781379
1450 0.821379
1450 0.793793
1450 0.711034
1450 0.889655
1450 0.809655
1450 0.842759
1450 0.825517
1450 0.887586
1450 0.874483
1450 0.866207
1450 0.86069
1450 0.903448
1450 0.767586
1450 0.883448
1450 0.810345
1450 0.883448
1450 0.90069
1450 0.788966
1450 0.885517
1450 0.83931
1450 0.898621
1450 0.866207
1450 0.886207
1450 0.852414
1450 0.86069
1450 0.886897
1450 0.828966
1450 0.84
1450 0.82069
1450 0.917931
1450 0.855862
1450 0.856552
1450 0.824138
1450 0.678621
1450 0.816552
1450 0.898621
1450 0.841379
1450 0.857931
1450 0.904828
1450 0.808276
1450 0.865517
1450 0.855172
1450 0.713103
1450 0.890345
1450 0.748276
1450 0.827586
1450 0.73931
1450 0.831034
1450 0.795862
1450 0.864828
1450 0.945517
1450 0.873103
1450 0.832414
1450 0.788276
1450 0.888276
1450 0.69931
1450 0.83931
1450 0.808276
1450 0.762759
1450 0.885517
1450 0.826897
1450 0.862069
1450 0.874483
1450 0.886207
1500 0.923333
1500 0.879333
1500 0.887333
1500 0.74
1500 0.868667
1500 0.854
1500 0.792667
1500 0.818667
1500 0.846667
1500 0.829333
1500 0.635333
1500 0.841333
1500 0.834667
1500 0.884
1500 0.923333
1500 0.964667
1500 0.794667
1500 0.871333
1500 0.826
1500 0.891333
1500 0.846
1500 0.824667
1500 0.889333
1500 0.849333
1500 0.864667
1500 0.755333
1500 0.754667
1500 0.844667
1500 0.806667
1500 0.868667
1500 0.874
1500 0.814667
1500 0.927333
1500 0.858
1500 0.84
1500 0.842667
1500 0.85
1500 0.489333
1500 0.835333
1500 0.932
1500 0.856
1500 0.85
1500 0.709333
1500 0.802
1500 0.832
1500 0.855333
1500 0.829333
1500 0.872
1500 0.812
1500 0.67
1500 0.763333
1500 0.814667
1500 0.764
1500 0.854
1500 0.813333
1500 0.821333
1500 0.878667
1500 0.836667
1500 0.893333
1500 0.788667
1500 0.726667
1500 0.727333
1500 0.926667
1500 0.9
1500 0.856
1500 0.861333
1500 0.900667
1500 0.776667
1500 0.875333
1500 0.734
1500 0.859333
1500 0.86
1500 0.724
1500 0.817333
1500 0.918
1550 0.917419
1550 0.892903
1550 0.830968
1550 0.874194
1550 0.846452
1550 0.837419
1550 0.830968
1550 0.811613
1550 0.936129
1550 0.654839
1550 0.873548
1550 0.757419
1550 0.805806
1550 0.907742
1550 0.805161
1550 0.832258
1550 0.870968
1550 0.78
1550 0.902581
1550 0.842581
1550 0.883871
1550 0.84129
1550 0.861935
1550 0.88129
1550 0.887097
1550 0.839355
1550 0.86129
1550 0.857419
1550 0.852258
1550 0.891613
1550 0.792903
1550 0.883226
1550 0.903226
1550 0.807742
1550 0.828387
1550 0.834194
1550 0.804516
1550 0.927097
1550 0.836774
1550 0.785806
1550 0.72
1550 0.817419
1550 0.915484
1550 0.838065
1550 0.839355
1550 0.810323
1550 0.880645
1550 0.835484
1550 0.876129
1550 0.866452
1550 0.814839
1550 0.849032
1550 0.910968
1550 0.883226
1550 0.894194
1550 0.814839
1550 0.809032
1550 0.812258
1550 0.796129
1550 0.928387
1550 0.889032
1550 0.896774
1550 0.881935
1550 0.826452
1550 0.835484
1550 0.916774
1550 0.621935
1550 0.863871
1550 0.843871
1550 0.823226
1550 0.64
1550 0.832258
1550 0.828387
1550 0.834194
1550 0.849032
1600 0.84125
1600 0.7925
1600 0.8425
1600 0.793125
1600 0.895
1600 0.791875
1600 0.855
1600 0.855625
1600 0.798125
1600 0.88375
1600 0.8675
1600 0.82
1600 0.905625
1600 0.85375
1600 0.87125
1600 0.874375
1600 0.795625
1600 0.814375
1600 0.8575
1600 0.80875
1600 0.843125
1600 0.86125
1600 0.875
1600 0.84
1600 0.92875
1600 0.91
1600 0.809375
1600 0.880625
1600 0.86375
1600 0.85
1600 0.808125
1600 0.835625
1600 0.884375
1600 0.805
1600 0.846875
1600 0.81875
1600 0.8375
1600 0.895625
1600 0.911875
1600 0.86375
1600 0.77
1600 0.920625
1600 0.795625
1600 0.86625
1600 0.859375
1600 0.861875
1600 0.776875
1600 0.861875
1600 0.81875
1600 0.78
1600 0.825
1600 0.95875
1600 0.875625
1600 0.866875
1600 0.85875
1600 0.926875
1600 0.81
1600 0.866875
1600 0.8875
1600 0.863125
1600 0.865625
1600 0.7875
1600 0.899375
1600 0.83375
1600 0.77375
1600 0.869375
1600 0.9
1600 0.878125
1600 0.7575
1600 0.853125
1600 0.7625
1600 0.800625
1600 0.883125
1600 0.8725
1600 0.831875
1650 0.750909
1650 0.792121
1650 0.820606
1650 0.9
1650 0.875152
1650 0.766667
1650 0.806667
1650 0.858182
1650 0.898788
1650 0.834545
1650 0.869091
1650 0.849091
1650 0.843636
1650 0.793939
1650 0.853333
1650 0.829091
1650 0.907879
1650 0.870909
1650 0.772121
1650 0.855758
1650 0.797576
1650 0.857576
1650 0.914545
1650 0.855758
1650 0.904242
1650 0.723636
1650 0.850303
1650 0.913939
1650 0.754545
1650 0.815152
1650 0.834545
1650 0.869091
1650 0.866061
1650 0.835758
1650 0.808485
1650 0.813333
1650 0.792727
1650 0.898788
1650 0.767879
1650 0.82303
1650 0.89697
1650 0.851515
1650 0.846667
1650 0.893939
1650 0.849697
1650 0.861818
1650 0.85697
1650 0.858182
1650 0.838182
1650 0.785455
1650 0.875152
1650 0.814545
1650 0.810909
1650 0.875758
1650 0.884242
1650 0.767879
1650 0.847879
1650 0.904848
1650 0.924848
1650 0.754545
1650 0.855758
1650 0.829091
1650 0.909091
1650 0.881818
1650 0.869091
1650 0.769091
1650 0.875758
1650 0.850909
1650 0.852727
1650 0.893333
1650 0.88
1650 0.810303
1650 0.854545
1650 0.809697
1650 0.825455
1700 0.848235
1700 0.892941
1700 0.733529
1700 0.849412
1700 0.860588
1700 0.892941
1700 0.773529
1700 0.799412
1700 0.86
1700 0.912941
1700 0.805882
1700 0.887059
1700 0.862353
1700 0.803529
1700 0.885882
1700 0.867059
1700 0.790588
1700 0.792353
1700 0.833529
1700 0.911176
1700 0.852941
1700 0.774118
1700 0.824706
1700 0.684118
1700 0.832353
1700 0.860588
1700 0.798235
1700 0.810588
1700 0.858824
1700 0.838235
1700 0.837647
1700 0.798235
1700 0.843529
1700 0.865882
1700 0.876471
1700 0.786471
1700 0.829412
1700 0.699412
1700 0.850588
1700 0.842353
1700 0.856471
1700 0.868235
1700 0.708235
1700 0.734118
1700 0.752941
1700 0.88
1700 0.735294
1700 0.853529
1700 0.848235
1700 0.880588
1700 0.769412
1700 0.824118
1700 0.911765
1700 0.84
1700 0.832941
1700 0.867647
1700 0.748235
1700 0.825882
1700 0.858235
1700 0.79
1700 0.902941
1700 0.881176
1700 0.792941
1700 0.791765
1700 0.903529
1700 0.893529
1700 0.844118
1700 0.848235
1700 0.859412
1700 0.738235
1700 0.786471
1700 0.819412
1700 0.636471
1700 0.902941
1700 0.772353
1750 0.815429
1750 0.896571
1750 0.782286
1750 0.84
1750 0.788571
1750 0.860571
1750 0.918857
1750 0.756571
1750 0.802286
1750 0.767429
1750 0.876571
1750 0.842286
1750 0.850857
1750 0.844
1750 0.840571
1750 0.845714
1750 0.922286
1750 0.905143
1750 0.828571
1750 0.826286
1750 0.851429
1750 0.900571
1750 0.894857
1750 0.669714
1750 0.792571
1750 0.816571
1750 0.848571
1750 0.756571
1750 0.823429
1750 0.856
1750 0.68
1750 0.893143
1750 0.818286
1750 0.802857
1750 0.769143
1750 0.772571
1750 0.919429
1750 0.817714
1750 0.593143
1750 0.886286
1750 0.862857
1750 0.808571
1750 0.808
1750 0.678286
1750 0.811429
1750 0.807429
1750 0.874286
1750 0.734286
1750 0.78
1750 0.848571
1750 0.805143
1750 0.916
1750 0.680571
1750 0.858286
1750 0.894286
1750 0.793143
1750 0.898857
1750 0.808571
1750 0.82
1750 0.856
1750 0.88
1750 0.851429
1750 0.854286
1750 0.804571
1750 0.811429
1750 0.873143
1750 0.766286
1750 0.756
1750 0.924571
1750 0.847429
1750 0.849143
1750 0.782286
1750 0.905143
1750 0.84
1750 0.761143
1800 0.893333
1800 0.847222
1800 0.824444
1800 0.837778
1800 0.882222
1800 0.833333
1800 0.832778
1800 0.829444
1800 0.855
1800 0.834444
1800 0.835
1800 0.842222
1800 0.869444
1800 0.825556
1800 0.868333
1800 0.845556
1800 0.683889
1800 0.864444
1800 0.841667
1800 0.882778
1800 0.763889
1800 0.88
1800 0.888333
1800 0.897222
1800 0.861111
1800 0.881667
1800 0.888889
1800 0.831111
1800 0.871667
1800 0.890556
1800 0.877222
1800 0.897222
1800 0.813333
1800 0.819444
1800 0.853333
1800 0.796111
1800 0.828333
1800 0.840556
1800 0.899444
1800 0.802222
1800 0.863333
1800 0.852222
1800 0.853333
1800 0.939444
1800 0.809444
1800 0.866111
1800 0.83
1800 0.818889
1800 0.871111
1800 0.825556
1800 0.812222
1800 0.825556
1800 0.860556
1800 0.799444
1800 0.852222
1800 0.737778
1800 0.827222
1800 0.842778
1800 0.867222
1800 0.867778
1800 0.842778
1800 0.804444
1800 0.870556
1800 0.877222
1800 0.883889
1800 0.870556
1800 0.898889
1800 0.865556
1800 0.837222
1800 0.946111
1800 0.881111
1800 0.672778
1800 0.865
1800 0.883889
1800 0.799444
1850 0.852432
1850 0.900541
1850 0.751351
1850 0.769189
1850 0.903243
1850 0.883243
1850 0.84973
1850 0.867568
1850 0.842703
1850 0.882162
1850 0.859459
1850 0.835676
1850 0.909189
1850 0.857838
1850 0.85027
1850 0.869189
1850 0.889189
1850 0.743784
1850 0.842162
1850 0.821622
1850 0.847568
1850 0.867027
1850 0.818378
1850 0.855135
1850 0.863784
1850 0.801622
1850 0.688108
1850 0.810811
1850 0.756216
1850 0.863784
1850 0.925946
1850 0.865405
1850 0.797297
1850 0.831351
1850 0.925405
1850 0.892973
1850 0.878378
1850 0.841622
1850 0.857297
1850 0.927027
1850 0.721622
1850 0.839459
1850 0.83027
1850 0.84973
1850 0.857838
1850 0.854595
1850 0.712973
1850 0.808649
1850 0.899459
1850 0.798378
1850 0.880541
1850 0.877838
1850 0.763243
1850 0.734595
1850 0.741081
1850 0.805405
1850 0.818919
1850 0.84
1850 0.742703
1850 0.81027
1850 0.859459
1850 0.888649
1850 0.777838
1850 0.821081
1850 0.831892
1850 0.844865
1850 0.86973
1850 0.841081
1850 0.908649
1850 0.814054
1850 0.829189
1850 0.872973
1850 0.836757
1850 0.816757
1850 0.881081
1900 0.89
1900 0.799474
1900 0.842105
1900 0.826316
1900 0.85
1900 0.852105
1900 0.822632
1900 0.796842
1900 0.881579
1900 0.833158
1900 0.843158
1900 0.737368
1900 0.859474
1900 0.772105
1900 0.828947
1900 0.862105
1900 0.874737
1900 0.833158
1900 0.806316
1900 0.886842
1900 0.81
1900 0.827895
1900 0.825789
1900 0.882105
1900 0.800526
1900 0.825263
1900 0.833684
1900 0.844737
1900 0.795789
1900 0.857895
1900 0.864737
1900 0.838421
1900 0.961053
1900 0.882105
1900 0.837368
1900 0.827368
1900 0.84
1900 0.92
1900 0.822632
1900 0.835263
1900 0.861053
1900 0.836842
1900 0.834211
1900 0.895263
1900 0.871053
1900 0.808947
1900 0.871579
1900 0.889474
1900 0.837368
1900 0.867368
1900 0.842632
1900 0.880526
1900 0.847895
1900 0.876316
1900 0.851579
1900 0.823684
1900 0.844737
1900 0.89
1900 0.861579
1900 0.877368
1900 0.887368
1900 0.866316
1900 0.804211
1900 0.817895
1900 0.825789
1900 0.804211
1900 0.908947
1900 0.885263
1900 0.845789
1900 0.862105
1900 0.669474
1900 0.816316
1900 0.82
1900 0.864737
1900 0.721579
1950 0.901538
1950 0.828718
1950 0.89641
1950 0.909231
1950 0.889744
1950 0.842051
1950 0.681538
1950 0.869231
1950 0.825128
1950 0.882564
1950 0.942051
1950 0.89641
1950 0.899487
1950 0.31641
1950 0.825128
1950 0.87641
1950 0.888205
1950 0.866667
1950 0.755385
1950 0.799487
1950 0.853846
1950 0.865128
1950 0.819487
1950 0.898462
1950 0.912308
1950 0.94
1950 0.852308
1950 0.864615
1950 0.861026
1950 0.874359
1950 0.867179
1950 0.882051
1950 0.806667
1950 0.790769
1950 0.833333
1950 0.771795
1950 0.793333
1950 0.888205
1950 0.82
1950 0.709744
1950 0.803077
1950 0.800513
1950 0.879487
1950 0.796923
1950 0.933846
1950 0.925128
1950 0.908205
1950 0.882051
1950 0.792821
1950 0.901026
1950 0.835897
1950 0.872821
1950 0.802051
1950 0.806154
1950 0.857436
1950 0.830769
1950 0.866154
1950 0.797436
1950 0.813846
1950 0.810769
1950 0.829231
1950 0.821026
1950 0.873846
1950 0.856923
1950 0.865128
1950 0.885641
1950 0.838974
1950 0.866154
1950 0.753333
1950 0.809744
1950 0.878462
1950 0.818974
1950 0.808205
1950 0.871282
1950 0.774359
2000 0.829
2000 0.8995
2000 0.8675
2000 0.791
2000 0.837
2000 0.774
2000 0.791
2000 0.73
2000 0.8505
2000 0.839
2000 0.803
2000 0.8745
2000 0.8815
2000 0.877
2000 0.8845
2000 0.883
2000 0.8745
2000 0.797
2000 0.7675
2000 0.8105
2000 0.8235
2000 0.8205
2000 0.7025
2000 0.8065
2000 0.8155
2000 0.7965
2000 0.8325
2000 0.8415
2000 0.868
2000 0.8705
2000 0.9135
2000 0.825
2000 0.883
2000 0.7815
2000 0.746
2000 0.8425
2000 0.879
2000 0.868
2000 0.858
2000 0.76
2000 0.8815
2000 0.924
2000 0.887
2000 0.798
2000 0.8755
2000 0.833
2000 0.8415
2000 0.798
2000 0.713
2000 0.861
2000 0.9045
2000 0.8255
2000 0.7995
2000 0.8055
2000 0.9015
2000 0.8605
2000 0.846
2000 0.8515
2000 0.8445
2000 0.8455
2000 0.838
2000 0.86
2000 0.7905
2000 0.8005
2000 0.7655
2000 0.882
2000 0.7465
2000 0.83
2000 0.8765
2000 0.86
2000 0.8955
2000 0.8685
2000 0.9145
2000 0.863
2000 0.8455
