50 0
50 0.06
50 0.06
50 0.02
50 0.42
50 0.18
50 0.32
50 0.54
50 0.02
50 0.22
50 0.22
50 0.12
50 0.26
50 0.28
50 0.18
50 0.26
50 0.08
50 0.66
50 0.18
50 0.1
50 0
50 0
50 0.08
50 0.02
50 0.06
50 0.2
50 0
50 0.28
50 0.36
50 0
50 0.24
50 0.18
50 0.22
50 0.02
50 0.12
50 0.06
50 0.58
50 0.06
50 0.18
50 0
50 0.02
50 0
50 0
50 0.16
50 0.52
50 0.52
50 0.22
50 0.1
50 0.28
50 0.36
50 0.46
50 0.12
50 0.4
50 0.14
50 0.64
50 0
50 0.5
50 0.12
50 0
50 0
50 0
50 0.06
50 0.2
50 0.08
50 0
50 0.42
50 0.18
50 0.22
50 0.48
50 0.1
50 0.12
50 0.08
50 0.36
50 0.02
50 0.18
100 0.23
100 0
100 0.1
100 0.24
100 0.68
100 0.74
100 0.52
100 0.68
100 0.8
100 0.46
100 0.81
100 0.03
100 0.39
100 0.38
100 0.91
100 0.4
100 0.57
100 0.43
100 0.2
100 0.82
100 0.79
100 0.67
100 0.68
100 0.75
100 0.57
100 0.32
100 0.2
100 0.59
100 0.22
100 0.6
100 0.76
100 0.45
100 0.1
100 0.81
100 0.79
100 0.48
100 0.74
100 0.6
100 0.16
100 0.44
100 0.65
100 0.84
100 0.42
100 0.83
100 0.6
100 0.79
100 0.43
100 0
100 0.73
100 0.47
100 0.7
100 0.36
100 0.22
100 0.62
100 0.51
100 0.95
100 0.74
100 0.68
100 0.81
100 0.79
100 0.72
100 0.4
100 0.32
100 0.75
100 0.36
100 0.08
100 0.73
100 0.39
100 0.58
100 0.65
100 0.05
100 0.64
100 0.5
100 0.07
100 0.8
150 0.6
150 0.646667
150 0.76
150 0.646667
150 0.533333
150 0.813333
150 0.74
150 0.813333
150 0.82
150 0.18
150 0.7
150 0.693333
150 0.46
150 0.613333
150 0.866667
150 0.646667
150 0.886667
150 0.506667
150 0.706667
150 0.86
150 0.746667
150 0.826667
150 0.56
150 0.266667
150 0.78
150 0.733333
150 0.36
150 0.82
150 0.713333
150 0.646667
150 0.646667
150 0.566667
150 0.793333
150 0.853333
150 0.673333
150 0.526667
150 0.38
150 0.493333
150 0.413333
150 0.786667
150 0.713333
150 0.62
150 0.353333
150 0.406667
150 0.36
150 0.846667
150 0.493333
150 0.306667
150 0.713333
150 0.486667
150 0.546667
150 0.513333
150 0.7
150 0.793333
150 0.613333
150 0.786667
150 0.733333
150 0.773333
150 0.386667
150 0.693333
150 0.76
150 0.82
150 0.433333
150 0.34
150 0.8
150 0.326667
150 0.593333
150 0.22
150 0.826667
150 0.44
150 0.873333
150 0.48
150 0.82
150 0.693333
150 0.82
200 0.61
200 0.455
200 0.835
200 0.72
200 0.65
200 0.815
200 0.61
200 0.86
200 0.74
200 0.25
200 0.86
200 0.63
200 0.865
200 0.785
200 0.775
200 0.475
200 0.585
200 0.86
200 0.79
200 0.79
200 0.725
200 0.905
200 0.195
200 0.8
200 0.75
200 0.685
200 0.815
200 0.44
200 0.575
200 0.75
200 0.595
200 0.6
200 0.84
200 0.82
200 0.24
200 0.64
200 0.385
200 0.69
200 0.335
200 0.465
200 0.71
200 0.755
200 0.635
200 0.47
200 0.86
200 0.65
200 0.775
200 0.855
200 0.78
200 0.785
200 0.115
200 0.705
200 0.385
200 0.45
200 0.59
200 0.485
200 0.795
200 0.695
200 0.82
200 0.565
200 0.28
200 0.71
200 0.805
200 0.785
200 0.64
200 0.56
200 0.61
200 0.765
200 0.65
200 0.83
200 0.795
200 0.425
200 0.86
200 0.785
200 0.62
250 0.708
250 0.856
250 0.648
250 0.756
250 0.892
250 0.876
250 0.764
250 0.628
250 0.436
250 0.724
250 0.772
250 0.728
250 0.6
250 0.56
250 0.78
250 0.868
250 0.7
250 0.836
250 0.824
250 0.772
250 0.856
250 0.604
250 0.696
250 0.456
250 0.908
250 0.888
250 0.692
250 0.668
250 0.396
250 0.796
250 0.616
250 0.488
250 0.608
250 0.708
250 0.756
250 0.444
250 0.84
250 0.74
250 0.652
250 0.812
250 0.828
250 0.512
250 0.676
250 0.596
250 0.82
250 0.864
250 0.772
250 0.58
250 0.792
250 0.552
250 0.808
250 0.724
250 0.38
250 0.468
250 0.812
250 0.812
250 0.772
250 0.62
250 0.644
250 0
250 0.848
250 0.728
250 0.812
250 0.816
250 0.664
250 0.668
250 0.808
250 0.716
250 0.836
250 0.78
250 0.756
250 0.304
250 0.736
250 0.772
250 0.796
300 0.846667
300 0.773333
300 0.713333
300 0.823333
300 0.376667
300 0.72
300 0.713333
300 0.156667
300 0.456667
300 0.796667
300 0.883333
300 0.763333
300 0.736667
300 0.79
300 0.78
300 0.556667
300 0.736667
300 0.83
300 0.71
300 0.843333
300 0.67
300 0.573333
300 0.796667
300 0.593333
300 0.67
300 0.836667
300 0.813333
300 0.823333
300 0.653333
300 0.66
300 0.7
300 0.8
300 0.556667
300 0.756667
300 0.756667
300 0.843333
300 0.8
300 0.88
300 0.773333
300 0.766667
300 0.86
300 0.56
300 0.776667
300 0.57
300 0.736667
300 0.593333
300 0.626667
300 0.623333
300 0.453333
300 0.783333
300 0.52
300 0.773333
300 0.676667
300 0.793333
300 0.66
300 0.676667
300 0.55
300 0.763333
300 0.73
300 0.776667
300 0.766667
300 0.77
300 0.86
300 0.746667
300 0.763333
300 0.573333
300 0.933333
300 0.726667
300 0.776667
300 0.893333
300 0.843333
300 0.673333
300 0.85
300 0.773333
300 0.756667
350 0.731429
350 0.891429
350 0.591429
350 0.64
350 0.674286
350 0.677143
350 0.66
350 0.765714
350 0.845714
350 0.78
350 0.842857
350 0.648571
350 0.788571
350 0.737143
350 0.865714
350 0.668571
350 0.708571
350 0.865714
350 0.745714
350 0.422857
350 0.831429
350 0.614286
350 0.828571
350 0.72
350 0.74
350 0.831429
350 0.802857
350 0.74
350 0.788571
350 0.771429
350 0.622857
350 0.825714
350 0.788571
350 0.837143
350 0.782857
350 0.585714
350 0.814286
350 0.488571
350 0.797143
350 0.748571
350 0.84
350 0.8
350 0.877143
350 0.797143
350 0.9
350 0.645714
350 0.531429
350 0.491429
350 0.757143
350 0.782857
350 0.78
350 0.377143
350 0.777143
350 0.557143
350 0.731429
350 0.877143
350 0.9
350 0.711429
350 0.771429
350 0.777143
350 0.837143
350 0.865714
350 0.757143
350 0.8
350 0.568571
350 0.797143
350 0.805714
350 0.825714
350 0.942857
350 0.777143
350 0.834286
350 0.874286
350 0.497143
350 0.808571
350 0.634286
400 0.8575
400 0.7225
400 0.735
400 0.725
400 0.7125
400 0.7975
400 0.7975
400 0.56
400 0.7975
400 0.8425
400 0.8575
400 0.825
400 0.8425
400 0.69
400 0.8325
400 0.6875
400 0.7875
400 0.405
400 0.87
400 0.8975
400 0.605
400 0.72
400 0.7625
400 0.705
400 0.705
400 0.5325
400 0.705
400 0.69
400 0.7925
400 0.7925
400 0.805
400 0.7025
400 0.725
400 0.8175
400 0.645
400 0.8975
400 0.7775
400 0.4775
400 0.79
400 0.7175
400 0.785
400 0.8075
400 0.6475
400 0.7925
400 0.8825
400 0.7475
400 0.8025
400 0.5975
400 0.8075
400 0.8775
400 0.8775
400 0.86
400 0.8425
400 0.73
400 0.765
400 0.8475
400 0.7525
400 0.495
400 0.6175
400 0.7425
400 0.835
400 0.7975
400 0.8375
400 0.79
400 0.7775
400 0.8075
400 0.7875
400 0.805
400 0.895
400 0.795
400 0.765
400 0.8225
400 0.85
400 0.84
400 0.895
450 0.815556
450 0.731111
450 0.606667
450 0.871111
450 0.92
450 0.706667
450 0.657778
450 0.773333
450 0.82
450 0.675556
450 0.846667
450 0.791111
450 0.677778
450 0.726667
450 0.724444
450 0.795556
450 0.773333
450 0.78
450 0.766667
450 0.88
450 0.886667
450 0.928889
450 0.535556
450 0.811111
450 0.755556
450 0.72
450 0.735556
450 0.655556
450 0.52
450 0.562222
450 0.815556
450 0.7
450 0.795556
450 0.788889
450 0.74
450 0.835556
450 0.811111
450 0.853333
450 0.815556
450 0.713333
450 0.66
450 0.833333
450 0.671111
450 0.842222
450 0.871111
450 0.811111
450 0.784444
450 0.726667
450 0.822222
450 0.8
450 0.688889
450 0.717778
450 0.775556
450 0.844444
450 0.837778
450 0.646667
450 0.626667
450 0.815556
450 0.848889
450 0.908889
450 0.735556
450 0.735556
450 0.791111
450 0.748889
450 0.748889
450 0.782222
450 0.644444
450 0.682222
450 0.762222
450 0.742222
450 0.68
450 0.826667
450 0.793333
450 0.768889
450 0.415556
500 0.848
500 0.88
500 0.818
500 0.79
500 0.738
500 0.734
500 0.85
500 0.848
500 0.734
500 0.798
500 0.722
500 0.802
500 0.796
500 0.74
500 0.776
500 0.802
500 0.93
500 0.77
500 0.664
500 0.736
500 0.852
500 0.882
500 0.826
500 0.77
500 0.766
500 0.756
500 0.82
500 0.88
500 0.89
500 0.594
500 0.776
500 0.768
500 0.694
500 0.812
500 0.786
500 0.552
500 0.752
500 0.836
500 0.82
500 0.742
500 0.908
500 0.856
500 0.806
500 0.738
500 0.788
500 0.758
500 0.83
500 0.814
500 0.834
500 0.672
500 0.762
500 0.78
500 0.904
500 0.856
500 0.726
500 0.862
500 0.866
500 0.782
500 0.834
500 0.792
500 0.846
500 0.806
500 0.956
500 0.528
500 0.67
500 0.624
500 0.768
500 0.844
500 0.878
500 0.802
500 0.812
500 0.848
500 0.87
500 0.842
500 0.836
550 0.66
550 0.703636
550 0.754545
550 0.792727
550 0.790909
550 0.830909
550 0.789091
550 0.761818
550 0.721818
550 0.850909
550 0.852727
550 0.798182
550 0.721818
550 0.852727
550 0.849091
550 0.778182
550 0.716364
550 0.821818
550 0.847273
550 0.712727
550 0.794545
550 0.736364
550 0.876364
550 0.516364
550 0.872727
550 0.792727
550 0.84
550 0.765455
550 0.750909
550 0.785455
550 0.823636
550 0.6
550 0.798182
550 0.150909
550 0.78
550 0.736364
550 0.730909
550 0.643636
550 0.798182
550 0.830909
550 0.783636
550 0.772727
550 0.747273
550 0.72
550 0.916364
550 0.787273
550 0.363636
550 0.827273
550 0.74
550 0.836364
550 0.947273
550 0.841818
550 0.805455
550 0.66
550 0.814545
550 0.941818
550 0.849091
550 0.870909
550 0.745455
550 0.516364
550 0.809091
550 0.8
550 0.805455
550 0.8
550 0.723636
550 0.727273
550 0.609091
550 0.878182
550 0.661818
550 0.787273
550 0.769091
550 0.829091
550 0.763636
550 0.841818
550 0.710909
600 0.776667
600 0.766667
600 0.831667
600 0.733333
600 0.63
600 0.78
600 0.795
600 0.818333
600 0.8
600 0.831667
600 0.711667
600 0.821667
600 0.708333
600 0.855
600 0.84
600 0.811667
600 0.66
600 0.771667
600 0.803333
600 0.691667
600 0.891667
600 0.71
600 0.743333
600 0.835
600 0.728333
600 0.845
600 0.848333
600 0.823333
600 0.808333
600 0.766667
600 0.725
600 0.775
600 0.761667
600 0.81
600 0.806667
600 0.8
600 0.675
600 0.65
600 0.815
600 0.76
600 0.905
600 0.88
600 0.696667
600 0.821667
600 0.91
600 0.743333
600 0.761667
600 0.796667
600 0.761667
600 0.881667
600 0.65
600 0.69
600 0.925
600 0.881667
600 0.858333
600 0.77
600 0.78
600 0.89
600 0.818333
600 0.753333
600 0.873333
600 0.685
600 0.835
600 0.835
600 0.805
600 0.785
600 0.695
600 0.776667
600 0.805
600 0.88
600 0.868333
600 0.756667
600 0.801667
600 0.903333
600 0.83
650 0.810769
650 0.833846
650 0.713846
650 0.823077
650 0.673846
650 0.818462
650 0.943077
650 0.456923
650 0.703077
650 0.766154
650 0.606154
650 0.82
650 0.767692
650 0.663077
650 0.532308
650 0.815385
650 0.932308
650 0.755385
650 0.635385
650 0.790769
650 0.64
650 0.489231
650 0.815385
650 0.72
650 0.76
650 0.776923
650 0.816923
650 0.801538
650 0.896923
650 0.861538
650 0.82
650 0.838462
650 0.856923
650 0.809231
650 0.632308
650 0.833846
650 0.755385
650 0.770769
650 0.789231
650 0.858462
650 0.843077
650 0.807692
650 0.784615
650 0.769231
650 0.82
650 0.787692
650 0.853846
650 0.572308
650 0.827692
650 0.816923
650 0.778462
650 0.798462
650 0.873846
650 0.812308
650 0.813846
650 0.895385
650 0.861538
650 0.903077
650 0.721538
650 0.66
650 0.806154
650 0.813846
650 0.566154
650 0.789231
650 0.835385
650 0.752308
650 0.763077
650 0.809231
650 0.94
650 0.789231
650 0.703077
650 0.815385
650 0.836923
650 0.861538
650 0.753846
700 0.841429
700 0.835714
700 0.707143
700 0.848571
700 0.862857
700 0.817143
700 0.735714
700 0.847143
700 0.938571
700 0.871429
700 0.811429
700 0.887143
700 0.874286
700 0.895714
700 0.752857
700 0.764286
700 0.572857
700 0.868571
700 0.832857
700 0.771429
700 0.77
700 0.917143
700 0.83
700 0.795714
700 0.798571
700 0.56
700 0.82
700 0.838571
700 0.862857
700 0.812857
700 0.715714
700 0.714286
700 0.832857
700 0.93
700 0.817143
700 0.765714
700 0.904286
700 0.76
700 0.737143
700 0.832857
700 0.69
700 0.607143
700 0.88
700 0.697143
700 0.622857
700 0.838571
700 0.69
700 0.884286
700 0.96
700 0.771429
700 0.854286
700 0.774286
700 0.875714
700 0.765714
700 0.792857
700 0.75
700 0.81
700 0.865714
700 0.827143
700 0.851429
700 0.688571
700 0.794286
700 0.868571
700 0.74
700 0.937143
700 0.794286
700 0.79
700 0.785714
700 0.775714
700 0.747143
700 0.827143
700 0.767143
700 0.73
700 0.76
700 0.812857
750 0.874667
750 0.764
750 0.718667
750 0.750667
750 0.844
750 0.569333
750 0.785333
750 0.794667
750 0.76
750 0.613333
750 0.752
750 0.76
750 0.852
750 0.689333
750 0.788
750 0.9
750 0.68
750 0.793333
750 0.784
750 0.833333
750 0.869333
750 0.821333
750 0.654667
750 0.876
750 0.784
750 0.836
750 0.762667
750 0.828
750 0.789333
750 0.666667
750 0.842667
750 0.756
750 0.836
750 0.588
750 0.773333
750 0.728
750 0.774667
750 0.776
750 0.72
750 0.789333
750 0.736
750 0.750667
750 0.850667
750 0.738667
750 0.834667
750 0.853333
750 0.850667
750 0.844
750 0.749333
750 0.757333
750 0.841333
750 0.782667
750 0.829333
750 0.917333
750 0.769333
750 0.826667
750 0.773333
750 0.681333
750 0.722667
750 0.892
750 0.786667
750 0.821333
750 0.844
750 0.76
750 0.858667
750 0.809333
750 0.788
750 0.805333
750 0.765333
750 0.864
750 0.757333
750 0.757333
750 0.881333
750 0.76
750 0.862667
800 0.895
800 0.7575
800 0.9125
800 0.895
800 0.7725
800 0.7625
800 0.8375
800 0.83875
800 0.88125
800 0.67875
800 0.85
800 0.745
800 0.815
800 0.84125
800 0.8525
800 0.75375
800 0.75375
800 0.75875
800 0.8
800 0.83
800 0.85875
800 0.7825
800 0.80875
800 0.765
800 0.8
800 0.8575
800 0.63
800 0.8125
800 0.8875
800 0.92375
800 0.78
800 0.77125
800 0.84125
800 0.8125
800 0.83125
800 0.77125
800 0.6525
800 0.8875
800 0.79375
800 0.82375
800 0.87125
800 0.78375
800 0.765
800 0.7575
800 0.8025
800 0.8025
800 0.73
800 0.54
800 0.7475
800 0.61375
800 0.75375
800 0.80125
800 0.79375
800 0.72625
800 0.78625
800 0.82625
800 0.7875
800 0.795
800 0.83
800 0.855
800 0.835
800 0.865
800 0.76625
800 0.80875
800 0.8325
800 0.8225
800 0.855
800 0.77
800 0.85
800 0.9125
800 0.74625
800 0.5975
800 0.81125
800 0.87625
800 0.8975
850 0.765882
850 0.68
850 0.885882
850 0.774118
850 0.795294
850 0.784706
850 0.791765
850 0.781176
850 0.796471
850 0.829412
850 0.589412
850 0.831765
850 0.742353
850 0.782353
850 0.801176
850 0.855294
850 0.747059
850 0.785882
850 0.874118
850 0.767059
850 0.642353
850 0.867059
850 0.805882
850 0.758824
850 0.865882
850 0.722353
850 0.86
850 0.670588
850 0.809412
850 0.617647
850 0.52
850 0.765882
850 0.935294
850 0.714118
850 0.782353
850 0.770588
850 0.730588
850 0.795294
850 0.84
850 0.881176
850 0.694118
850 0.755294
850 0.8
850 0.869412
850 0.781176
850 0.851765
850 0.810588
850 0.795294
850 0.857647
850 0.758824
850 0.875294
850 0.548235
850 0.749412
850 0.843529
850 0.865882
850 0.8
850 0.823529
850 0.823529
850 0.784706
850 0.905882
850 0.844706
850 0.898824
850 0.914118
850 0.783529
850 0.805882
850 0.828235
850 0.911765
850 0.822353
850 0.86
850 0.891765
850 0.801176
850 0.843529
850 0.838824
850 0.801176
850 0.710588
900 0.874444
900 0.794444
900 0.778889
900 0.885556
900 0.8
900 0.853333
900 0.821111
900 0.853333
900 0.865556
900 0.818889
900 0.716667
900 0.876667
900 0.757778
900 0.833333
900 0.748889
900 0.655556
900 0.84
900 0.811111
900 0.773333
900 0.87
900 0.843333
900 0.572222
900 0.905556
900 0.871111
900 0.768889
900 0.724444
900 0.831111
900 0.766667
900 0.865556
900 0.834444
900 0.743333
900 0.82
900 0.765556
900 0.824444
900 0.383333
900 0.883333
900 0.883333
900 0.818889
900 0.854444
900 0.825556
900 0.691111
900 0.824444
900 0.838889
900 0.733333
900 0.806667
900 0.891111
900 0.716667
900 0.841111
900 0.898889
900 0.874444
900 0.865556
900 0.797778
900 0.771111
900 0.877778
900 0.894444
900 0.932222
900 0.838889
900 0.733333
900 0.841111
900 0.763333
900 0.816667
900 0.798889
900 0.837778
900 0.787778
900 0.811111
900 0.896667
900 0.86
900 0.871111
900 0.728889
900 0.817778
900 0.842222
900 0.812222
900 0.837778
900 0.742222
900 0.771111
950 0.756842
950 0.791579
950 0.768421
950 0.853684
950 0.824211
950 0.736842
950 0.744211
950 0.835789
950 0.816842
950 0.847368
950 0.716842
950 0.737895
950 0.882105
950 0.782105
950 0.893684
950 0.822105
950 0.814737
950 0.868421
950 0.848421
950 0.843158
950 0.827368
950 0.791579
950 0.778947
950 0.765263
950 0.792632
950 0.911579
950 0.795789
950 0.887368
950 0.801053
950 0.801053
950 0.769474
950 0.822105
950 0.761053
950 0.809474
950 0.885263
950 0.664211
950 0.853684
950 0.84
950 0.869474
950 0.824211
950 0.870526
950 0.791579
950 0.847368
950 0.895789
950 0.890526
950 0.741053
950 0.818947
950 0.810526
950 0.827368
950 0.915789
950 0.768421
950 0.763158
950 0.753684
950 0.78
950 0.722105
950 0.689474
950 0.721053
950 0.874737
950 0.838947
950 0.832632
950 0.817895
950 0.821053
950 0.747368
950 0.854737
950 0.853684
950 0.748421
950 0.748421
950 0.817895
950 0.887368
950 0.790526
950 0.797895
950 0.804211
950 0.887368
950 0.790526
950 0.868421
1000 0.875
1000 0.719
1000 0.903
1000 0.826
1000 0.747
1000 0.875
1000 0.791
1000 0.84
1000 0.626
1000 0.686
1000 0.537
1000 0.897
1000 0.76
1000 0.788
1000 0.873
1000 0.803
1000 0.865
1000 0.778
1000 0.817
1000 0.914
1000 0.776
1000 0.771
1000 0.746
1000 0.82
1000 0.849
1000 0.938
1000 0.851
1000 0.851
1000 0.804
1000 0.784
1000 0.766
1000 0.65
1000 0.812
1000 0.808
1000 0.932
1000 0.817
1000 0.861
1000 0.829
1000 0.819
1000 0.887
1000 0.771
1000 0.827
1000 0.809
1000 0.844
1000 0.808
1000 0.839
1000 0.654
1000 0.903
1000 0.789
1000 0.826
1000 0.744
1000 0.769
1000 0.901
1000 0.805
1000 0.81
1000 0.746
1000 0.845
1000 0.779
1000 0.808
1000 0.866
1000 0.811
1000 0.721
1000 0.821
1000 0.827
1000 0.872
1000 0.839
1000 0.774
1000 0.779
1000 0.842
1000 0.86
1000 0.869
1000 0.865
1000 0.829
1000 0.765
1000 0.814
1050 0.814286
1050 0.826667
1050 0.86381
1050 0.813333
1050 0.653333
1050 0.821905
1050 0.878095
1050 0.824762
1050 0.88381
1050 0.618095
1050 0.79619
1050 0.695238
1050 0.768571
1050 0.818095
1050 0.880952
1050 0.786667
1050 0.750476
1050 0.810476
1050 0.819048
1050 0.878095
1050 0.833333
1050 0.914286
1050 0.868571
1050 0.840952
1050 0.598095
1050 0.819048
1050 0.909524
1050 0.754286
1050 0.794286
1050 0.728571
1050 0.809524
1050 0.738095
1050 0.613333
1050 0.833333
1050 0.812381
1050 0.68
1050 0.83619
1050 0.791429
1050 0.757143
1050 0.88381
1050 0.86
1050 0.74
1050 0.809524
1050 0.865714
1050 0.850476
1050 0.84
1050 0.777143
1050 0.83619
1050 0.897143
1050 0.835238
1050 0.72
1050 0.844762
1050 0.793333
1050 0.801905
1050 0.892381
1050 0.684762
1050 0.875238
1050 0.84381
1050 0.768571
1050 0.829524
1050 0.844762
1050 0.655238
1050 0.820952
1050 0.739048
1050 0.664762
1050 0.875238
1050 0.840952
1050 0.720952
1050 0.839048
1050 0.860952
1050 0.755238
1050 0.837143
1050 0.808571
1050 0.82
1050 0.786667
1100 0.885455
1100 0.776364
1100 0.918182
1100 0.830909
1100 0.750909
1100 0.832727
1100 0.833636
1100 0.819091
1100 0.759091
1100 0.696364
1100 0.758182
1100 0.858182
1100 0.855455
1100 0.795455
1100 0.808182
1100 0.836364
1100 0.781818
1100 0.738182
1100 0.810909
1100 0.811818
1100 0.83
1100 0.902727
1100 0.863636
1100 0.812727
1100 0.940909
1100 0.762727
1100 0.835455
1100 0.824545
1100 0.925455
1100 0.805455
1100 0.843636
1100 0.877273
1100 0.798182
1100 0.815455
1100 0.670909
1100 0.632727
1100 0.807273
1100 0.769091
1100 0.880909
1100 0.916364
1100 0.747273
1100 0.778182
1100 0.857273
1100 0.772727
1100 0.768182
1100 0.673636
1100 0.88
1100 0.847273
1100 0.826364
1100 0.7
1100 0.791818
1100 0.835455
1100 0.779091
1100 0.760909
1100 0.914545
1100 0.843636
1100 0.785455
1100 0.783636
1100 0.738182
1100 0.833636
1100 0.868182
1100 0.771818
1100 0.840909
1100 0.8
1100 0.905455
1100 0.810909
1100 0.866364
1100 0.849091
1100 0.79
1100 0.880909
1100 0.876364
1100 0.764545
1100 0.773636
1100 0.779091
1100 0.796364
1150 0.838261
1150 0.708696
1150 0.826087
1150 0.909565
1150 0.787826
1150 0.706957
1150 0.824348
1150 0.795652
1150 0.884348
1150 0.848696
1150 0.837391
1150 0.842609
1150 0.724348
1150 0.764348
1150 0.845217
1150 0.595652
1150 0.792174
1150 0.704348
1150 0.835652
1150 0.87913
1150 0.877391
1150 0.862609
1150 0.811304
1150 0.802609
1150 0.863478
1150 0.836522
1150 0.78087
1150 0.808696
1150 0.873043
1150 0.9
1150 0.835652
1150 0.852174
1150 0.5
1150 0.82087
1150 0.773043
1150 0.856522
1150 0.793913
1150 0.809565
1150 0.882609
1150 0.841739
1150 0.556522
1150 0.894783
1150 0.846087
1150 0.834783
1150 0.902609
1150 0.748696
1150 0.934783
1150 0.846087
1150 0.9
1150 0.806087
1150 0.836522
1150 0.837391
1150 0.853043
1150 0.708696
1150 0.835652
1150 0.790435
1150 0.849565
1150 0.834783
1150 0.793043
1150 0.802609
1150 0.815652
1150 0.735652
1150 0.826957
1150 0.591304
1150 0.82
1150 0.753043
1150 0.861739
1150 0.803478
1150 0.86
1150 0.855652
1150 0.743478
1150 0.847826
1150 0.893913
1150 0.858261
1150 0.87913
1200 0.798333
1200 0.86
1200 0.785833
1200 0.766667
1200 0.84
1200 0.775
1200 0.8325
1200 0.8425
1200 0.799167
1200 0.748333
1200 0.891667
1200 0.870833
1200 0.7775
1200 0.940833
1200 0.668333
1200 0.850833
1200 0.8725
1200 0.824167
1200 0.810833
1200 0.840833
1200 0.890833
1200 0.855833
1200 0.844167
1200 0.7925
1200 0.888333
1200 0.655
1200 0.805
1200 0.821667
1200 0.843333
1200 0.738333
1200 0.91
1200 0.630833
1200 0.855833
1200 0.809167
1200 0.841667
1200 0.770833
1200 0.855833
1200 0.850833
1200 0.755
1200 0.873333
1200 0.808333
1200 0.696667
1200 0.699167
1200 0.81
1200 0.894167
1200 0.800833
1200 0.8225
1200 0.886667
1200 0.781667
1200 0.81
1200 0.773333
1200 0.88
1200 0.804167
1200 0.846667
1200 0.77
1200 0.831667
1200 0.900833
1200 0.834167
1200 0.795833
1200 0.803333
1200 0.773333
1200 0.813333
1200 0.8325
1200 0.795833
1200 0.766667
1200 0.820833
1200 0.8
1200 0.865
1200 0.770833
1200 0.748333
1200 0.8125
1200 0.759167
1200 0.7925
1200 0.865833
1200 0.919167
1250 0.872
1250 0.8056
1250 0.744
1250 0.9296
1250 0.88
1250 0.848
1250 0.892
1250 0.8288
1250 0.7944
1250 0.8224
1250 0.7728
1250 0.78
1250 0.7528
1250 0.8768
1250 0.8136
1250 0.7856
1250 0.7952
1250 0.7696
1250 0.6848
1250 0.828
1250 0.8256
1250 0.8304
1250 0.7832
1250 0.7336
1250 0.8552
1250 0.8408
1250 0.912
1250 0.7504
1250 0.776
1250 0.7872
1250 0.8168
1250 0.8528
1250 0.8368
1250 0.848
1250 0.8824
1250 0.8072
1250 0.7912
1250 0.8152
1250 0.8512
1250 0.8256
1250 0.8192
1250 0.724
1250 0.8224
1250 0.8192
1250 0.672
1250 0.8688
1250 0.8216
1250 0.9112
1250 0.7976
1250 0.6408
1250 0.8424
1250 0.7616
1250 0.8752
1250 0.7096
1250 0.8488
1250 0.812
1250 0.7976
1250 0.8792
1250 0.7704
1250 0.88
1250 0.8712
1250 0.7096
1250 0.7624
1250 0.8088
1250 0.8216
1250 0.8104
1250 0.8888
1250 0.792
1250 0.728
1250 0.7784
1250 0.76
1250 0.8736
1250 0.7536
1250 0.8296
1250 0.9192
1300 0.863077
1300 0.865385
1300 0.819231
1300 0.753846
1300 0.743077
1300 0.917692
1300 0.898462
1300 0.887692
1300 0.798462
1300 0.864615
1300 0.726154
1300 0.872308
1300 0.691538
1300 0.849231
1300 0.801538
1300 0.893846
1300 0.780769
1300 0.866923
1300 0.844615
1300 0.863846
1300 0.897692
1300 0.664615
1300 0.8
1300 0.854615
1300 0.846923
1300 0.838462
1300 0.469231
1300 0.638462
1300 0.860769
1300 0.834615
1300 0.894615
1300 0.842308
1300 0.732308
1300 0.737692
1300 0.821538
1300 0.756923
1300 0.769231
1300 0.796923
1300 0.868462
1300 0.776154
1300 0.880769
1300 0.796154
1300 0.826923
1300 0.792308
1300 0.859231
1300 0.797692
1300 0.748462
1300 0.786154
1300 0.856154
1300 0.800769
1300 0.823077
1300 0.712308
1300 0.557692
1300 0.906923
1300 0.768462
1300 0.862308
1300 0.79
1300 0.768462
1300 0.822308
1300 0.792308
1300 0.796154
1300 0.844615
1300 0.823846
1300 0.792308
1300 0.808462
1300 0.838462
1300 0.773077
1300 0.821538
1300 0.876923
1300 0.834615
1300 0.877692
1300 0.767692
1300 0.857692
1300 0.743846
1300 0.797692
1350 0.791111
1350 0.86
1350 0.831111
1350 0.856296
1350 0.760741
1350 0.841481
1350 0.811111
1350 0.90963
1350 0.859259
1350 0.892593
1350 0.824444
1350 0.888889
1350 0.71037
1350 0.775556
1350 0.867407
1350 0.82963
1350 0.891852
1350 0.83037
1350 0.784444
1350 0.828889
1350 0.84963
1350 0.717778
1350 0.767407
1350 0.865185
1350 0.816296
1350 0.779259
1350 0.777037
1350 0.904444
1350 0.874074
1350 0.80963
1350 0.851111
1350 0.780741
1350 0.737037
1350 0.802963
1350 0.859259
1350 0.894074
1350 0.775556
1350 0.820741
1350 0.78
1350 0.724444
1350 0.807407
1350 0.813333
1350 0.873333
1350 0.874074
1350 0.794815
1350 0.823704
1350 0.583704
1350 0.725926
1350 0.874815
1350 0.747407
1350 0.871111
1350 0.81037
1350 0.835556
1350 0.866667
1350 0.843704
1350 0.777778
1350 0.691852
1350 0.796296
1350 0.904444
1350 0.814815
1350 0.811111
1350 0.833333
1350 0.826667
1350 0.576296
1350 0.806667
1350 0.841481
1350 0.691852
1350 0.699259
1350 0.831852
1350 0.79037
1350 0.880741
1350 0.802963
1350 0.801481
1350 0.931111
1350 0.871852
1400 0.809286
1400 0.805
1400 0.839286
1400 0.847143
1400 0.850714
1400 0.796429
1400 0.840714
1400 0.804286
1400 0.587857
1400 0.761429
1400 0.85
1400 0.805
1400 0.790714
1400 0.714286
1400 0.775714
1400 0.774286
1400 0.802143
1400 0.893571
1400 0.766429
1400 0.693571
1400 0.805
1400 0.887143
1400 0.864286
1400 0.82
1400 0.815714
1400 0.725714
1400 0.768571
1400 0.848571
1400 0.811429
1400 0.918571
1400 0.803571
1400 0.824286
1400 0.867143
1400 0.829286
1400 0.841429
1400 0.815
1400 0.755714
1400 0.844286
1400 0.803571
1400 0.847857
1400 0.847143
1400 0.886429
1400 0.858571
1400 0.69
1400 0.829286
1400 0.898571
1400 0.895
1400 0.882143
1400 0.788571
1400 0.831429
1400 0.836429
1400 0.842857
1400 0.838571
1400 0.907857
1400 0.815
1400 0.823571
1400 0.795
1400 0.889286
1400 0.790714
1400 0.782857
1400 0.767857
1400 0.856429
1400 0.847857
1400 0.768571
1400 0.82
1400 0.753571
1400 0.686429
1400 0.905714
1400 0.812857
1400 0.715
1400 0.834286
1400 0.672143
1400 0.675
1400 0.902857
1400 0.880714
1450 0.822759
1450 0.90069
1450 0.803448
1450 0.845517
1450 0.848276
1450 0.794483
1450 0.864138
1450 0.653103
1450 0.848966
1450 0.768276
1450 0.843448
1450 0.815172
1450 0.86
1450 0.853103
1450 0.87931
1450 0.773793
1450 0.837931
1450 0.828966
1450 0.950345
1450 0.806897
1450 0.829655
1450 0.862069
1450 0.848276
1450 0.782759
1450 0.815862
1450 0.66
1450 0.874483
1450 0.881379
1450 0.764828
1450 0.887586
1450 0.868276
1450 0.796552
1450 0.868966
1450 0.816552
1450 0.84
1450 0.782759
1450 0.791034
1450 0.871724
1450 0.605517
1450 0.75931
1450 0.82
1450 0.728966
1450 0.824138
1450 0.829655
1450 0.706207
1450 0.84069
1450 0.769655
1450 0.832414
1450 0.849655
1450 0.833793
1450 0.815172
1450 0.791034
1450 0.864828
1450 0.813793
1450 0.896552
1450 0.755172
1450 0.844138
1450 0.717931
1450 0.86
1450 0.873793
1450 0.837241
1450 0.876552
1450 0.78
1450 0.803448
1450 0.825517
1450 0.587586
1450 0.816552
1450 0.844828
1450 0.836552
1450 0.875862
1450 0.851724
1450 0.826897
1450 0.751724
1450 0.883448
1450 0.81931
1500 0.846667
1500 0.795333
1500 0.879333
1500 0.812
1500 0.857333
1500 0.922
1500 0.856
1500 0.777333
1500 0.811333
1500 0.667333
1500 0.736667
1500 0.795333
1500 0.754
1500 0.853333
1500 0.639333
1500 0.779333
1500 0.818667
1500 0.838
1500 0.712
1500 0.796
1500 0.884667
1500 0.878667
1500 0.871333
1500 0.771333
1500 0.846667
1500 0.838
1500 0.741333
1500 0.875333
1500 0.876
1500 0.934
1500 0.892667
1500 0.777333
1500 0.822
1500 0.858
1500 0.846
1500 0.804667
1500 0.82
1500 0.736
1500 0.89
1500 0.718
1500 0.882
1500 0.853333
1500 0.812667
1500 0.836667
1500 0.750667
1500 0.909333
1500 0.924
1500 0.896
1500 0.800667
1500 0.795333
1500 0.872667
1500 0.845333
1500 0.782667
1500 0.859333
1500 0.77
1500 0.864
1500 0.646
1500 0.851333
1500 0.916667
1500 0.788
1500 0.840667
1500 0.895333
1500 0.849333
1500 0.750667
1500 0.862667
1500 0.962
1500 0.858
1500 0.883333
1500 0.826
1500 0.864667
1500 0.854
1500 0.757333
1500 0.751333
1500 0.856667
1500 0.794667
1550 0.852903
1550 0.856129
1550 0.749032
1550 0.730968
1550 0.828387
1550 0.882581
1550 0.885161
1550 0.850323
1550 0.85871
1550 0.583226
1550 0.837419
1550 0.825806
1550 0.877419
1550 0.889032
1550 0.676774
1550 0.745806
1550 0.808387
1550 0.879355
1550 0.847742
1550 0.907742
1550 0.910323
1550 0.856774
1550 0.834839
1550 0.892903
1550 0.885806
1550 0.743871
1550 0.754194
1550 0.849032
1550 0.847742
1550 0.866452
1550 0.772903
1550 0.84
1550 0.903871
1550 0.799355
1550 0.793548
1550 0.763871
1550 0.787097
1550 0.75871
1550 0.862581
1550 0.804516
1550 0.774839
1550 0.829677
1550 0.720645
1550 0.916774
1550 0.846452
1550 0.770323
1550 0.787097
1550 0.847742
1550 0.766452
1550 0.834194
1550 0.747742
1550 0.812903
1550 0.887742
1550 0.808387
1550 0.869032
1550 0.770323
1550 0.910323
1550 0.883226
1550 0.809677
1550 0.888387
1550 0.84
1550 0.875484
1550 0.832903
1550 0.63871
1550 0.903871
1550 0.795484
1550 0.712258
1550 0.723871
1550 0.811613
1550 0.905806
1550 0.69871
1550 0.829677
1550 0.777419
1550 0.82129
1550 0.893548
1600 0.854375
1600 0.74125
1600 0.81125
1600 0.914375
1600 0.800625
1600 0.8
1600 0.850625
1600 0.9
1600 0.905
1600 0.82125
1600 0.809375
1600 0.91125
1600 0.83625
1600 0.82125
1600 0.8075
1600 0.828125
1600 0.77875
1600 0.80125
1600 0.876875
1600 0.803125
1600 0.84125
1600 0.795
1600 0.843125
1600 0.829375
1600 0.88375
1600 0.76875
1600 0.825
1600 0.83875
1600 0.866875
1600 0.854375
1600 0.8425
1600 0.863125
1600 0.94625
1600 0.904375
1600 0.81
1600 0.764375
1600 0.855
1600 0.895
1600 0.9025
1600 0.8625
1600 0.764375
1600 0.9025
1600 0.86625
1600 0.7925
1600 0.8375
1600 0.91625
1600 0.813125
1600 0.88875
1600 0.773125
1600 0.66875
1600 0.86375
1600 0.8975
1600 0.85125
1600 0.835
1600 0.88625
1600 0.8775
1600 0.798125
1600 0.798125
1600 0.80875
1600 0.65125
1600 0.8725
1600 0.85
1600 0.88
1600 0.839375
1600 0.8425
1600 0.8225
1600 0.869375
1600 0.835
1600 0.850625
1600 0.82125
1600 0.585625
1600 0.686875
1600 0.83625
1600 0.79125
1600 0.765625
1650 0.872121
1650 0.792121
1650 0.729091
1650 0.823636
1650 0.809091
1650 0.76303
1650 0.827273
1650 0.82
1650 0.757576
1650 0.777576
1650 0.773939
1650 0.842424
1650 0.862424
1650 0.761818
1650 0.803636
1650 0.863636
1650 0.760606
1650 0.82
1650 0.797576
1650 0.677576
1650 0.873939
1650 0.86303
1650 0.855758
1650 0.830909
1650 0.853939
1650 0.698182
1650 0.882424
1650 0.837576
1650 0.849091
1650 0.830303
1650 0.872121
1650 0.724242
1650 0.725455
1650 0.823636
1650 0.778788
1650 0.870303
1650 0.818182
1650 0.764848
1650 0.789697
1650 0.846667
1650 0.709091
1650 0.82303
1650 0.829697
1650 0.884242
1650 0.845455
1650 0.839394
1650 0.807879
1650 0.800606
1650 0.832121
1650 0.795152
1650 0.879394
1650 0.806061
1650 0.856364
1650 0.814545
1650 0.874545
1650 0.813333
1650 0.833333
1650 0.854545
1650 0.886667
1650 0.900606
1650 0.792121
1650 0.857576
1650 0.789091
1650 0.852121
1650 0.847879
1650 0.789091
1650 0.792727
1650 0.915152
1650 0.76
1650 0.857576
1650 0.872121
1650 0.881818
1650 0.869697
1650 0.835758
1650 0.840606
1700 0.853529
1700 0.800588
1700 0.782353
1700 0.861176
1700 0.780588
1700 0.902941
1700 0.814706
1700 0.852941
1700 0.922941
1700 0.886471
1700 0.789412
1700 0.85
1700 0.792941
1700 0.876471
1700 0.780588
1700 0.912941
1700 0.777059
1700 0.808824
1700 0.734706
1700 0.896471
1700 0.921176
1700 0.719412
1700 0.816471
1700 0.818824
1700 0.79
1700 0.79
1700 0.732353
1700 0.806471
1700 0.788824
1700 0.9
1700 0.838235
1700 0.796471
1700 0.838235
1700 0.74
1700 0.773529
1700 0.798235
1700 0.825294
1700 0.684706
1700 0.832353
1700 0.826471
1700 0.806471
1700 0.783529
1700 0.795882
1700 0.767059
1700 0.774118
1700 0.700588
1700 0.91
1700 0.839412
1700 0.899412
1700 0.774118
1700 0.862941
1700 0.733529
1700 0.874706
1700 0.867059
1700 0.944118
1700 0.852941
1700 0.857059
1700 0.774118
1700 0.852353
1700 0.841176
1700 0.819412
1700 0.797647
1700 0.792353
1700 0.820588
1700 0.788824
1700 0.785294
1700 0.773529
1700 0.871176
1700 0.845882
1700 0.796471
1700 0.768235
1700 0.935294
1700 0.821765
1700 0.925294
1700 0.822353
1750 0.747429
1750 0.927429
1750 0.825143
1750 0.845143
1750 0.881143
1750 0.862286
1750 0.806286
1750 0.717143
1750 0.871429
1750 0.807429
1750 0.813714
1750 0.785714
1750 0.794286
1750 0.890286
1750 0.832
1750 0.836571
1750 0.873714
1750 0.894286
1750 0.827429
1750 0.743429
1750 0.686857
1750 0.825714
1750 0.807429
1750 0.693714
1750 0.856571
1750 0.922857
1750 0.904
1750 0.789143
1750 0.817143
1750 0.887429
1750 0.728571
1750 0.844
1750 0.765143
1750 0.868571
1750 0.894857
1750 0.806857
1750 0.857143
1750 0.889143
1750 0.641714
1750 0.810286
1750 0.888
1750 0.834857
1750 0.757143
1750 0.852571
1750 0.882857
1750 0.809143
1750 0.846857
1750 0.618857
1750 0.821143
1750 0.778857
1750 0.729143
1750 0.844
1750 0.873143
1750 0.876
1750 0.799429
1750 0.902286
1750 0.836571
1750 0.906286
1750 0.892571
1750 0.927429
1750 0.882857
1750 0.689143
1750 0.890857
1750 0.796571
1750 0.844
1750 0.809714
1750 0.840571
1750 0.795429
1750 0.850857
1750 0.770857
1750 0.465714
1750 0.737714
1750 0.733143
1750 0.952571
1750 0.801143
1800 0.847778
1800 0.775
1800 0.799444
1800 0.89
1800 0.726667
1800 0.731667
1800 0.87
1800 0.763333
1800 0.747222
1800 0.827222
1800 0.810556
1800 0.829444
1800 0.842778
1800 0.834444
1800 0.885
1800 0.824444
1800 0.762778
1800 0.777778
1800 0.889444
1800 0.770556
1800 0.716111
1800 0.913889
1800 0.742222
1800 0.854444
1800 0.863333
1800 0.88
1800 0.879444
1800 0.814444
1800 0.757778
1800 0.880556
1800 0.837778
1800 0.836111
1800 0.836111
1800 0.824444
1800 0.695556
1800 0.729444
1800 0.751667
1800 0.765
1800 0.876667
1800 0.8
1800 0.792222
1800 0.855556
1800 0.767778
1800 0.966111
1800 0.738333
1800 0.879444
1800 0.721111
1800 0.833889
1800 0.823889
1800 0.958889
1800 0.900556
1800 0.831111
1800 0.833889
1800 0.781111
1800 0.665
1800 0.819444
1800 0.818333
1800 0.808333
1800 0.845
1800 0.836667
1800 0.822778
1800 0.783889
1800 0.850556
1800 0.863333
1800 0.811667
1800 0.841111
1800 0.741667
1800 0.780556
1800 0.877222
1800 0.920556
1800 0.821111
1800 0.826111
1800 0.728889
1800 0.75
1800 0.873889
1850 0.791892
1850 0.802703
1850 0.714054
1850 0.77027
1850 0.825405
1850 0.893514
1850 0.815676
1850 0.790811
1850 0.84973
1850 0.897838
1850 0.838919
1850 0.887568
1850 0.793514
1850 0.903784
1850 0.770811
1850 0.854054
1850 0.854054
1850 0.810811
1850 0.770811
1850 0.767568
1850 0.857838
1850 0.755135
1850 0.820541
1850 0.737838
1850 0.856757
1850 0.901081
1850 0.783784
1850 0.773514
1850 0.638378
1850 0.907568
1850 0.843243
1850 0.797838
1850 0.751351
1850 0.793514
1850 0.785946
1850 0.875135
1850 0.863243
1850 0.758919
1850 0.859459
1850 0.818919
1850 0.832973
1850 0.796757
1850 0.901622
1850 0.829189
1850 0.802703
1850 0.779459
1850 0.838919
1850 0.884324
1850 0.851351
1850 0.786486
1850 0.845946
1850 0.825405
1850 0.868649
1850 0.841622
1850 0.805946
1850 0.88973
1850 0.801081
1850 0.881622
1850 0.849189
1850 0.892973
1850 0.811351
1850 0.663784
1850 0.868108
1850 0.901081
1850 0.851351
1850 0.824865
1850 0.841622
1850 0.882703
1850 0.834595
1850 0.810811
1850 0.865405
1850 0.778919
1850 0.785946
1850 0.822162
1850 0.829189
1900 0.808421
1900 0.656842
1900 0.825263
1900 0.801579
1900 0.864737
1900 0.737895
1900 0.774737
1900 0.82
1900 0.785263
1900 0.916842
1900 0.849474
1900 0.743158
1900 0.791053
1900 0.814737
1900 0.847368
1900 0.823158
1900 0.758421
1900 0.840526
1900 0.786842
1900 0.792105
1900 0.821053
1900 0.685789
1900 0.861579
1900 0.801579
1900 0.69
1900 0.862105
1900 0.852105
1900 0.883684
1900 0.885263
1900 0.825789
1900 0.820526
1900 0.794737
1900 0.742105
1900 0.848421
1900 0.909474
1900 0.873684
1900 0.738421
1900 0.686842
1900 0.747895
1900 0.854211
1900 0.752105
1900 0.866316
1900 0.663684
1900 0.797368
1900 0.865263
1900 0.791579
1900 0.854211
1900 0.854211
1900 0.573684
1900 0.827368
1900 0.866316
1900 0.811053
1900 0.805789
1900 0.742105
1900 0.836842
1900 0.866316
1900 0.656842
1900 0.855789
1900 0.880526
1900 0.862105
1900 0.860526
1900 0.868421
1900 0.813684
1900 0.751053
1900 0.818421
1900 0.841579
1900 0.863158
1900 0.835789
1900 0.791053
1900 0.801053
1900 0.796842
1900 0.828947
1900 0.751053
1900 0.827368
1900 0.828421
1950 0.822564
1950 0.825641
1950 0.846667
1950 0.865641
1950 0.842051
1950 0.862051
1950 0.832821
1950 0.853846
1950 0.77641
1950 0.755385
1950 0.69641
1950 0.831795
1950 0.827179
1950 0.67641
1950 0.879487
1950 0.835385
1950 0.893333
1950 0.837436
1950 0.723077
1950 0.757949
1950 0.804615
1950 0.944103
1950 0.851282
1950 0.914359
1950 0.833846
1950 0.870256
1950 0.864103
1950 0.841026
1950 0.818462
1950 0.831282
1950 0.830769
1950 0.870769
1950 0.746154
1950 0.841026
1950 0.818974
1950 0.864103
1950 0.828205
1950 0.849744
1950 0.80359
1950 0.861538
1950 0.822564
1950 0.854359
1950 0.82
1950 0.905641
1950 0.790769
1950 0.854872
1950 0.862051
1950 0.825641
1950 0.864103
1950 0.821026
1950 0.739487
1950 0.777949
1950 0.79641
1950 0.862564
1950 0.872308
1950 0.810769
1950 0.897436
1950 0.737436
1950 0.826667
1950 0.826154
1950 0.854872
1950 0.742051
1950 0.839487
1950 0.922564
1950 0.873333
1950 0.885128
1950 0.797949
1950 0.821538
1950 0.831795
1950 0.841026
1950 0.628718
1950 0.782564
1950 0.930256
1950 0.869231
1950 0.807692
2000 0.8045
2000 0.93
2000 0.801
2000 0.772
2000 0.8415
2000 0.83
2000 0.7985
2000 0.6645
2000 0.7935
2000 0.79
2000 0.517
2000 0.8135
2000 0.8995
2000 0.876
2000 0.7055
2000 0.7955
2000 0.8375
2000 0.792
2000 0.751
2000 0.762
2000 0.866
2000 0.8305
2000 0.7365
2000 0.8445
2000 0.807
2000 0.822
2000 0.875
2000 0.8005
2000 0.86
2000 0.8055
2000 0.932
2000 0.8055
2000 0.836
2000 0.861
2000 0.8055
2000 0.7855
2000 0.8625
2000 0.821
2000 0.7595
2000 0.774
2000 0.7625
2000 0.8345
2000 0.8515
2000 0.612
2000 0.8825
2000 0.791
2000 0.855
2000 0.762
2000 0.8455
2000 0.938
2000 0.871
2000 0.8795
2000 0.808
2000 0.843
2000 0.8375
2000 0.7985
2000 0.864
2000 0.8725
2000 0.8675
2000 0.8375
2000 0.9255
2000 0.741
2000 0.8385
2000 0.8915
2000 0.829
2000 0.5565
2000 0.819
2000 0.9045
2000 0.873
2000 0.911
2000 0.7905
2000 0.833
2000 0.8775
2000 0.8155
2000 0.841
