50 0.36
50 0.5
50 0
50 0.18
50 0.42
50 0.18
50 0.44
50 0.08
50 0
50 0.18
50 0.04
50 0.02
50 0.34
50 0.48
50 0.02
50 0.06
50 0.08
50 0.1
50 0.18
50 0
50 0.1
50 0.06
50 0.16
50 0.1
50 0.16
50 0.64
50 0.28
50 0.28
50 0.22
50 0.22
50 0.14
50 0.14
50 0.06
50 0.1
50 0.12
50 0.3
50 0
50 0.2
50 0.78
50 0.02
50 0
50 0.2
50 0.14
50 0.82
50 0.14
50 0.44
50 0.18
50 0.1
50 0.28
50 0.22
50 0.2
50 0
50 0.14
50 0.16
50 0.6
50 0.34
50 0.52
50 0.12
50 0
50 0.08
50 0.38
50 0.3
50 0.32
50 0.1
50 0.8
50 0.26
50 0.14
50 0.22
50 0.12
50 0.1
50 0
50 0.56
50 0
50 0.76
50 0.28
100 0.26
100 0.03
100 0.45
100 0.64
100 0.7
100 0.69
100 0.47
100 0.85
100 0.83
100 0.45
100 0.6
100 0.54
100 0.27
100 0.26
100 0.9
100 0.41
100 0.63
100 0.42
100 0.31
100 0.67
100 0.65
100 0.12
100 0.55
100 0.74
100 0.39
100 0.14
100 0.35
100 0.42
100 0.81
100 0.62
100 0.78
100 0.47
100 0.25
100 0.1
100 0.75
100 0.51
100 0.6
100 0.54
100 0.01
100 0.48
100 0.59
100 0.49
100 0.5
100 0.78
100 0.73
100 0.79
100 0.43
100 0.4
100 0.72
100 0.45
100 0.35
100 0.54
100 0.4
100 0.62
100 0.59
100 0.93
100 0.8
100 0.8
100 0.75
100 0.84
100 0.59
100 0.29
100 0.48
100 0.73
100 0.42
100 0.15
100 0.76
100 0.54
100 0.73
100 0.7
100 0
100 0.64
100 0.51
100 0.12
100 0.8
150 0.686667
150 0.586667
150 0.74
150 0.64
150 0.56
150 0.893333
150 0.733333
150 0.72
150 0.786667
150 0.113333
150 0.74
150 0.733333
150 0.266667
150 0.72
150 0.653333
150 0.646667
150 0.633333
150 0.473333
150 0.793333
150 0.86
150 0.74
150 0.76
150 0.626667
150 0.6
150 0.82
150 0.726667
150 0.56
150 0.84
150 0.693333
150 0.753333
150 0.76
150 0.72
150 0.78
150 0.9
150 0.666667
150 0.573333
150 0.553333
150 0.7
150 0.52
150 0.8
150 0.613333
150 0.546667
150 0.846667
150 0.44
150 0.38
150 0.573333
150 0.68
150 0.78
150 0.76
150 0.42
150 0.566667
150 0.526667
150 0.733333
150 0.84
150 0.613333
150 0.8
150 0.86
150 0.766667
150 0.413333
150 0.706667
150 0.726667
150 0.773333
150 0.846667
150 0.26
150 0.853333
150 0.706667
150 0.613333
150 0.36
150 0.84
150 0.6
150 0.52
150 0.453333
150 0.693333
150 0.733333
150 0.806667
200 0.67
200 0.46
200 0.905
200 0.79
200 0.68
200 0.77
200 0.505
200 0.88
200 0.745
200 0.65
200 0.715
200 0.555
200 0.845
200 0.76
200 0.615
200 0.045
200 0.76
200 0.775
200 0.79
200 0.825
200 0.77
200 0.8
200 0.53
200 0.81
200 0.75
200 0.675
200 0.86
200 0.595
200 0.635
200 0.685
200 0.635
200 0.675
200 0.655
200 0.82
200 0.605
200 0.865
200 0.455
200 0.82
200 0.735
200 0.465
200 0.655
200 0.8
200 0.62
200 0.595
200 0.805
200 0.64
200 0.885
200 0.815
200 0.8
200 0.66
200 0.115
200 0.85
200 0.305
200 0.715
200 0.84
200 0.625
200 0.51
200 0.59
200 0.825
200 0.56
200 0.475
200 0.655
200 0.93
200 0.775
200 0.605
200 0.67
200 0.61
200 0.73
200 0.54
200 0.92
200 0.675
200 0.425
200 0.765
200 0.86
200 0.575
250 0.716
250 0.908
250 0.748
250 0.792
250 0.72
250 0.84
250 0.844
250 0.772
250 0.688
250 0.812
250 0.856
250 0.808
250 0.896
250 0.58
250 0.764
250 0.852
250 0.72
250 0.492
250 0.812
250 0.844
250 0.868
250 0.632
250 0.472
250 0.44
250 0.836
250 0.788
250 0.82
250 0.8
250 0.476
250 0.764
250 0.584
250 0.612
250 0.484
250 0.772
250 0.78
250 0.8
250 0.852
250 0.788
250 0.828
250 0.684
250 0.612
250 0.688
250 0.824
250 0.432
250 0.82
250 0.86
250 0.884
250 0.552
250 0.836
250 0.524
250 0.816
250 0.784
250 0.8
250 0.748
250 0.872
250 0.852
250 0.768
250 0.492
250 0.856
250 0.812
250 0.832
250 0.8
250 0.824
250 0.812
250 0.792
250 0.748
250 0.8
250 0.688
250 0.808
250 0.888
250 0.704
250 0.78
250 0.912
250 0.868
250 0.772
300 0.81
300 0.796667
300 0.82
300 0.85
300 0.643333
300 0.573333
300 0.7
300 0.436667
300 0.796667
300 0.856667
300 0.82
300 0.636667
300 0.753333
300 0.876667
300 0.703333
300 0.786667
300 0.746667
300 0.766667
300 0.793333
300 0.876667
300 0.733333
300 0.806667
300 0.773333
300 0.82
300 0.55
300 0.816667
300 0.82
300 0.796667
300 0.826667
300 0.726667
300 0.783333
300 0.853333
300 0.603333
300 0.86
300 0.846667
300 0.84
300 0.893333
300 0.74
300 0.876667
300 0.593333
300 0.843333
300 0.73
300 0.873333
300 0.86
300 0.713333
300 0.626667
300 0.716667
300 0.35
300 0.543333
300 0.833333
300 0.756667
300 0.906667
300 0.52
300 0.743333
300 0.786667
300 0.68
300 0.873333
300 0.82
300 0.796667
300 0.8
300 0.726667
300 0.83
300 0.846667
300 0.763333
300 0.796667
300 0.876667
300 0.856667
300 0.83
300 0.596667
300 0.673333
300 0.666667
300 0.676667
300 0.876667
300 0.776667
300 0.776667
350 0.908571
350 0.86
350 0.811429
350 0.64
350 0.854286
350 0.574286
350 0.722857
350 0.937143
350 0.917143
350 0.791429
350 0.782857
350 0.877143
350 0.825714
350 0.768571
350 0.885714
350 0.862857
350 0.902857
350 0.825714
350 0.817143
350 0.722857
350 0.894286
350 0.74
350 0.845714
350 0.851429
350 0.774286
350 0.862857
350 0.8
350 0.797143
350 0.888571
350 0.825714
350 0.742857
350 0.828571
350 0.868571
350 0.808571
350 0.774286
350 0.845714
350 0.848571
350 0.58
350 0.814286
350 0.877143
350 0.837143
350 0.794286
350 0.888571
350 0.774286
350 0.897143
350 0.54
350 0.642857
350 0.688571
350 0.557143
350 0.771429
350 0.871429
350 0.808571
350 0.837143
350 0.834286
350 0.808571
350 0.782857
350 0.814286
350 0.768571
350 0.728571
350 0.714286
350 0.811429
350 0.777143
350 0.894286
350 0.837143
350 0.705714
350 0.82
350 0.814286
350 0.751429
350 0.834286
350 0.837143
350 0.791429
350 0.831429
350 0.32
350 0.865714
350 0.871429
400 0.8375
400 0.8025
400 0.86
400 0.61
400 0.8025
400 0.745
400 0.7325
400 0.5575
400 0.88
400 0.6875
400 0.835
400 0.87
400 0.785
400 0.715
400 0.86
400 0.78
400 0.91
400 0.8125
400 0.9075
400 0.8475
400 0.885
400 0.7975
400 0.755
400 0.6625
400 0.8525
400 0.8575
400 0.7675
400 0.6575
400 0.8875
400 0.825
400 0.8925
400 0.735
400 0.8425
400 0.8425
400 0.8775
400 0.87
400 0.7625
400 0.64
400 0.815
400 0.86
400 0.7275
400 0.855
400 0.8275
400 0.73
400 0.8925
400 0.85
400 0.845
400 0.7225
400 0.8525
400 0.825
400 0.7725
400 0.83
400 0.8225
400 0.7925
400 0.865
400 0.7925
400 0.865
400 0.6225
400 0.695
400 0.765
400 0.8675
400 0.76
400 0.725
400 0.8025
400 0.77
400 0.825
400 0.7975
400 0.855
400 0.89
400 0.9
400 0.815
400 0.7975
400 0.86
400 0.8275
400 0.9
450 0.817778
450 0.931111
450 0.784444
450 0.924444
450 0.784444
450 0.771111
450 0.826667
450 0.937778
450 0.864444
450 0.706667
450 0.782222
450 0.813333
450 0.671111
450 0.848889
450 0.937778
450 0.811111
450 0.822222
450 0.828889
450 0.784444
450 0.786667
450 0.933333
450 0.451111
450 0.797778
450 0.706667
450 0.886667
450 0.657778
450 0.837778
450 0.926667
450 0.8
450 0.586667
450 0.862222
450 0.788889
450 0.908889
450 0.84
450 0.793333
450 0.851111
450 0.815556
450 0.877778
450 0.862222
450 0.777778
450 0.873333
450 0.833333
450 0.717778
450 0.895556
450 0.882222
450 0.862222
450 0.826667
450 0.782222
450 0.84
450 0.875556
450 0.853333
450 0.76
450 0.788889
450 0.802222
450 0.846667
450 0.737778
450 0.597778
450 0.875556
450 0.828889
450 0.888889
450 0.602222
450 0.824444
450 0.937778
450 0.835556
450 0.688889
450 0.773333
450 0.891111
450 0.775556
450 0.688889
450 0.784444
450 0.602222
450 0.751111
450 0.862222
450 0.751111
450 0.446667
500 0.852
500 0.87
500 0.86
500 0.85
500 0.8
500 0.86
500 0.806
500 0.796
500 0.828
500 0.846
500 0.802
500 0.718
500 0.82
500 0.818
500 0.75
500 0.816
500 0.892
500 0.914
500 0.806
500 0.816
500 0.82
500 0.868
500 0.844
500 0.832
500 0.818
500 0.886
500 0.884
500 0.702
500 0.83
500 0.804
500 0.888
500 0.82
500 0.81
500 0.87
500 0.78
500 0.912
500 0.79
500 0.684
500 0.746
500 0.718
500 0.74
500 0.836
500 0.878
500 0.848
500 0.864
500 0.83
500 0.844
500 0.828
500 0.874
500 0.892
500 0.776
500 0.802
500 0.824
500 0.764
500 0.902
500 0.824
500 0.816
500 0.796
500 0.882
500 0.832
500 0.89
500 0.802
500 0.816
500 0.72
500 0.904
500 0.628
500 0.852
500 0.818
500 0.912
500 0.876
500 0.564
500 0.792
500 0.904
500 0.834
500 0.744
550 0.712727
550 0.663636
550 0.869091
550 0.698182
550 0.790909
550 0.854545
550 0.852727
550 0.794545
550 0.849091
550 0.803636
550 0.821818
550 0.885455
550 0.816364
550 0.830909
550 0.849091
550 0.850909
550 0.725455
550 0.82
550 0.890909
550 0.74
550 0.809091
550 0.778182
550 0.818182
550 0.809091
550 0.950909
550 0.858182
550 0.9
550 0.809091
550 0.852727
550 0.832727
550 0.743636
550 0.84
550 0.905455
550 0
550 0.78
550 0.883636
550 0.763636
550 0.689091
550 0.84
550 0.9
550 0.814545
550 0.803636
550 0.818182
550 0.647273
550 0.883636
550 0.883636
550 0.307273
550 0.590909
550 0.896364
550 0.809091
550 0.863636
550 0.918182
550 0.834545
550 0.758182
550 0.838182
550 0.894545
550 0.903636
550 0.834545
550 0.845455
550 0.681818
550 0.878182
550 0.870909
550 0.921818
550 0.809091
550 0.838182
550 0.88
550 0.585455
550 0.82
550 0.870909
550 0.809091
550 0.832727
550 0.887273
550 0.838182
550 0.88
550 0.887273
600 0.843333
600 0.82
600 0.896667
600 0.695
600 0.851667
600 0.836667
600 0.831667
600 0.826667
600 0.815
600 0.665
600 0.786667
600 0.763333
600 0.783333
600 0.793333
600 0.805
600 0.815
600 0.888333
600 0.868333
600 0.911667
600 0.923333
600 0.568333
600 0.906667
600 0.87
600 0.825
600 0.828333
600 0.873333
600 0.826667
600 0.838333
600 0.866667
600 0.81
600 0.853333
600 0.906667
600 0.856667
600 0.811667
600 0.883333
600 0.86
600 0.838333
600 0.853333
600 0.766667
600 0.898333
600 0.753333
600 0.866667
600 0.808333
600 0.855
600 0.825
600 0.71
600 0.818333
600 0.838333
600 0.868333
600 0.838333
600 0.88
600 0.856667
600 0.906667
600 0.845
600 0.805
600 0.838333
600 0.783333
600 0.833333
600 0.955
600 0.895
600 0.775
600 0.85
600 0.845
600 0.823333
600 0.856667
600 0.778333
600 0.938333
600 0.886667
600 0.75
600 0.851667
600 0.845
600 0.813333
600 0.851667
600 0.953333
600 0.831667
650 0.878462
650 0.798462
650 0.724615
650 0.912308
650 0.518462
650 0.852308
650 0.736923
650 0.896923
650 0.863077
650 0.867692
650 0.826154
650 0.826154
650 0.747692
650 0.875385
650 0.635385
650 0.886154
650 0.870769
650 0.823077
650 0.893846
650 0.807692
650 0.803077
650 0.516923
650 0.873846
650 0.909231
650 0.889231
650 0.836923
650 0.787692
650 0.881538
650 0.909231
650 0.887692
650 0.830769
650 0.863077
650 0.824615
650 0.883077
650 0.896923
650 0.863077
650 0.727692
650 0.92
650 0.78
650 0.883077
650 0.773846
650 0.883077
650 0.884615
650 0.809231
650 0.84
650 0.832308
650 0.889231
650 0.833846
650 0.787692
650 0.646154
650 0.853846
650 0.749231
650 0.884615
650 0.88
650 0.869231
650 0.72
650 0.769231
650 0.844615
650 0.889231
650 0.843077
650 0.827692
650 0.764615
650 0.776923
650 0.867692
650 0.781538
650 0.823077
650 0.783077
650 0.844615
650 0.895385
650 0.86
650 0.826154
650 0.872308
650 0.935385
650 0.910769
650 0.766154
700 0.808571
700 0.817143
700 0.81
700 0.877143
700 0.855714
700 0.827143
700 0.664286
700 0.927143
700 0.905714
700 0.824286
700 0.842857
700 0.824286
700 0.91
700 0.788571
700 0.88
700 0.838571
700 0.625714
700 0.825714
700 0.888571
700 0.717143
700 0.86
700 0.837143
700 0.882857
700 0.808571
700 0.915714
700 0.854286
700 0.801429
700 0.837143
700 0.9
700 0.868571
700 0.782857
700 0.898571
700 0.862857
700 0.907143
700 0.798571
700 0.844286
700 0.914286
700 0.581429
700 0.86
700 0.835714
700 0.81
700 0.614286
700 0.822857
700 0.882857
700 0.668571
700 0.92
700 0.892857
700 0.894286
700 0.845714
700 0.821429
700 0.804286
700 0.827143
700 0.81
700 0.798571
700 0.781429
700 0.86
700 0.881429
700 0.842857
700 0.831429
700 0.734286
700 0.831429
700 0.851429
700 0.911429
700 0.595714
700 0.921429
700 0.85
700 0.951429
700 0.911429
700 0.787143
700 0.8
700 0.865714
700 0.862857
700 0.884286
700 0.901429
700 0.91
750 0.833333
750 0.825333
750 0.838667
750 0.854667
750 0.865333
750 0.868
750 0.8
750 0.786667
750 0.877333
750 0.826667
750 0.781333
750 0.836
750 0.826667
750 0.824
750 0.841333
750 0.885333
750 0.842667
750 0.836
750 0.810667
750 0.862667
750 0.810667
750 0.709333
750 0.788
750 0.876
750 0.842667
750 0.850667
750 0.808
750 0.882667
750 0.833333
750 0.836
750 0.82
750 0.913333
750 0.873333
750 0.837333
750 0.784
750 0.821333
750 0.724
750 0.798667
750 0.749333
750 0.842667
750 0.882667
750 0.713333
750 0.848
750 0.841333
750 0.889333
750 0.886667
750 0.861333
750 0.885333
750 0.836
750 0.781333
750 0.834667
750 0.788
750 0.833333
750 0.905333
750 0.805333
750 0.828
750 0.828
750 0.897333
750 0.836
750 0.66
750 0.906667
750 0.821333
750 0.864
750 0.796
750 0.824
750 0.802667
750 0.842667
750 0.914667
750 0.630667
750 0.832
750 0.864
750 0.937333
750 0.82
750 0.877333
750 0.846667
800 0.8625
800 0.82
800 0.87375
800 0.8525
800 0.83625
800 0.89
800 0.86125
800 0.78125
800 0.885
800 0.89625
800 0.8675
800 0.83625
800 0.78625
800 0.85375
800 0.8775
800 0.86
800 0.825
800 0.8425
800 0.84375
800 0.775
800 0.87875
800 0.795
800 0.86125
800 0.895
800 0.8675
800 0.83875
800 0.8025
800 0.7975
800 0.74125
800 0.95875
800 0.8475
800 0.8175
800 0.86125
800 0.835
800 0.8625
800 0.92875
800 0.7925
800 0.92125
800 0.72625
800 0.81125
800 0.845
800 0.8875
800 0.84625
800 0.80125
800 0.805
800 0.85
800 0.78625
800 0.85375
800 0.835
800 0.705
800 0.86875
800 0.915
800 0.8575
800 0.905
800 0.76125
800 0.61625
800 0.93375
800 0.9075
800 0.8475
800 0.8675
800 0.8925
800 0.85375
800 0.665
800 0.92375
800 0.79625
800 0.91375
800 0.82
800 0.88625
800 0.84625
800 0.9175
800 0.885
800 0.8325
800 0.815
800 0.82625
800 0.9025
850 0.857647
850 0.836471
850 0.885882
850 0.901176
850 0.738824
850 0.871765
850 0.798824
850 0.876471
850 0.770588
850 0.525882
850 0.821176
850 0.864706
850 0.776471
850 0.867059
850 0.837647
850 0.852941
850 0.875294
850 0.897647
850 0.868235
850 0.915294
850 0.895294
850 0.912941
850 0.811765
850 0.822353
850 0.876471
850 0.827059
850 0.847059
850 0.794118
850 0.903529
850 0.872941
850 0.822353
850 0.784706
850 0.896471
850 0.818824
850 0.785882
850 0.914118
850 0.903529
850 0.810588
850 0.847059
850 0.867059
850 0.864706
850 0.777647
850 0.838824
850 0.86
850 0.825882
850 0.8
850 0.865882
850 0.845882
850 0.717647
850 0.829412
850 0.822353
850 0.701176
850 0.878824
850 0.830588
850 0.881176
850 0.788235
850 0.601176
850 0.817647
850 0.834118
850 0.676471
850 0.8
850 0.848235
850 0.783529
850 0.896471
850 0.86
850 0.892941
850 0.891765
850 0.848235
850 0.836471
850 0.817647
850 0.850588
850 0.850588
850 0.887059
850 0.838824
850 0.815294
900 0.922222
900 0.824444
900 0.864444
900 0.886667
900 0.854444
900 0.672222
900 0.824444
900 0.89
900 0.827778
900 0.78
900 0.878889
900 0.895556
900 0.818889
900 0.914444
900 0.828889
900 0.845556
900 0.792222
900 0.843333
900 0.742222
900 0.884444
900 0.7
900 0.875556
900 0.851111
900 0.853333
900 0.756667
900 0.693333
900 0.894444
900 0.854444
900 0.842222
900 0.763333
900 0.765556
900 0.783333
900 0.831111
900 0.701111
900 0.643333
900 0.848889
900 0.791111
900 0.79
900 0.861111
900 0.926667
900 0.677778
900 0.797778
900 0.865556
900 0.798889
900 0.865556
900 0.796667
900 0.881111
900 0.862222
900 0.852222
900 0.874444
900 0.763333
900 0.858889
900 0.827778
900 0.867778
900 0.967778
900 0.87
900 0.895556
900 0.808889
900 0.872222
900 0.914444
900 0.933333
900 0.884444
900 0.826667
900 0.815556
900 0.83
900 0.895556
900 0.838889
900 0.916667
900 0.915556
900 0.892222
900 0.863333
900 0.777778
900 0.887778
900 0.9
900 0.847778
950 0.926316
950 0.871579
950 0.809474
950 0.844211
950 0.82
950 0.805263
950 0.821053
950 0.673684
950 0.844211
950 0.848421
950 0.785263
950 0.850526
950 0.894737
950 0.834737
950 0.902105
950 0.821053
950 0.86
950 0.823158
950 0.765263
950 0.932632
950 0.925263
950 0.811579
950 0.867368
950 0.882105
950 0.810526
950 0.891579
950 0.758947
950 0.929474
950 0.811579
950 0.848421
950 0.856842
950 0.875789
950 0.902105
950 0.885263
950 0.833684
950 0.786316
950 0.881053
950 0.766316
950 0.813684
950 0.848421
950 0.842105
950 0.898947
950 0.782105
950 0.817895
950 0.816842
950 0.810526
950 0.835789
950 0.931579
950 0.814737
950 0.837895
950 0.865263
950 0.807368
950 0.832632
950 0.807368
950 0.813684
950 0.84
950 0.84
950 0.88
950 0.746316
950 0.891579
950 0.861053
950 0.873684
950 0.852632
950 0.904211
950 0.696842
950 0.881053
950 0.742105
950 0.925263
950 0.821053
950 0.894737
950 0.849474
950 0.843158
950 0.865263
950 0.856842
950 0.875789
1000 0.887
1000 0.726
1000 0.868
1000 0.822
1000 0.821
1000 0.833
1000 0.669
1000 0.864
1000 0.882
1000 0.876
1000 0.89
1000 0.822
1000 0.856
1000 0.91
1000 0.852
1000 0.827
1000 0.823
1000 0.848
1000 0.852
1000 0.861
1000 0.821
1000 0.865
1000 0.722
1000 0.844
1000 0.867
1000 0.911
1000 0.73
1000 0.95
1000 0.853
1000 0.765
1000 0.854
1000 0.858
1000 0.744
1000 0.839
1000 0.79
1000 0.92
1000 0.829
1000 0.908
1000 0.881
1000 0.844
1000 0.797
1000 0.891
1000 0.881
1000 0.919
1000 0.895
1000 0.854
1000 0.823
1000 0.826
1000 0.796
1000 0.847
1000 0.875
1000 0.672
1000 0.848
1000 0.856
1000 0.833
1000 0.858
1000 0.804
1000 0.831
1000 0.846
1000 0.87
1000 0.805
1000 0.888
1000 0.878
1000 0.866
1000 0.873
1000 0.782
1000 0.786
1000 0.839
1000 0.896
1000 0.799
1000 0.902
1000 0.845
1000 0.861
1000 0.925
1000 0.909
1050 0.838095
1050 0.84381
1050 0.880952
1050 0.791429
1050 0.76
1050 0.882857
1050 0.825714
1050 0.88
1050 0.848571
1050 0.789524
1050 0.845714
1050 0.850476
1050 0.766667
1050 0.920952
1050 0.886667
1050 0.831429
1050 0.848571
1050 0.846667
1050 0.817143
1050 0.871429
1050 0.955238
1050 0.874286
1050 0.800952
1050 0.871429
1050 0.866667
1050 0.820952
1050 0.848571
1050 0.814286
1050 0.853333
1050 0.81619
1050 0.909524
1050 0.840952
1050 0.802857
1050 0.891429
1050 0.833333
1050 0.749524
1050 0.887619
1050 0.791429
1050 0.764762
1050 0.793333
1050 0.851429
1050 0.814286
1050 0.815238
1050 0.80381
1050 0.817143
1050 0.795238
1050 0.844762
1050 0.820952
1050 0.847619
1050 0.847619
1050 0.812381
1050 0.857143
1050 0.852381
1050 0.778095
1050 0.837143
1050 0.870476
1050 0.865714
1050 0.92381
1050 0.927619
1050 0.86381
1050 0.879048
1050 0.895238
1050 0.812381
1050 0.833333
1050 0.731429
1050 0.864762
1050 0.831429
1050 0.900952
1050 0.949524
1050 0.873333
1050 0.806667
1050 0.938095
1050 0.849524
1050 0.755238
1050 0.897143
1100 0.882727
1100 0.753636
1100 0.764545
1100 0.873636
1100 0.91
1100 0.858182
1100 0.836364
1100 0.770909
1100 0.825455
1100 0.722727
1100 0.847273
1100 0.876364
1100 0.893636
1100 0.877273
1100 0.814545
1100 0.883636
1100 0.866364
1100 0.832727
1100 0.819091
1100 0.864545
1100 0.820909
1100 0.768182
1100 0.869091
1100 0.896364
1100 0.823636
1100 0.718182
1100 0.787273
1100 0.849091
1100 0.885455
1100 0.808182
1100 0.875455
1100 0.859091
1100 0.919091
1100 0.855455
1100 0.776364
1100 0.874545
1100 0.893636
1100 0.830909
1100 0.883636
1100 0.863636
1100 0.830909
1100 0.89
1100 0.861818
1100 0.897273
1100 0.885455
1100 0.817273
1100 0.88
1100 0.864545
1100 0.771818
1100 0.867273
1100 0.869091
1100 0.858182
1100 0.766364
1100 0.733636
1100 0.831818
1100 0.876364
1100 0.898182
1100 0.903636
1100 0.814545
1100 0.762727
1100 0.811818
1100 0.848182
1100 0.806364
1100 0.802727
1100 0.847273
1100 0.790909
1100 0.897273
1100 0.906364
1100 0.86
1100 0.863636
1100 0.864545
1100 0.849091
1100 0.854545
1100 0.895455
1100 0.581818
1150 0.858261
1150 0.866957
1150 0.887826
1150 0.876522
1150 0.897391
1150 0.845217
1150 0.85913
1150 0.813043
1150 0.887826
1150 0.734783
1150 0.88087
1150 0.856522
1150 0.715652
1150 0.891304
1150 0.857391
1150 0.838261
1150 0.788696
1150 0.873043
1150 0.890435
1150 0.953043
1150 0.792174
1150 0.877391
1150 0.815652
1150 0.810435
1150 0.84087
1150 0.885217
1150 0.881739
1150 0.857391
1150 0.868696
1150 0.858261
1150 0.807826
1150 0.890435
1150 0.863478
1150 0.953043
1150 0.881739
1150 0.93913
1150 0.829565
1150 0.84087
1150 0.826957
1150 0.841739
1150 0.833913
1150 0.88087
1150 0.808696
1150 0.87913
1150 0.924348
1150 0.738261
1150 0.877391
1150 0.848696
1150 0.866087
1150 0.838261
1150 0.842609
1150 0.753043
1150 0.861739
1150 0.833913
1150 0.846087
1150 0.677391
1150 0.888696
1150 0.903478
1150 0.789565
1150 0.865217
1150 0.855652
1150 0.873043
1150 0.83913
1150 0.892174
1150 0.896522
1150 0.844348
1150 0.835652
1150 0.82
1150 0.950435
1150 0.878261
1150 0.874783
1150 0.806957
1150 0.834783
1150 0.83913
1150 0.824348
1200 0.851667
1200 0.87
1200 0.950833
1200 0.835
1200 0.830833
1200 0.885833
1200 0.855833
1200 0.896667
1200 0.853333
1200 0.844167
1200 0.774167
1200 0.903333
1200 0.8575
1200 0.829167
1200 0.860833
1200 0.846667
1200 0.883333
1200 0.854167
1200 0.836667
1200 0.761667
1200 0.85
1200 0.836667
1200 0.785833
1200 0.6275
1200 0.881667
1200 0.8375
1200 0.8225
1200 0.793333
1200 0.859167
1200 0.8875
1200 0.875
1200 0.806667
1200 0.816667
1200 0.869167
1200 0.9075
1200 0.838333
1200 0.92
1200 0.874167
1200 0.901667
1200 0.85
1200 0.838333
1200 0.826667
1200 0.8025
1200 0.8225
1200 0.85
1200 0.871667
1200 0.869167
1200 0.781667
1200 0.793333
1200 0.895833
1200 0.838333
1200 0.836667
1200 0.9175
1200 0.84
1200 0.889167
1200 0.879167
1200 0.8425
1200 0.878333
1200 0.794167
1200 0.9
1200 0.879167
1200 0.856667
1200 0.855833
1200 0.890833
1200 0.8775
1200 0.8625
1200 0.8525
1200 0.874167
1200 0.776667
1200 0.8525
1200 0.851667
1200 0.804167
1200 0.809167
1200 0.895
1200 0.859167
1250 0.7992
1250 0.8888
1250 0.8816
1250 0.8064
1250 0.8456
1250 0.8464
1250 0.8472
1250 0.8296
1250 0.8752
1250 0.8792
1250 0.896
1250 0.8768
1250 0.9192
1250 0.8664
1250 0.8152
1250 0.8208
1250 0.8952
1250 0.828
1250 0.9168
1250 0.8144
1250 0.9168
1250 0.9168
1250 0.8216
1250 0.88
1250 0.8344
1250 0.8216
1250 0.8888
1250 0.8048
1250 0.8352
1250 0.8856
1250 0.8632
1250 0.844
1250 0.856
1250 0.8928
1250 0.8592
1250 0.8624
1250 0.8224
1250 0.8816
1250 0.908
1250 0.7856
1250 0.892
1250 0.8632
1250 0.8632
1250 0.7464
1250 0.6584
1250 0.8264
1250 0.7312
1250 0.6936
1250 0.8984
1250 0.8552
1250 0.868
1250 0.908
1250 0.8328
1250 0.8744
1250 0.8488
1250 0.9432
1250 0.8568
1250 0.9192
1250 0.88
1250 0.7752
1250 0.8376
1250 0.8432
1250 0.6992
1250 0.9064
1250 0.7904
1250 0.9248
1250 0.7728
1250 0.7928
1250 0.9192
1250 0.732
1250 0.8528
1250 0.8856
1250 0.8144
1250 0.8936
1250 0.9192
1300 0.89
1300 0.821538
1300 0.82
1300 0.831538
1300 0.853077
1300 0.88
1300 0.893846
1300 0.903077
1300 0.902308
1300 0.826923
1300 0.876923
1300 0.876154
1300 0.836154
1300 0.879231
1300 0.914615
1300 0.77
1300 0.818462
1300 0.808462
1300 0.813077
1300 0.92
1300 0.863077
1300 0.867692
1300 0.857692
1300 0.915385
1300 0.943846
1300 0.797692
1300 0.774615
1300 0.903077
1300 0.844615
1300 0.812308
1300 0.865385
1300 0.830769
1300 0.676923
1300 0.887692
1300 0.901538
1300 0.871538
1300 0.756923
1300 0.856923
1300 0.818462
1300 0.905385
1300 0.9
1300 0.857692
1300 0.852308
1300 0.764615
1300 0.872308
1300 0.905385
1300 0.893846
1300 0.901538
1300 0.793846
1300 0.830769
1300 0.910769
1300 0.876154
1300 0.911538
1300 0.840769
1300 0.834615
1300 0.908462
1300 0.788462
1300 0.792308
1300 0.823846
1300 0.888462
1300 0.818462
1300 0.840769
1300 0.843077
1300 0.890769
1300 0.856154
1300 0.863846
1300 0.807692
1300 0.861538
1300 0.790769
1300 0.925385
1300 0.796923
1300 0.732308
1300 0.857692
1300 0.919231
1300 0.907692
1350 0.892593
1350 0.894074
1350 0.827407
1350 0.883704
1350 0.747407
1350 0.797778
1350 0.90963
1350 0.767407
1350 0.861481
1350 0.837778
1350 0.832593
1350 0.892593
1350 0.836296
1350 0.806667
1350 0.846667
1350 0.877037
1350 0.855556
1350 0.837037
1350 0.705185
1350 0.776296
1350 0.897778
1350 0.876296
1350 0.78963
1350 0.860741
1350 0.844444
1350 0.865185
1350 0.835556
1350 0.894815
1350 0.862222
1350 0.837037
1350 0.93037
1350 0.851852
1350 0.895556
1350 0.934815
1350 0.848148
1350 0.777037
1350 0.852593
1350 0.837778
1350 0.857037
1350 0.779259
1350 0.843704
1350 0.739259
1350 0.854815
1350 0.887407
1350 0.922222
1350 0.808889
1350 0.836296
1350 0.888889
1350 0.915556
1350 0.536296
1350 0.914815
1350 0.855556
1350 0.885926
1350 0.812593
1350 0.813333
1350 0.881481
1350 0.845185
1350 0.89037
1350 0.86963
1350 0.834815
1350 0.863704
1350 0.874815
1350 0.822222
1350 0.81037
1350 0.822963
1350 0.902963
1350 0.794815
1350 0.902222
1350 0.866667
1350 0.843704
1350 0.885926
1350 0.821481
1350 0.851852
1350 0.874815
1350 0.834815
1400 0.860714
1400 0.793571
1400 0.868571
1400 0.73
1400 0.869286
1400 0.833571
1400 0.825
1400 0.902143
1400 0.893571
1400 0.781429
1400 0.862143
1400 0.838571
1400 0.843571
1400 0.82
1400 0.857143
1400 0.577857
1400 0.883571
1400 0.909286
1400 0.801429
1400 0.77
1400 0.865714
1400 0.832143
1400 0.795714
1400 0.828571
1400 0.835714
1400 0.857143
1400 0.775
1400 0.894286
1400 0.825714
1400 0.817857
1400 0.85
1400 0.8
1400 0.912143
1400 0.886429
1400 0.805
1400 0.841429
1400 0.772857
1400 0.897857
1400 0.827857
1400 0.892857
1400 0.859286
1400 0.925
1400 0.920714
1400 0.849286
1400 0.916429
1400 0.865714
1400 0.847857
1400 0.95
1400 0.853571
1400 0.738571
1400 0.859286
1400 0.88
1400 0.833571
1400 0.866429
1400 0.786429
1400 0.760714
1400 0.835
1400 0.852857
1400 0.907857
1400 0.891429
1400 0.915
1400 0.853571
1400 0.857143
1400 0.862143
1400 0.847143
1400 0.728571
1400 0.823571
1400 0.886429
1400 0.867143
1400 0.878571
1400 0.834286
1400 0.73
1400 0.784286
1400 0.925714
1400 0.89
1450 0.890345
1450 0.835172
1450 0.901379
1450 0.889655
1450 0.897241
1450 0.795862
1450 0.869655
1450 0.823448
1450 0.907586
1450 0.851724
1450 0.847586
1450 0.781379
1450 0.942759
1450 0.777241
1450 0.831724
1450 0.916552
1450 0.823448
1450 0.804138
1450 0.848276
1450 0.88
1450 0.878621
1450 0.811034
1450 0.884138
1450 0.834483
1450 0.902759
1450 0.844828
1450 0.842759
1450 0.887586
1450 0.798621
1450 0.87931
1450 0.791034
1450 0.912414
1450 0.856552
1450 0.897241
1450 0.870345
1450 0.823448
1450 0.872414
1450 0.844138
1450 0.781379
1450 0.848966
1450 0.846207
1450 0.786897
1450 0.853793
1450 0.804828
1450 0.733103
1450 0.877931
1450 0.857931
1450 0.842759
1450 0.896552
1450 0.802759
1450 0.872414
1450 0.891724
1450 0.817241
1450 0.791034
1450 0.935862
1450 0.804828
1450 0.837931
1450 0.814483
1450 0.855172
1450 0.853793
1450 0.888966
1450 0.737241
1450 0.807586
1450 0.844138
1450 0.862069
1450 0.949655
1450 0.807586
1450 0.903448
1450 0.726897
1450 0.877931
1450 0.913793
1450 0.858621
1450 0.875862
1450 0.862069
1450 0.914483
1500 0.903333
1500 0.861333
1500 0.808
1500 0.896
1500 0.784
1500 0.866
1500 0.835333
1500 0.768
1500 0.714
1500 0.862667
1500 0.708
1500 0.917333
1500 0.802
1500 0.895333
1500 0.914
1500 0.932667
1500 0.837333
1500 0.934
1500 0.925333
1500 0.93
1500 0.876667
1500 0.848
1500 0.826667
1500 0.853333
1500 0.852
1500 0.823333
1500 0.822667
1500 0.917333
1500 0.846
1500 0.888
1500 0.868667
1500 0.826667
1500 0.858
1500 0.915333
1500 0.892667
1500 0.835333
1500 0.885333
1500 0.842
1500 0.885333
1500 0.852667
1500 0.875333
1500 0.913333
1500 0.892
1500 0.842
1500 0.900667
1500 0.923333
1500 0.77
1500 0.902667
1500 0.743333
1500 0.841333
1500 0.856667
1500 0.82
1500 0.723333
1500 0.832667
1500 0.908
1500 0.888
1500 0.798667
1500 0.866
1500 0.913333
1500 0.824
1500 0.913333
1500 0.853333
1500 0.820667
1500 0.95
1500 0.857333
1500 0.823333
1500 0.815333
1500 0.897333
1500 0.845333
1500 0.887333
1500 0.842667
1500 0.818
1500 0.814667
1500 0.755333
1500 0.904667
1550 0.927097
1550 0.826452
1550 0.881935
1550 0.854194
1550 0.883871
1550 0.882581
1550 0.805161
1550 0.844516
1550 0.906452
1550 0.827742
1550 0.894839
1550 0.838065
1550 0.854194
1550 0.842581
1550 0.866452
1550 0.885806
1550 0.90129
1550 0.890968
1550 0.869032
1550 0.918065
1550 0.87871
1550 0.867742
1550 0.871613
1550 0.905161
1550 0.815484
1550 0.931613
1550 0.842581
1550 0.920645
1550 0.909032
1550 0.789677
1550 0.814194
1550 0.921935
1550 0.847097
1550 0.890323
1550 0.892903
1550 0.87871
1550 0.806452
1550 0.87871
1550 0.883871
1550 0.790323
1550 0.832903
1550 0.914839
1550 0.860645
1550 0.852258
1550 0.877419
1550 0.861935
1550 0.700645
1550 0.882581
1550 0.789677
1550 0.873548
1550 0.841935
1550 0.814194
1550 0.921935
1550 0.889677
1550 0.914194
1550 0.784516
1550 0.84129
1550 0.757419
1550 0.85871
1550 0.868387
1550 0.865161
1550 0.89871
1550 0.820645
1550 0.892258
1550 0.874194
1550 0.828387
1550 0.732258
1550 0.866452
1550 0.88129
1550 0.813548
1550 0.902581
1550 0.843226
1550 0.84
1550 0.833548
1550 0.850323
1600 0.851875
1600 0.83875
1600 0.81625
1600 0.860625
1600 0.89125
1600 0.784375
1600 0.840625
1600 0.871875
1600 0.84625
1600 0.851875
1600 0.82875
1600 0.840625
1600 0.86
1600 0.825
1600 0.875625
1600 0.84625
1600 0.873125
1600 0.824375
1600 0.8325
1600 0.84125
1600 0.8175
1600 0.860625
1600 0.905
1600 0.8975
1600 0.773125
1600 0.83875
1600 0.823125
1600 0.865625
1600 0.88625
1600 0.93375
1600 0.888125
1600 0.856875
1600 0.81
1600 0.81375
1600 0.860625
1600 0.8825
1600 0.879375
1600 0.859375
1600 0.899375
1600 0.9125
1600 0.81125
1600 0.860625
1600 0.889375
1600 0.79375
1600 0.87125
1600 0.868125
1600 0.690625
1600 0.895625
1600 0.786875
1600 0.875625
1600 0.88375
1600 0.90125
1600 0.7975
1600 0.881875
1600 0.80875
1600 0.91625
1600 0.85375
1600 0.89375
1600 0.75875
1600 0.85125
1600 0.871875
1600 0.885625
1600 0.830625
1600 0.85625
1600 0.87
1600 0.82
1600 0.886875
1600 0.815
1600 0.9
1600 0.830625
1600 0.809375
1600 0.804375
1600 0.786875
1600 0.91125
1600 0.8525
1650 0.864848
1650 0.824242
1650 0.902424
1650 0.855152
1650 0.870909
1650 0.859394
1650 0.832727
1650 0.792727
1650 0.81697
1650 0.907879
1650 0.841818
1650 0.896364
1650 0.939394
1650 0.809091
1650 0.880606
1650 0.870303
1650 0.837576
1650 0.924242
1650 0.772727
1650 0.886061
1650 0.795152
1650 0.858182
1650 0.883636
1650 0.885455
1650 0.812727
1650 0.802424
1650 0.843636
1650 0.875758
1650 0.846061
1650 0.860606
1650 0.867273
1650 0.832121
1650 0.853333
1650 0.873333
1650 0.830909
1650 0.883636
1650 0.875152
1650 0.847273
1650 0.834545
1650 0.873939
1650 0.871515
1650 0.886061
1650 0.864848
1650 0.804242
1650 0.881818
1650 0.850909
1650 0.884848
1650 0.798788
1650 0.878788
1650 0.798788
1650 0.914545
1650 0.861212
1650 0.774545
1650 0.827273
1650 0.798788
1650 0.827273
1650 0.917576
1650 0.804242
1650 0.921212
1650 0.812121
1650 0.881212
1650 0.803636
1650 0.83697
1650 0.941212
1650 0.803636
1650 0.738788
1650 0.884242
1650 0.882424
1650 0.852727
1650 0.892727
1650 0.801212
1650 0.807879
1650 0.906667
1650 0.746061
1650 0.83697
1700 0.784706
1700 0.957647
1700 0.808235
1700 0.908235
1700 0.817647
1700 0.894118
1700 0.857059
1700 0.846471
1700 0.882353
1700 0.881176
1700 0.785882
1700 0.880588
1700 0.835294
1700 0.888235
1700 0.851176
1700 0.956471
1700 0.847647
1700 0.828824
1700 0.833529
1700 0.874706
1700 0.921176
1700 0.905294
1700 0.836471
1700 0.849412
1700 0.84
1700 0.835294
1700 0.899412
1700 0.878235
1700 0.832941
1700 0.872941
1700 0.882353
1700 0.831765
1700 0.865882
1700 0.898824
1700 0.869412
1700 0.849412
1700 0.827059
1700 0.84
1700 0.788235
1700 0.86
1700 0.904706
1700 0.854706
1700 0.913529
1700 0.891176
1700 0.89
1700 0.881765
1700 0.701176
1700 0.862941
1700 0.875294
1700 0.812353
1700 0.755294
1700 0.885882
1700 0.811765
1700 0.903529
1700 0.866471
1700 0.781765
1700 0.834118
1700 0.854118
1700 0.815882
1700 0.877059
1700 0.8
1700 0.804706
1700 0.767059
1700 0.872353
1700 0.907647
1700 0.894118
1700 0.840588
1700 0.810588
1700 0.799412
1700 0.877647
1700 0.847647
1700 0.850588
1700 0.886471
1700 0.904118
1700 0.890588
1750 0.877714
1750 0.828571
1750 0.844
1750 0.826857
1750 0.866857
1750 0.861143
1750 0.912
1750 0.837714
1750 0.856571
1750 0.865143
1750 0.895429
1750 0.797143
1750 0.917143
1750 0.889143
1750 0.712
1750 0.863429
1750 0.866286
1750 0.808
1750 0.870286
1750 0.863429
1750 0.872571
1750 0.869714
1750 0.815429
1750 0.841714
1750 0.84
1750 0.885714
1750 0.862286
1750 0.889714
1750 0.902286
1750 0.902286
1750 0.748571
1750 0.894857
1750 0.877714
1750 0.889143
1750 0.873714
1750 0.895429
1750 0.843429
1750 0.866286
1750 0.638857
1750 0.820571
1750 0.855429
1750 0.754857
1750 0.880571
1750 0.869143
1750 0.904
1750 0.860571
1750 0.882857
1750 0.791429
1750 0.797714
1750 0.822286
1750 0.921714
1750 0.885714
1750 0.833143
1750 0.788
1750 0.792
1750 0.816571
1750 0.868
1750 0.901714
1750 0.892571
1750 0.88
1750 0.913143
1750 0.821714
1750 0.842857
1750 0.846857
1750 0.874857
1750 0.833143
1750 0.778857
1750 0.839429
1750 0.791429
1750 0.886286
1750 0.503429
1750 0.857714
1750 0.911429
1750 0.861714
1750 0.745714
1800 0.851111
1800 0.861111
1800 0.812778
1800 0.853889
1800 0.864444
1800 0.850556
1800 0.883889
1800 0.769444
1800 0.878889
1800 0.849444
1800 0.844444
1800 0.860556
1800 0.915556
1800 0.847222
1800 0.832222
1800 0.865556
1800 0.845556
1800 0.865
1800 0.817778
1800 0.850556
1800 0.827222
1800 0.873333
1800 0.827222
1800 0.937222
1800 0.840556
1800 0.875
1800 0.866111
1800 0.887222
1800 0.86
1800 0.823889
1800 0.848889
1800 0.872778
1800 0.890556
1800 0.838333
1800 0.876667
1800 0.880556
1800 0.872222
1800 0.843333
1800 0.867778
1800 0.826111
1800 0.906111
1800 0.84
1800 0.748333
1800 0.905
1800 0.888333
1800 0.89
1800 0.892778
1800 0.885
1800 0.892778
1800 0.912778
1800 0.852222
1800 0.85
1800 0.896667
1800 0.743889
1800 0.85
1800 0.653333
1800 0.797778
1800 0.837222
1800 0.823333
1800 0.922778
1800 0.846667
1800 0.935
1800 0.831111
1800 0.889444
1800 0.862778
1800 0.906111
1800 0.812778
1800 0.894444
1800 0.817778
1800 0.864444
1800 0.931667
1800 0.789444
1800 0.863333
1800 0.868333
1800 0.814444
1850 0.803243
1850 0.82973
1850 0.884324
1850 0.901081
1850 0.844324
1850 0.868108
1850 0.887027
1850 0.856757
1850 0.822162
1850 0.92
1850 0.831351
1850 0.86
1850 0.88973
1850 0.852973
1850 0.871351
1850 0.872432
1850 0.904324
1850 0.925946
1850 0.76973
1850 0.798378
1850 0.800541
1850 0.858378
1850 0.864865
1850 0.88
1850 0.86973
1850 0.840541
1850 0.863243
1850 0.809189
1850 0.847568
1850 0.829189
1850 0.827568
1850 0.864324
1850 0.909189
1850 0.901081
1850 0.898378
1850 0.834054
1850 0.913514
1850 0.898919
1850 0.911892
1850 0.875135
1850 0.903784
1850 0.917838
1850 0.903243
1850 0.904324
1850 0.815676
1850 0.932973
1850 0.836757
1850 0.809189
1850 0.87027
1850 0.894054
1850 0.841081
1850 0.869189
1850 0.76973
1850 0.850811
1850 0.834595
1850 0.891892
1850 0.817297
1850 0.880541
1850 0.853514
1850 0.907568
1850 0.932973
1850 0.866486
1850 0.844865
1850 0.843243
1850 0.864324
1850 0.907568
1850 0.814595
1850 0.865405
1850 0.88
1850 0.851892
1850 0.978378
1850 0.839459
1850 0.812432
1850 0.838378
1850 0.917838
1900 0.891053
1900 0.848947
1900 0.900526
1900 0.905263
1900 0.823684
1900 0.928421
1900 0.831579
1900 0.861579
1900 0.836316
1900 0.864211
1900 0.875263
1900 0.908947
1900 0.834211
1900 0.93
1900 0.868421
1900 0.885789
1900 0.831579
1900 0.892105
1900 0.813158
1900 0.836842
1900 0.852105
1900 0.863158
1900 0.874211
1900 0.860526
1900 0.840526
1900 0.801579
1900 0.808947
1900 0.938947
1900 0.82
1900 0.767368
1900 0.818421
1900 0.818421
1900 0.839474
1900 0.815263
1900 0.814211
1900 0.890526
1900 0.878947
1900 0.882632
1900 0.891053
1900 0.854737
1900 0.846842
1900 0.845263
1900 0.775789
1900 0.852105
1900 0.886842
1900 0.696316
1900 0.902105
1900 0.864211
1900 0.824211
1900 0.865789
1900 0.868421
1900 0.84
1900 0.856842
1900 0.741579
1900 0.896842
1900 0.850526
1900 0.920526
1900 0.905789
1900 0.85
1900 0.863158
1900 0.887895
1900 0.821053
1900 0.812105
1900 0.848421
1900 0.871579
1900 0.866842
1900 0.943684
1900 0.848421
1900 0.845789
1900 0.822632
1900 0.751053
1900 0.884737
1900 0.899474
1900 0.905263
1900 0.811579
1950 0.862051
1950 0.893333
1950 0.912821
1950 0.84359
1950 0.851282
1950 0.792821
1950 0.897949
1950 0.837436
1950 0.837949
1950 0.842564
1950 0.764615
1950 0.810769
1950 0.95641
1950 0.601026
1950 0.900513
1950 0.854359
1950 0.821026
1950 0.792821
1950 0.848205
1950 0.879487
1950 0.891282
1950 0.760513
1950 0.865641
1950 0.869744
1950 0.865128
1950 0.831282
1950 0.881538
1950 0.870769
1950 0.830769
1950 0.838974
1950 0.824615
1950 0.919487
1950 0.869231
1950 0.833333
1950 0.923077
1950 0.908205
1950 0.854359
1950 0.833333
1950 0.892821
1950 0.769744
1950 0.842564
1950 0.875897
1950 0.860513
1950 0.87641
1950 0.88
1950 0.92359
1950 0.832821
1950 0.873846
1950 0.857436
1950 0.823077
1950 0.852308
1950 0.865128
1950 0.820513
1950 0.822051
1950 0.852821
1950 0.897949
1950 0.801538
1950 0.861026
1950 0.832821
1950 0.757436
1950 0.831282
1950 0.91641
1950 0.861026
1950 0.792308
1950 0.875897
1950 0.882564
1950 0.861538
1950 0.866154
1950 0.861538
1950 0.834359
1950 0.929744
1950 0.840513
1950 0.96
1950 0.833333
1950 0.86359
2000 0.8315
2000 0.9045
2000 0.8825
2000 0.737
2000 0.8985
2000 0.846
2000 0.825
2000 0.844
2000 0.8815
2000 0.7945
2000 0.862
2000 0.852
2000 0.875
2000 0.856
2000 0.842
2000 0.9405
2000 0.8515
2000 0.8345
2000 0.849
2000 0.8425
2000 0.903
2000 0.8515
2000 0.804
2000 0.84
2000 0.868
2000 0.86
2000 0.8745
2000 0.837
2000 0.838
2000 0.879
2000 0.8965
2000 0.8665
2000 0.853
2000 0.8045
2000 0.905
2000 0.925
2000 0.813
2000 0.843
2000 0.8355
2000 0.8695
2000 0.868
2000 0.648
2000 0.884
2000 0.8155
2000 0.8635
2000 0.8615
2000 0.7575
2000 0.8835
2000 0.832
2000 0.867
2000 0.8205
2000 0.824
2000 0.82
2000 0.866
2000 0.878
2000 0.865
2000 0.8225
2000 0.8765
2000 0.8415
2000 0.871
2000 0.8985
2000 0.8575
2000 0.86
2000 0.9235
2000 0.866
2000 0.866
2000 0.765
2000 0.834
2000 0.787
2000 0.894
2000 0.9335
2000 0.854
2000 0.8495
2000 0.73
2000 0.891
