50 0
50 0.54
50 0.08
50 0.58
50 0.26
50 0.18
50 0.32
50 0.54
50 0.02
50 0.22
50 0.08
50 0.16
50 0.38
50 0.36
50 0.16
50 0.08
50 0
50 0.66
50 0.16
50 0
50 0.16
50 0
50 0.44
50 0.04
50 0.08
50 0.64
50 0.36
50 0.6
50 0.36
50 0.22
50 0.2
50 0.06
50 0.08
50 0.1
50 0.08
50 0
50 0
50 0.72
50 0.78
50 0.04
50 0.06
50 0.3
50 0
50 0.74
50 0.46
50 0.4
50 0.18
50 0.6
50 0.4
50 0.22
50 0.48
50 0.08
50 0.2
50 0
50 0.6
50 0.12
50 0.5
50 0.16
50 0.04
50 0.06
50 0.36
50 0.28
50 0.06
50 0.22
50 0.76
50 0.26
50 0.1
50 0
50 0.48
50 0.12
50 0
50 0.3
50 0.2
50 0.72
50 0.12
100 0.23
100 0.46
100 0.56
100 0.73
100 0.68
100 0.73
100 0.45
100 0.55
100 0.87
100 0.4
100 0.85
100 0.81
100 0.29
100 0.15
100 0.9
100 0.18
100 0.67
100 0.44
100 0.29
100 0.72
100 0.68
100 0.76
100 0.53
100 0.63
100 0.48
100 0.62
100 0.26
100 0.4
100 0.83
100 0.65
100 0.78
100 0.47
100 0.2
100 0.76
100 0.83
100 0.64
100 0.71
100 0.59
100 0.11
100 0.59
100 0.6
100 0.17
100 0.24
100 0.83
100 0.75
100 0.75
100 0.18
100 0.39
100 0.46
100 0.62
100 0.63
100 0.65
100 0.23
100 0.65
100 0.66
100 0.95
100 0.84
100 0.69
100 0.81
100 0.78
100 0.73
100 0.25
100 0.54
100 0.79
100 0.41
100 0.12
100 0.87
100 0.59
100 0.72
100 0.75
100 0.03
100 0.65
100 0.52
100 0.07
100 0.86
150 0.666667
150 0.58
150 0.733333
150 0.853333
150 0.593333
150 0.833333
150 0.74
150 0.9
150 0.8
150 0.506667
150 0.886667
150 0.846667
150 0.32
150 0.52
150 0.546667
150 0.686667
150 0.9
150 0.653333
150 0.66
150 0.78
150 0.846667
150 0.8
150 0.573333
150 0.306667
150 0.806667
150 0.72
150 0.346667
150 0.866667
150 0.946667
150 0.806667
150 0.773333
150 0.753333
150 0.76
150 0.873333
150 0.726667
150 0.54
150 0.513333
150 0.553333
150 0.573333
150 0.82
150 0.913333
150 0.4
150 0.373333
150 0.46
150 0.28
150 0.646667
150 0.726667
150 0.82
150 0.72
150 0.506667
150 0.653333
150 0.526667
150 0.7
150 0.86
150 0.753333
150 0.7
150 0.74
150 0.52
150 0.353333
150 0.72
150 0.933333
150 0.753333
150 0.86
150 0.553333
150 0.82
150 0.793333
150 0.606667
150 0.286667
150 0.853333
150 0.48
150 0.76
150 0.453333
150 0.766667
150 0.726667
150 0.76
200 0.665
200 0.265
200 0.81
200 0.73
200 0.69
200 0.375
200 0.7
200 0.86
200 0.75
200 0.74
200 0.8
200 0.575
200 0.745
200 0.885
200 0.67
200 0.805
200 0.685
200 0.755
200 0.735
200 0.79
200 0.745
200 0.83
200 0.6
200 0.82
200 0.84
200 0.675
200 0.91
200 0.79
200 0.605
200 0.78
200 0.785
200 0.88
200 0.775
200 0.805
200 0.795
200 0.865
200 0.39
200 0.72
200 0.81
200 0.485
200 0.74
200 0.87
200 0.795
200 0.54
200 0.855
200 0.825
200 0.88
200 0.73
200 0.765
200 0.755
200 0.145
200 0.835
200 0.44
200 0.665
200 0.89
200 0.77
200 0.745
200 0.63
200 0.945
200 0.57
200 0.42
200 0.68
200 0.91
200 0.805
200 0.685
200 0.68
200 0.625
200 0.745
200 0.66
200 0.85
200 0.84
200 0.755
200 0.77
200 0.84
200 0.765
250 0.776
250 0.884
250 0.892
250 0.748
250 0.868
250 0.94
250 0.852
250 0.712
250 0.716
250 0.756
250 0.844
250 0.856
250 0.644
250 0.772
250 0.812
250 0.892
250 0.7
250 0.8
250 0.8
250 0.82
250 0.916
250 0.7
250 0.656
250 0.804
250 0.904
250 0.812
250 0.812
250 0.8
250 0.532
250 0.816
250 0.492
250 0.876
250 0.904
250 0.776
250 0.72
250 0.748
250 0.88
250 0.792
250 0.736
250 0.908
250 0.492
250 0.824
250 0.7
250 0.428
250 0.82
250 0.892
250 0.916
250 0.616
250 0.888
250 0.604
250 0.904
250 0.688
250 0.66
250 0.832
250 0.868
250 0.848
250 0.82
250 0.812
250 0.848
250 0.552
250 0.912
250 0.848
250 0.876
250 0.84
250 0.812
250 0.796
250 0.812
250 0.82
250 0.836
250 0.896
250 0.728
250 0.736
250 0.892
250 0.896
250 0.78
300 0.87
300 0.866667
300 0.79
300 0.853333
300 0.486667
300 0.886667
300 0.776667
300 0.37
300 0.626667
300 0.77
300 0.723333
300 0.803333
300 0.84
300 0.76
300 0.846667
300 0.766667
300 0.826667
300 0.813333
300 0.813333
300 0.713333
300 0.55
300 0.72
300 0.823333
300 0.9
300 0.663333
300 0.853333
300 0.866667
300 0.656667
300 0.856667
300 0.763333
300 0.75
300 0.816667
300 0.84
300 0.76
300 0.813333
300 0.916667
300 0.923333
300 0.9
300 0.893333
300 0.85
300 0.813333
300 0.673333
300 0.78
300 0.91
300 0.793333
300 0.726667
300 0.78
300 0.656667
300 0.636667
300 0.773333
300 0.726667
300 0.9
300 0.606667
300 0.766667
300 0.88
300 0.683333
300 0.863333
300 0.896667
300 0.796667
300 0.796667
300 0.84
300 0.823333
300 0.886667
300 0.776667
300 0.83
300 0.843333
300 0.9
300 0.823333
300 0.866667
300 0.896667
300 0.843333
300 0.703333
300 0.793333
300 0.823333
300 0.846667
350 0.851429
350 0.925714
350 0.865714
350 0.731429
350 0.814286
350 0.568571
350 0.742857
350 0.877143
350 0.894286
350 0.925714
350 0.82
350 0.694286
350 0.905714
350 0.717143
350 0.854286
350 0.62
350 0.854286
350 0.86
350 0.8
350 0.742857
350 0.885714
350 0.6
350 0.854286
350 0.931429
350 0.802857
350 0.842857
350 0.791429
350 0.791429
350 0.914286
350 0.862857
350 0.748571
350 0.897143
350 0.8
350 0.877143
350 0.86
350 0.862857
350 0.674286
350 0.588571
350 0.905714
350 0.728571
350 0.862857
350 0.802857
350 0.851429
350 0.925714
350 0.885714
350 0.891429
350 0.845714
350 0.78
350 0.762857
350 0.908571
350 0.791429
350 0.525714
350 0.785714
350 0.854286
350 0.817143
350 0.9
350 0.882857
350 0.828571
350 0.914286
350 0.854286
350 0.871429
350 0.86
350 0.862857
350 0.828571
350 0.702857
350 0.837143
350 0.831429
350 0.848571
350 0.837143
350 0.882857
350 0.802857
350 0.848571
350 0.905714
350 0.837143
350 0.885714
400 0.835
400 0.7775
400 0.88
400 0.7625
400 0.755
400 0.9125
400 0.7975
400 0.6425
400 0.945
400 0.69
400 0.8675
400 0.855
400 0.8175
400 0.885
400 0.89
400 0.7775
400 0.805
400 0.4425
400 0.925
400 0.8725
400 0.6975
400 0.8325
400 0.8675
400 0.655
400 0.725
400 0.82
400 0.7475
400 0.655
400 0.865
400 0.89
400 0.8225
400 0.83
400 0.8325
400 0.8125
400 0.9
400 0.935
400 0.7625
400 0.4525
400 0.8575
400 0.8575
400 0.875
400 0.8825
400 0.8675
400 0.8175
400 0.8725
400 0.8225
400 0.8
400 0.815
400 0.81
400 0.8875
400 0.825
400 0.785
400 0.8125
400 0.78
400 0.8125
400 0.795
400 0.845
400 0.805
400 0.8325
400 0.775
400 0.875
400 0.855
400 0.815
400 0.84
400 0.83
400 0.8075
400 0.8975
400 0.8975
400 0.85
400 0.6875
400 0.805
400 0.7725
400 0.875
400 0.915
400 0.885
450 0.906667
450 0.891111
450 0.811111
450 0.911111
450 0.831111
450 0.74
450 0.851111
450 0.937778
450 0.742222
450 0.837778
450 0.902222
450 0.835556
450 0.646667
450 0.744444
450 0.642222
450 0.891111
450 0.844444
450 0.78
450 0.835556
450 0.913333
450 0.873333
450 0.875556
450 0.631111
450 0.928889
450 0.948889
450 0.742222
450 0.9
450 0.628889
450 0.668889
450 0.68
450 0.826667
450 0.833333
450 0.926667
450 0.915556
450 0.866667
450 0.793333
450 0.837778
450 0.92
450 0.851111
450 0.797778
450 0.66
450 0.76
450 0.691111
450 0.915556
450 0.904444
450 0.853333
450 0.773333
450 0.835556
450 0.733333
450 0.928889
450 0.906667
450 0.697778
450 0.808889
450 0.853333
450 0.917778
450 0.862222
450 0.762222
450 0.86
450 0.826667
450 0.877778
450 0.777778
450 0.913333
450 0.675556
450 0.808889
450 0.853333
450 0.795556
450 0.793333
450 0.768889
450 0.6
450 0.846667
450 0.935556
450 0.764444
450 0.904444
450 0.824444
450 0.68
500 0.886
500 0.87
500 0.848
500 0.864
500 0.768
500 0.746
500 0.806
500 0.876
500 0.842
500 0.918
500 0.816
500 0.828
500 0.77
500 0.846
500 0.854
500 0.802
500 0.83
500 0.796
500 0.892
500 0.674
500 0.842
500 0.9
500 0.854
500 0.75
500 0.846
500 0.854
500 0.788
500 0.854
500 0.738
500 0.842
500 0.804
500 0.812
500 0.846
500 0.856
500 0.88
500 0.862
500 0.884
500 0.874
500 0.854
500 0.854
500 0.868
500 0.736
500 0.874
500 0.864
500 0.84
500 0.86
500 0.822
500 0.796
500 0.856
500 0.726
500 0.884
500 0.846
500 0.83
500 0.78
500 0.746
500 0.87
500 0.802
500 0.79
500 0.862
500 0.912
500 0.836
500 0.828
500 0.924
500 0.724
500 0.912
500 0.82
500 0.918
500 0.652
500 0.874
500 0.88
500 0.666
500 0.768
500 0.786
500 0.864
500 0.862
550 0.670909
550 0.865455
550 0.874545
550 0.883636
550 0.901818
550 0.856364
550 0.914545
550 0.812727
550 0.798182
550 0.845455
550 0.832727
550 0.881818
550 0.701818
550 0.889091
550 0.854545
550 0.870909
550 0.792727
550 0.816364
550 0.894545
550 0.801818
550 0.8
550 0.698182
550 0.834545
550 0.765455
550 0.852727
550 0.88
550 0.849091
550 0.790909
550 0.890909
550 0.82
550 0.812727
550 0.934545
550 0.881818
550 0.129091
550 0.889091
550 0.825455
550 0.783636
550 0.896364
550 0.852727
550 0.872727
550 0.896364
550 0.896364
550 0.883636
550 0.861818
550 0.903636
550 0.849091
550 0.845455
550 0.881818
550 0.883636
550 0.809091
550 0.914545
550 0.852727
550 0.850909
550 0.592727
550 0.789091
550 0.869091
550 0.818182
550 0.856364
550 0.8
550 0.836364
550 0.876364
550 0.889091
550 0.898182
550 0.778182
550 0.794545
550 0.843636
550 0.858182
550 0.910909
550 0.927273
550 0.827273
550 0.761818
550 0.872727
550 0.872727
550 0.932727
550 0.86
600 0.861667
600 0.825
600 0.768333
600 0.646667
600 0.863333
600 0.841667
600 0.84
600 0.878333
600 0.856667
600 0.883333
600 0.811667
600 0.871667
600 0.851667
600 0.895
600 0.88
600 0.885
600 0.881667
600 0.866667
600 0.836667
600 0.901667
600 0.723333
600 0.79
600 0.85
600 0.871667
600 0.843333
600 0.898333
600 0.866667
600 0.88
600 0.888333
600 0.795
600 0.808333
600 0.863333
600 0.843333
600 0.833333
600 0.823333
600 0.806667
600 0.91
600 0.915
600 0.875
600 0.846667
600 0.938333
600 0.91
600 0.851667
600 0.831667
600 0.846667
600 0.905
600 0.865
600 0.788333
600 0.783333
600 0.886667
600 0.678333
600 0.766667
600 0.87
600 0.813333
600 0.886667
600 0.895
600 0.848333
600 0.866667
600 0.878333
600 0.835
600 0.861667
600 0.925
600 0.88
600 0.873333
600 0.83
600 0.813333
600 0.943333
600 0.845
600 0.891667
600 0.851667
600 0.823333
600 0.8
600 0.916667
600 0.87
600 0.793333
650 0.903077
650 0.810769
650 0.883077
650 0.804615
650 0.870769
650 0.864615
650 0.924615
650 0.836923
650 0.856923
650 0.849231
650 0.850769
650 0.853846
650 0.724615
650 0.872308
650 0.669231
650 0.94
650 0.893846
650 0.744615
650 0.82
650 0.875385
650 0.743077
650 0.773846
650 0.8
650 0.889231
650 0.876923
650 0.875385
650 0.823077
650 0.913846
650 0.887692
650 0.849231
650 0.849231
650 0.94
650 0.886154
650 0.84
650 0.929231
650 0.836923
650 0.623077
650 0.849231
650 0.753846
650 0.932308
650 0.910769
650 0.807692
650 0.898462
650 0.903077
650 0.858462
650 0.793846
650 0.870769
650 0.773846
650 0.783077
650 0.844615
650 0.844615
650 0.827692
650 0.881538
650 0.844615
650 0.841538
650 0.863077
650 0.918462
650 0.903077
650 0.738462
650 0.843077
650 0.886154
650 0.864615
650 0.818462
650 0.94
650 0.786154
650 0.889231
650 0.769231
650 0.864615
650 0.929231
650 0.864615
650 0.843077
650 0.729231
650 0.875385
650 0.884615
650 0.903077
700 0.768571
700 0.877143
700 0.865714
700 0.854286
700 0.86
700 0.841429
700 0.9
700 0.875714
700 0.935714
700 0.821429
700 0.898571
700 0.911429
700 0.824286
700 0.854286
700 0.82
700 0.818571
700 0.777143
700 0.877143
700 0.85
700 0.794286
700 0.874286
700 0.827143
700 0.9
700 0.884286
700 0.83
700 0.801429
700 0.871429
700 0.882857
700 0.891429
700 0.861429
700 0.814286
700 0.847143
700 0.84
700 0.835714
700 0.83
700 0.787143
700 0.795714
700 0.848571
700 0.825714
700 0.801429
700 0.841429
700 0.834286
700 0.848571
700 0.91
700 0.715714
700 0.891429
700 0.777143
700 0.891429
700 0.884286
700 0.791429
700 0.824286
700 0.85
700 0.845714
700 0.871429
700 0.781429
700 0.848571
700 0.894286
700 0.774286
700 0.79
700 0.822857
700 0.824286
700 0.871429
700 0.874286
700 0.684286
700 0.935714
700 0.844286
700 0.718571
700 0.85
700 0.754286
700 0.88
700 0.887143
700 0.842857
700 0.885714
700 0.83
700 0.855714
750 0.906667
750 0.876
750 0.857333
750 0.709333
750 0.878667
750 0.897333
750 0.902667
750 0.806667
750 0.872
750 0.868
750 0.850667
750 0.84
750 0.846667
750 0.818667
750 0.822667
750 0.874667
750 0.764
750 0.777333
750 0.868
750 0.805333
750 0.881333
750 0.850667
750 0.782667
750 0.922667
750 0.801333
750 0.877333
750 0.872
750 0.801333
750 0.881333
750 0.872
750 0.805333
750 0.868
750 0.856
750 0.890667
750 0.848
750 0.768
750 0.864
750 0.845333
750 0.744
750 0.772
750 0.845333
750 0.572
750 0.892
750 0.82
750 0.876
750 0.88
750 0.825333
750 0.749333
750 0.896
750 0.845333
750 0.898667
750 0.832
750 0.828
750 0.873333
750 0.848
750 0.882667
750 0.876
750 0.745333
750 0.876
750 0.822667
750 0.922667
750 0.881333
750 0.814667
750 0.854667
750 0.854667
750 0.772
750 0.741333
750 0.894667
750 0.772
750 0.906667
750 0.812
750 0.845333
750 0.906667
750 0.882667
750 0.841333
800 0.85875
800 0.92875
800 0.87
800 0.8775
800 0.855
800 0.895
800 0.68375
800 0.82875
800 0.93125
800 0.83
800 0.8525
800 0.855
800 0.875
800 0.84625
800 0.88375
800 0.88
800 0.85875
800 0.85125
800 0.84
800 0.85
800 0.905
800 0.855
800 0.8775
800 0.84
800 0.8925
800 0.86125
800 0.78375
800 0.87125
800 0.7925
800 0.8925
800 0.90875
800 0.8425
800 0.84875
800 0.89125
800 0.8575
800 0.82
800 0.8075
800 0.905
800 0.73875
800 0.89
800 0.87875
800 0.97625
800 0.845
800 0.80375
800 0.92875
800 0.8825
800 0.98375
800 0.83125
800 0.88125
800 0.68
800 0.79625
800 0.84
800 0.8325
800 0.86625
800 0.925
800 0.89625
800 0.84625
800 0.845
800 0.8425
800 0.8675
800 0.89125
800 0.895
800 0.88875
800 0.9
800 0.81125
800 0.895
800 0.8325
800 0.915
800 0.82875
800 0.92375
800 0.865
800 0.9025
800 0.89
800 0.91875
800 0.8525
850 0.844706
850 0.815294
850 0.935294
850 0.86
850 0.794118
850 0.817647
850 0.72
850 0.911765
850 0.803529
850 0.841176
850 0.835294
850 0.88
850 0.896471
850 0.843529
850 0.74
850 0.929412
850 0.865882
850 0.815294
850 0.822353
850 0.923529
850 0.816471
850 0.912941
850 0.776471
850 0.865882
850 0.849412
850 0.841176
850 0.868235
850 0.878824
850 0.938824
850 0.824706
850 0.422353
850 0.791765
850 0.9
850 0.924706
850 0.841176
850 0.850588
850 0.9
850 0.845882
850 0.827059
850 0.802353
850 0.792941
850 0.836471
850 0.847059
850 0.875294
850 0.829412
850 0.887059
850 0.867059
850 0.856471
850 0.785882
850 0.857647
850 0.882353
850 0.801176
850 0.889412
850 0.922353
850 0.908235
850 0.856471
850 0.697647
850 0.870588
850 0.921176
850 0.844706
850 0.851765
850 0.731765
850 0.897647
850 0.909412
850 0.9
850 0.918824
850 0.930588
850 0.804706
850 0.836471
850 0.884706
850 0.868235
850 0.872941
850 0.890588
850 0.895294
850 0.823529
900 0.908889
900 0.9
900 0.88
900 0.89
900 0.931111
900 0.883333
900 0.841111
900 0.783333
900 0.941111
900 0.91
900 0.834444
900 0.848889
900 0.824444
900 0.914444
900 0.858889
900 0.833333
900 0.861111
900 0.931111
900 0.835556
900 0.854444
900 0.897778
900 0.89
900 0.817778
900 0.814444
900 0.814444
900 0.664444
900 0.853333
900 0.855556
900 0.772222
900 0.918889
900 0.942222
900 0.886667
900 0.748889
900 0.882222
900 0.924444
900 0.927778
900 0.855556
900 0.874444
900 0.885556
900 0.902222
900 0.863333
900 0.64
900 0.885556
900 0.884444
900 0.856667
900 0.884444
900 0.832222
900 0.947778
900 0.863333
900 0.78
900 0.863333
900 0.824444
900 0.76
900 0.896667
900 0.834444
900 0.885556
900 0.9
900 0.908889
900 0.911111
900 0.778889
900 0.887778
900 0.858889
900 0.824444
900 0.755556
900 0.814444
900 0.883333
900 0.831111
900 0.787778
900 0.855556
900 0.804444
900 0.904444
900 0.898889
900 0.911111
900 0.905556
900 0.863333
950 0.914737
950 0.886316
950 0.869474
950 0.887368
950 0.902105
950 0.894737
950 0.907368
950 0.832632
950 0.867368
950 0.870526
950 0.714737
950 0.833684
950 0.869474
950 0.9
950 0.918947
950 0.88
950 0.829474
950 0.947368
950 0.855789
950 0.889474
950 0.913684
950 0.801053
950 0.873684
950 0.856842
950 0.906316
950 0.857895
950 0.858947
950 0.850526
950 0.847368
950 0.935789
950 0.844211
950 0.857895
950 0.945263
950 0.918947
950 0.828421
950 0.894737
950 0.918947
950 0.883158
950 0.870526
950 0.844211
950 0.795789
950 0.86
950 0.838947
950 0.785263
950 0.896842
950 0.768421
950 0.789474
950 0.895789
950 0.888421
950 0.851579
950 0.841053
950 0.864211
950 0.830526
950 0.895789
950 0.882105
950 0.742105
950 0.717895
950 0.855789
950 0.866316
950 0.862105
950 0.84
950 0.789474
950 0.9
950 0.909474
950 0.944211
950 0.870526
950 0.847368
950 0.905263
950 0.849474
950 0.889474
950 0.938947
950 0.770526
950 0.897895
950 0.867368
950 0.863158
1000 0.897
1000 0.841
1000 0.874
1000 0.885
1000 0.772
1000 0.849
1000 0.772
1000 0.942
1000 0.812
1000 0.817
1000 0.947
1000 0.858
1000 0.856
1000 0.86
1000 0.892
1000 0.867
1000 0.919
1000 0.854
1000 0.907
1000 0.855
1000 0.742
1000 0.825
1000 0.759
1000 0.922
1000 0.879
1000 0.823
1000 0.893
1000 0.92
1000 0.924
1000 0.807
1000 0.851
1000 0.853
1000 0.93
1000 0.901
1000 0.872
1000 0.909
1000 0.776
1000 0.766
1000 0.862
1000 0.837
1000 0.895
1000 0.836
1000 0.853
1000 0.856
1000 0.911
1000 0.84
1000 0.857
1000 0.908
1000 0.827
1000 0.865
1000 0.857
1000 0.838
1000 0.812
1000 0.853
1000 0.88
1000 0.917
1000 0.889
1000 0.795
1000 0.891
1000 0.837
1000 0.833
1000 0.9
1000 0.851
1000 0.892
1000 0.929
1000 0.838
1000 0.917
1000 0.942
1000 0.801
1000 0.832
1000 0.909
1000 0.832
1000 0.862
1000 0.885
1000 0.915
1050 0.904762
1050 0.90381
1050 0.848571
1050 0.849524
1050 0.671429
1050 0.947619
1050 0.818095
1050 0.857143
1050 0.846667
1050 0.898095
1050 0.86381
1050 0.88381
1050 0.810476
1050 0.860952
1050 0.844762
1050 0.888571
1050 0.929524
1050 0.885714
1050 0.851429
1050 0.898095
1050 0.881905
1050 0.854286
1050 0.768571
1050 0.79619
1050 0.842857
1050 0.807619
1050 0.87619
1050 0.888571
1050 0.859048
1050 0.944762
1050 0.866667
1050 0.862857
1050 0.82381
1050 0.920952
1050 0.807619
1050 0.852381
1050 0.895238
1050 0.821905
1050 0.825714
1050 0.859048
1050 0.873333
1050 0.907619
1050 0.732381
1050 0.855238
1050 0.899048
1050 0.890476
1050 0.688571
1050 0.899048
1050 0.96
1050 0.908571
1050 0.925714
1050 0.814286
1050 0.862857
1050 0.832381
1050 0.938095
1050 0.893333
1050 0.815238
1050 0.851429
1050 0.94
1050 0.840952
1050 0.802857
1050 0.848571
1050 0.788571
1050 0.869524
1050 0.792381
1050 0.840952
1050 0.886667
1050 0.772381
1050 0.89619
1050 0.768571
1050 0.9
1050 0.729524
1050 0.83619
1050 0.766667
1050 0.912381
1100 0.864545
1100 0.911818
1100 0.863636
1100 0.89
1100 0.934545
1100 0.861818
1100 0.756364
1100 0.88
1100 0.835455
1100 0.735455
1100 0.834545
1100 0.86
1100 0.881818
1100 0.848182
1100 0.869091
1100 0.917273
1100 0.87
1100 0.873636
1100 0.895455
1100 0.875455
1100 0.821818
1100 0.89
1100 0.895455
1100 0.806364
1100 0.861818
1100 0.788182
1100 0.876364
1100 0.888182
1100 0.889091
1100 0.834545
1100 0.845455
1100 0.87
1100 0.899091
1100 0.916364
1100 0.916364
1100 0.89
1100 0.877273
1100 0.841818
1100 0.91
1100 0.839091
1100 0.902727
1100 0.839091
1100 0.798182
1100 0.877273
1100 0.840909
1100 0.961818
1100 0.895455
1100 0.81
1100 0.905455
1100 0.89
1100 0.792727
1100 0.923636
1100 0.964545
1100 0.761818
1100 0.841818
1100 0.853636
1100 0.838182
1100 0.885455
1100 0.871818
1100 0.858182
1100 0.857273
1100 0.900909
1100 0.822727
1100 0.796364
1100 0.913636
1100 0.917273
1100 0.88
1100 0.872727
1100 0.942727
1100 0.762727
1100 0.83
1100 0.91
1100 0.926364
1100 0.801818
1100 0.749091
1150 0.887826
1150 0.793043
1150 0.887826
1150 0.886957
1150 0.91913
1150 0.886957
1150 0.805217
1150 0.74
1150 0.838261
1150 0.84
1150 0.90087
1150 0.898261
1150 0.866087
1150 0.881739
1150 0.87913
1150 0.926957
1150 0.890435
1150 0.872174
1150 0.878261
1150 0.9
1150 0.894783
1150 0.890435
1150 0.865217
1150 0.874783
1150 0.843478
1150 0.94087
1150 0.878261
1150 0.797391
1150 0.9
1150 0.852174
1150 0.886087
1150 0.887826
1150 0.918261
1150 0.842609
1150 0.744348
1150 0.929565
1150 0.832174
1150 0.9
1150 0.915652
1150 0.92087
1150 0.84087
1150 0.836522
1150 0.894783
1150 0.890435
1150 0.929565
1150 0.658261
1150 0.921739
1150 0.855652
1150 0.90087
1150 0.808696
1150 0.861739
1150 0.821739
1150 0.851304
1150 0.828696
1150 0.869565
1150 0.784348
1150 0.876522
1150 0.834783
1150 0.872174
1150 0.86087
1150 0.813913
1150 0.833913
1150 0.877391
1150 0.77913
1150 0.843478
1150 0.824348
1150 0.817391
1150 0.873043
1150 0.846087
1150 0.856522
1150 0.873913
1150 0.818261
1150 0.883478
1150 0.866087
1150 0.912174
1200 0.865
1200 0.864167
1200 0.82
1200 0.8475
1200 0.944167
1200 0.8825
1200 0.799167
1200 0.9525
1200 0.8875
1200 0.769167
1200 0.865833
1200 0.911667
1200 0.864167
1200 0.880833
1200 0.8675
1200 0.884167
1200 0.895833
1200 0.879167
1200 0.898333
1200 0.7825
1200 0.930833
1200 0.8825
1200 0.896667
1200 0.859167
1200 0.8975
1200 0.781667
1200 0.864167
1200 0.898333
1200 0.8025
1200 0.891667
1200 0.9075
1200 0.853333
1200 0.9325
1200 0.883333
1200 0.8875
1200 0.834167
1200 0.9
1200 0.88
1200 0.885
1200 0.843333
1200 0.865833
1200 0.699167
1200 0.858333
1200 0.910833
1200 0.863333
1200 0.815833
1200 0.8975
1200 0.9625
1200 0.895833
1200 0.831667
1200 0.880833
1200 0.875
1200 0.936667
1200 0.8975
1200 0.8625
1200 0.905833
1200 0.838333
1200 0.888333
1200 0.8725
1200 0.925833
1200 0.913333
1200 0.9175
1200 0.885833
1200 0.878333
1200 0.876667
1200 0.881667
1200 0.873333
1200 0.87
1200 0.9125
1200 0.785
1200 0.874167
1200 0.865833
1200 0.829167
1200 0.864167
1200 0.885
1250 0.9528
1250 0.8824
1250 0.8872
1250 0.6808
1250 0.8528
1250 0.8552
1250 0.8584
1250 0.8632
1250 0.8328
1250 0.848
1250 0.8824
1250 0.88
1250 0.8344
1250 0.8776
1250 0.8664
1250 0.7856
1250 0.848
1250 0.852
1250 0.9168
1250 0.8224
1250 0.8008
1250 0.8144
1250 0.8704
1250 0.872
1250 0.9392
1250 0.8024
1250 0.8496
1250 0.8344
1250 0.6944
1250 0.8488
1250 0.8864
1250 0.8056
1250 0.8432
1250 0.8568
1250 0.9224
1250 0.8312
1250 0.8696
1250 0.8856
1250 0.9096
1250 0.8784
1250 0.8096
1250 0.864
1250 0.8728
1250 0.612
1250 0.9024
1250 0.816
1250 0.9184
1250 0.864
1250 0.8728
1250 0.8464
1250 0.8648
1250 0.8888
1250 0.8504
1250 0.8552
1250 0.9072
1250 0.9192
1250 0.8176
1250 0.884
1250 0.8432
1250 0.9176
1250 0.8464
1250 0.8592
1250 0.8952
1250 0.8752
1250 0.8336
1250 0.9112
1250 0.904
1250 0.876
1250 0.8872
1250 0.848
1250 0.6464
1250 0.9136
1250 0.7864
1250 0.8952
1250 0.9304
1300 0.867692
1300 0.930769
1300 0.885385
1300 0.886154
1300 0.841538
1300 0.933846
1300 0.894615
1300 0.864615
1300 0.863077
1300 0.967692
1300 0.911538
1300 0.872308
1300 0.746923
1300 0.873077
1300 0.846154
1300 0.802308
1300 0.92
1300 0.860769
1300 0.888462
1300 0.856154
1300 0.796154
1300 0.866923
1300 0.729231
1300 0.914615
1300 0.79
1300 0.851538
1300 0.850769
1300 0.855385
1300 0.873846
1300 0.746923
1300 0.901538
1300 0.817692
1300 0.749231
1300 0.851538
1300 0.863846
1300 0.870769
1300 0.849231
1300 0.891538
1300 0.874615
1300 0.792308
1300 0.828462
1300 0.88
1300 0.896923
1300 0.916923
1300 0.838462
1300 0.866923
1300 0.928462
1300 0.903077
1300 0.904615
1300 0.893077
1300 0.875385
1300 0.859231
1300 0.838462
1300 0.923846
1300 0.866923
1300 0.884615
1300 0.933077
1300 0.848462
1300 0.856923
1300 0.913846
1300 0.853077
1300 0.904615
1300 0.817692
1300 0.846154
1300 0.825385
1300 0.838462
1300 0.779231
1300 0.892308
1300 0.907692
1300 0.880769
1300 0.801538
1300 0.876923
1300 0.889231
1300 0.942308
1300 0.933077
1350 0.900741
1350 0.877778
1350 0.914815
1350 0.856296
1350 0.883704
1350 0.853333
1350 0.896296
1350 0.925185
1350 0.848148
1350 0.942222
1350 0.891852
1350 0.818519
1350 0.883704
1350 0.834074
1350 0.872593
1350 0.88
1350 0.877037
1350 0.904444
1350 0.748148
1350 0.868889
1350 0.912593
1350 0.899259
1350 0.857037
1350 0.914815
1350 0.87037
1350 0.848889
1350 0.902963
1350 0.905185
1350 0.798519
1350 0.868889
1350 0.891111
1350 0.839259
1350 0.86963
1350 0.912593
1350 0.831852
1350 0.835556
1350 0.912593
1350 0.848148
1350 0.825185
1350 0.89037
1350 0.902963
1350 0.739259
1350 0.782963
1350 0.886667
1350 0.921481
1350 0.911852
1350 0.912593
1350 0.876296
1350 0.882222
1350 0.913333
1350 0.875556
1350 0.86
1350 0.808889
1350 0.818519
1350 0.787407
1350 0.814074
1350 0.894815
1350 0.84963
1350 0.718519
1350 0.944444
1350 0.848148
1350 0.897037
1350 0.878519
1350 0.584444
1350 0.805185
1350 0.82
1350 0.915556
1350 0.858519
1350 0.827407
1350 0.868148
1350 0.885926
1350 0.902222
1350 0.965926
1350 0.876296
1350 0.901481
1400 0.897857
1400 0.836429
1400 0.840714
1400 0.85
1400 0.805714
1400 0.893571
1400 0.902857
1400 0.855
1400 0.843571
1400 0.822143
1400 0.865714
1400 0.897857
1400 0.876429
1400 0.901429
1400 0.904286
1400 0.655714
1400 0.862857
1400 0.914286
1400 0.88
1400 0.928571
1400 0.887857
1400 0.913571
1400 0.904286
1400 0.845714
1400 0.865
1400 0.924286
1400 0.883571
1400 0.881429
1400 0.876429
1400 0.891429
1400 0.917143
1400 0.842857
1400 0.896429
1400 0.868571
1400 0.807143
1400 0.882857
1400 0.796429
1400 0.93
1400 0.889286
1400 0.886429
1400 0.857143
1400 0.901429
1400 0.917143
1400 0.88
1400 0.870714
1400 0.845714
1400 0.864286
1400 0.888571
1400 0.81
1400 0.845
1400 0.925714
1400 0.856429
1400 0.772143
1400 0.948571
1400 0.815714
1400 0.870714
1400 0.961429
1400 0.807857
1400 0.883571
1400 0.828571
1400 0.893571
1400 0.892857
1400 0.941429
1400 0.884286
1400 0.821429
1400 0.849286
1400 0.907143
1400 0.945714
1400 0.87
1400 0.855
1400 0.9
1400 0.935
1400 0.767857
1400 0.86
1400 0.887857
1450 0.862069
1450 0.85931
1450 0.891034
1450 0.864828
1450 0.932414
1450 0.883448
1450 0.953793
1450 0.908276
1450 0.86
1450 0.911034
1450 0.844828
1450 0.824828
1450 0.850345
1450 0.926897
1450 0.888966
1450 0.857931
1450 0.805517
1450 0.871034
1450 0.888966
1450 0.951034
1450 0.877931
1450 0.831724
1450 0.841379
1450 0.923448
1450 0.811034
1450 0.837241
1450 0.882069
1450 0.832414
1450 0.832414
1450 0.872414
1450 0.873793
1450 0.913793
1450 0.875862
1450 0.924138
1450 0.854483
1450 0.897931
1450 0.87931
1450 0.844138
1450 0.84
1450 0.784828
1450 0.867586
1450 0.874483
1450 0.862069
1450 0.824828
1450 0.885517
1450 0.812414
1450 0.883448
1450 0.803448
1450 0.844828
1450 0.833103
1450 0.906897
1450 0.897241
1450 0.842759
1450 0.858621
1450 0.882069
1450 0.851724
1450 0.836552
1450 0.884138
1450 0.862069
1450 0.804828
1450 0.801379
1450 0.922759
1450 0.865517
1450 0.857241
1450 0.842069
1450 0.886207
1450 0.881379
1450 0.855862
1450 0.79931
1450 0.824828
1450 0.932414
1450 0.896552
1450 0.912414
1450 0.918621
1450 0.863448
1500 0.904667
1500 0.875333
1500 0.890667
1500 0.784667
1500 0.912
1500 0.873333
1500 0.866
1500 0.906
1500 0.749333
1500 0.84
1500 0.757333
1500 0.815333
1500 0.918
1500 0.890667
1500 0.878
1500 0.908
1500 0.909333
1500 0.874667
1500 0.887333
1500 0.874667
1500 0.882667
1500 0.829333
1500 0.822
1500 0.812667
1500 0.919333
1500 0.872
1500 0.776667
1500 0.849333
1500 0.889333
1500 0.823333
1500 0.844667
1500 0.900667
1500 0.843333
1500 0.908667
1500 0.881333
1500 0.866
1500 0.918667
1500 0.856667
1500 0.847333
1500 0.867333
1500 0.892
1500 0.854
1500 0.969333
1500 0.879333
1500 0.828
1500 0.918
1500 0.988
1500 0.908
1500 0.851333
1500 0.964
1500 0.905333
1500 0.903333
1500 0.907333
1500 0.84
1500 0.713333
1500 0.944667
1500 0.891333
1500 0.875333
1500 0.872
1500 0.934
1500 0.909333
1500 0.855333
1500 0.92
1500 0.866667
1500 0.876
1500 0.874667
1500 0.847333
1500 0.862667
1500 0.892
1500 0.86
1500 0.878667
1500 0.932
1500 0.880667
1500 0.826667
1500 0.846667
1550 0.907742
1550 0.886452
1550 0.836774
1550 0.889677
1550 0.827097
1550 0.828387
1550 0.855484
1550 0.836774
1550 0.888387
1550 0.614839
1550 0.914194
1550 0.766452
1550 0.87871
1550 0.865806
1550 0.885161
1550 0.805161
1550 0.892258
1550 0.872903
1550 0.794194
1550 0.855484
1550 0.837419
1550 0.849677
1550 0.876129
1550 0.901935
1550 0.927097
1550 0.869032
1550 0.887097
1550 0.892258
1550 0.933548
1550 0.87871
1550 0.894194
1550 0.910323
1550 0.885806
1550 0.897419
1550 0.89871
1550 0.852258
1550 0.88
1550 0.838065
1550 0.909032
1550 0.86129
1550 0.91871
1550 0.899355
1550 0.946452
1550 0.894194
1550 0.865161
1550 0.850968
1550 0.961935
1550 0.925806
1550 0.923871
1550 0.891613
1550 0.813548
1550 0.837419
1550 0.932258
1550 0.848387
1550 0.911613
1550 0.894839
1550 0.890968
1550 0.913548
1550 0.854194
1550 0.847097
1550 0.810323
1550 0.88
1550 0.844516
1550 0.829032
1550 0.873548
1550 0.869677
1550 0.758065
1550 0.914194
1550 0.862581
1550 0.906452
1550 0.843226
1550 0.872903
1550 0.865806
1550 0.845161
1550 0.914839
1600 0.884375
1600 0.86125
1600 0.87
1600 0.8425
1600 0.881875
1600 0.819375
1600 0.88125
1600 0.856875
1600 0.82125
1600 0.866875
1600 0.89625
1600 0.774375
1600 0.866875
1600 0.8525
1600 0.93875
1600 0.8525
1600 0.865
1600 0.875625
1600 0.85625
1600 0.841875
1600 0.879375
1600 0.894375
1600 0.88125
1600 0.858125
1600 0.885
1600 0.853125
1600 0.881875
1600 0.92875
1600 0.868125
1600 0.8625
1600 0.90125
1600 0.889375
1600 0.813125
1600 0.854375
1600 0.76
1600 0.864375
1600 0.850625
1600 0.90875
1600 0.93
1600 0.930625
1600 0.905625
1600 0.86375
1600 0.895625
1600 0.9575
1600 0.86125
1600 0.90375
1600 0.85875
1600 0.9125
1600 0.804375
1600 0.86125
1600 0.904375
1600 0.92625
1600 0.935
1600 0.78375
1600 0.886875
1600 0.781875
1600 0.84625
1600 0.9225
1600 0.89125
1600 0.863125
1600 0.850625
1600 0.888125
1600 0.94625
1600 0.86375
1600 0.84375
1600 0.8275
1600 0.88625
1600 0.889375
1600 0.765
1600 0.916875
1600 0.809375
1600 0.894375
1600 0.86
1600 0.8825
1600 0.84
1650 0.964848
1650 0.893333
1650 0.849091
1650 0.865455
1650 0.906667
1650 0.91697
1650 0.88303
1650 0.909697
1650 0.868485
1650 0.892121
1650 0.799394
1650 0.946667
1650 0.894545
1650 0.902424
1650 0.838182
1650 0.898182
1650 0.878182
1650 0.915152
1650 0.866061
1650 0.917576
1650 0.946667
1650 0.870303
1650 0.850303
1650 0.952727
1650 0.763636
1650 0.80303
1650 0.887273
1650 0.86303
1650 0.903636
1650 0.844848
1650 0.833939
1650 0.889091
1650 0.916364
1650 0.898182
1650 0.870909
1650 0.89697
1650 0.849697
1650 0.869091
1650 0.864242
1650 0.875152
1650 0.942424
1650 0.866061
1650 0.882424
1650 0.892727
1650 0.880606
1650 0.920606
1650 0.892121
1650 0.838182
1650 0.913333
1650 0.818788
1650 0.875152
1650 0.872121
1650 0.883636
1650 0.717576
1650 0.902424
1650 0.915758
1650 0.904848
1650 0.901818
1650 0.83697
1650 0.830909
1650 0.932727
1650 0.94303
1650 0.913939
1650 0.802424
1650 0.881212
1650 0.913333
1650 0.818182
1650 0.877576
1650 0.89697
1650 0.909091
1650 0.692121
1650 0.810909
1650 0.88
1650 0.76303
1650 0.9
1700 0.794118
1700 0.877647
1700 0.851176
1700 0.832941
1700 0.893529
1700 0.835294
1700 0.906471
1700 0.882353
1700 0.799412
1700 0.886471
1700 0.845294
1700 0.870588
1700 0.897647
1700 0.884706
1700 0.815294
1700 0.888235
1700 0.856471
1700 0.771176
1700 0.847647
1700 0.871176
1700 0.940588
1700 0.828235
1700 0.874118
1700 0.9
1700 0.854118
1700 0.905294
1700 0.885882
1700 0.836471
1700 0.862353
1700 0.824118
1700 0.887647
1700 0.890588
1700 0.915294
1700 0.885882
1700 0.903529
1700 0.865294
1700 0.922941
1700 0.897647
1700 0.887059
1700 0.86
1700 0.819412
1700 0.869412
1700 0.912941
1700 0.788235
1700 0.917647
1700 0.811765
1700 0.942941
1700 0.865294
1700 0.948235
1700 0.901176
1700 0.896471
1700 0.781765
1700 0.902353
1700 0.871765
1700 0.826471
1700 0.904706
1700 0.907647
1700 0.807647
1700 0.878235
1700 0.847059
1700 0.867059
1700 0.836471
1700 0.842941
1700 0.908235
1700 0.897059
1700 0.855882
1700 0.882353
1700 0.93
1700 0.905294
1700 0.957647
1700 0.865882
1700 0.876471
1700 0.874118
1700 0.948235
1700 0.894706
1750 0.892571
1750 0.893714
1750 0.830857
1750 0.898857
1750 0.881143
1750 0.836571
1750 0.875429
1750 0.806857
1750 0.906857
1750 0.846857
1750 0.940571
1750 0.865143
1750 0.893143
1750 0.878857
1750 0.823429
1750 0.841714
1750 0.877714
1750 0.826857
1750 0.857143
1750 0.803429
1750 0.78
1750 0.861714
1750 0.854286
1750 0.826857
1750 0.882286
1750 0.907429
1750 0.886857
1750 0.942286
1750 0.884
1750 0.881714
1750 0.776
1750 0.887429
1750 0.891429
1750 0.965714
1750 0.881714
1750 0.892571
1750 0.923429
1750 0.857143
1750 0.924571
1750 0.883429
1750 0.810286
1750 0.849714
1750 0.9
1750 0.879429
1750 0.758286
1750 0.846286
1750 0.937714
1750 0.849714
1750 0.871429
1750 0.882857
1750 0.838286
1750 0.895429
1750 0.905714
1750 0.842857
1750 0.870857
1750 0.878857
1750 0.898857
1750 0.865143
1750 0.891429
1750 0.882286
1750 0.877714
1750 0.836571
1750 0.858857
1750 0.844
1750 0.832571
1750 0.941714
1750 0.759429
1750 0.866857
1750 0.934286
1750 0.84
1750 0.456
1750 0.913714
1750 0.833143
1750 0.922857
1750 0.873714
1800 0.837778
1800 0.889444
1800 0.837222
1800 0.915556
1800 0.901667
1800 0.822778
1800 0.899444
1800 0.891667
1800 0.901667
1800 0.825
1800 0.895
1800 0.872222
1800 0.830556
1800 0.849444
1800 0.905556
1800 0.868333
1800 0.898333
1800 0.892222
1800 0.872778
1800 0.868889
1800 0.777778
1800 0.896111
1800 0.887222
1800 0.838333
1800 0.906111
1800 0.810556
1800 0.853889
1800 0.88
1800 0.873889
1800 0.850556
1800 0.866667
1800 0.863889
1800 0.854444
1800 0.880556
1800 0.783889
1800 0.744444
1800 0.847778
1800 0.815
1800 0.886667
1800 0.862222
1800 0.912222
1800 0.872222
1800 0.872222
1800 0.932222
1800 0.885556
1800 0.876667
1800 0.852222
1800 0.872778
1800 0.843889
1800 0.862222
1800 0.860556
1800 0.865
1800 0.868889
1800 0.818889
1800 0.857222
1800 0.805556
1800 0.828889
1800 0.901667
1800 0.814444
1800 0.936111
1800 0.77
1800 0.839444
1800 0.825
1800 0.896667
1800 0.87
1800 0.845556
1800 0.928889
1800 0.892222
1800 0.881111
1800 0.923333
1800 0.879444
1800 0.886111
1800 0.791667
1800 0.842778
1800 0.890556
1850 0.791351
1850 0.864865
1850 0.845405
1850 0.871892
1850 0.864865
1850 0.885405
1850 0.839459
1850 0.822162
1850 0.893514
1850 0.804865
1850 0.841081
1850 0.963784
1850 0.916757
1850 0.86973
1850 0.940541
1850 0.944865
1850 0.932432
1850 0.818378
1850 0.876216
1850 0.825946
1850 0.915135
1850 0.909189
1850 0.857838
1850 0.931351
1850 0.839459
1850 0.892432
1850 0.831351
1850 0.955676
1850 0.822703
1850 0.917838
1850 0.883243
1850 0.864324
1850 0.872432
1850 0.893514
1850 0.890811
1850 0.868649
1850 0.934595
1850 0.925405
1850 0.879459
1850 0.944865
1850 0.924324
1850 0.807027
1850 0.816757
1850 0.865405
1850 0.901081
1850 0.855135
1850 0.912973
1850 0.821081
1850 0.894595
1850 0.821622
1850 0.982162
1850 0.89027
1850 0.804865
1850 0.916757
1850 0.883243
1850 0.842162
1850 0.890811
1850 0.861622
1850 0.88
1850 0.848649
1850 0.869189
1850 0.928108
1850 0.862162
1850 0.888649
1850 0.861081
1850 0.861081
1850 0.869189
1850 0.80973
1850 0.877297
1850 0.858378
1850 0.875135
1850 0.916216
1850 0.748108
1850 0.866486
1850 0.914595
1900 0.915263
1900 0.886842
1900 0.898947
1900 0.95
1900 0.802632
1900 0.9
1900 0.833158
1900 0.927368
1900 0.889474
1900 0.863684
1900 0.875789
1900 0.774211
1900 0.86
1900 0.873158
1900 0.873158
1900 0.906316
1900 0.895263
1900 0.844737
1900 0.872632
1900 0.944737
1900 0.862105
1900 0.814737
1900 0.889474
1900 0.881053
1900 0.815263
1900 0.884737
1900 0.855263
1900 0.91
1900 0.906316
1900 0.833158
1900 0.861053
1900 0.924737
1900 0.894211
1900 0.908947
1900 0.812105
1900 0.853684
1900 0.824737
1900 0.931053
1900 0.843684
1900 0.864211
1900 0.893684
1900 0.871579
1900 0.852105
1900 0.921053
1900 0.891579
1900 0.945263
1900 0.905789
1900 0.886316
1900 0.794211
1900 0.900526
1900 0.823158
1900 0.933684
1900 0.875263
1900 0.811053
1900 0.879474
1900 0.864211
1900 0.857895
1900 0.896842
1900 0.897368
1900 0.798421
1900 0.898421
1900 0.826842
1900 0.8
1900 0.852105
1900 0.902632
1900 0.855263
1900 0.899474
1900 0.862632
1900 0.895789
1900 0.823158
1900 0.885263
1900 0.937368
1900 0.899474
1900 0.852632
1900 0.827368
1950 0.87641
1950 0.891795
1950 0.84359
1950 0.946667
1950 0.87641
1950 0.874359
1950 0.851795
1950 0.907692
1950 0.947179
1950 0.864103
1950 0.88
1950 0.924615
1950 0.890769
1950 0.654359
1950 0.938974
1950 0.868205
1950 0.870769
1950 0.858974
1950 0.889231
1950 0.904615
1950 0.863077
1950 0.855385
1950 0.935385
1950 0.874359
1950 0.901026
1950 0.873846
1950 0.825641
1950 0.942564
1950 0.912308
1950 0.821026
1950 0.846667
1950 0.918462
1950 0.872308
1950 0.85641
1950 0.884103
1950 0.854872
1950 0.802051
1950 0.916923
1950 0.747692
1950 0.885128
1950 0.924103
1950 0.825128
1950 0.922564
1950 0.882051
1950 0.824103
1950 0.917436
1950 0.875897
1950 0.851795
1950 0.815385
1950 0.865641
1950 0.858974
1950 0.872821
1950 0.893333
1950 0.829744
1950 0.915897
1950 0.912821
1950 0.883077
1950 0.877949
1950 0.833846
1950 0.898974
1950 0.87641
1950 0.870256
1950 0.864103
1950 0.884103
1950 0.839487
1950 0.92359
1950 0.885128
1950 0.849744
1950 0.858462
1950 0.840513
1950 0.868718
1950 0.871282
1950 0.913846
1950 0.835385
1950 0.687179
2000 0.8375
2000 0.829
2000 0.895
2000 0.8845
2000 0.895
2000 0.8315
2000 0.931
2000 0.835
2000 0.846
2000 0.8305
2000 0.8445
2000 0.9015
2000 0.9125
2000 0.929
2000 0.9015
2000 0.8745
2000 0.8935
2000 0.868
2000 0.8325
2000 0.8745
2000 0.881
2000 0.8415
2000 0.8315
2000 0.872
2000 0.875
2000 0.896
2000 0.886
2000 0.9295
2000 0.918
2000 0.8835
2000 0.871
2000 0.8735
2000 0.8965
2000 0.9725
2000 0.8325
2000 0.901
2000 0.8885
2000 0.931
2000 0.8845
2000 0.909
2000 0.887
2000 0.816
2000 0.86
2000 0.7665
2000 0.8565
2000 0.934
2000 0.889
2000 0.919
2000 0.8815
2000 0.8835
2000 0.8245
2000 0.862
2000 0.8555
2000 0.8755
2000 0.924
2000 0.7805
2000 0.916
2000 0.8275
2000 0.8755
2000 0.8615
2000 0.8675
2000 0.8205
2000 0.8435
2000 0.8705
2000 0.939
2000 0.869
2000 0.789
2000 0.8655
2000 0.8075
2000 0.9085
2000 0.8615
2000 0.8815
2000 0.94
2000 0.892
2000 0.8875
