50 0.04
50 0.58
50 0
50 0
50 0.48
50 0.18
50 0.4
50 0.54
50 0.02
50 0.18
50 0.04
50 0.04
50 0
50 0.24
50 0.16
50 0.06
50 0.08
50 0.1
50 0.08
50 0.08
50 0.06
50 0
50 0.42
50 0.12
50 0.14
50 0.68
50 0.34
50 0.28
50 0.38
50 0.16
50 0.2
50 0
50 0
50 0.24
50 0.02
50 0
50 0.38
50 0.18
50 0.02
50 0
50 0
50 0.4
50 0.08
50 0.82
50 0.22
50 0.44
50 0.26
50 0.54
50 0.34
50 0.4
50 0.38
50 0.08
50 0.14
50 0.04
50 0.5
50 0.22
50 0.5
50 0.02
50 0.04
50 0.3
50 0.36
50 0.28
50 0.08
50 0
50 0.74
50 0.02
50 0.12
50 0.02
50 0.5
50 0.12
50 0
50 0.24
50 0.2
50 0.46
50 0.12
100 0.23
100 0
100 0.25
100 0.62
100 0.66
100 0.79
100 0.47
100 0.32
100 0.77
100 0.39
100 0.85
100 0.77
100 0.11
100 0.01
100 0.89
100 0.18
100 0.65
100 0.43
100 0.26
100 0.65
100 0.71
100 0.75
100 0.46
100 0.64
100 0.52
100 0.65
100 0.22
100 0.47
100 0.21
100 0.73
100 0.82
100 0.45
100 0.11
100 0.77
100 0.76
100 0.46
100 0.72
100 0.6
100 0.08
100 0.55
100 0.69
100 0.25
100 0.39
100 0.88
100 0.75
100 0.63
100 0.53
100 0.29
100 0.79
100 0.5
100 0.68
100 0.67
100 0
100 0.75
100 0.57
100 0.94
100 0.76
100 0.77
100 0.75
100 0.56
100 0.76
100 0.19
100 0.48
100 0.53
100 0.55
100 0.08
100 0.78
100 0.49
100 0.3
100 0.65
100 0
100 0.67
100 0.42
100 0.02
100 0.76
150 0.54
150 0.56
150 0.82
150 0.713333
150 0.573333
150 0.773333
150 0.76
150 0.766667
150 0.8
150 0.346667
150 0.853333
150 0.693333
150 0.466667
150 0.506667
150 0.606667
150 0.7
150 0.82
150 0.466667
150 0.453333
150 0.726667
150 0.786667
150 0.693333
150 0.546667
150 0.3
150 0.78
150 0.746667
150 0.333333
150 0.853333
150 0.62
150 0.653333
150 0.706667
150 0.813333
150 0.766667
150 0.826667
150 0.693333
150 0.486667
150 0.406667
150 0.746667
150 0.513333
150 0.613333
150 0.626667
150 0.533333
150 0.393333
150 0.446667
150 0.32
150 0.6
150 0.7
150 0.24
150 0.726667
150 0.46
150 0.573333
150 0.54
150 0.68
150 0.833333
150 0.66
150 0.746667
150 0.693333
150 0.766667
150 0.366667
150 0.626667
150 0.78
150 0.78
150 0.813333
150 0.553333
150 0.88
150 0.746667
150 0.533333
150 0.353333
150 0.68
150 0.466667
150 0.733333
150 0.513333
150 0.733333
150 0.713333
150 0.76
200 0.57
200 0.305
200 0.765
200 0.72
200 0.545
200 0.77
200 0.9
200 0.94
200 0.675
200 0.675
200 0.66
200 0.56
200 0.81
200 0.865
200 0.72
200 0.47
200 0.825
200 0.775
200 0.76
200 0.81
200 0.69
200 0.66
200 0.655
200 0.79
200 0.845
200 0.64
200 0.755
200 0.805
200 0.545
200 0.795
200 0.48
200 0.48
200 0.785
200 0.705
200 0.33
200 0.745
200 0.34
200 0.575
200 0.79
200 0.495
200 0.72
200 0.83
200 0.62
200 0.525
200 0.84
200 0.585
200 0.75
200 0.77
200 0.735
200 0.545
200 0.56
200 0.79
200 0.34
200 0.7
200 0.765
200 0.73
200 0.835
200 0.655
200 0.845
200 0.61
200 0.58
200 0.665
200 0.89
200 0.775
200 0.785
200 0.67
200 0.6
200 0.68
200 0.745
200 0.775
200 0.765
200 0.645
200 0.805
200 0.84
200 0.7
250 0.792
250 0.856
250 0.804
250 0.72
250 0.848
250 0.86
250 0.784
250 0.84
250 0.588
250 0.82
250 0.832
250 0.84
250 0.852
250 0.732
250 0.676
250 0.872
250 0.78
250 0.808
250 0.76
250 0.88
250 0.884
250 0.624
250 0.68
250 0.852
250 0.916
250 0.876
250 0.824
250 0.852
250 0.712
250 0.792
250 0.684
250 0.892
250 0.532
250 0.724
250 0.732
250 0.34
250 0.788
250 0.728
250 0.716
250 0.608
250 0.7
250 0.472
250 0.788
250 0.712
250 0.576
250 0.812
250 0.812
250 0.576
250 0.816
250 0.568
250 0.82
250 0.588
250 0.372
250 0.748
250 0.84
250 0.784
250 0.78
250 0.564
250 0.616
250 0.64
250 0.864
250 0.88
250 0.648
250 0.812
250 0.636
250 0.66
250 0.816
250 0.68
250 0.804
250 0.84
250 0.636
250 0.46
250 0.92
250 0.816
250 0.828
300 0.793333
300 0.67
300 0.853333
300 0.886667
300 0.4
300 0.52
300 0.776667
300 0.633333
300 0.683333
300 0.766667
300 0.833333
300 0.186667
300 0.606667
300 0.766667
300 0.636667
300 0.796667
300 0.65
300 0.826667
300 0.82
300 0.85
300 0.793333
300 0.843333
300 0.753333
300 0.863333
300 0.6
300 0.78
300 0.883333
300 0.796667
300 0.63
300 0.733333
300 0.74
300 0.713333
300 0.85
300 0.786667
300 0.776667
300 0.926667
300 0.793333
300 0.776667
300 0.62
300 0.776667
300 0.903333
300 0.55
300 0.826667
300 0.776667
300 0.613333
300 0.603333
300 0.776667
300 0.79
300 0.463333
300 0.796667
300 0.67
300 0.813333
300 0.753333
300 0.74
300 0.793333
300 0.753333
300 0.836667
300 0.816667
300 0.783333
300 0.883333
300 0.83
300 0.723333
300 0.803333
300 0.736667
300 0.816667
300 0.863333
300 0.83
300 0.47
300 0.853333
300 0.8
300 0.61
300 0.813333
300 0.796667
300 0.78
300 0.75
350 0.88
350 0.917143
350 0.814286
350 0.602857
350 0.828571
350 0.594286
350 0.697143
350 0.742857
350 0.92
350 0.528571
350 0.837143
350 0.737143
350 0.851429
350 0.828571
350 0.851429
350 0.782857
350 0.88
350 0.774286
350 0.8
350 0.857143
350 0.8
350 0.748571
350 0.868571
350 0.74
350 0.828571
350 0.785714
350 0.814286
350 0.585714
350 0.814286
350 0.802857
350 0.688571
350 0.88
350 0.782857
350 0.848571
350 0.888571
350 0.837143
350 0.777143
350 0.562857
350 0.814286
350 0.74
350 0.771429
350 0.697143
350 0.68
350 0.788571
350 0.917143
350 0.848571
350 0.651429
350 0.808571
350 0.785714
350 0.811429
350 0.722857
350 0.811429
350 0.857143
350 0.854286
350 0.842857
350 0.885714
350 0.908571
350 0.788571
350 0.908571
350 0.708571
350 0.905714
350 0.814286
350 0.86
350 0.831429
350 0.72
350 0.828571
350 0.851429
350 0.765714
350 0.86
350 0.72
350 0.742857
350 0.82
350 0.337143
350 0.688571
350 0.794286
400 0.7075
400 0.63
400 0.79
400 0.745
400 0.7025
400 0.8825
400 0.7925
400 0.54
400 0.85
400 0.7175
400 0.86
400 0.8425
400 0.7825
400 0.7525
400 0.8425
400 0.795
400 0.76
400 0.365
400 0.9275
400 0.795
400 0.74
400 0.7775
400 0.7475
400 0.735
400 0.88
400 0.6275
400 0.715
400 0.62
400 0.8425
400 0.8975
400 0.7475
400 0.7325
400 0.8575
400 0.8925
400 0.77
400 0.86
400 0.7475
400 0.4775
400 0.7575
400 0.79
400 0.8875
400 0.8475
400 0.8425
400 0.7775
400 0.5425
400 0.805
400 0.8125
400 0.735
400 0.915
400 0.8625
400 0.9475
400 0.7425
400 0.7975
400 0.715
400 0.77
400 0.825
400 0.9325
400 0.805
400 0.8775
400 0.785
400 0.845
400 0.81
400 0.6675
400 0.67
400 0.77
400 0.87
400 0.875
400 0.8675
400 0.815
400 0.7
400 0.82
400 0.87
400 0.8775
400 0.6875
400 0.87
450 0.797778
450 0.826667
450 0.697778
450 0.897778
450 0.586667
450 0.755556
450 0.824444
450 0.462222
450 0.782222
450 0.84
450 0.76
450 0.86
450 0.611111
450 0.862222
450 0.766667
450 0.802222
450 0.857778
450 0.862222
450 0.811111
450 0.822222
450 0.833333
450 0.611111
450 0.606667
450 0.884444
450 0.86
450 0.713333
450 0.697778
450 0.633333
450 0.871111
450 0.691111
450 0.908889
450 0.675556
450 0.888889
450 0.768889
450 0.764444
450 0.771111
450 0.635556
450 0.831111
450 0.668889
450 0.733333
450 0.808889
450 0.78
450 0.746667
450 0.895556
450 0.862222
450 0.831111
450 0.797778
450 0.817778
450 0.862222
450 0.775556
450 0.66
450 0.791111
450 0.766667
450 0.793333
450 0.742222
450 0.882222
450 0.815556
450 0.768889
450 0.755556
450 0.888889
450 0.704444
450 0.764444
450 0.922222
450 0.826667
450 0.806667
450 0.864444
450 0.9
450 0.657778
450 0.686667
450 0.808889
450 0.791111
450 0.817778
450 0.797778
450 0.44
450 0.653333
500 0.802
500 0.894
500 0.862
500 0.78
500 0.696
500 0.754
500 0.814
500 0.922
500 0.836
500 0.806
500 0.836
500 0.85
500 0.778
500 0.826
500 0.848
500 0.748
500 0.712
500 0.752
500 0.758
500 0.752
500 0.79
500 0.866
500 0.842
500 0.888
500 0.756
500 0.62
500 0.872
500 0.784
500 0.804
500 0.748
500 0.838
500 0.79
500 0.836
500 0.624
500 0.87
500 0.626
500 0.854
500 0.834
500 0.876
500 0.814
500 0.926
500 0.796
500 0.912
500 0.856
500 0.772
500 0.81
500 0.892
500 0.876
500 0.872
500 0.838
500 0.782
500 0.856
500 0.81
500 0.724
500 0.804
500 0.84
500 0.866
500 0.798
500 0.844
500 0.8
500 0.708
500 0.75
500 0.788
500 0.886
500 0.744
500 0.83
500 0.83
500 0.756
500 0.886
500 0.872
500 0.562
500 0.864
500 0.762
500 0.732
500 0.81
550 0.743636
550 0.841818
550 0.805455
550 0.736364
550 0.809091
550 0.874545
550 0.838182
550 0.852727
550 0.781818
550 0.827273
550 0.736364
550 0.834545
550 0.509091
550 0.856364
550 0.84
550 0.878182
550 0.754545
550 0.783636
550 0.769091
550 0.76
550 0.796364
550 0.667273
550 0.789091
550 0.534545
550 0.894545
550 0.685455
550 0.865455
550 0.776364
550 0.769091
550 0.82
550 0.82
550 0.738182
550 0.876364
550 0.165455
550 0.663636
550 0.763636
550 0.794545
550 0.763636
550 0.743636
550 0.832727
550 0.865455
550 0.914545
550 0.641818
550 0.865455
550 0.787273
550 0.867273
550 0.345455
550 0.818182
550 0.772727
550 0.830909
550 0.912727
550 0.861818
550 0.645455
550 0.716364
550 0.703636
550 0.689091
550 0.901818
550 0.801818
550 0.870909
550 0.703636
550 0.845455
550 0.803636
550 0.88
550 0.812727
550 0.916364
550 0.850909
550 0.863636
550 0.876364
550 0.754545
550 0.78
550 0.847273
550 0.878182
550 0.821818
550 0.832727
550 0.858182
600 0.835
600 0.813333
600 0.863333
600 0.823333
600 0.846667
600 0.855
600 0.818333
600 0.608333
600 0.788333
600 0.663333
600 0.943333
600 0.808333
600 0.746667
600 0.766667
600 0.786667
600 0.76
600 0.708333
600 0.868333
600 0.85
600 0.873333
600 0.72
600 0.761667
600 0.825
600 0.716667
600 0.768333
600 0.893333
600 0.858333
600 0.831667
600 0.873333
600 0.665
600 0.81
600 0.825
600 0.79
600 0.783333
600 0.836667
600 0.796667
600 0.74
600 0.838333
600 0.781667
600 0.856667
600 0.506667
600 0.876667
600 0.7
600 0.901667
600 0.813333
600 0.791667
600 0.861667
600 0.683333
600 0.813333
600 0.816667
600 0.885
600 0.715
600 0.798333
600 0.83
600 0.79
600 0.841667
600 0.673333
600 0.84
600 0.605
600 0.751667
600 0.856667
600 0.826667
600 0.626667
600 0.916667
600 0.881667
600 0.79
600 0.76
600 0.765
600 0.753333
600 0.788333
600 0.821667
600 0.736667
600 0.871667
600 0.75
600 0.745
650 0.836923
650 0.616923
650 0.553846
650 0.735385
650 0.847692
650 0.812308
650 0.867692
650 0.836923
650 0.856923
650 0.667692
650 0.74
650 0.835385
650 0.741538
650 0.858462
650 0.626154
650 0.872308
650 0.869231
650 0.696923
650 0.887692
650 0.815385
650 0.64
650 0.718462
650 0.846154
650 0.615385
650 0.729231
650 0.82
650 0.836923
650 0.833846
650 0.818462
650 0.789231
650 0.716923
650 0.904615
650 0.86
650 0.889231
650 0.873846
650 0.767692
650 0.492308
650 0.823077
650 0.710769
650 0.824615
650 0.816923
650 0.881538
650 0.832308
650 0.916923
650 0.807692
650 0.884615
650 0.887692
650 0.723077
650 0.830769
650 0.806154
650 0.824615
650 0.749231
650 0.801538
650 0.816923
650 0.807692
650 0.735385
650 0.852308
650 0.9
650 0.695385
650 0.753846
650 0.776923
650 0.890769
650 0.66
650 0.823077
650 0.844615
650 0.832308
650 0.776923
650 0.836923
650 0.826154
650 0.813846
650 0.813846
650 0.729231
650 0.853846
650 0.861538
650 0.706154
700 0.76
700 0.877143
700 0.86
700 0.751429
700 0.901429
700 0.82
700 0.747143
700 0.9
700 0.85
700 0.854286
700 0.852857
700 0.77
700 0.824286
700 0.848571
700 0.805714
700 0.822857
700 0.728571
700 0.792857
700 0.834286
700 0.752857
700 0.854286
700 0.811429
700 0.87
700 0.808571
700 0.818571
700 0.838571
700 0.821429
700 0.795714
700 0.877143
700 0.827143
700 0.808571
700 0.85
700 0.854286
700 0.897143
700 0.847143
700 0.807143
700 0.894286
700 0.841429
700 0.862857
700 0.87
700 0.787143
700 0.4
700 0.885714
700 0.8
700 0.7
700 0.815714
700 0.774286
700 0.827143
700 0.897143
700 0.961429
700 0.805714
700 0.814286
700 0.862857
700 0.904286
700 0.437143
700 0.874286
700 0.842857
700 0.864286
700 0.754286
700 0.822857
700 0.81
700 0.828571
700 0.865714
700 0.5
700 0.831429
700 0.735714
700 0.842857
700 0.831429
700 0.704286
700 0.877143
700 0.871429
700 0.82
700 0.927143
700 0.885714
700 0.878571
750 0.908
750 0.862667
750 0.804
750 0.736
750 0.770667
750 0.868
750 0.764
750 0.825333
750 0.872
750 0.826667
750 0.657333
750 0.852
750 0.84
750 0.858667
750 0.826667
750 0.802667
750 0.718667
750 0.845333
750 0.832
750 0.876
750 0.864
750 0.828
750 0.656
750 0.896
750 0.888
750 0.846667
750 0.766667
750 0.770667
750 0.72
750 0.889333
750 0.881333
750 0.814667
750 0.882667
750 0.845333
750 0.84
750 0.817333
750 0.890667
750 0.864
750 0.824
750 0.910667
750 0.926667
750 0.705333
750 0.833333
750 0.856
750 0.873333
750 0.842667
750 0.894667
750 0.714667
750 0.856
750 0.852
750 0.886667
750 0.832
750 0.798667
750 0.856
750 0.825333
750 0.842667
750 0.949333
750 0.877333
750 0.833333
750 0.704
750 0.829333
750 0.76
750 0.902667
750 0.788
750 0.82
750 0.850667
750 0.834667
750 0.817333
750 0.882667
750 0.806667
750 0.852
750 0.836
750 0.836
750 0.866667
750 0.836
800 0.86
800 0.7825
800 0.92125
800 0.89
800 0.89125
800 0.81625
800 0.7825
800 0.805
800 0.8475
800 0.80125
800 0.83625
800 0.875
800 0.90875
800 0.77125
800 0.775
800 0.6575
800 0.74625
800 0.83875
800 0.82375
800 0.80375
800 0.7325
800 0.90375
800 0.82
800 0.79875
800 0.82125
800 0.76
800 0.8175
800 0.85125
800 0.82
800 0.86875
800 0.93375
800 0.835
800 0.89
800 0.85
800 0.8575
800 0.7575
800 0.82625
800 0.88125
800 0.87125
800 0.92375
800 0.7825
800 0.83125
800 0.82875
800 0.6975
800 0.805
800 0.87875
800 0.7775
800 0.70125
800 0.78875
800 0.77625
800 0.76875
800 0.78
800 0.79
800 0.74125
800 0.78375
800 0.7975
800 0.80875
800 0.86
800 0.79125
800 0.89125
800 0.85625
800 0.8825
800 0.87875
800 0.915
800 0.80125
800 0.87
800 0.81375
800 0.9575
800 0.865
800 0.81375
800 0.8225
800 0.8125
800 0.85375
800 0.81625
800 0.8725
850 0.863529
850 0.917647
850 0.782353
850 0.787059
850 0.703529
850 0.792941
850 0.885882
850 0.884706
850 0.824706
850 0.830588
850 0.856471
850 0.832941
850 0.76
850 0.842353
850 0.774118
850 0.857647
850 0.852941
850 0.831765
850 0.802353
850 0.752941
850 0.851765
850 0.830588
850 0.878824
850 0.945882
850 0.803529
850 0.785882
850 0.825882
850 0.891765
850 0.891765
850 0.871765
850 0.463529
850 0.817647
850 0.882353
850 0.768235
850 0.785882
850 0.836471
850 0.841176
850 0.868235
850 0.835294
850 0.834118
850 0.854118
850 0.758824
850 0.8
850 0.815294
850 0.811765
850 0.910588
850 0.841176
850 0.805882
850 0.674118
850 0.802353
850 0.807059
850 0.82
850 0.887059
850 0.824706
850 0.787059
850 0.789412
850 0.802353
850 0.802353
850 0.743529
850 0.771765
850 0.767059
850 0.745882
850 0.821176
850 0.848235
850 0.858824
850 0.9
850 0.843529
850 0.829412
850 0.869412
850 0.836471
850 0.827059
850 0.836471
850 0.818824
850 0.862353
850 0.78
900 0.825556
900 0.798889
900 0.874444
900 0.793333
900 0.855556
900 0.823333
900 0.811111
900 0.877778
900 0.86
900 0.851111
900 0.666667
900 0.914444
900 0.782222
900 0.761111
900 0.824444
900 0.82
900 0.82
900 0.85
900 0.738889
900 0.856667
900 0.821111
900 0.852222
900 0.806667
900 0.8
900 0.868889
900 0.666667
900 0.853333
900 0.806667
900 0.835556
900 0.738889
900 0.862222
900 0.761111
900 0.86
900 0.703333
900 0.52
900 0.804444
900 0.885556
900 0.9
900 0.858889
900 0.868889
900 0.617778
900 0.831111
900 0.896667
900 0.816667
900 0.854444
900 0.824444
900 0.851111
900 0.85
900 0.86
900 0.916667
900 0.651111
900 0.813333
900 0.805556
900 0.752222
900 0.831111
900 0.914444
900 0.908889
900 0.745556
900 0.953333
900 0.91
900 0.895556
900 0.824444
900 0.807778
900 0.842222
900 0.748889
900 0.861111
900 0.857778
900 0.89
900 0.891111
900 0.866667
900 0.843333
900 0.818889
900 0.845556
900 0.825556
900 0.85
950 0.865263
950 0.812632
950 0.809474
950 0.852632
950 0.86
950 0.814737
950 0.753684
950 0.835789
950 0.621053
950 0.821053
950 0.893684
950 0.908421
950 0.86
950 0.822105
950 0.929474
950 0.849474
950 0.822105
950 0.842105
950 0.921053
950 0.831579
950 0.856842
950 0.751579
950 0.822105
950 0.863158
950 0.823158
950 0.863158
950 0.826316
950 0.874737
950 0.869474
950 0.884211
950 0.692632
950 0.890526
950 0.732632
950 0.902105
950 0.730526
950 0.890526
950 0.853684
950 0.849474
950 0.778947
950 0.785263
950 0.804211
950 0.807368
950 0.851579
950 0.821053
950 0.869474
950 0.841053
950 0.891579
950 0.822105
950 0.844211
950 0.841053
950 0.783158
950 0.861053
950 0.816842
950 0.772632
950 0.666316
950 0.781053
950 0.890526
950 0.887368
950 0.738947
950 0.843158
950 0.772632
950 0.812632
950 0.842105
950 0.690526
950 0.827368
950 0.848421
950 0.803158
950 0.816842
950 0.815789
950 0.796842
950 0.872632
950 0.858947
950 0.898947
950 0.777895
950 0.869474
1000 0.841
1000 0.694
1000 0.829
1000 0.799
1000 0.766
1000 0.82
1000 0.786
1000 0.892
1000 0.803
1000 0.721
1000 0.827
1000 0.792
1000 0.863
1000 0.818
1000 0.83
1000 0.757
1000 0.754
1000 0.854
1000 0.863
1000 0.782
1000 0.835
1000 0.914
1000 0.823
1000 0.825
1000 0.823
1000 0.684
1000 0.765
1000 0.854
1000 0.847
1000 0.949
1000 0.746
1000 0.892
1000 0.829
1000 0.901
1000 0.853
1000 0.833
1000 0.889
1000 0.863
1000 0.863
1000 0.829
1000 0.91
1000 0.856
1000 0.87
1000 0.827
1000 0.938
1000 0.843
1000 0.836
1000 0.915
1000 0.795
1000 0.836
1000 0.846
1000 0.762
1000 0.871
1000 0.859
1000 0.846
1000 0.872
1000 0.776
1000 0.839
1000 0.861
1000 0.862
1000 0.721
1000 0.845
1000 0.883
1000 0.822
1000 0.755
1000 0.774
1000 0.785
1000 0.714
1000 0.748
1000 0.853
1000 0.859
1000 0.861
1000 0.895
1000 0.924
1000 0.785
1050 0.871429
1050 0.757143
1050 0.839048
1050 0.744762
1050 0.670476
1050 0.891429
1050 0.830476
1050 0.792381
1050 0.857143
1050 0.804762
1050 0.814286
1050 0.835238
1050 0.808571
1050 0.775238
1050 0.840952
1050 0.940952
1050 0.779048
1050 0.868571
1050 0.875238
1050 0.815238
1050 0.867619
1050 0.84
1050 0.739048
1050 0.837143
1050 0.918095
1050 0.830476
1050 0.83619
1050 0.850476
1050 0.874286
1050 0.889524
1050 0.965714
1050 0.866667
1050 0.862857
1050 0.932381
1050 0.754286
1050 0.768571
1050 0.927619
1050 0.882857
1050 0.735238
1050 0.714286
1050 0.858095
1050 0.746667
1050 0.961905
1050 0.839048
1050 0.850476
1050 0.86
1050 0.878095
1050 0.844762
1050 0.833333
1050 0.846667
1050 0.924762
1050 0.84
1050 0.824762
1050 0.805714
1050 0.926667
1050 0.865714
1050 0.805714
1050 0.855238
1050 0.794286
1050 0.819048
1050 0.791429
1050 0.849524
1050 0.820952
1050 0.767619
1050 0.870476
1050 0.918095
1050 0.84381
1050 0.860952
1050 0.85619
1050 0.832381
1050 0.839048
1050 0.735238
1050 0.875238
1050 0.890476
1050 0.937143
1100 0.901818
1100 0.846364
1100 0.867273
1100 0.796364
1100 0.872727
1100 0.828182
1100 0.875455
1100 0.854545
1100 0.862727
1100 0.783636
1100 0.824545
1100 0.927273
1100 0.913636
1100 0.87
1100 0.871818
1100 0.87
1100 0.855455
1100 0.689091
1100 0.753636
1100 0.829091
1100 0.821818
1100 0.880909
1100 0.865455
1100 0.886364
1100 0.748182
1100 0.702727
1100 0.641818
1100 0.887273
1100 0.878182
1100 0.854545
1100 0.867273
1100 0.857273
1100 0.656364
1100 0.868182
1100 0.779091
1100 0.828182
1100 0.867273
1100 0.847273
1100 0.910909
1100 0.82
1100 0.832727
1100 0.799091
1100 0.813636
1100 0.856364
1100 0.829091
1100 0.845455
1100 0.795455
1100 0.865455
1100 0.794545
1100 0.822727
1100 0.577273
1100 0.865455
1100 0.824545
1100 0.707273
1100 0.796364
1100 0.736364
1100 0.880909
1100 0.874545
1100 0.760909
1100 0.818182
1100 0.924545
1100 0.859091
1100 0.841818
1100 0.84
1100 0.835455
1100 0.825455
1100 0.940909
1100 0.888182
1100 0.761818
1100 0.795455
1100 0.850909
1100 0.886364
1100 0.857273
1100 0.835455
1100 0.812727
1150 0.86087
1150 0.731304
1150 0.894783
1150 0.910435
1150 0.835652
1150 0.865217
1150 0.788696
1150 0.817391
1150 0.935652
1150 0.78087
1150 0.867826
1150 0.85913
1150 0.663478
1150 0.846087
1150 0.791304
1150 0.733043
1150 0.845217
1150 0.778261
1150 0.861739
1150 0.821739
1150 0.853043
1150 0.892174
1150 0.84
1150 0.88087
1150 0.806087
1150 0.822609
1150 0.833913
1150 0.801739
1150 0.653913
1150 0.843478
1150 0.694783
1150 0.836522
1150 0.875652
1150 0.930435
1150 0.792174
1150 0.888696
1150 0.823478
1150 0.838261
1150 0.857391
1150 0.841739
1150 0.681739
1150 0.906957
1150 0.908696
1150 0.813913
1150 0.851304
1150 0.833913
1150 0.9
1150 0.84087
1150 0.8
1150 0.837391
1150 0.856522
1150 0.857391
1150 0.835652
1150 0.728696
1150 0.815652
1150 0.782609
1150 0.856522
1150 0.833913
1150 0.776522
1150 0.826957
1150 0.794783
1150 0.847826
1150 0.826087
1150 0.741739
1150 0.793043
1150 0.843478
1150 0.844348
1150 0.891304
1150 0.791304
1150 0.833043
1150 0.853913
1150 0.76087
1150 0.864348
1150 0.736522
1150 0.853043
1200 0.9125
1200 0.839167
1200 0.825
1200 0.8775
1200 0.855
1200 0.809167
1200 0.815
1200 0.823333
1200 0.895833
1200 0.889167
1200 0.653333
1200 0.691667
1200 0.8675
1200 0.8425
1200 0.854167
1200 0.844167
1200 0.848333
1200 0.8775
1200 0.896667
1200 0.791667
1200 0.861667
1200 0.824167
1200 0.8275
1200 0.755833
1200 0.888333
1200 0.833333
1200 0.799167
1200 0.846667
1200 0.8875
1200 0.8725
1200 0.838333
1200 0.8475
1200 0.825833
1200 0.69
1200 0.845833
1200 0.829167
1200 0.868333
1200 0.8725
1200 0.8375
1200 0.858333
1200 0.89
1200 0.691667
1200 0.840833
1200 0.911667
1200 0.750833
1200 0.773333
1200 0.880833
1200 0.875833
1200 0.930833
1200 0.783333
1200 0.910833
1200 0.815
1200 0.88
1200 0.863333
1200 0.873333
1200 0.848333
1200 0.876667
1200 0.795
1200 0.849167
1200 0.824167
1200 0.855
1200 0.79
1200 0.8475
1200 0.815
1200 0.790833
1200 0.8725
1200 0.900833
1200 0.85
1200 0.765
1200 0.805
1200 0.855833
1200 0.875
1200 0.7825
1200 0.913333
1200 0.664167
1250 0.872
1250 0.8648
1250 0.908
1250 0.6792
1250 0.8792
1250 0.8472
1250 0.7096
1250 0.9248
1250 0.8536
1250 0.7272
1250 0.8752
1250 0.8648
1250 0.8008
1250 0.8
1250 0.8376
1250 0.8416
1250 0.7824
1250 0.8384
1250 0.9072
1250 0.8192
1250 0.88
1250 0.8224
1250 0.8112
1250 0.7808
1250 0.8952
1250 0.9272
1250 0.8664
1250 0.8464
1250 0.8952
1250 0.8472
1250 0.796
1250 0.7488
1250 0.864
1250 0.8848
1250 0.7792
1250 0.8208
1250 0.82
1250 0.8112
1250 0.856
1250 0.8368
1250 0.816
1250 0.8512
1250 0.8528
1250 0.6904
1250 0.8576
1250 0.8472
1250 0.7928
1250 0.6384
1250 0.8336
1250 0.9032
1250 0.8024
1250 0.8736
1250 0.8608
1250 0.764
1250 0.7888
1250 0.9344
1250 0.8624
1250 0.956
1250 0.7808
1250 0.8248
1250 0.812
1250 0.8888
1250 0.8488
1250 0.8976
1250 0.8592
1250 0.8736
1250 0.9176
1250 0.8872
1250 0.8208
1250 0.8152
1250 0.8624
1250 0.8536
1250 0.8552
1250 0.836
1250 0.8864
1300 0.804615
1300 0.770769
1300 0.883846
1300 0.796923
1300 0.837692
1300 0.871538
1300 0.847692
1300 0.826154
1300 0.870769
1300 0.971538
1300 0.851538
1300 0.815385
1300 0.748462
1300 0.849231
1300 0.769231
1300 0.830769
1300 0.892308
1300 0.843846
1300 0.915385
1300 0.839231
1300 0.901538
1300 0.830769
1300 0.661538
1300 0.89
1300 0.854615
1300 0.8
1300 0.699231
1300 0.863077
1300 0.851538
1300 0.761538
1300 0.748462
1300 0.862308
1300 0.796154
1300 0.902308
1300 0.877692
1300 0.780769
1300 0.891538
1300 0.859231
1300 0.871538
1300 0.744615
1300 0.908462
1300 0.801538
1300 0.809231
1300 0.933077
1300 0.820769
1300 0.778462
1300 0.848462
1300 0.863077
1300 0.723077
1300 0.833077
1300 0.864615
1300 0.750769
1300 0.861538
1300 0.828462
1300 0.865385
1300 0.927692
1300 0.881538
1300 0.886923
1300 0.85
1300 0.819231
1300 0.850769
1300 0.801538
1300 0.745385
1300 0.804615
1300 0.876154
1300 0.818462
1300 0.801538
1300 0.840769
1300 0.845385
1300 0.880769
1300 0.912308
1300 0.733846
1300 0.886154
1300 0.919231
1300 0.878462
1350 0.888148
1350 0.821481
1350 0.878519
1350 0.851852
1350 0.838519
1350 0.84963
1350 0.826667
1350 0.84963
1350 0.840741
1350 0.845926
1350 0.854815
1350 0.874815
1350 0.837037
1350 0.77037
1350 0.876296
1350 0.834815
1350 0.878519
1350 0.898519
1350 0.548889
1350 0.775556
1350 0.837037
1350 0.722963
1350 0.908148
1350 0.902222
1350 0.838519
1350 0.802222
1350 0.788148
1350 0.89037
1350 0.857778
1350 0.831111
1350 0.839259
1350 0.831111
1350 0.851111
1350 0.825926
1350 0.866667
1350 0.871852
1350 0.85037
1350 0.871852
1350 0.834074
1350 0.877037
1350 0.831852
1350 0.854815
1350 0.865926
1350 0.925926
1350 0.874815
1350 0.854074
1350 0.743704
1350 0.820741
1350 0.877778
1350 0.892593
1350 0.865926
1350 0.825926
1350 0.875556
1350 0.835556
1350 0.778519
1350 0.845926
1350 0.920741
1350 0.883704
1350 0.839259
1350 0.825185
1350 0.831852
1350 0.842222
1350 0.725926
1350 0.691111
1350 0.831852
1350 0.906667
1350 0.873333
1350 0.866667
1350 0.748889
1350 0.855556
1350 0.873333
1350 0.778519
1350 0.832593
1350 0.848889
1350 0.864444
1400 0.861429
1400 0.835714
1400 0.859286
1400 0.889286
1400 0.813571
1400 0.927143
1400 0.81
1400 0.851429
1400 0.947857
1400 0.703571
1400 0.827143
1400 0.829286
1400 0.845714
1400 0.785714
1400 0.83
1400 0.574286
1400 0.859286
1400 0.844286
1400 0.861429
1400 0.742143
1400 0.814286
1400 0.851429
1400 0.880714
1400 0.863571
1400 0.825714
1400 0.840714
1400 0.815714
1400 0.879286
1400 0.855
1400 0.92
1400 0.782143
1400 0.815714
1400 0.861429
1400 0.812857
1400 0.79
1400 0.829286
1400 0.885714
1400 0.886429
1400 0.886429
1400 0.878571
1400 0.805
1400 0.880714
1400 0.867857
1400 0.844286
1400 0.875714
1400 0.81
1400 0.877857
1400 0.908571
1400 0.827857
1400 0.810714
1400 0.884286
1400 0.919286
1400 0.845714
1400 0.871429
1400 0.790714
1400 0.860714
1400 0.829286
1400 0.825
1400 0.932857
1400 0.835
1400 0.862857
1400 0.79
1400 0.874286
1400 0.877857
1400 0.857857
1400 0.831429
1400 0.907857
1400 0.873571
1400 0.83
1400 0.877143
1400 0.802143
1400 0.787143
1400 0.825
1400 0.857143
1400 0.871429
1450 0.850345
1450 0.917931
1450 0.848966
1450 0.845517
1450 0.844828
1450 0.915172
1450 0.862759
1450 0.928276
1450 0.844138
1450 0.934483
1450 0.893793
1450 0.942069
1450 0.716552
1450 0.874483
1450 0.865517
1450 0.813793
1450 0.833793
1450 0.813103
1450 0.841379
1450 0.844138
1450 0.828966
1450 0.757931
1450 0.8
1450 0.89931
1450 0.78069
1450 0.862759
1450 0.855862
1450 0.810345
1450 0.797241
1450 0.828276
1450 0.857931
1450 0.812414
1450 0.825517
1450 0.888966
1450 0.871034
1450 0.795862
1450 0.826897
1450 0.83931
1450 0.888966
1450 0.82069
1450 0.84
1450 0.877241
1450 0.83931
1450 0.804828
1450 0.884138
1450 0.821379
1450 0.915172
1450 0.78
1450 0.766207
1450 0.885517
1450 0.827586
1450 0.883448
1450 0.865517
1450 0.75931
1450 0.822069
1450 0.793793
1450 0.831724
1450 0.933793
1450 0.796552
1450 0.855172
1450 0.813103
1450 0.896552
1450 0.848966
1450 0.888276
1450 0.902069
1450 0.822069
1450 0.848276
1450 0.704828
1450 0.848966
1450 0.808966
1450 0.94069
1450 0.765517
1450 0.837241
1450 0.855172
1450 0.83931
1500 0.871333
1500 0.879333
1500 0.789333
1500 0.856667
1500 0.77
1500 0.776667
1500 0.802667
1500 0.824667
1500 0.762667
1500 0.810667
1500 0.656
1500 0.858667
1500 0.815333
1500 0.847333
1500 0.912
1500 0.907333
1500 0.866667
1500 0.874
1500 0.877333
1500 0.870667
1500 0.850667
1500 0.821333
1500 0.820667
1500 0.833333
1500 0.911333
1500 0.787333
1500 0.764
1500 0.794667
1500 0.832
1500 0.882
1500 0.849333
1500 0.836667
1500 0.841333
1500 0.934667
1500 0.84
1500 0.86
1500 0.878667
1500 0.811333
1500 0.859333
1500 0.93
1500 0.820667
1500 0.84
1500 0.786
1500 0.802667
1500 0.808
1500 0.897333
1500 0.678667
1500 0.836667
1500 0.908667
1500 0.785333
1500 0.813333
1500 0.857333
1500 0.860667
1500 0.789333
1500 0.843333
1500 0.806
1500 0.872
1500 0.883333
1500 0.880667
1500 0.877333
1500 0.748667
1500 0.834
1500 0.869333
1500 0.852667
1500 0.88
1500 0.810667
1500 0.929333
1500 0.854667
1500 0.775333
1500 0.76
1500 0.778
1500 0.800667
1500 0.748
1500 0.7
1500 0.812667
1550 0.825161
1550 0.856129
1550 0.835484
1550 0.912258
1550 0.864516
1550 0.871613
1550 0.833548
1550 0.825161
1550 0.849677
1550 0.740645
1550 0.886452
1550 0.809677
1550 0.789677
1550 0.829677
1550 0.823871
1550 0.825161
1550 0.896774
1550 0.865161
1550 0.774839
1550 0.893548
1550 0.804516
1550 0.869677
1550 0.85871
1550 0.883871
1550 0.952258
1550 0.909032
1550 0.867097
1550 0.861935
1550 0.767097
1550 0.856129
1550 0.841935
1550 0.850323
1550 0.922581
1550 0.898065
1550 0.877419
1550 0.896129
1550 0.875484
1550 0.832258
1550 0.920645
1550 0.876129
1550 0.792258
1550 0.884516
1550 0.849677
1550 0.862581
1550 0.877419
1550 0.799355
1550 0.917419
1550 0.87871
1550 0.854839
1550 0.896129
1550 0.783226
1550 0.786452
1550 0.915484
1550 0.813548
1550 0.863226
1550 0.752258
1550 0.868387
1550 0.837419
1550 0.814194
1550 0.907742
1550 0.820645
1550 0.954194
1550 0.932903
1550 0.893548
1550 0.810323
1550 0.843226
1550 0.688387
1550 0.835484
1550 0.854839
1550 0.739355
1550 0.715484
1550 0.807742
1550 0.794839
1550 0.845806
1550 0.785806
1600 0.83625
1600 0.8025
1600 0.829375
1600 0.88875
1600 0.838125
1600 0.810625
1600 0.769375
1600 0.838125
1600 0.788125
1600 0.804375
1600 0.813125
1600 0.738125
1600 0.89125
1600 0.703125
1600 0.77375
1600 0.864375
1600 0.92
1600 0.839375
1600 0.8675
1600 0.82
1600 0.81125
1600 0.8625
1600 0.90125
1600 0.801875
1600 0.85375
1600 0.825625
1600 0.836875
1600 0.90125
1600 0.88375
1600 0.8425
1600 0.84
1600 0.84875
1600 0.845625
1600 0.83875
1600 0.851875
1600 0.89375
1600 0.766875
1600 0.858125
1600 0.799375
1600 0.888125
1600 0.804375
1600 0.898125
1600 0.8375
1600 0.80625
1600 0.829375
1600 0.82
1600 0.8375
1600 0.95875
1600 0.819375
1600 0.6975
1600 0.845625
1600 0.895625
1600 0.909375
1600 0.895
1600 0.894375
1600 0.81125
1600 0.876875
1600 0.795625
1600 0.7925
1600 0.9025
1600 0.845625
1600 0.67875
1600 0.845625
1600 0.803125
1600 0.766875
1600 0.86875
1600 0.91625
1600 0.910625
1600 0.830625
1600 0.883125
1600 0.85625
1600 0.801875
1600 0.75
1600 0.846875
1600 0.775
1650 0.9
1650 0.818182
1650 0.84
1650 0.86303
1650 0.853939
1650 0.826667
1650 0.80303
1650 0.830303
1650 0.909697
1650 0.843636
1650 0.772727
1650 0.876364
1650 0.901818
1650 0.853333
1650 0.836364
1650 0.816364
1650 0.845455
1650 0.805455
1650 0.810303
1650 0.781818
1650 0.845455
1650 0.80303
1650 0.834545
1650 0.79697
1650 0.770303
1650 0.867273
1650 0.85697
1650 0.772121
1650 0.855758
1650 0.804848
1650 0.87697
1650 0.774545
1650 0.84
1650 0.872121
1650 0.779394
1650 0.907879
1650 0.768485
1650 0.906667
1650 0.807879
1650 0.817576
1650 0.866061
1650 0.860606
1650 0.801818
1650 0.812121
1650 0.926667
1650 0.787879
1650 0.815152
1650 0.878788
1650 0.879394
1650 0.803636
1650 0.924242
1650 0.857576
1650 0.880606
1650 0.801212
1650 0.78
1650 0.88
1650 0.835758
1650 0.895758
1650 0.814545
1650 0.781818
1650 0.804242
1650 0.872727
1650 0.658788
1650 0.867879
1650 0.838182
1650 0.786667
1650 0.886667
1650 0.862424
1650 0.890303
1650 0.855152
1650 0.735758
1650 0.860606
1650 0.881212
1650 0.633333
1650 0.829091
1700 0.879412
1700 0.878235
1700 0.780588
1700 0.847059
1700 0.778824
1700 0.841765
1700 0.831765
1700 0.794118
1700 0.831176
1700 0.898824
1700 0.842941
1700 0.815882
1700 0.841765
1700 0.822353
1700 0.804118
1700 0.846471
1700 0.901176
1700 0.763529
1700 0.755294
1700 0.832941
1700 0.780588
1700 0.885294
1700 0.828824
1700 0.823529
1700 0.817647
1700 0.903529
1700 0.869412
1700 0.850588
1700 0.852941
1700 0.772941
1700 0.900588
1700 0.884118
1700 0.871176
1700 0.834118
1700 0.878824
1700 0.880588
1700 0.79
1700 0.779412
1700 0.730588
1700 0.815294
1700 0.869412
1700 0.819412
1700 0.804118
1700 0.812941
1700 0.751765
1700 0.822353
1700 0.824118
1700 0.830588
1700 0.876471
1700 0.900588
1700 0.782353
1700 0.785294
1700 0.920588
1700 0.788235
1700 0.887059
1700 0.897059
1700 0.881765
1700 0.811176
1700 0.804706
1700 0.807647
1700 0.783529
1700 0.814706
1700 0.785294
1700 0.888235
1700 0.797647
1700 0.811176
1700 0.814706
1700 0.831176
1700 0.845882
1700 0.868824
1700 0.800588
1700 0.909412
1700 0.823529
1700 0.897059
1700 0.847059
1750 0.865143
1750 0.842857
1750 0.846286
1750 0.811429
1750 0.869714
1750 0.882857
1750 0.868571
1750 0.819429
1750 0.862857
1750 0.849143
1750 0.874286
1750 0.922286
1750 0.890286
1750 0.833143
1750 0.795429
1750 0.849714
1750 0.818286
1750 0.874286
1750 0.843429
1750 0.912
1750 0.832
1750 0.884
1750 0.832571
1750 0.852
1750 0.860571
1750 0.786286
1750 0.883429
1750 0.828571
1750 0.817714
1750 0.859429
1750 0.82
1750 0.815429
1750 0.916571
1750 0.808571
1750 0.876
1750 0.838286
1750 0.832571
1750 0.791429
1750 0.854286
1750 0.847429
1750 0.885143
1750 0.869714
1750 0.840571
1750 0.866857
1750 0.9
1750 0.898857
1750 0.906857
1750 0.804
1750 0.846857
1750 0.877714
1750 0.821143
1750 0.871429
1750 0.872
1750 0.773143
1750 0.828
1750 0.850857
1750 0.846286
1750 0.825143
1750 0.852
1750 0.909143
1750 0.746857
1750 0.797143
1750 0.818286
1750 0.792
1750 0.845714
1750 0.88
1750 0.824
1750 0.841714
1750 0.842857
1750 0.789714
1750 0.468
1750 0.897143
1750 0.846286
1750 0.851429
1750 0.796
1800 0.837778
1800 0.829444
1800 0.791667
1800 0.799444
1800 0.811667
1800 0.892778
1800 0.819444
1800 0.875556
1800 0.848889
1800 0.874444
1800 0.842778
1800 0.902222
1800 0.818333
1800 0.824444
1800 0.749444
1800 0.863889
1800 0.799444
1800 0.93
1800 0.806111
1800 0.791111
1800 0.856111
1800 0.765556
1800 0.813889
1800 0.894444
1800 0.823333
1800 0.891667
1800 0.871667
1800 0.803333
1800 0.871667
1800 0.885556
1800 0.896667
1800 0.771667
1800 0.798333
1800 0.868333
1800 0.831111
1800 0.913889
1800 0.782778
1800 0.812778
1800 0.853333
1800 0.883333
1800 0.865556
1800 0.822778
1800 0.846667
1800 0.847778
1800 0.771667
1800 0.795
1800 0.832222
1800 0.737222
1800 0.884444
1800 0.845556
1800 0.811667
1800 0.836667
1800 0.774444
1800 0.800556
1800 0.848889
1800 0.68
1800 0.653889
1800 0.905556
1800 0.890556
1800 0.882222
1800 0.800556
1800 0.900556
1800 0.787222
1800 0.870556
1800 0.840556
1800 0.811667
1800 0.867778
1800 0.854444
1800 0.795
1800 0.875556
1800 0.875
1800 0.853889
1800 0.825556
1800 0.807222
1800 0.877222
1850 0.863243
1850 0.800541
1850 0.794595
1850 0.877838
1850 0.90973
1850 0.871892
1850 0.82973
1850 0.781081
1850 0.827568
1850 0.885946
1850 0.9
1850 0.86973
1850 0.873514
1850 0.80973
1850 0.805405
1850 0.807568
1850 0.903784
1850 0.785405
1850 0.84973
1850 0.713514
1850 0.938919
1850 0.912432
1850 0.828649
1850 0.893514
1850 0.861622
1850 0.854595
1850 0.72
1850 0.869189
1850 0.582162
1850 0.807027
1850 0.860541
1850 0.833514
1850 0.874595
1850 0.837838
1850 0.854054
1850 0.851892
1850 0.88973
1850 0.892973
1850 0.908108
1850 0.912432
1850 0.887568
1850 0.783784
1850 0.887568
1850 0.821081
1850 0.839459
1850 0.867027
1850 0.772973
1850 0.799459
1850 0.863243
1850 0.831351
1850 0.796216
1850 0.791351
1850 0.86
1850 0.882703
1850 0.828108
1850 0.896216
1850 0.854054
1850 0.770811
1850 0.886486
1850 0.925405
1850 0.877838
1850 0.782703
1850 0.770811
1850 0.837297
1850 0.843243
1850 0.813514
1850 0.860541
1850 0.778919
1850 0.863243
1850 0.705946
1850 0.769189
1850 0.839459
1850 0.944865
1850 0.805946
1850 0.824324
1900 0.897895
1900 0.845263
1900 0.882105
1900 0.863684
1900 0.838947
1900 0.908947
1900 0.89
1900 0.826842
1900 0.861579
1900 0.871053
1900 0.890526
1900 0.797368
1900 0.947368
1900 0.811053
1900 0.855263
1900 0.823684
1900 0.802632
1900 0.837895
1900 0.823158
1900 0.932105
1900 0.835263
1900 0.894211
1900 0.856842
1900 0.911579
1900 0.824737
1900 0.836842
1900 0.811053
1900 0.917895
1900 0.795789
1900 0.860526
1900 0.877895
1900 0.886316
1900 0.890526
1900 0.864737
1900 0.903684
1900 0.856842
1900 0.887895
1900 0.886316
1900 0.825789
1900 0.81
1900 0.83
1900 0.798421
1900 0.787368
1900 0.868947
1900 0.825263
1900 0.876842
1900 0.855263
1900 0.838947
1900 0.834737
1900 0.898421
1900 0.885789
1900 0.880526
1900 0.752632
1900 0.887895
1900 0.893684
1900 0.826842
1900 0.905263
1900 0.843684
1900 0.947895
1900 0.816842
1900 0.882632
1900 0.866842
1900 0.869474
1900 0.837895
1900 0.778421
1900 0.888947
1900 0.913158
1900 0.84
1900 0.864211
1900 0.848947
1900 0.848421
1900 0.795789
1900 0.804737
1900 0.826842
1900 0.843684
1950 0.821026
1950 0.828718
1950 0.820513
1950 0.887179
1950 0.827692
1950 0.873333
1950 0.822564
1950 0.835897
1950 0.83641
1950 0.797436
1950 0.807692
1950 0.874872
1950 0.888205
1950 0.741026
1950 0.856923
1950 0.827692
1950 0.88359
1950 0.890256
1950 0.694359
1950 0.84359
1950 0.778974
1950 0.814359
1950 0.872308
1950 0.847179
1950 0.861538
1950 0.866667
1950 0.74
1950 0.853333
1950 0.794359
1950 0.845641
1950 0.801538
1950 0.793333
1950 0.849744
1950 0.866154
1950 0.884103
1950 0.853333
1950 0.735385
1950 0.880513
1950 0.907692
1950 0.834872
1950 0.857436
1950 0.798462
1950 0.863077
1950 0.814359
1950 0.762564
1950 0.958462
1950 0.868718
1950 0.829231
1950 0.82
1950 0.887692
1950 0.791795
1950 0.869744
1950 0.851795
1950 0.831795
1950 0.809744
1950 0.864615
1950 0.813333
1950 0.762564
1950 0.801538
1950 0.874872
1950 0.868718
1950 0.891282
1950 0.84
1950 0.760513
1950 0.808205
1950 0.874359
1950 0.849744
1950 0.857436
1950 0.916923
1950 0.887179
1950 0.894359
1950 0.863077
1950 0.869231
1950 0.821538
1950 0.862564
2000 0.867
2000 0.83
2000 0.8555
2000 0.866
2000 0.873
2000 0.758
2000 0.9085
2000 0.7625
2000 0.75
2000 0.793
2000 0.8335
2000 0.928
2000 0.8875
2000 0.8445
2000 0.8425
2000 0.9005
2000 0.854
2000 0.83
2000 0.815
2000 0.828
2000 0.811
2000 0.805
2000 0.864
2000 0.8355
2000 0.84
2000 0.8335
2000 0.8665
2000 0.893
2000 0.8815
2000 0.8315
2000 0.8155
2000 0.8575
2000 0.9
2000 0.8405
2000 0.735
2000 0.869
2000 0.7975
2000 0.886
2000 0.8745
2000 0.835
2000 0.847
2000 0.8555
2000 0.8205
2000 0.858
2000 0.87
2000 0.8175
2000 0.8515
2000 0.8175
2000 0.8165
2000 0.959
2000 0.838
2000 0.8575
2000 0.6565
2000 0.874
2000 0.8395
2000 0.8365
2000 0.8705
2000 0.7805
2000 0.695
2000 0.8045
2000 0.858
2000 0.8385
2000 0.7545
2000 0.8335
2000 0.758
2000 0.827
2000 0.874
2000 0.888
2000 0.812
2000 0.9595
2000 0.849
2000 0.856
2000 0.8715
2000 0.828
2000 0.8215
