50 0.24
50 0.46
50 0.14
50 0.18
50 0.26
50 0.2
50 0.4
50 0.54
50 0.02
50 0.3
50 0.04
50 0.08
50 0.38
50 0
50 0.16
50 0
50 0.36
50 0.7
50 0.18
50 0
50 0.1
50 0
50 0
50 0.2
50 0
50 0.8
50 0.28
50 0.22
50 0.22
50 0.28
50 0.16
50 0.26
50 0.02
50 0.12
50 0.12
50 0.3
50 0.38
50 0.74
50 0.76
50 0.04
50 0.18
50 0.2
50 0
50 0.16
50 0.14
50 0.4
50 0.18
50 0.52
50 0.24
50 0.32
50 0.46
50 0.06
50 0.12
50 0.02
50 0.6
50 0
50 0.3
50 0
50 0.08
50 0.06
50 0.34
50 0.3
50 0.06
50 0.22
50 0.78
50 0.02
50 0.1
50 0
50 0.46
50 0.1
50 0
50 0.26
50 0.38
50 0.7
50 0.08
100 0.26
100 0
100 0.16
100 0.65
100 0.69
100 0.69
100 0.44
100 0.8
100 0.68
100 0.48
100 0.86
100 0.81
100 0.35
100 0.07
100 0.61
100 0.14
100 0.6
100 0.28
100 0.02
100 0.73
100 0.66
100 0.75
100 0.52
100 0.53
100 0.46
100 0.61
100 0.1
100 0.43
100 0.2
100 0.6
100 0.74
100 0.55
100 0.16
100 0.76
100 0.8
100 0.54
100 0.71
100 0.56
100 0.12
100 0.56
100 0.7
100 0.63
100 0.53
100 0.86
100 0.7
100 0.77
100 0.5
100 0.78
100 0.78
100 0.4
100 0.3
100 0.35
100 0.14
100 0.26
100 0.53
100 0.94
100 0.84
100 0
100 0.77
100 0.58
100 0.71
100 0.19
100 0.48
100 0.62
100 0.55
100 0.12
100 0.62
100 0.13
100 0.42
100 0.71
100 0.27
100 0.62
100 0.55
100 0.17
100 0.85
150 0.66
150 0.56
150 0.72
150 0.686667
150 0.58
150 0.766667
150 0.573333
150 0.88
150 0.726667
150 0.413333
150 0.733333
150 0.853333
150 0.446667
150 0.666667
150 0.58
150 0.68
150 0.853333
150 0.653333
150 0
150 0.706667
150 0.853333
150 0.88
150 0.606667
150 0.133333
150 0.813333
150 0.76
150 0.126667
150 0.32
150 0.866667
150 0.66
150 0.713333
150 0.706667
150 0.753333
150 0.893333
150 0.74
150 0.546667
150 0.446667
150 0.5
150 0.566667
150 0.566667
150 0.8
150 0.413333
150 0.32
150 0.44
150 0.333333
150 0.726667
150 0.493333
150 0.46
150 0.813333
150 0.533333
150 0.726667
150 0.48
150 0.753333
150 0.82
150 0.706667
150 0.686667
150 0.753333
150 0.8
150 0.313333
150 0.686667
150 0.733333
150 0.74
150 0.806667
150 0.54
150 0.72
150 0.66
150 0.82
150 0.313333
150 0.833333
150 0.513333
150 0.686667
150 0.466667
150 0.746667
150 0.713333
150 0.7
200 0.615
200 0.265
200 0.79
200 0.74
200 0.76
200 0.35
200 0.455
200 0.88
200 0.715
200 0.865
200 0.67
200 0.69
200 0.78
200 0.88
200 0.665
200 0
200 0.725
200 0.77
200 0.78
200 0.765
200 0.72
200 0.625
200 0.53
200 0.75
200 0.64
200 0.675
200 0.815
200 0.54
200 0.545
200 0.77
200 0.495
200 0.505
200 0.645
200 0.765
200 0.72
200 0.84
200 0.51
200 0.725
200 0.795
200 0.57
200 0.595
200 0.755
200 0.605
200 0.735
200 0.79
200 0.58
200 0.885
200 0.755
200 0.775
200 0.82
200 0.135
200 0.8
200 0.6
200 0.69
200 0.715
200 0.82
200 0.665
200 0.615
200 0.865
200 0.86
200 0.45
200 0.67
200 0.655
200 0.775
200 0.79
200 0.76
200 0.595
200 0.835
200 0.61
200 0.915
200 0.87
200 0.415
200 0.855
200 0.87
200 0.315
250 0.74
250 0.82
250 0.8
250 0.848
250 0.832
250 0.644
250 0.776
250 0.832
250 0.748
250 0.804
250 0.844
250 0.84
250 0.864
250 0.616
250 0.8
250 0.868
250 0.792
250 0.476
250 0.636
250 0.788
250 0.852
250 0.732
250 0.632
250 0.44
250 0.904
250 0.82
250 0.72
250 0.812
250 0.472
250 0.836
250 0.54
250 0.892
250 0.496
250 0.736
250 0.756
250 0.628
250 0.924
250 0.708
250 0.864
250 0.696
250 0.548
250 0.476
250 0.86
250 0.556
250 0.832
250 0.844
250 0.904
250 0.52
250 0.836
250 0.644
250 0.844
250 0.608
250 0.456
250 0.792
250 0.856
250 0.752
250 0.776
250 0.656
250 0.796
250 0.584
250 0.864
250 0.844
250 0.652
250 0.86
250 0.8
250 0.684
250 0.856
250 0.796
250 0.836
250 0.76
250 0.752
250 0.688
250 0.836
250 0.828
250 0.848
300 0.846667
300 0.773333
300 0.743333
300 0.843333
300 0.3
300 0.55
300 0.753333
300 0.696667
300 0.726667
300 0.723333
300 0.67
300 0.733333
300 0.826667
300 0.866667
300 0.723333
300 0.71
300 0.723333
300 0.456667
300 0.82
300 0.796667
300 0.746667
300 0.826667
300 0.773333
300 0.9
300 0.7
300 0.78
300 0.843333
300 0.82
300 0.73
300 0.883333
300 0.743333
300 0.653333
300 0.59
300 0.796667
300 0.84
300 0.806667
300 0.723333
300 0.863333
300 0.866667
300 0.636667
300 0.806667
300 0.59
300 0.893333
300 0.776667
300 0.82
300 0.666667
300 0.913333
300 0.69
300 0.656667
300 0.876667
300 0.7
300 0.816667
300 0.7
300 0.743333
300 0.83
300 0.786667
300 0.846667
300 0.773333
300 0.74
300 0.77
300 0.923333
300 0.793333
300 0.8
300 0.773333
300 0.803333
300 0.88
300 0.84
300 0.75
300 0.826667
300 0.783333
300 0.72
300 0.683333
300 0.793333
300 0.793333
300 0.873333
350 0.72
350 0.831429
350 0.837143
350 0.814286
350 0.914286
350 0.66
350 0.751429
350 0.802857
350 0.857143
350 0.834286
350 0.811429
350 0.822857
350 0.871429
350 0.76
350 0.822857
350 0.631429
350 0.828571
350 0.837143
350 0.768571
350 0.68
350 0.8
350 0.671429
350 0.84
350 0.791429
350 0.805714
350 0.868571
350 0.897143
350 0.625714
350 0.882857
350 0.777143
350 0.665714
350 0.84
350 0.522857
350 0.831429
350 0.84
350 0.86
350 0.894286
350 0.608571
350 0.877143
350 0.702857
350 0.794286
350 0.882857
350 0.774286
350 0.888571
350 0.902857
350 0.851429
350 0.648571
350 0.785714
350 0.688571
350 0.862857
350 0.874286
350 0.88
350 0.848571
350 0.551429
350 0.817143
350 0.902857
350 0.848571
350 0.68
350 0.771429
350 0.894286
350 0.802857
350 0.714286
350 0.817143
350 0.857143
350 0.731429
350 0.825714
350 0.737143
350 0.842857
350 0.851429
350 0.857143
350 0.791429
350 0.768571
350 0.314286
350 0.788571
350 0.811429
400 0.8275
400 0.69
400 0.8625
400 0.7
400 0.6975
400 0.885
400 0.84
400 0.6475
400 0.8975
400 0.59
400 0.8975
400 0.895
400 0.8475
400 0.7425
400 0.84
400 0.6775
400 0.82
400 0.405
400 0.895
400 0.8925
400 0.7775
400 0.855
400 0.76
400 0.8125
400 0.855
400 0.59
400 0.76
400 0.6975
400 0.88
400 0.8225
400 0.865
400 0.7325
400 0.795
400 0.8975
400 0.915
400 0.8275
400 0.8125
400 0.5325
400 0.88
400 0.87
400 0.845
400 0.895
400 0.865
400 0.82
400 0.9025
400 0.825
400 0.68
400 0.78
400 0.7975
400 0.845
400 0.87
400 0.77
400 0.8375
400 0.8275
400 0.815
400 0.8975
400 0.82
400 0.7375
400 0.775
400 0.8025
400 0.835
400 0.765
400 0.66
400 0.845
400 0.7675
400 0.7825
400 0.7725
400 0.75
400 0.7775
400 0.87
400 0.82
400 0.825
400 0.7875
400 0.875
400 0.8225
450 0.806667
450 0.884444
450 0.764444
450 0.697778
450 0.824444
450 0.82
450 0.877778
450 0.931111
450 0.835556
450 0.746667
450 0.855556
450 0.802222
450 0.628889
450 0.862222
450 0.684444
450 0.848889
450 0.802222
450 0.815556
450 0.657778
450 0.831111
450 0.802222
450 0.575556
450 0.702222
450 0.82
450 0.851111
450 0.713333
450 0.9
450 0.68
450 0.762222
450 0.544444
450 0.902222
450 0.86
450 0.88
450 0.771111
450 0.735556
450 0.837778
450 0.777778
450 0.775556
450 0.846667
450 0.744444
450 0.8
450 0.824444
450 0.651111
450 0.86
450 0.853333
450 0.875556
450 0.828889
450 0.702222
450 0.86
450 0.826667
450 0.828889
450 0.893333
450 0.777778
450 0.751111
450 0.817778
450 0.875556
450 0.84
450 0.808889
450 0.846667
450 0.895556
450 0.711111
450 0.817778
450 0.497778
450 0.826667
450 0.815556
450 0.857778
450 0.804444
450 0.691111
450 0.748889
450 0.791111
450 0.844444
450 0.8
450 0.76
450 0.811111
450 0.604444
500 0.788
500 0.844
500 0.892
500 0.922
500 0.722
500 0.786
500 0.78
500 0.85
500 0.808
500 0.854
500 0.794
500 0.814
500 0.85
500 0.886
500 0.816
500 0.82
500 0.822
500 0.676
500 0.908
500 0.832
500 0.82
500 0.806
500 0.762
500 0.728
500 0.748
500 0.818
500 0.8
500 0.808
500 0.886
500 0.566
500 0.924
500 0.798
500 0.826
500 0.884
500 0.85
500 0.83
500 0.786
500 0.818
500 0.784
500 0.802
500 0.924
500 0.834
500 0.86
500 0.89
500 0.81
500 0.812
500 0.86
500 0.912
500 0.776
500 0.874
500 0.86
500 0.76
500 0.868
500 0.812
500 0.762
500 0.938
500 0.794
500 0.804
500 0.894
500 0.862
500 0.842
500 0.804
500 0.816
500 0.642
500 0.7
500 0.696
500 0.842
500 0.752
500 0.854
500 0.774
500 0.594
500 0.82
500 0.866
500 0.876
500 0.838
550 0.798182
550 0.845455
550 0.885455
550 0.894545
550 0.823636
550 0.836364
550 0.741818
550 0.901818
550 0.903636
550 0.918182
550 0.789091
550 0.798182
550 0.64
550 0.614545
550 0.861818
550 0.841818
550 0.778182
550 0.887273
550 0.930909
550 0.872727
550 0.86
550 0.714545
550 0.894545
550 0.858182
550 0.925455
550 0.763636
550 0.856364
550 0.776364
550 0.852727
550 0.812727
550 0.798182
550 0.685455
550 0.829091
550 0.481818
550 0.721818
550 0.841818
550 0.776364
550 0.821818
550 0.856364
550 0.86
550 0.750909
550 0.887273
550 0.872727
550 0.629091
550 0.787273
550 0.84
550 0.414545
550 0.830909
550 0.849091
550 0.843636
550 0.765455
550 0.796364
550 0.618182
550 0.565455
550 0.854545
550 0.705455
550 0.867273
550 0.789091
550 0.787273
550 0.825455
550 0.738182
550 0.890909
550 0.914545
550 0.827273
550 0.9
550 0.809091
550 0.852727
550 0.843636
550 0.776364
550 0.812727
550 0.809091
550 0.901818
550 0.787273
550 0.865455
550 0.64
600 0.633333
600 0.808333
600 0.765
600 0.743333
600 0.853333
600 0.761667
600 0.903333
600 0.838333
600 0.825
600 0.816667
600 0.731667
600 0.791667
600 0.778333
600 0.925
600 0.803333
600 0.831667
600 0.885
600 0.843333
600 0.803333
600 0.735
600 0.755
600 0.765
600 0.856667
600 0.821667
600 0.758333
600 0.92
600 0.851667
600 0.841667
600 0.821667
600 0.921667
600 0.791667
600 0.835
600 0.875
600 0.825
600 0.803333
600 0.855
600 0.851667
600 0.891667
600 0.84
600 0.863333
600 0.673333
600 0.91
600 0.895
600 0.83
600 0.916667
600 0.805
600 0.836667
600 0.795
600 0.835
600 0.801667
600 0.631667
600 0.683333
600 0.74
600 0.761667
600 0.84
600 0.968333
600 0.866667
600 0.808333
600 0.888333
600 0.815
600 0.828333
600 0.901667
600 0.836667
600 0.82
600 0.806667
600 0.598333
600 0.908333
600 0.813333
600 0.82
600 0.851667
600 0.846667
600 0.863333
600 0.616667
600 0.846667
600 0.848333
650 0.866154
650 0.826154
650 0.9
650 0.778462
650 0.863077
650 0.833846
650 0.946154
650 0.824615
650 0.843077
650 0.793846
650 0.821538
650 0.824615
650 0.581538
650 0.792308
650 0.776923
650 0.741538
650 0.796923
650 0.727692
650 0.806154
650 0.756923
650 0.709231
650 0.835385
650 0.892308
650 0.855385
650 0.795385
650 0.903077
650 0.856923
650 0.724615
650 0.772308
650 0.818462
650 0.875385
650 0.84
650 0.838462
650 0.804615
650 0.663077
650 0.849231
650 0.732308
650 0.875385
650 0.849231
650 0.929231
650 0.844615
650 0.855385
650 0.875385
650 0.796923
650 0.803077
650 0.886154
650 0.872308
650 0.741538
650 0.798462
650 0.792308
650 0.847692
650 0.835385
650 0.913846
650 0.924615
650 0.770769
650 0.889231
650 0.875385
650 0.886154
650 0.666154
650 0.889231
650 0.833846
650 0.812308
650 0.773846
650 0.833846
650 0.861538
650 0.816923
650 0.72
650 0.849231
650 0.863077
650 0.789231
650 0.890769
650 0.801538
650 0.893846
650 0.855385
650 0.812308
700 0.774286
700 0.9
700 0.72
700 0.844286
700 0.838571
700 0.794286
700 0.811429
700 0.957143
700 0.86
700 0.81
700 0.92
700 0.861429
700 0.754286
700 0.834286
700 0.811429
700 0.812857
700 0.775714
700 0.871429
700 0.89
700 0.7
700 0.845714
700 0.877143
700 0.834286
700 0.791429
700 0.855714
700 0.84
700 0.838571
700 0.764286
700 0.857143
700 0.802857
700 0.782857
700 0.871429
700 0.9
700 0.887143
700 0.805714
700 0.875714
700 0.938571
700 0.812857
700 0.72
700 0.745714
700 0.854286
700 0.665714
700 0.865714
700 0.672857
700 0.738571
700 0.901429
700 0.87
700 0.811429
700 0.792857
700 0.861429
700 0.824286
700 0.795714
700 0.857143
700 0.871429
700 0.795714
700 0.857143
700 0.85
700 0.884286
700 0.842857
700 0.805714
700 0.738571
700 0.842857
700 0.861429
700 0.477143
700 0.894286
700 0.921429
700 0.831429
700 0.801429
700 0.721429
700 0.83
700 0.888571
700 0.811429
700 0.824286
700 0.774286
700 0.82
750 0.838667
750 0.848
750 0.828
750 0.742667
750 0.854667
750 0.846667
750 0.857333
750 0.877333
750 0.916
750 0.764
750 0.612
750 0.846667
750 0.846667
750 0.868
750 0.838667
750 0.809333
750 0.718667
750 0.872
750 0.817333
750 0.86
750 0.885333
750 0.833333
750 0.882667
750 0.912
750 0.808
750 0.678667
750 0.717333
750 0.741333
750 0.852
750 0.808
750 0.837333
750 0.848
750 0.878667
750 0.885333
750 0.789333
750 0.777333
750 0.76
750 0.793333
750 0.766667
750 0.849333
750 0.792
750 0.661333
750 0.82
750 0.894667
750 0.797333
750 0.832
750 0.857333
750 0.84
750 0.804
750 0.810667
750 0.884
750 0.849333
750 0.784
750 0.813333
750 0.842667
750 0.816
750 0.898667
750 0.856
750 0.8
750 0.734667
750 0.894667
750 0.802667
750 0.854667
750 0.76
750 0.829333
750 0.850667
750 0.725333
750 0.876
750 0.809333
750 0.861333
750 0.857333
750 0.852
750 0.876
750 0.822667
750 0.869333
800 0.7825
800 0.79125
800 0.83
800 0.8875
800 0.8675
800 0.8275
800 0.76375
800 0.77625
800 0.87125
800 0.8
800 0.87375
800 0.90125
800 0.74125
800 0.815
800 0.88125
800 0.7025
800 0.79
800 0.81375
800 0.79375
800 0.89
800 0.82125
800 0.81875
800 0.8025
800 0.83
800 0.82125
800 0.8525
800 0.79
800 0.88625
800 0.87625
800 0.89125
800 0.9
800 0.81625
800 0.84125
800 0.79375
800 0.81875
800 0.7775
800 0.74875
800 0.78
800 0.7675
800 0.78875
800 0.89125
800 0.86875
800 0.77625
800 0.7725
800 0.90625
800 0.87875
800 0.795
800 0.86875
800 0.925
800 0.81375
800 0.815
800 0.80875
800 0.8725
800 0.9075
800 0.78375
800 0.595
800 0.8475
800 0.83625
800 0.825
800 0.82875
800 0.9
800 0.91625
800 0.73875
800 0.815
800 0.825
800 0.91625
800 0.82375
800 0.90375
800 0.835
800 0.8275
800 0.92625
800 0.7975
800 0.85375
800 0.89
800 0.8875
850 0.903529
850 0.843529
850 0.944706
850 0.871765
850 0.742353
850 0.837647
850 0.861176
850 0.887059
850 0.904706
850 0.644706
850 0.824706
850 0.869412
850 0.775294
850 0.857647
850 0.729412
850 0.872941
850 0.912941
850 0.907059
850 0.876471
850 0.845882
850 0.852941
850 0.918824
850 0.84
850 0.841176
850 0.877647
850 0.832941
850 0.882353
850 0.862353
850 0.928235
850 0.857647
850 0.770588
850 0.795294
850 0.708235
850 0.824706
850 0.884706
850 0.841176
850 0.863529
850 0.855294
850 0.895294
850 0.687059
850 0.875294
850 0.823529
850 0.852941
850 0.772941
850 0.897647
850 0.86
850 0.785882
850 0.805882
850 0.875294
850 0.816471
850 0.882353
850 0.790588
850 0.888235
850 0.821176
850 0.941176
850 0.791765
850 0.703529
850 0.875294
850 0.936471
850 0.815294
850 0.86
850 0.884706
850 0.725882
850 0.809412
850 0.849412
850 0.874118
850 0.842353
850 0.814118
850 0.92
850 0.858824
850 0.743529
850 0.869412
850 0.869412
850 0.824706
850 0.801176
900 0.801111
900 0.818889
900 0.936667
900 0.914444
900 0.831111
900 0.87
900 0.818889
900 0.901111
900 0.902222
900 0.742222
900 0.917778
900 0.848889
900 0.925556
900 0.813333
900 0.913333
900 0.794444
900 0.546667
900 0.797778
900 0.826667
900 0.855556
900 0.905556
900 0.803333
900 0.904444
900 0.935556
900 0.828889
900 0.602222
900 0.75
900 0.927778
900 0.757778
900 0.794444
900 0.803333
900 0.841111
900 0.894444
900 0.706667
900 0.834444
900 0.866667
900 0.913333
900 0.903333
900 0.778889
900 0.887778
900 0.651111
900 0.803333
900 0.87
900 0.768889
900 0.873333
900 0.827778
900 0.852222
900 0.844444
900 0.895556
900 0.731111
900 0.84
900 0.874444
900 0.788889
900 0.898889
900 0.817778
900 0.933333
900 0.838889
900 0.957778
900 0.904444
900 0.83
900 0.897778
900 0.811111
900 0.877778
900 0.933333
900 0.837778
900 0.881111
900 0.408889
900 0.913333
900 0.928889
900 0.836667
900 0.876667
900 0.826667
900 0.873333
900 0.698889
900 0.896667
950 0.866316
950 0.822105
950 0.817895
950 0.875789
950 0.867368
950 0.783158
950 0.794737
950 0.771579
950 0.874737
950 0.912632
950 0.891579
950 0.88
950 0.877895
950 0.887368
950 0.868421
950 0.833684
950 0.861053
950 0.886316
950 0.830526
950 0.828421
950 0.851579
950 0.764211
950 0.645263
950 0.802105
950 0.9
950 0.790526
950 0.781053
950 0.903158
950 0.835789
950 0.873684
950 0.814737
950 0.858947
950 0.869474
950 0.887368
950 0.862105
950 0.816842
950 0.851579
950 0.8
950 0.811579
950 0.782105
950 0.86
950 0.905263
950 0.86
950 0.887368
950 0.907368
950 0.821053
950 0.805263
950 0.853684
950 0.846316
950 0.822105
950 0.718947
950 0.897895
950 0.901053
950 0.797895
950 0.863158
950 0.8
950 0.842105
950 0.867368
950 0.846316
950 0.848421
950 0.807368
950 0.755789
950 0.796842
950 0.904211
950 0.878947
950 0.841053
950 0.667368
950 0.837895
950 0.84
950 0.811579
950 0.834737
950 0.84
950 0.893684
950 0.874737
950 0.852632
1000 0.812
1000 0.857
1000 0.853
1000 0.86
1000 0.802
1000 0.891
1000 0.832
1000 0.865
1000 0.778
1000 0.72
1000 0.815
1000 0.789
1000 0.869
1000 0.733
1000 0.816
1000 0.799
1000 0.872
1000 0.88
1000 0.863
1000 0.885
1000 0.874
1000 0.707
1000 0.82
1000 0.843
1000 0.828
1000 0.866
1000 0.728
1000 0.766
1000 0.843
1000 0.839
1000 0.784
1000 0.883
1000 0.758
1000 0.885
1000 0.862
1000 0.841
1000 0.798
1000 0.745
1000 0.821
1000 0.85
1000 0.827
1000 0.848
1000 0.894
1000 0.857
1000 0.831
1000 0.876
1000 0.859
1000 0.864
1000 0.824
1000 0.912
1000 0.881
1000 0.866
1000 0.899
1000 0.849
1000 0.808
1000 0.835
1000 0.781
1000 0.802
1000 0.745
1000 0.926
1000 0.859
1000 0.877
1000 0.82
1000 0.777
1000 0.898
1000 0.892
1000 0.899
1000 0.88
1000 0.77
1000 0.787
1000 0.912
1000 0.783
1000 0.886
1000 0.634
1000 0.837
1050 0.792381
1050 0.824762
1050 0.81619
1050 0.820952
1050 0.729524
1050 0.873333
1050 0.860952
1050 0.772381
1050 0.777143
1050 0.844762
1050 0.87619
1050 0.846667
1050 0.78381
1050 0.881905
1050 0.81619
1050 0.765714
1050 0.90381
1050 0.859048
1050 0.909524
1050 0.884762
1050 0.825714
1050 0.778095
1050 0.881905
1050 0.812381
1050 0.911429
1050 0.812381
1050 0.835238
1050 0.845714
1050 0.891429
1050 0.922857
1050 0.884762
1050 0.835238
1050 0.822857
1050 0.820952
1050 0.870476
1050 0.821905
1050 0.84381
1050 0.812381
1050 0.540952
1050 0.775238
1050 0.584762
1050 0.879048
1050 0.769524
1050 0.76
1050 0.924762
1050 0.773333
1050 0.64
1050 0.840952
1050 0.858095
1050 0.84
1050 0.893333
1050 0.88381
1050 0.94
1050 0.855238
1050 0.838095
1050 0.82381
1050 0.818095
1050 0.864762
1050 0.810476
1050 0.842857
1050 0.817143
1050 0.871429
1050 0.795238
1050 0.858095
1050 0.787619
1050 0.88
1050 0.904762
1050 0.89619
1050 0.851429
1050 0.862857
1050 0.800952
1050 0.774286
1050 0.898095
1050 0.809524
1050 0.792381
1100 0.882727
1100 0.854545
1100 0.856364
1100 0.890909
1100 0.865455
1100 0.833636
1100 0.881818
1100 0.890909
1100 0.868182
1100 0.712727
1100 0.872727
1100 0.909091
1100 0.802727
1100 0.654545
1100 0.82
1100 0.887273
1100 0.809091
1100 0.846364
1100 0.91
1100 0.866364
1100 0.865455
1100 0.853636
1100 0.856364
1100 0.82
1100 0.725455
1100 0.815455
1100 0.871818
1100 0.822727
1100 0.818182
1100 0.827273
1100 0.84
1100 0.771818
1100 0.835455
1100 0.91
1100 0.782727
1100 0.81
1100 0.835455
1100 0.851818
1100 0.924545
1100 0.830909
1100 0.904545
1100 0.864545
1100 0.787273
1100 0.81
1100 0.827273
1100 0.869091
1100 0.84
1100 0.881818
1100 0.82
1100 0.894545
1100 0.860909
1100 0.89
1100 0.896364
1100 0.865455
1100 0.818182
1100 0.872727
1100 0.767273
1100 0.887273
1100 0.740909
1100 0.8
1100 0.790909
1100 0.839091
1100 0.828182
1100 0.865455
1100 0.818182
1100 0.815455
1100 0.895455
1100 0.802727
1100 0.772727
1100 0.861818
1100 0.884545
1100 0.900909
1100 0.936364
1100 0.833636
1100 0.755455
1150 0.882609
1150 0.778261
1150 0.843478
1150 0.86
1150 0.795652
1150 0.787826
1150 0.843478
1150 0.762609
1150 0.866087
1150 0.766957
1150 0.76
1150 0.828696
1150 0.707826
1150 0.885217
1150 0.907826
1150 0.805217
1150 0.777391
1150 0.873913
1150 0.894783
1150 0.893913
1150 0.753913
1150 0.830435
1150 0.790435
1150 0.853913
1150 0.832174
1150 0.875652
1150 0.890435
1150 0.841739
1150 0.856522
1150 0.9
1150 0.92087
1150 0.868696
1150 0.790435
1150 0.783478
1150 0.801739
1150 0.849565
1150 0.778261
1150 0.798261
1150 0.885217
1150 0.896522
1150 0.752174
1150 0.770435
1150 0.805217
1150 0.873043
1150 0.897391
1150 0.793043
1150 0.665217
1150 0.881739
1150 0.869565
1150 0.771304
1150 0.805217
1150 0.769565
1150 0.806957
1150 0.69913
1150 0.811304
1150 0.881739
1150 0.881739
1150 0.738261
1150 0.855652
1150 0.84
1150 0.812174
1150 0.946087
1150 0.844348
1150 0.770435
1150 0.824348
1150 0.822609
1150 0.846957
1150 0.842609
1150 0.864348
1150 0.930435
1150 0.810435
1150 0.797391
1150 0.81913
1150 0.828696
1150 0.874783
1200 0.780833
1200 0.9075
1200 0.900833
1200 0.751667
1200 0.8125
1200 0.836667
1200 0.758333
1200 0.875
1200 0.915833
1200 0.889167
1200 0.7625
1200 0.800833
1200 0.89
1200 0.8325
1200 0.79
1200 0.814167
1200 0.818333
1200 0.936667
1200 0.928333
1200 0.888333
1200 0.873333
1200 0.803333
1200 0.916667
1200 0.813333
1200 0.8975
1200 0.8425
1200 0.800833
1200 0.844167
1200 0.920833
1200 0.863333
1200 0.946667
1200 0.835
1200 0.8475
1200 0.845
1200 0.836667
1200 0.85
1200 0.806667
1200 0.848333
1200 0.824167
1200 0.87
1200 0.826667
1200 0.775
1200 0.798333
1200 0.86
1200 0.78
1200 0.819167
1200 0.865833
1200 0.899167
1200 0.7375
1200 0.874167
1200 0.878333
1200 0.8225
1200 0.830833
1200 0.739167
1200 0.8625
1200 0.808333
1200 0.853333
1200 0.8675
1200 0.899167
1200 0.844167
1200 0.836667
1200 0.805833
1200 0.856667
1200 0.793333
1200 0.84
1200 0.811667
1200 0.854167
1200 0.8425
1200 0.904167
1200 0.7875
1200 0.906667
1200 0.8275
1200 0.866667
1200 0.854167
1200 0.883333
1250 0.8576
1250 0.8856
1250 0.804
1250 0.7488
1250 0.8424
1250 0.8216
1250 0.8888
1250 0.7272
1250 0.8184
1250 0.8208
1250 0.8328
1250 0.8968
1250 0.8728
1250 0.8536
1250 0.82
1250 0.8832
1250 0.9088
1250 0.8216
1250 0.8712
1250 0.824
1250 0.8264
1250 0.8304
1250 0.7696
1250 0.7656
1250 0.8376
1250 0.8288
1250 0.7
1250 0.8072
1250 0.7408
1250 0.824
1250 0.8704
1250 0.8032
1250 0.88
1250 0.9376
1250 0.8576
1250 0.9312
1250 0.832
1250 0.844
1250 0.7912
1250 0.8168
1250 0.9016
1250 0.9136
1250 0.8744
1250 0.852
1250 0.8448
1250 0.8064
1250 0.5168
1250 0.72
1250 0.8944
1250 0.88
1250 0.8472
1250 0.9328
1250 0.8736
1250 0.8568
1250 0.8024
1250 0.952
1250 0.8496
1250 0.8624
1250 0.864
1250 0.8832
1250 0.8888
1250 0.7536
1250 0.8704
1250 0.8328
1250 0.7816
1250 0.8576
1250 0.7832
1250 0.856
1250 0.8536
1250 0.8088
1250 0.8424
1250 0.9144
1250 0.8832
1250 0.8432
1250 0.904
1300 0.866154
1300 0.713077
1300 0.859231
1300 0.81
1300 0.843077
1300 0.845385
1300 0.81
1300 0.939231
1300 0.856154
1300 0.891538
1300 0.902308
1300 0.926154
1300 0.811538
1300 0.831538
1300 0.801538
1300 0.864615
1300 0.856923
1300 0.872308
1300 0.843846
1300 0.876154
1300 0.840769
1300 0.880769
1300 0.783846
1300 0.882308
1300 0.838462
1300 0.837692
1300 0.880769
1300 0.866154
1300 0.786923
1300 0.756154
1300 0.821538
1300 0.826154
1300 0.839231
1300 0.798462
1300 0.842308
1300 0.810769
1300 0.806154
1300 0.813077
1300 0.894615
1300 0.775385
1300 0.823846
1300 0.796154
1300 0.935385
1300 0.700769
1300 0.874615
1300 0.862308
1300 0.84
1300 0.820769
1300 0.738462
1300 0.803077
1300 0.871538
1300 0.953846
1300 0.93
1300 0.84
1300 0.806923
1300 0.916154
1300 0.893077
1300 0.924615
1300 0.878462
1300 0.957692
1300 0.849231
1300 0.902308
1300 0.840769
1300 0.92
1300 0.810769
1300 0.868462
1300 0.801538
1300 0.833846
1300 0.798462
1300 0.866154
1300 0.897692
1300 0.706154
1300 0.831538
1300 0.802308
1300 0.899231
1350 0.896296
1350 0.868889
1350 0.948148
1350 0.882222
1350 0.837778
1350 0.808889
1350 0.860741
1350 0.874074
1350 0.819259
1350 0.902222
1350 0.879259
1350 0.908889
1350 0.894074
1350 0.783704
1350 0.83037
1350 0.84
1350 0.888889
1350 0.877037
1350 0.759259
1350 0.78963
1350 0.727407
1350 0.865185
1350 0.847407
1350 0.856296
1350 0.866667
1350 0.757037
1350 0.900741
1350 0.828148
1350 0.941481
1350 0.822222
1350 0.753333
1350 0.878519
1350 0.87037
1350 0.92963
1350 0.868889
1350 0.856296
1350 0.821481
1350 0.827407
1350 0.832593
1350 0.817037
1350 0.831852
1350 0.814815
1350 0.857778
1350 0.865926
1350 0.875556
1350 0.856296
1350 0.812593
1350 0.901481
1350 0.89037
1350 0.871111
1350 0.855556
1350 0.914074
1350 0.884444
1350 0.838519
1350 0.768889
1350 0.864444
1350 0.862222
1350 0.78963
1350 0.891852
1350 0.825185
1350 0.816296
1350 0.882222
1350 0.879259
1350 0.70963
1350 0.818519
1350 0.791852
1350 0.834815
1350 0.825926
1350 0.880741
1350 0.817778
1350 0.89037
1350 0.81037
1350 0.812593
1350 0.906667
1350 0.888148
1400 0.905714
1400 0.885
1400 0.835
1400 0.890714
1400 0.855
1400 0.969286
1400 0.821429
1400 0.842857
1400 0.750714
1400 0.731429
1400 0.857143
1400 0.819286
1400 0.835714
1400 0.903571
1400 0.88
1400 0.641429
1400 0.857857
1400 0.907857
1400 0.787857
1400 0.84
1400 0.871429
1400 0.899286
1400 0.857857
1400 0.802857
1400 0.870714
1400 0.863571
1400 0.84
1400 0.850714
1400 0.887857
1400 0.872857
1400 0.914286
1400 0.807143
1400 0.902857
1400 0.855714
1400 0.774286
1400 0.887857
1400 0.723571
1400 0.852143
1400 0.84
1400 0.83
1400 0.838571
1400 0.842857
1400 0.855
1400 0.834286
1400 0.927857
1400 0.855
1400 0.762143
1400 0.887857
1400 0.792857
1400 0.733571
1400 0.86
1400 0.874286
1400 0.870714
1400 0.868571
1400 0.797143
1400 0.848571
1400 0.852143
1400 0.821429
1400 0.860714
1400 0.897143
1400 0.742143
1400 0.799286
1400 0.856429
1400 0.888571
1400 0.844286
1400 0.808571
1400 0.872143
1400 0.899286
1400 0.899286
1400 0.816429
1400 0.845714
1400 0.686429
1400 0.827143
1400 0.838571
1400 0.871429
1450 0.9
1450 0.923448
1450 0.877931
1450 0.811034
1450 0.882069
1450 0.846897
1450 0.898621
1450 0.745517
1450 0.82069
1450 0.851034
1450 0.791724
1450 0.801379
1450 0.864828
1450 0.875862
1450 0.768276
1450 0.866897
1450 0.884138
1450 0.835862
1450 0.882759
1450 0.801379
1450 0.897241
1450 0.86069
1450 0.870345
1450 0.797241
1450 0.815172
1450 0.922069
1450 0.906897
1450 0.854483
1450 0.873103
1450 0.830345
1450 0.886897
1450 0.826207
1450 0.902069
1450 0.848276
1450 0.869655
1450 0.873793
1450 0.844138
1450 0.922069
1450 0.791724
1450 0.848966
1450 0.871034
1450 0.850345
1450 0.877931
1450 0.92069
1450 0.906207
1450 0.810345
1450 0.853103
1450 0.849655
1450 0.824828
1450 0.878621
1450 0.824828
1450 0.851034
1450 0.873103
1450 0.842759
1450 0.884138
1450 0.837241
1450 0.901379
1450 0.791034
1450 0.873103
1450 0.845517
1450 0.85931
1450 0.811034
1450 0.837241
1450 0.853793
1450 0.841379
1450 0.861379
1450 0.826897
1450 0.883448
1450 0.777241
1450 0.892414
1450 0.849655
1450 0.877241
1450 0.844828
1450 0.833103
1450 0.761379
1500 0.868667
1500 0.894
1500 0.885333
1500 0.796667
1500 0.808
1500 0.824
1500 0.838
1500 0.822
1500 0.773333
1500 0.7
1500 0.684667
1500 0.912
1500 0.802
1500 0.891333
1500 0.895333
1500 0.844667
1500 0.898667
1500 0.679333
1500 0.933333
1500 0.89
1500 0.806
1500 0.814
1500 0.836667
1500 0.839333
1500 0.858
1500 0.816667
1500 0.796
1500 0.892667
1500 0.840667
1500 0.781333
1500 0.865333
1500 0.874
1500 0.85
1500 0.860667
1500 0.886667
1500 0.826
1500 0.818
1500 0.815333
1500 0.860667
1500 0.897333
1500 0.843333
1500 0.812667
1500 0.848
1500 0.791333
1500 0.862
1500 0.874
1500 0.880667
1500 0.955333
1500 0.862667
1500 0.906667
1500 0.880667
1500 0.83
1500 0.873333
1500 0.836
1500 0.802667
1500 0.88
1500 0.872667
1500 0.844
1500 0.919333
1500 0.888
1500 0.663333
1500 0.855333
1500 0.867333
1500 0.872
1500 0.822
1500 0.922667
1500 0.86
1500 0.763333
1500 0.86
1500 0.816
1500 0.844
1500 0.841333
1500 0.817333
1500 0.807333
1500 0.804
1550 0.895484
1550 0.89871
1550 0.843871
1550 0.878065
1550 0.863226
1550 0.894839
1550 0.872903
1550 0.862581
1550 0.883871
1550 0.882581
1550 0.828387
1550 0.82129
1550 0.876774
1550 0.763226
1550 0.870968
1550 0.900645
1550 0.770323
1550 0.793548
1550 0.774194
1550 0.859355
1550 0.726452
1550 0.749677
1550 0.839355
1550 0.914839
1550 0.877419
1550 0.89871
1550 0.799355
1550 0.86
1550 0.867742
1550 0.896774
1550 0.86129
1550 0.821935
1550 0.896774
1550 0.84
1550 0.825806
1550 0.794194
1550 0.829032
1550 0.820645
1550 0.875484
1550 0.884516
1550 0.670323
1550 0.89871
1550 0.803871
1550 0.851613
1550 0.830968
1550 0.840645
1550 0.866452
1550 0.891613
1550 0.88129
1550 0.839355
1550 0.832903
1550 0.796129
1550 0.878065
1550 0.892258
1550 0.859355
1550 0.763226
1550 0.811613
1550 0.85871
1550 0.845161
1550 0.79871
1550 0.91871
1550 0.894839
1550 0.897419
1550 0.815484
1550 0.907097
1550 0.943226
1550 0.845161
1550 0.826452
1550 0.827742
1550 0.905806
1550 0.781935
1550 0.869032
1550 0.766452
1550 0.958065
1550 0.809677
1600 0.885625
1600 0.855625
1600 0.825625
1600 0.764375
1600 0.940625
1600 0.885
1600 0.871875
1600 0.830625
1600 0.841875
1600 0.868125
1600 0.79375
1600 0.8375
1600 0.84875
1600 0.87625
1600 0.863125
1600 0.85625
1600 0.8525
1600 0.7625
1600 0.89625
1600 0.746875
1600 0.79625
1600 0.9025
1600 0.8975
1600 0.89875
1600 0.82375
1600 0.844375
1600 0.888125
1600 0.873125
1600 0.756875
1600 0.8275
1600 0.845
1600 0.864375
1600 0.826875
1600 0.830625
1600 0.88375
1600 0.830625
1600 0.814375
1600 0.838125
1600 0.590625
1600 0.93375
1600 0.866875
1600 0.853125
1600 0.844375
1600 0.756875
1600 0.80125
1600 0.876875
1600 0.81875
1600 0.940625
1600 0.838125
1600 0.8325
1600 0.888125
1600 0.868125
1600 0.860625
1600 0.855625
1600 0.828125
1600 0.858125
1600 0.8225
1600 0.855625
1600 0.82375
1600 0.911875
1600 0.91375
1600 0.774375
1600 0.886875
1600 0.815
1600 0.791875
1600 0.8675
1600 0.8925
1600 0.85
1600 0.878125
1600 0.865
1600 0.89125
1600 0.77
1600 0.848125
1600 0.863125
1600 0.78
1650 0.870303
1650 0.748485
1650 0.869091
1650 0.887273
1650 0.853333
1650 0.830909
1650 0.768485
1650 0.852121
1650 0.889091
1650 0.829697
1650 0.849091
1650 0.901212
1650 0.86
1650 0.840606
1650 0.844242
1650 0.892727
1650 0.830909
1650 0.794545
1650 0.886667
1650 0.805455
1650 0.812727
1650 0.91697
1650 0.799394
1650 0.854545
1650 0.819394
1650 0.75697
1650 0.916364
1650 0.869091
1650 0.904848
1650 0.850303
1650 0.845455
1650 0.793939
1650 0.804242
1650 0.836364
1650 0.809697
1650 0.88
1650 0.830303
1650 0.847879
1650 0.88
1650 0.763636
1650 0.836364
1650 0.813333
1650 0.820606
1650 0.853939
1650 0.824848
1650 0.846061
1650 0.873333
1650 0.862424
1650 0.815152
1650 0.811515
1650 0.857576
1650 0.846667
1650 0.842424
1650 0.915152
1650 0.864848
1650 0.928485
1650 0.914545
1650 0.847879
1650 0.927879
1650 0.786061
1650 0.816364
1650 0.890909
1650 0.805455
1650 0.868485
1650 0.818788
1650 0.790303
1650 0.864848
1650 0.932121
1650 0.713333
1650 0.905455
1650 0.741212
1650 0.849091
1650 0.815152
1650 0.828485
1650 0.766061
1700 0.795882
1700 0.85
1700 0.81
1700 0.927059
1700 0.868824
1700 0.86
1700 0.865882
1700 0.927059
1700 0.626471
1700 0.835294
1700 0.927059
1700 0.895882
1700 0.948235
1700 0.871765
1700 0.835882
1700 0.834118
1700 0.9
1700 0.804706
1700 0.841765
1700 0.851765
1700 0.967647
1700 0.797647
1700 0.878824
1700 0.812353
1700 0.854118
1700 0.863529
1700 0.844118
1700 0.781765
1700 0.895294
1700 0.864706
1700 0.891176
1700 0.756471
1700 0.875294
1700 0.840588
1700 0.861765
1700 0.794118
1700 0.827059
1700 0.696471
1700 0.790588
1700 0.860588
1700 0.885294
1700 0.874118
1700 0.850588
1700 0.847059
1700 0.853529
1700 0.809412
1700 0.881765
1700 0.865882
1700 0.882353
1700 0.865294
1700 0.874118
1700 0.81
1700 0.833529
1700 0.849412
1700 0.871765
1700 0.870588
1700 0.929412
1700 0.835882
1700 0.833529
1700 0.839412
1700 0.894118
1700 0.801765
1700 0.814118
1700 0.845294
1700 0.884706
1700 0.820588
1700 0.872941
1700 0.773529
1700 0.827647
1700 0.865882
1700 0.827059
1700 0.927647
1700 0.866471
1700 0.884706
1700 0.862941
1750 0.846286
1750 0.864
1750 0.836571
1750 0.813143
1750 0.78
1750 0.784
1750 0.741143
1750 0.786286
1750 0.879429
1750 0.842286
1750 0.862857
1750 0.740571
1750 0.889143
1750 0.905143
1750 0.798286
1750 0.792
1750 0.846286
1750 0.825714
1750 0.901714
1750 0.743429
1750 0.938286
1750 0.834857
1750 0.793143
1750 0.842286
1750 0.751429
1750 0.910857
1750 0.819429
1750 0.899429
1750 0.824
1750 0.852
1750 0.612571
1750 0.860571
1750 0.785714
1750 0.853714
1750 0.890857
1750 0.875429
1750 0.865714
1750 0.86
1750 0.782857
1750 0.901714
1750 0.872
1750 0.846857
1750 0.856
1750 0.830857
1750 0.916571
1750 0.841143
1750 0.824
1750 0.857714
1750 0.851429
1750 0.908
1750 0.784
1750 0.810857
1750 0.796
1750 0.792571
1750 0.849143
1750 0.871429
1750 0.846857
1750 0.896571
1750 0.799429
1750 0.836571
1750 0.881714
1750 0.869143
1750 0.841714
1750 0.827429
1750 0.872571
1750 0.797714
1750 0.840571
1750 0.852571
1750 0.793143
1750 0.858857
1750 0.726857
1750 0.896
1750 0.838286
1750 0.913143
1750 0.868
1800 0.883333
1800 0.866111
1800 0.8
1800 0.896111
1800 0.913889
1800 0.824444
1800 0.835
1800 0.877222
1800 0.890556
1800 0.845556
1800 0.871111
1800 0.831111
1800 0.851111
1800 0.831111
1800 0.826111
1800 0.83
1800 0.885556
1800 0.889444
1800 0.829444
1800 0.804444
1800 0.808333
1800 0.905556
1800 0.866667
1800 0.858889
1800 0.823889
1800 0.827778
1800 0.869444
1800 0.935
1800 0.768333
1800 0.856667
1800 0.8
1800 0.865
1800 0.852222
1800 0.881667
1800 0.930556
1800 0.818889
1800 0.710556
1800 0.810556
1800 0.869444
1800 0.833333
1800 0.895556
1800 0.848333
1800 0.810556
1800 0.858333
1800 0.896667
1800 0.913333
1800 0.917222
1800 0.823333
1800 0.887222
1800 0.842778
1800 0.879444
1800 0.807778
1800 0.837222
1800 0.831111
1800 0.844444
1800 0.813333
1800 0.826111
1800 0.799444
1800 0.817222
1800 0.822778
1800 0.877778
1800 0.913333
1800 0.764444
1800 0.872778
1800 0.837222
1800 0.82
1800 0.852778
1800 0.881667
1800 0.835556
1800 0.908333
1800 0.861667
1800 0.893333
1800 0.831111
1800 0.91
1800 0.935556
1850 0.836216
1850 0.793514
1850 0.757297
1850 0.866486
1850 0.874054
1850 0.887568
1850 0.898378
1850 0.902162
1850 0.861081
1850 0.788649
1850 0.880541
1850 0.810811
1850 0.894054
1850 0.885405
1850 0.876757
1850 0.851351
1850 0.887568
1850 0.935676
1850 0.768108
1850 0.821081
1850 0.850811
1850 0.867568
1850 0.841622
1850 0.862162
1850 0.797838
1850 0.868108
1850 0.858919
1850 0.882703
1850 0.879459
1850 0.915135
1850 0.825946
1850 0.835135
1850 0.784865
1850 0.847027
1850 0.831892
1850 0.853514
1850 0.877297
1850 0.923243
1850 0.866486
1850 0.875676
1850 0.762162
1850 0.795676
1850 0.903243
1850 0.845946
1850 0.845946
1850 0.777297
1850 0.727027
1850 0.817297
1850 0.815135
1850 0.795676
1850 0.855135
1850 0.674054
1850 0.748108
1850 0.836216
1850 0.803784
1850 0.827568
1850 0.922162
1850 0.861622
1850 0.871351
1850 0.892973
1850 0.876216
1850 0.882162
1850 0.811892
1850 0.836757
1850 0.831351
1850 0.853514
1850 0.847027
1850 0.881622
1850 0.883784
1850 0.720541
1850 0.717297
1850 0.817297
1850 0.853514
1850 0.847027
1850 0.860541
1900 0.911053
1900 0.857895
1900 0.870526
1900 0.828421
1900 0.914211
1900 0.925263
1900 0.9
1900 0.806316
1900 0.851053
1900 0.901053
1900 0.782632
1900 0.802632
1900 0.866842
1900 0.815789
1900 0.893684
1900 0.696842
1900 0.847368
1900 0.818421
1900 0.773684
1900 0.867895
1900 0.895263
1900 0.843684
1900 0.886842
1900 0.821579
1900 0.775263
1900 0.887368
1900 0.714211
1900 0.871579
1900 0.853158
1900 0.83
1900 0.825263
1900 0.855789
1900 0.927895
1900 0.880526
1900 0.841579
1900 0.866316
1900 0.861579
1900 0.860526
1900 0.89
1900 0.838421
1900 0.828421
1900 0.892632
1900 0.85
1900 0.833158
1900 0.912632
1900 0.798421
1900 0.819474
1900 0.828421
1900 0.826316
1900 0.852105
1900 0.851579
1900 0.871053
1900 0.893684
1900 0.878421
1900 0.896316
1900 0.804211
1900 0.839474
1900 0.915263
1900 0.886316
1900 0.844737
1900 0.848421
1900 0.884211
1900 0.873158
1900 0.861579
1900 0.883684
1900 0.750526
1900 0.836842
1900 0.808947
1900 0.839474
1900 0.903158
1900 0.841053
1900 0.896842
1900 0.875263
1900 0.902105
1900 0.740526
1950 0.75641
1950 0.907692
1950 0.862051
1950 0.907692
1950 0.814359
1950 0.880513
1950 0.933846
1950 0.834359
1950 0.754872
1950 0.814872
1950 0.910769
1950 0.815385
1950 0.848205
1950 0.895897
1950 0.835385
1950 0.795385
1950 0.862564
1950 0.828205
1950 0.749744
1950 0.895385
1950 0.845128
1950 0.83641
1950 0.746667
1950 0.878462
1950 0.861538
1950 0.857436
1950 0.854359
1950 0.686154
1950 0.728718
1950 0.811282
1950 0.876923
1950 0.855897
1950 0.848718
1950 0.860513
1950 0.809744
1950 0.815385
1950 0.814359
1950 0.889744
1950 0.747692
1950 0.893333
1950 0.842564
1950 0.793846
1950 0.829231
1950 0.671795
1950 0.770256
1950 0.886667
1950 0.858462
1950 0.870769
1950 0.829744
1950 0.888205
1950 0.928718
1950 0.806154
1950 0.847179
1950 0.842564
1950 0.844615
1950 0.805641
1950 0.919487
1950 0.855897
1950 0.8
1950 0.762564
1950 0.798462
1950 0.83641
1950 0.910256
1950 0.883077
1950 0.822051
1950 0.830769
1950 0.876923
1950 0.832821
1950 0.867692
1950 0.933846
1950 0.839487
1950 0.783077
1950 0.857949
1950 0.830256
1950 0.877949
2000 0.867
2000 0.865
2000 0.8715
2000 0.88
2000 0.861
2000 0.8305
2000 0.8655
2000 0.8245
2000 0.801
2000 0.8155
2000 0.8235
2000 0.8465
2000 0.89
2000 0.86
2000 0.8745
2000 0.878
2000 0.856
2000 0.8595
2000 0.7885
2000 0.877
2000 0.88
2000 0.8555
2000 0.793
2000 0.86
2000 0.8185
2000 0.86
2000 0.8385
2000 0.888
2000 0.8755
2000 0.8475
2000 0.836
2000 0.876
2000 0.836
2000 0.8345
2000 0.918
2000 0.793
2000 0.855
2000 0.8725
2000 0.872
2000 0.815
2000 0.8645
2000 0.9645
2000 0.7955
2000 0.7975
2000 0.913
2000 0.845
2000 0.9015
2000 0.878
2000 0.749
2000 0.8865
2000 0.8675
2000 0.8665
2000 0.8305
2000 0.863
2000 0.848
2000 0.839
2000 0.8605
2000 0.911
2000 0.9235
2000 0.856
2000 0.901
2000 0.8895
2000 0.8715
2000 0.7925
2000 0.8
2000 0.8475
2000 0.8525
2000 0.894
2000 0.8445
2000 0.833
2000 0.8915
2000 0.8155
2000 0.8165
2000 0.875
2000 0.8615
