50 0.06
50 0.54
50 0.24
50 0.18
50 0
50 0.18
50 0.44
50 0
50 0.24
50 0.38
50 0.04
50 0.12
50 0.18
50 0.28
50 0
50 0.06
50 0.26
50 0.58
50 0.26
50 0
50 0.16
50 0.04
50 0.7
50 0.06
50 0.02
50 0.64
50 0.06
50 0.3
50 0.38
50 0.42
50 0
50 0.06
50 0.06
50 0.14
50 0.12
50 0.1
50 0.68
50 0.24
50 0.78
50 0
50 0
50 0.14
50 0.04
50 0.16
50 0.56
50 0.4
50 0.26
50 0.54
50 0.36
50 0.2
50 0.26
50 0.12
50 0.14
50 0.08
50 0.6
50 0
50 0.46
50 0
50 0
50 0
50 0
50 0.04
50 0.2
50 0.24
50 0.4
50 0.26
50 0.12
50 0.22
50 0.48
50 0.06
50 0.18
50 0.26
50 0.22
50 0.46
50 0.12
100 0.25
100 0
100 0.45
100 0.69
100 0.55
100 0.7
100 0.51
100 0.83
100 0.85
100 0.44
100 0.86
100 0.53
100 0.11
100 0.08
100 0.95
100 0.23
100 0.62
100 0.49
100 0.29
100 0.7
100 0.69
100 0.76
100 0.58
100 0.55
100 0.03
100 0.27
100 0.18
100 0.58
100 0.2
100 0.6
100 0.75
100 0.47
100 0.3
100 0.77
100 0.81
100 0.5
100 0.71
100 0.56
100 0.04
100 0.6
100 0.78
100 0.36
100 0.22
100 0.83
100 0.7
100 0.72
100 0.2
100 0.59
100 0.06
100 0.51
100 0.78
100 0.37
100 0.24
100 0.57
100 0.51
100 0.97
100 0.88
100 0.23
100 0.78
100 0.8
100 0.76
100 0.34
100 0.48
100 0.85
100 0.55
100 0.11
100 0.81
100 0.35
100 0.71
100 0.64
100 0.33
100 0.62
100 0.55
100 0.16
100 0.88
150 0.64
150 0.6
150 0.846667
150 0.713333
150 0.54
150 0.88
150 0.926667
150 0.813333
150 0.786667
150 0.646667
150 0.886667
150 0.88
150 0.72
150 0.8
150 0.86
150 0.7
150 0.913333
150 0.62
150 0.466667
150 0.94
150 0.773333
150 0.913333
150 0.546667
150 0.28
150 0.826667
150 0.0333333
150 0.76
150 0.886667
150 0.606667
150 0.806667
150 0.74
150 0.753333
150 0.753333
150 0.873333
150 0.693333
150 0.553333
150 0.613333
150 0.5
150 0.546667
150 0.8
150 0.74
150 0.44
150 0.326667
150 0.42
150 0.286667
150 0.906667
150 0.766667
150 0.853333
150 0.713333
150 0.32
150 0.66
150 0.46
150 0.806667
150 0.826667
150 0.666667
150 0.72
150 0.753333
150 0.793333
150 0.46
150 0.7
150 0.766667
150 0.8
150 0.766667
150 0.7
150 0.88
150 0.806667
150 0.68
150 0.346667
150 0.906667
150 0.506667
150 0.906667
150 0.453333
150 0.726667
150 0.726667
150 0.74
200 0.645
200 0.385
200 0.96
200 0.765
200 0.64
200 0.79
200 0.885
200 0.88
200 0.74
200 0.695
200 0.9
200 0.6
200 0.805
200 0.85
200 0.69
200 0.72
200 0.83
200 0.775
200 0.735
200 0.78
200 0.735
200 0.915
200 0.54
200 0.81
200 0.845
200 0.68
200 0.865
200 0.835
200 0.57
200 0.75
200 0.545
200 0.88
200 0.725
200 0.825
200 0.66
200 0.91
200 0.435
200 0.71
200 0.805
200 0.495
200 0.715
200 0.895
200 0.7
200 0.505
200 0.905
200 0.8
200 0.9
200 0.72
200 0.865
200 0.81
200 0.115
200 0.85
200 0.835
200 0.765
200 0.875
200 0.56
200 0.825
200 0.775
200 0.85
200 0.615
200 0.45
200 0.695
200 0.87
200 0.825
200 0.69
200 0.745
200 0.655
200 0.755
200 0.735
200 0.93
200 0.9
200 0.375
200 0.865
200 0.86
200 0.655
250 0.772
250 0.916
250 0.904
250 0.904
250 0.832
250 0.844
250 0.828
250 0.908
250 0.688
250 0.74
250 0.844
250 0.852
250 0.848
250 0.808
250 0.936
250 0.9
250 0.884
250 0.852
250 0.784
250 0.892
250 0.968
250 0.812
250 0.764
250 0.876
250 0.948
250 0.88
250 0.82
250 0.976
250 0.528
250 0.86
250 0.74
250 0.876
250 0.944
250 0.84
250 0.932
250 0.672
250 0.848
250 0.804
250 0.82
250 0.828
250 0.752
250 0.852
250 0.74
250 0.472
250 0.816
250 0.848
250 0.944
250 0.576
250 0.908
250 0.868
250 0.932
250 0.612
250 0.724
250 0.796
250 0.848
250 0.904
250 0.868
250 0.54
250 0.848
250 0.6
250 0.868
250 0.84
250 0.852
250 0.852
250 0.848
250 0.74
250 0.92
250 0.852
250 0.9
250 0.884
250 0.728
250 0.764
250 0.876
250 0.96
250 0.808
300 0.883333
300 0.826667
300 0.773333
300 0.9
300 0.656667
300 0.55
300 0.843333
300 0.513333
300 0.816667
300 0.773333
300 0.806667
300 0.806667
300 0.81
300 0.883333
300 0.886667
300 0.8
300 0.916667
300 0.926667
300 0.806667
300 0.833333
300 0.673333
300 0.94
300 0.856667
300 0.78
300 0.97
300 0.823333
300 0.873333
300 0.853333
300 0.843333
300 0.86
300 0.766667
300 0.743333
300 0.84
300 0.866667
300 0.823333
300 0.92
300 0.866667
300 0.93
300 0.54
300 0.863333
300 0.83
300 0.84
300 0.896667
300 0.773333
300 0.85
300 0.653333
300 0.76
300 0.933333
300 0.463333
300 0.953333
300 0.613333
300 0.906667
300 0.713333
300 0.753333
300 0.836667
300 0.926667
300 0.873333
300 0.763333
300 0.84
300 0.786667
300 0.87
300 0.766667
300 0.806667
300 0.706667
300 0.91
300 0.91
300 0.906667
300 0.556667
300 0.92
300 0.916667
300 0.89
300 0.726667
300 0.913333
300 0.87
300 0.85
350 0.92
350 0.851429
350 0.854286
350 0.78
350 0.837143
350 0.654286
350 0.774286
350 0.86
350 0.894286
350 0.914286
350 0.822857
350 0.805714
350 0.865714
350 0.842857
350 0.871429
350 0.788571
350 0.894286
350 0.882857
350 0.811429
350 0.78
350 0.862857
350 0.777143
350 0.905714
350 0.934286
350 0.902857
350 0.911429
350 0.917143
350 0.88
350 0.922857
350 0.882857
350 0.765714
350 0.84
350 0.877143
350 0.874286
350 0.805714
350 0.92
350 0.92
350 0.594286
350 0.825714
350 0.888571
350 0.874286
350 0.934286
350 0.882857
350 0.905714
350 0.925714
350 0.942857
350 0.9
350 0.84
350 0.868571
350 0.894286
350 0.848571
350 0.822857
350 0.922857
350 0.828571
350 0.8
350 0.971429
350 0.871429
350 0.825714
350 0.874286
350 0.917143
350 0.854286
350 0.82
350 0.9
350 0.905714
350 0.702857
350 0.857143
350 0.874286
350 0.908571
350 0.802857
350 0.851429
350 0.894286
350 0.911429
350 0.577143
350 0.857143
350 0.857143
400 0.94
400 0.9075
400 0.8975
400 0.76
400 0.79
400 0.8725
400 0.8725
400 0.6325
400 0.9875
400 0.91
400 0.875
400 0.87
400 0.81
400 0.745
400 0.905
400 0.84
400 0.8325
400 0.615
400 0.8925
400 0.885
400 0.87
400 0.895
400 0.785
400 0.755
400 0.865
400 0.89
400 0.8325
400 0.675
400 0.7825
400 0.8775
400 0.89
400 0.925
400 0.9
400 0.8475
400 0.95
400 0.9575
400 0.8075
400 0.7
400 0.91
400 0.9425
400 0.9625
400 0.8825
400 0.9375
400 0.82
400 0.8875
400 0.875
400 0.765
400 0.855
400 0.79
400 0.9325
400 0.825
400 0.8575
400 0.8875
400 0.7575
400 0.8325
400 0.915
400 0.91
400 0.9075
400 0.7575
400 0.915
400 0.8475
400 0.7775
400 0.8775
400 0.9275
400 0.88
400 0.9475
400 0.8725
400 0.8825
400 0.855
400 0.84
400 0.865
400 0.875
400 0.925
400 0.9425
400 0.845
450 0.846667
450 0.844444
450 0.964444
450 0.964444
450 0.608889
450 0.806667
450 0.782222
450 0.915556
450 0.824444
450 0.857778
450 0.926667
450 0.904444
450 0.764444
450 0.86
450 0.715556
450 0.853333
450 0.726667
450 0.871111
450 0.895556
450 0.875556
450 0.913333
450 0.711111
450 0.911111
450 0.826667
450 0.877778
450 0.644444
450 0.902222
450 0.668889
450 0.793333
450 0.577778
450 0.844444
450 0.86
450 0.873333
450 0.835556
450 0.84
450 0.788889
450 0.86
450 0.9
450 0.846667
450 0.831111
450 0.926667
450 0.931111
450 0.768889
450 0.931111
450 0.873333
450 0.937778
450 0.913333
450 0.928889
450 0.871111
450 0.868889
450 0.897778
450 0.88
450 0.866667
450 0.911111
450 0.846667
450 0.844444
450 0.917778
450 0.86
450 0.888889
450 0.855556
450 0.793333
450 0.911111
450 0.893333
450 0.822222
450 0.884444
450 0.882222
450 0.895556
450 0.824444
450 0.713333
450 0.817778
450 0.882222
450 0.764444
450 0.906667
450 0.822222
450 0.664444
500 0.956
500 0.938
500 0.974
500 0.91
500 0.718
500 0.89
500 0.884
500 0.864
500 0.824
500 0.92
500 0.898
500 0.906
500 0.798
500 0.928
500 0.882
500 0.888
500 0.826
500 0.95
500 0.878
500 0.84
500 0.834
500 0.872
500 0.864
500 0.878
500 0.814
500 0.934
500 0.92
500 0.88
500 0.916
500 0.86
500 0.866
500 0.866
500 0.942
500 0.882
500 0.892
500 0.952
500 0.938
500 0.904
500 0.932
500 0.79
500 0.958
500 0.828
500 0.96
500 0.846
500 0.928
500 0.824
500 0.902
500 0.91
500 0.924
500 0.97
500 0.802
500 0.842
500 0.836
500 0.888
500 0.818
500 0.958
500 0.918
500 0.904
500 0.886
500 0.834
500 0.88
500 0.86
500 0.926
500 0.73
500 0.958
500 0.802
500 0.896
500 0.892
500 0.882
500 0.91
500 0.962
500 0.938
500 0.876
500 0.952
500 0.904
550 0.694545
550 0.909091
550 0.894545
550 0.925455
550 0.863636
550 0.901818
550 0.836364
550 0.898182
550 0.925455
550 0.881818
550 0.923636
550 0.88
550 0.783636
550 0.927273
550 0.950909
550 0.852727
550 0.798182
550 0.863636
550 0.936364
550 0.834545
550 0.889091
550 0.841818
550 0.930909
550 0.914545
550 0.841818
550 0.898182
550 0.88
550 0.856364
550 0.821818
550 0.810909
550 0.825455
550 0.890909
550 0.92
550 0.150909
550 0.883636
550 0.810909
550 0.956364
550 0.894545
550 0.950909
550 0.907273
550 0.852727
550 0.890909
550 0.930909
550 0.881818
550 0.887273
550 0.898182
550 0.856364
550 0.921818
550 0.863636
550 0.707273
550 0.954545
550 0.941818
550 0.876364
550 0.774545
550 0.816364
550 0.910909
550 0.936364
550 0.841818
550 0.887273
550 0.701818
550 0.870909
550 0.921818
550 0.978182
550 0.885455
550 0.9
550 0.949091
550 0.934545
550 0.941818
550 0.823636
550 0.727273
550 0.858182
550 0.88
550 0.912727
550 0.925455
550 0.923636
600 0.94
600 0.94
600 0.865
600 0.871667
600 0.956667
600 0.936667
600 0.925
600 0.908333
600 0.798333
600 0.843333
600 0.79
600 0.826667
600 0.798333
600 0.923333
600 0.853333
600 0.853333
600 0.968333
600 0.88
600 0.898333
600 0.896667
600 0.87
600 0.921667
600 0.863333
600 0.948333
600 0.88
600 0.931667
600 0.851667
600 0.921667
600 0.931667
600 0.856667
600 0.856667
600 0.893333
600 0.918333
600 0.933333
600 0.815
600 0.968333
600 0.875
600 0.876667
600 0.956667
600 0.916667
600 0.696667
600 0.905
600 0.881667
600 0.893333
600 0.931667
600 0.946667
600 0.903333
600 0.818333
600 0.89
600 0.841667
600 0.858333
600 0.938333
600 0.948333
600 0.898333
600 0.901667
600 0.928333
600 0.841667
600 0.868333
600 0.766667
600 0.915
600 0.931667
600 0.875
600 0.866667
600 0.858333
600 0.873333
600 0.946667
600 0.935
600 0.893333
600 0.921667
600 0.891667
600 0.861667
600 0.84
600 0.918333
600 0.951667
600 0.818333
650 0.858462
650 0.869231
650 0.850769
650 0.786154
650 0.841538
650 0.878462
650 0.901538
650 0.964615
650 0.793846
650 0.858462
650 0.824615
650 0.875385
650 0.947692
650 0.912308
650 0.895385
650 0.949231
650 0.910769
650 0.730769
650 0.84
650 0.924615
650 0.726154
650 0.793846
650 0.881538
650 0.907692
650 0.807692
650 0.912308
650 0.861538
650 0.913846
650 0.904615
650 0.912308
650 0.823077
650 0.841538
650 0.94
650 0.918462
650 0.932308
650 0.901538
650 0.907692
650 0.895385
650 0.804615
650 0.896923
650 0.904615
650 0.895385
650 0.896923
650 0.916923
650 0.856923
650 0.881538
650 0.878462
650 0.915385
650 0.946154
650 0.883077
650 0.884615
650 0.852308
650 0.926154
650 0.949231
650 0.832308
650 0.944615
650 0.895385
650 0.830769
650 0.944615
650 0.913846
650 0.875385
650 0.903077
650 0.930769
650 0.876923
650 0.909231
650 0.933846
650 0.94
650 0.887692
650 0.929231
650 0.861538
650 0.878462
650 0.853846
650 0.938462
650 0.892308
650 0.950769
700 0.808571
700 0.925714
700 0.865714
700 0.935714
700 0.91
700 0.908571
700 0.878571
700 0.92
700 0.888571
700 0.917143
700 0.967143
700 0.885714
700 0.971429
700 0.898571
700 0.872857
700 0.85
700 0.837143
700 0.855714
700 0.89
700 0.914286
700 0.848571
700 0.957143
700 0.935714
700 0.928571
700 0.91
700 0.971429
700 0.891429
700 0.861429
700 0.947143
700 0.91
700 0.79
700 0.954286
700 0.888571
700 0.951429
700 0.941429
700 0.938571
700 0.924286
700 0.865714
700 0.891429
700 0.908571
700 0.907143
700 0.912857
700 0.898571
700 0.914286
700 0.732857
700 0.974286
700 0.948571
700 0.918571
700 0.942857
700 0.942857
700 0.857143
700 0.83
700 0.944286
700 0.888571
700 0.731429
700 0.942857
700 0.961429
700 0.868571
700 0.898571
700 0.875714
700 0.911429
700 0.974286
700 0.921429
700 0.711429
700 0.94
700 0.964286
700 0.927143
700 0.902857
700 0.897143
700 0.875714
700 0.842857
700 0.887143
700 0.888571
700 0.967143
700 0.957143
750 0.904
750 0.905333
750 0.842667
750 0.821333
750 0.936
750 0.936
750 0.874667
750 0.881333
750 0.974667
750 0.837333
750 0.766667
750 0.965333
750 0.957333
750 0.92
750 0.88
750 0.926667
750 0.774667
750 0.913333
750 0.930667
750 0.96
750 0.965333
750 0.869333
750 0.888
750 0.910667
750 0.926667
750 0.898667
750 0.932
750 0.882667
750 0.878667
750 0.926667
750 0.858667
750 0.942667
750 0.950667
750 0.870667
750 0.966667
750 0.786667
750 0.897333
750 0.852
750 0.736
750 0.949333
750 0.930667
750 0.730667
750 0.981333
750 0.930667
750 0.957333
750 0.864
750 0.893333
750 0.925333
750 0.886667
750 0.836
750 0.925333
750 0.885333
750 0.868
750 0.889333
750 0.873333
750 0.929333
750 0.94
750 0.868
750 0.816
750 0.886667
750 0.916
750 0.854667
750 0.918667
750 0.789333
750 0.910667
750 0.846667
750 0.862667
750 0.92
750 0.905333
750 0.836
750 0.865333
750 0.934667
750 0.904
750 0.906667
750 0.857333
800 0.885
800 0.78625
800 0.88125
800 0.915
800 0.935
800 0.89625
800 0.8475
800 0.88625
800 0.9275
800 0.9275
800 0.8325
800 0.8675
800 0.87125
800 0.84
800 0.84
800 0.75375
800 0.9075
800 0.755
800 0.9275
800 0.9175
800 0.915
800 0.90875
800 0.885
800 0.84625
800 0.92125
800 0.955
800 0.82
800 0.93
800 0.90875
800 0.92875
800 0.8075
800 0.91375
800 0.9425
800 0.87
800 0.92
800 0.85625
800 0.935
800 0.995
800 0.88625
800 0.9025
800 0.81125
800 0.9025
800 0.9275
800 0.7825
800 0.84625
800 0.91875
800 0.92
800 0.85
800 0.89375
800 0.78125
800 0.87
800 0.8825
800 0.9225
800 0.90625
800 0.795
800 0.89
800 0.91
800 0.92625
800 0.8875
800 0.90625
800 0.9375
800 0.93375
800 0.915
800 0.87625
800 0.98625
800 0.92375
800 0.8725
800 0.91875
800 0.89875
800 0.86125
800 0.9
800 0.85875
800 0.9175
800 0.9075
800 0.91875
850 0.915294
850 0.891765
850 0.951765
850 0.955294
850 0.894118
850 0.9
850 0.897647
850 0.928235
850 0.843529
850 0.824706
850 0.829412
850 0.892941
850 0.870588
850 0.907059
850 0.856471
850 0.897647
850 0.841176
850 0.977647
850 0.888235
850 0.861176
850 0.910588
850 0.969412
850 0.914118
850 0.849412
850 0.904706
850 0.903529
850 0.94
850 0.947059
850 0.950588
850 0.818824
850 0.849412
850 0.861176
850 0.971765
850 0.902353
850 0.824706
850 0.904706
850 0.902353
850 0.862353
850 0.921176
850 0.925882
850 0.909412
850 0.937647
850 0.927059
850 0.936471
850 0.912941
850 0.956471
850 0.888235
850 0.812941
850 0.98
850 0.837647
850 0.903529
850 0.952941
850 0.856471
850 0.902353
850 0.955294
850 0.931765
850 0.905882
850 0.927059
850 0.895294
850 0.92
850 0.851765
850 0.838824
850 0.876471
850 0.976471
850 0.9
850 0.943529
850 0.887059
850 0.907059
850 0.943529
850 0.88
850 0.929412
850 0.835294
850 0.870588
850 0.835294
850 0.855294
900 0.91
900 0.964444
900 0.954444
900 0.944444
900 0.923333
900 0.974444
900 0.907778
900 0.86
900 0.821111
900 0.884444
900 0.913333
900 0.947778
900 0.831111
900 0.82
900 0.985556
900 0.928889
900 0.756667
900 0.847778
900 0.902222
900 0.874444
900 0.91
900 0.893333
900 0.963333
900 0.905556
900 0.928889
900 0.84
900 0.92
900 0.897778
900 0.826667
900 0.902222
900 0.945556
900 0.906667
900 0.883333
900 0.848889
900 0.536667
900 0.941111
900 0.933333
900 0.935556
900 0.876667
900 0.954444
900 0.733333
900 0.806667
900 0.905556
900 0.843333
900 0.934444
900 0.922222
900 0.941111
900 0.827778
900 0.915556
900 0.928889
900 0.958889
900 0.93
900 0.906667
900 0.905556
900 0.86
900 0.876667
900 0.925556
900 0.833333
900 0.913333
900 0.882222
900 0.926667
900 0.875556
900 0.901111
900 0.925556
900 0.82
900 0.887778
900 0.89
900 0.956667
900 0.963333
900 0.85
900 0.954444
900 0.825556
900 0.882222
900 0.88
900 0.863333
950 0.953684
950 0.874737
950 0.907368
950 0.894737
950 0.888421
950 0.924211
950 0.850526
950 0.916842
950 0.88
950 0.921053
950 0.782105
950 0.953684
950 0.869474
950 0.943158
950 0.927368
950 0.926316
950 0.856842
950 0.885263
950 0.975789
950 0.892632
950 0.970526
950 0.891579
950 0.833684
950 0.923158
950 0.948421
950 0.923158
950 0.804211
950 0.974737
950 0.851579
950 0.918947
950 0.902105
950 0.941053
950 0.886316
950 0.969474
950 0.923158
950 0.873684
950 0.938947
950 0.84
950 0.904211
950 0.893684
950 0.886316
950 0.910526
950 0.887368
950 0.868421
950 0.914737
950 0.84
950 0.926316
950 0.936842
950 0.972632
950 0.883158
950 0.848421
950 0.834737
950 0.882105
950 0.846316
950 0.896842
950 0.936842
950 0.875789
950 0.878947
950 0.86
950 0.928421
950 0.913684
950 0.924211
950 0.874737
950 0.931579
950 0.957895
950 0.98
950 0.971579
950 0.932632
950 0.951579
950 0.937895
950 0.883158
950 0.884211
950 0.92
950 0.856842
950 0.933684
1000 0.978
1000 0.735
1000 0.958
1000 0.909
1000 0.899
1000 0.851
1000 0.942
1000 0.945
1000 0.911
1000 0.928
1000 0.922
1000 0.922
1000 0.895
1000 0.783
1000 0.894
1000 0.935
1000 0.94
1000 0.931
1000 0.936
1000 0.929
1000 0.922
1000 0.769
1000 0.922
1000 0.886
1000 0.936
1000 0.88
1000 0.836
1000 0.894
1000 0.909
1000 0.936
1000 0.984
1000 0.972
1000 0.867
1000 0.882
1000 0.989
1000 0.93
1000 0.886
1000 0.894
1000 0.879
1000 0.925
1000 0.884
1000 0.92
1000 0.972
1000 0.883
1000 0.919
1000 0.902
1000 0.952
1000 0.875
1000 0.956
1000 0.857
1000 0.885
1000 0.926
1000 0.883
1000 0.934
1000 0.833
1000 0.952
1000 0.856
1000 0.795
1000 0.92
1000 0.956
1000 0.906
1000 0.882
1000 0.826
1000 0.845
1000 0.905
1000 0.964
1000 0.885
1000 0.79
1000 0.883
1000 0.935
1000 0.949
1000 0.932
1000 0.925
1000 0.923
1000 0.937
1050 0.906667
1050 0.907619
1050 0.952381
1050 0.892381
1050 0.693333
1050 0.93619
1050 0.930476
1050 0.811429
1050 0.85619
1050 0.901905
1050 0.930476
1050 0.932381
1050 0.926667
1050 0.931429
1050 0.982857
1050 0.912381
1050 0.827619
1050 0.92
1050 0.84381
1050 0.948571
1050 0.866667
1050 0.871429
1050 0.840952
1050 0.887619
1050 0.861905
1050 0.867619
1050 0.844762
1050 0.92
1050 0.899048
1050 0.91619
1050 0.967619
1050 0.915238
1050 0.884762
1050 0.952381
1050 0.924762
1050 0.848571
1050 0.881905
1050 0.894286
1050 0.761905
1050 0.833333
1050 0.901905
1050 0.90381
1050 0.819048
1050 0.813333
1050 0.907619
1050 0.904762
1050 0.950476
1050 0.926667
1050 0.919048
1050 0.917143
1050 0.861905
1050 0.939048
1050 0.914286
1050 0.935238
1050 0.942857
1050 0.861905
1050 0.904762
1050 0.972381
1050 0.926667
1050 0.898095
1050 0.847619
1050 0.88381
1050 0.865714
1050 0.822857
1050 0.917143
1050 0.87619
1050 0.940952
1050 0.932381
1050 0.909524
1050 0.899048
1050 0.939048
1050 0.966667
1050 0.879048
1050 0.780952
1050 0.968571
1100 0.977273
1100 0.878182
1100 0.937273
1100 0.897273
1100 0.921818
1100 0.901818
1100 0.951818
1100 0.923636
1100 0.881818
1100 0.848182
1100 0.979091
1100 0.983636
1100 0.873636
1100 0.908182
1100 0.947273
1100 0.928182
1100 0.899091
1100 0.940909
1100 0.903636
1100 0.925455
1100 0.895455
1100 0.944545
1100 0.928182
1100 0.907273
1100 0.877273
1100 0.819091
1100 0.877273
1100 0.893636
1100 0.946364
1100 0.884545
1100 0.922727
1100 0.901818
1100 0.925455
1100 0.894545
1100 0.856364
1100 0.909091
1100 0.863636
1100 0.87
1100 0.914545
1100 0.921818
1100 0.875455
1100 0.92
1100 0.908182
1100 0.888182
1100 0.951818
1100 0.959091
1100 0.968182
1100 0.942727
1100 0.918182
1100 0.938182
1100 0.842727
1100 0.95
1100 0.839091
1100 0.917273
1100 0.813636
1100 0.904545
1100 0.876364
1100 0.964545
1100 0.695455
1100 0.84
1100 0.882727
1100 0.870909
1100 0.874545
1100 0.902727
1100 0.889091
1100 0.888182
1100 0.92
1100 0.970909
1100 0.942727
1100 0.928182
1100 0.823636
1100 0.943636
1100 0.823636
1100 0.891818
1100 0.701818
1150 0.906087
1150 0.857391
1150 0.935652
1150 0.950435
1150 0.910435
1150 0.85913
1150 0.856522
1150 0.866087
1150 0.89913
1150 0.79913
1150 0.874783
1150 0.847826
1150 0.832174
1150 0.778261
1150 0.934783
1150 0.906087
1150 0.930435
1150 0.833913
1150 0.930435
1150 0.844348
1150 0.91913
1150 0.932174
1150 0.843478
1150 0.911304
1150 0.924348
1150 0.918261
1150 0.981739
1150 0.85913
1150 0.886087
1150 0.913043
1150 0.885217
1150 0.943478
1150 0.932174
1150 0.85913
1150 0.866957
1150 0.92
1150 0.878261
1150 0.86
1150 0.922609
1150 0.967826
1150 0.870435
1150 0.913043
1150 0.942609
1150 0.895652
1150 0.956522
1150 0.802609
1150 0.915652
1150 0.88087
1150 0.913913
1150 0.911304
1150 0.954783
1150 0.894783
1150 0.934783
1150 0.92
1150 0.868696
1150 0.949565
1150 0.983478
1150 0.793043
1150 0.916522
1150 0.928696
1150 0.91913
1150 0.867826
1150 0.946087
1150 0.80087
1150 0.924348
1150 0.88
1150 0.889565
1150 0.874783
1150 0.874783
1150 0.898261
1150 0.902609
1150 0.83913
1150 0.906087
1150 0.861739
1150 0.91913
1200 0.94
1200 0.9125
1200 0.895
1200 0.875
1200 0.925833
1200 0.9075
1200 0.925
1200 0.936667
1200 0.9275
1200 0.955
1200 0.825
1200 0.8825
1200 0.954167
1200 0.9075
1200 0.895833
1200 0.856667
1200 0.9275
1200 0.926667
1200 0.934167
1200 0.834167
1200 0.95
1200 0.886667
1200 0.934167
1200 0.88
1200 0.944167
1200 0.888333
1200 0.916667
1200 0.869167
1200 0.863333
1200 0.940833
1200 0.89
1200 0.820833
1200 0.965833
1200 0.8925
1200 0.85
1200 0.818333
1200 0.941667
1200 0.915833
1200 0.853333
1200 0.856667
1200 0.9425
1200 0.806667
1200 0.91
1200 0.886667
1200 0.905
1200 0.905
1200 0.904167
1200 0.8475
1200 0.838333
1200 0.944167
1200 0.895833
1200 0.956667
1200 0.811667
1200 0.900833
1200 0.893333
1200 0.93
1200 0.865
1200 0.848333
1200 0.898333
1200 0.975833
1200 0.955833
1200 0.900833
1200 0.9175
1200 0.8975
1200 0.946667
1200 0.875
1200 0.926667
1200 0.89
1200 0.968333
1200 0.864167
1200 0.909167
1200 0.848333
1200 0.865
1200 0.918333
1200 0.9425
1250 0.8752
1250 0.9312
1250 0.9056
1250 0.8504
1250 0.9048
1250 0.9152
1250 0.8512
1250 0.9408
1250 0.8656
1250 0.944
1250 0.9096
1250 0.8816
1250 0.8944
1250 0.9016
1250 0.9168
1250 0.9504
1250 0.8496
1250 0.9672
1250 0.9544
1250 0.96
1250 0.8632
1250 0.9072
1250 0.856
1250 0.9648
1250 0.896
1250 0.9176
1250 0.896
1250 0.904
1250 0.92
1250 0.8488
1250 0.892
1250 0.8792
1250 0.9896
1250 0.944
1250 0.9488
1250 0.8656
1250 0.9168
1250 0.8896
1250 0.8992
1250 0.8192
1250 0.9416
1250 0.9184
1250 0.9248
1250 0.98
1250 0.9664
1250 0.9144
1250 0.6968
1250 0.828
1250 0.8872
1250 0.9152
1250 0.9464
1250 0.8856
1250 0.9112
1250 0.9424
1250 0.8704
1250 0.9352
1250 0.8512
1250 0.9208
1250 0.9
1250 0.9744
1250 0.896
1250 0.8992
1250 0.948
1250 0.9928
1250 0.9048
1250 0.9344
1250 0.8936
1250 0.8672
1250 0.904
1250 0.9392
1250 0.8536
1250 0.9072
1250 0.9336
1250 0.8728
1250 0.9272
1300 0.817692
1300 0.894615
1300 0.919231
1300 0.893846
1300 0.784615
1300 0.820769
1300 0.885385
1300 0.929231
1300 0.881538
1300 0.963077
1300 0.95
1300 0.895385
1300 0.884615
1300 0.880769
1300 0.923077
1300 0.891538
1300 0.881538
1300 0.88
1300 0.900769
1300 0.868462
1300 0.898462
1300 0.79
1300 0.91
1300 0.837692
1300 0.838462
1300 0.891538
1300 0.874615
1300 0.915385
1300 0.917692
1300 0.876154
1300 0.951538
1300 0.887692
1300 0.866154
1300 0.960769
1300 0.871538
1300 0.959231
1300 0.840769
1300 0.946154
1300 0.924615
1300 0.863077
1300 0.955385
1300 0.901538
1300 0.977692
1300 0.936923
1300 0.883846
1300 0.928462
1300 0.937692
1300 0.924615
1300 0.913846
1300 0.892308
1300 0.933846
1300 0.905385
1300 0.927692
1300 0.906154
1300 0.933077
1300 0.889231
1300 0.874615
1300 0.995385
1300 0.889231
1300 0.924615
1300 0.907692
1300 0.917692
1300 0.903077
1300 0.880769
1300 0.95
1300 0.935385
1300 0.953077
1300 0.913077
1300 0.893846
1300 0.946923
1300 0.9
1300 0.792308
1300 0.943846
1300 0.96
1300 0.913846
1350 0.891111
1350 0.89037
1350 0.906667
1350 0.934074
1350 0.892593
1350 0.943704
1350 0.94963
1350 0.902963
1350 0.857778
1350 0.912593
1350 0.916296
1350 0.88
1350 0.934815
1350 0.877037
1350 0.82963
1350 0.884444
1350 0.891111
1350 0.960741
1350 0.816296
1350 0.94963
1350 0.878519
1350 0.916296
1350 0.913333
1350 0.927407
1350 0.916296
1350 0.93037
1350 0.925185
1350 0.908148
1350 0.884444
1350 0.941481
1350 0.905926
1350 0.9
1350 0.885185
1350 0.925185
1350 0.953333
1350 0.865926
1350 0.891111
1350 0.886667
1350 0.931852
1350 0.900741
1350 0.895556
1350 0.838519
1350 0.854815
1350 0.897778
1350 0.976296
1350 0.899259
1350 0.871852
1350 0.902963
1350 0.974074
1350 0.917778
1350 0.945185
1350 0.931111
1350 0.842963
1350 0.952593
1350 0.860741
1350 0.895556
1350 0.924444
1350 0.931852
1350 0.845185
1350 0.907407
1350 0.911111
1350 0.843704
1350 0.925926
1350 0.82963
1350 0.817037
1350 0.876296
1350 0.945926
1350 0.88
1350 0.845926
1350 0.893333
1350 0.92
1350 0.862222
1350 0.995556
1350 0.968148
1350 0.873333
1400 0.897857
1400 0.857857
1400 0.859286
1400 0.848571
1400 0.887857
1400 0.885
1400 0.956429
1400 0.893571
1400 0.864286
1400 0.993571
1400 0.902857
1400 0.857857
1400 0.900714
1400 0.900714
1400 0.939286
1400 0.84
1400 0.882143
1400 0.925714
1400 0.887143
1400 0.933571
1400 0.864286
1400 0.917143
1400 0.972143
1400 0.962857
1400 0.902857
1400 0.935714
1400 0.872857
1400 0.924286
1400 0.917143
1400 0.905
1400 0.935
1400 0.81
1400 0.920714
1400 0.850714
1400 0.966429
1400 0.903571
1400 0.941429
1400 0.902857
1400 0.93
1400 0.927857
1400 0.918571
1400 0.915714
1400 0.900714
1400 0.909286
1400 0.972857
1400 0.927857
1400 0.919286
1400 0.940714
1400 0.907143
1400 0.946429
1400 0.952143
1400 0.915714
1400 0.874286
1400 0.928571
1400 0.929286
1400 0.847857
1400 0.94
1400 0.913571
1400 0.879286
1400 0.876429
1400 0.921429
1400 0.859286
1400 0.88
1400 0.917857
1400 0.914286
1400 0.875
1400 0.917857
1400 0.958571
1400 0.894286
1400 0.872143
1400 0.901429
1400 0.920714
1400 0.952143
1400 0.977143
1400 0.853571
1450 0.925517
1450 0.94
1450 0.856552
1450 0.924138
1450 0.950345
1450 0.91931
1450 0.914483
1450 0.974483
1450 0.901379
1450 0.951034
1450 0.902069
1450 0.896552
1450 0.875862
1450 0.957241
1450 0.946897
1450 0.848966
1450 0.907586
1450 0.917931
1450 0.904138
1450 0.884828
1450 0.908276
1450 0.891724
1450 0.917241
1450 0.933793
1450 0.927586
1450 0.887586
1450 0.902069
1450 0.902759
1450 0.885517
1450 0.934483
1450 0.907586
1450 0.930345
1450 0.929655
1450 0.935172
1450 0.942069
1450 0.902759
1450 0.891724
1450 0.911724
1450 0.866897
1450 0.889655
1450 0.875172
1450 0.892414
1450 0.871034
1450 0.924828
1450 0.745517
1450 0.915172
1450 0.932414
1450 0.886207
1450 0.861379
1450 0.946207
1450 0.907586
1450 0.928276
1450 0.924828
1450 0.929655
1450 0.904138
1450 0.824828
1450 0.945517
1450 0.893103
1450 0.888966
1450 0.881379
1450 0.931034
1450 0.963448
1450 0.913793
1450 0.883448
1450 0.868966
1450 0.916552
1450 0.87931
1450 0.837931
1450 0.814483
1450 0.962069
1450 0.923448
1450 0.917931
1450 0.957241
1450 0.904828
1450 0.86
1500 0.880667
1500 0.947333
1500 0.905333
1500 0.912667
1500 0.918667
1500 0.914
1500 0.894
1500 0.911333
1500 0.916667
1500 0.902
1500 0.735333
1500 0.924
1500 0.872667
1500 0.916667
1500 0.908
1500 0.957333
1500 0.863333
1500 0.894
1500 0.948
1500 0.920667
1500 0.904667
1500 0.912667
1500 0.875333
1500 0.98
1500 0.973333
1500 0.869333
1500 0.878667
1500 0.884
1500 0.874
1500 0.865333
1500 0.860667
1500 0.955333
1500 0.915333
1500 0.942
1500 0.902667
1500 0.892667
1500 0.954667
1500 0.86
1500 0.92
1500 0.937333
1500 0.964667
1500 0.878667
1500 0.885333
1500 0.898667
1500 0.94
1500 0.896667
1500 0.881333
1500 0.869333
1500 0.871333
1500 0.919333
1500 0.936
1500 0.925333
1500 0.86
1500 0.909333
1500 0.813333
1500 0.935333
1500 0.904667
1500 0.924
1500 0.896667
1500 0.877333
1500 0.941333
1500 0.907333
1500 0.92
1500 0.932667
1500 0.950667
1500 0.898
1500 0.836667
1500 0.924
1500 0.856
1500 0.950667
1500 0.918667
1500 0.928
1500 0.914667
1500 0.884667
1500 0.874667
1550 0.946452
1550 0.904516
1550 0.866452
1550 0.943871
1550 0.816774
1550 0.91871
1550 0.9
1550 0.842581
1550 0.865161
1550 0.966452
1550 0.950323
1550 0.850968
1550 0.872258
1550 0.871613
1550 0.950323
1550 0.923226
1550 0.929677
1550 0.907097
1550 0.86
1550 0.907742
1550 0.938065
1550 0.858065
1550 0.932258
1550 0.88
1550 0.908387
1550 0.930968
1550 0.912258
1550 0.962581
1550 0.967097
1550 0.932903
1550 0.948387
1550 0.967742
1550 0.9
1550 0.889677
1550 0.92129
1550 0.94
1550 0.887097
1550 0.890323
1550 0.94129
1550 0.869677
1550 0.766452
1550 0.921935
1550 0.932903
1550 0.932258
1550 0.925806
1550 0.826452
1550 0.891613
1550 0.968387
1550 0.968387
1550 0.965161
1550 0.865161
1550 0.907097
1550 0.96
1550 0.90129
1550 0.919355
1550 0.956774
1550 0.956129
1550 0.926452
1550 0.883226
1550 0.803226
1550 0.868387
1550 0.902581
1550 0.929032
1550 0.934839
1550 0.816129
1550 0.975484
1550 0.933548
1550 0.899355
1550 0.96129
1550 0.857419
1550 0.784516
1550 0.950968
1550 0.916129
1550 0.854839
1550 0.892258
1600 0.861875
1600 0.92375
1600 0.8625
1600 0.9
1600 0.823125
1600 0.964375
1600 0.931875
1600 0.878125
1600 0.944375
1600 0.931875
1600 0.9
1600 0.93875
1600 0.899375
1600 0.893125
1600 0.966875
1600 0.8325
1600 0.941875
1600 0.845625
1600 0.918125
1600 0.87375
1600 0.938125
1600 0.894375
1600 0.9625
1600 0.87625
1600 0.86625
1600 0.9375
1600 0.98625
1600 0.9375
1600 0.909375
1600 0.8825
1600 0.9675
1600 0.94125
1600 0.86375
1600 0.925
1600 0.8675
1600 0.845625
1600 0.835
1600 0.9275
1600 0.926875
1600 0.974375
1600 0.881875
1600 0.929375
1600 0.934375
1600 0.896875
1600 0.851875
1600 0.90875
1600 0.900625
1600 0.86
1600 0.9125
1600 0.905
1600 0.899375
1600 0.845
1600 0.990625
1600 0.95
1600 0.90625
1600 0.944375
1600 0.868125
1600 0.921875
1600 0.89
1600 0.86125
1600 0.929375
1600 0.885625
1600 0.920625
1600 0.940625
1600 0.845625
1600 0.89
1600 0.925
1600 0.92375
1600 0.920625
1600 0.935
1600 0.865625
1600 0.92
1600 0.846875
1600 0.929375
1600 0.82875
1650 0.894545
1650 0.869091
1650 0.882424
1650 0.872727
1650 0.867879
1650 0.839394
1650 0.904242
1650 0.795152
1650 0.837576
1650 0.832727
1650 0.94303
1650 0.924848
1650 0.926667
1650 0.921212
1650 0.933333
1650 0.898788
1650 0.951515
1650 0.922424
1650 0.929697
1650 0.927273
1650 0.882424
1650 0.937576
1650 0.948485
1650 0.964242
1650 0.870303
1650 0.930303
1650 0.973333
1650 0.906667
1650 0.952121
1650 0.963636
1650 0.96
1650 0.864242
1650 0.955758
1650 0.927879
1650 0.881212
1650 0.938788
1650 0.899394
1650 0.910303
1650 0.887879
1650 0.904242
1650 0.931515
1650 0.895152
1650 0.929091
1650 0.912121
1650 0.898182
1650 0.933939
1650 0.881212
1650 0.853939
1650 0.884242
1650 0.915758
1650 0.917576
1650 0.955758
1650 0.911515
1650 0.894545
1650 0.962424
1650 0.929091
1650 0.872727
1650 0.932121
1650 0.970303
1650 0.870909
1650 0.89697
1650 0.981212
1650 0.940606
1650 0.872727
1650 0.833939
1650 0.944848
1650 0.904848
1650 0.907273
1650 0.953939
1650 0.971515
1650 0.896364
1650 0.849091
1650 0.902424
1650 0.768485
1650 0.975758
1700 0.961176
1700 0.921176
1700 0.873529
1700 0.982353
1700 0.89
1700 0.866471
1700 0.876471
1700 0.878824
1700 0.842353
1700 0.937647
1700 0.921176
1700 0.912941
1700 0.929412
1700 0.810588
1700 0.867647
1700 0.920588
1700 0.891176
1700 0.925294
1700 0.921176
1700 0.902353
1700 0.883529
1700 0.884118
1700 0.948824
1700 0.9
1700 0.839412
1700 0.957647
1700 0.94
1700 0.921176
1700 0.880588
1700 0.912353
1700 0.903529
1700 0.904118
1700 0.867647
1700 0.936471
1700 0.942941
1700 0.912353
1700 0.897059
1700 0.858824
1700 0.941176
1700 0.913529
1700 0.94
1700 0.824706
1700 0.970588
1700 0.913529
1700 0.923529
1700 0.864118
1700 0.86
1700 0.915294
1700 0.963529
1700 0.874706
1700 0.869412
1700 0.922941
1700 0.915294
1700 0.890588
1700 0.874706
1700 0.938235
1700 0.91
1700 0.875294
1700 0.917647
1700 0.932353
1700 0.892941
1700 0.878235
1700 0.897059
1700 0.910588
1700 0.946471
1700 0.970588
1700 0.929412
1700 0.893529
1700 0.884118
1700 0.828824
1700 0.849412
1700 0.919412
1700 0.874706
1700 0.918824
1700 0.943529
1750 0.855429
1750 0.88
1750 0.909714
1750 0.948
1750 0.933143
1750 0.928
1750 0.951429
1750 0.782286
1750 0.948
1750 0.862857
1750 0.812
1750 0.880571
1750 0.964
1750 0.947429
1750 0.828571
1750 0.915429
1750 0.900571
1750 0.913143
1750 0.909714
1750 0.979429
1750 0.857143
1750 0.838857
1750 0.885143
1750 0.913143
1750 0.931429
1750 0.896
1750 0.904571
1750 0.900571
1750 0.942286
1750 0.865714
1750 0.866857
1750 0.847429
1750 0.904
1750 0.898857
1750 0.953714
1750 0.961714
1750 0.949143
1750 0.881714
1750 0.891429
1750 0.937143
1750 0.906857
1750 0.921143
1750 0.925143
1750 0.910857
1750 0.88
1750 0.913143
1750 0.949714
1750 0.949143
1750 0.893143
1750 0.84
1750 0.890857
1750 0.945143
1750 0.750286
1750 0.952
1750 0.880571
1750 0.937714
1750 0.937714
1750 0.924571
1750 0.953143
1750 0.985143
1750 0.914286
1750 0.868
1750 0.868
1750 0.913714
1750 0.909714
1750 0.923429
1750 0.909714
1750 0.904571
1750 0.9
1750 0.886857
1750 0.625143
1750 0.949714
1750 0.878286
1750 0.982286
1750 0.894857
1800 0.935556
1800 0.920556
1800 0.921111
1800 0.907778
1800 0.926111
1800 0.862778
1800 0.932222
1800 0.857778
1800 0.938889
1800 0.859444
1800 0.892222
1800 0.959444
1800 0.943889
1800 0.918333
1800 0.899444
1800 0.939444
1800 0.897222
1800 0.924444
1800 0.926111
1800 0.937222
1800 0.897778
1800 0.909444
1800 0.882778
1800 0.946667
1800 0.928333
1800 0.946667
1800 0.907222
1800 0.864444
1800 0.918333
1800 0.876111
1800 0.918333
1800 0.902222
1800 0.885
1800 0.871111
1800 0.875556
1800 0.916111
1800 0.789444
1800 0.875556
1800 0.971667
1800 0.911111
1800 0.941111
1800 0.933333
1800 0.925
1800 0.928333
1800 0.942778
1800 0.935556
1800 0.939444
1800 0.967778
1800 0.907778
1800 0.878889
1800 0.909444
1800 0.865
1800 0.901111
1800 0.967778
1800 0.934444
1800 0.87
1800 0.905556
1800 0.853333
1800 0.935556
1800 0.907222
1800 0.878889
1800 0.951111
1800 0.872222
1800 0.927778
1800 0.913333
1800 0.937222
1800 0.901111
1800 0.955
1800 0.931667
1800 0.832222
1800 0.950556
1800 0.911111
1800 0.875556
1800 0.897222
1800 0.898333
1850 0.838919
1850 0.920541
1850 0.92973
1850 0.942162
1850 0.874595
1850 0.917838
1850 0.863784
1850 0.896216
1850 0.933514
1850 0.931892
1850 0.89027
1850 0.917297
1850 0.874054
1850 0.941081
1850 0.973514
1850 0.958378
1850 0.968108
1850 0.845405
1850 0.917297
1850 0.890811
1850 0.892973
1850 0.905405
1850 0.922703
1850 0.888108
1850 0.900541
1850 0.908649
1850 0.903784
1850 0.934595
1850 0.883784
1850 0.974054
1850 0.921622
1850 0.926486
1850 0.986486
1850 0.863243
1850 0.916757
1850 0.858919
1850 0.96973
1850 0.87027
1850 0.928649
1850 0.916216
1850 0.981622
1850 0.823784
1850 0.896757
1850 0.971892
1850 0.846486
1850 0.885405
1850 0.954054
1850 0.88
1850 0.924324
1850 0.89027
1850 0.883784
1850 0.888649
1850 0.928108
1850 0.876216
1850 0.923784
1850 0.861081
1850 0.924865
1850 0.900541
1850 0.945946
1850 0.917297
1850 0.851351
1850 0.948108
1850 0.945405
1850 0.951351
1850 0.917838
1850 0.911892
1850 0.885405
1850 0.866486
1850 0.927568
1850 0.737838
1850 0.904865
1850 0.897297
1850 0.835676
1850 0.853514
1850 0.937838
1900 0.843684
1900 0.932632
1900 0.923158
1900 0.956842
1900 0.918421
1900 0.973158
1900 0.917895
1900 0.887368
1900 0.895789
1900 0.918947
1900 0.904211
1900 0.813158
1900 0.851053
1900 0.926842
1900 0.928947
1900 0.934737
1900 0.926842
1900 0.948947
1900 0.931579
1900 0.883158
1900 0.888421
1900 0.851579
1900 0.902105
1900 0.887895
1900 0.847895
1900 0.87
1900 0.920526
1900 0.875789
1900 0.877368
1900 0.958421
1900 0.944211
1900 0.887895
1900 0.912105
1900 0.911053
1900 0.919474
1900 0.859474
1900 0.908421
1900 0.907895
1900 0.880526
1900 0.914211
1900 0.954737
1900 0.948947
1900 0.86
1900 0.904211
1900 0.883684
1900 0.916842
1900 0.934737
1900 0.888421
1900 0.764211
1900 0.882105
1900 0.942632
1900 0.941053
1900 0.927895
1900 0.829474
1900 0.967895
1900 0.864737
1900 0.898947
1900 0.889474
1900 0.919474
1900 0.907895
1900 0.887895
1900 0.884737
1900 0.885263
1900 0.929474
1900 0.912105
1900 0.907368
1900 0.956842
1900 0.888421
1900 0.917368
1900 0.896316
1900 0.923684
1900 0.944737
1900 0.937368
1900 0.956842
1900 0.827895
1950 0.813846
1950 0.908205
1950 0.948205
1950 0.928205
1950 0.926667
1950 0.893846
1950 0.904103
1950 0.888205
1950 0.94359
1950 0.985128
1950 0.939487
1950 0.909744
1950 0.927692
1950 0.857949
1950 0.959487
1950 0.846667
1950 0.957436
1950 0.878974
1950 0.800513
1950 0.9
1950 0.872821
1950 0.965128
1950 0.972821
1950 0.941026
1950 0.973333
1950 0.882564
1950 0.895897
1950 0.910769
1950 0.901538
1950 0.890256
1950 0.904615
1950 0.893846
1950 0.94359
1950 0.895897
1950 0.881538
1950 0.876923
1950 0.966667
1950 0.88359
1950 0.920513
1950 0.984615
1950 0.952821
1950 0.886154
1950 0.941538
1950 0.908718
1950 0.913846
1950 0.94359
1950 0.904103
1950 0.951282
1950 0.898974
1950 0.837436
1950 0.889231
1950 0.906154
1950 0.792821
1950 0.931282
1950 0.95641
1950 0.839487
1950 0.865641
1950 0.92
1950 0.892821
1950 0.924615
1950 0.923077
1950 0.908718
1950 0.793333
1950 0.758974
1950 0.898462
1950 0.884103
1950 0.945128
1950 0.944103
1950 0.848718
1950 0.923077
1950 0.951795
1950 0.902564
1950 0.951795
1950 0.922564
1950 0.842051
2000 0.945
2000 0.816
2000 0.9405
2000 0.919
2000 0.899
2000 0.916
2000 0.9355
2000 0.8955
2000 0.9845
2000 0.723
2000 0.9465
2000 0.9305
2000 0.9425
2000 0.927
2000 0.9185
2000 0.9475
2000 0.902
2000 0.914
2000 0.954
2000 0.92
2000 0.9625
2000 0.828
2000 0.931
2000 0.886
2000 0.928
2000 0.8465
2000 0.902
2000 1
2000 0.8595
2000 0.8745
2000 0.9285
2000 0.936
2000 0.902
2000 0.8905
2000 0.952
2000 0.899
2000 0.9055
2000 0.9295
2000 0.947
2000 0.906
2000 0.899
2000 0.9055
2000 0.9155
2000 0.9625
2000 0.949
2000 0.9045
2000 0.897
2000 0.9325
2000 0.9035
2000 0.914
2000 0.913
2000 0.936
2000 0.878
2000 0.886
2000 0.9185
2000 0.8775
2000 0.92
2000 0.94
2000 0.91
2000 0.906
2000 0.9275
2000 0.933
2000 0.9135
2000 0.947
2000 0.9605
2000 0.8855
2000 0.8595
2000 0.9135
2000 0.9465
2000 0.893
2000 0.8565
2000 0.9425
2000 0.961
2000 0.9275
2000 0.9505
