50 0.08
50 0.46
50 0.08
50 0.18
50 0.26
50 0.18
50 0.8
50 0.54
50 0.02
50 0.18
50 0.16
50 0.14
50 0.02
50 0.36
50 0.16
50 0.1
50 0.44
50 0.58
50 0.24
50 0.02
50 0.16
50 0.12
50 0
50 0
50 0.2
50 0.64
50 0.3
50 0.74
50 0.36
50 0.2
50 0.2
50 0.06
50 0.6
50 0.14
50 0.12
50 0
50 0.38
50 0.7
50 0.02
50 0
50 0.04
50 0.2
50 0
50 0.74
50 0.5
50 0.4
50 0.18
50 0.66
50 0.28
50 0.22
50 0.46
50 0.1
50 0
50 0
50 0.64
50 0.34
50 0.46
50 0.28
50 0.1
50 0
50 0.4
50 0.32
50 0.08
50 0.08
50 0.76
50 0.26
50 0.1
50 0.08
50 0.44
50 0.14
50 0.08
50 0.58
50 0.2
50 0.76
50 0.14
100 0.31
100 0.24
100 0.43
100 0.7
100 0.68
100 0.87
100 0.47
100 0.83
100 0.84
100 0.45
100 0.86
100 0.52
100 0.27
100 0.37
100 0.9
100 0.14
100 0.62
100 0.5
100 0.3
100 0.71
100 0.71
100 0.69
100 0.59
100 0.75
100 0.51
100 0.7
100 0.3
100 0.48
100 0.2
100 0.6
100 0.74
100 0.45
100 0.22
100 0.77
100 0.81
100 0.45
100 0.71
100 0.56
100 0.16
100 0.55
100 0.69
100 0.15
100 0
100 0.83
100 0.8
100 0.73
100 0.18
100 0.57
100 0.76
100 0.59
100 0.18
100 0.35
100 0.42
100 0.82
100 0.51
100 0.97
100 0.84
100 0.83
100 0.78
100 0.78
100 0.71
100 0.19
100 0.47
100 0.46
100 0.36
100 0.17
100 0.79
100 0.64
100 0.68
100 0.71
100 0.03
100 0.63
100 0.52
100 0.08
100 0.89
150 0.686667
150 0.6
150 0.746667
150 0.76
150 0.56
150 0.92
150 0.846667
150 0.886667
150 0.873333
150 0.846667
150 0.9
150 0.873333
150 0.493333
150 0.52
150 0.866667
150 0.686667
150 0.973333
150 0.653333
150 0.493333
150 0.793333
150 0.84
150 0.866667
150 0.626667
150 0.313333
150 0.9
150 0
150 0.826667
150 0.82
150 0.893333
150 0.78
150 0.8
150 0.793333
150 0.86
150 0.953333
150 0.706667
150 0.553333
150 0.433333
150 0.62
150 0.486667
150 0.906667
150 0.853333
150 0.44
150 0.9
150 0.48
150 0.273333
150 0.846667
150 0.873333
150 0.913333
150 0.753333
150 0.32
150 0.713333
150 0.486667
150 0.7
150 0.846667
150 0.766667
150 0.833333
150 0.753333
150 0.873333
150 0.4
150 0.68
150 0.786667
150 0.773333
150 0.953333
150 0.726667
150 0.866667
150 0.706667
150 0.986667
150 0.34
150 0.94
150 0.566667
150 0.746667
150 0.446667
150 0.753333
150 0.76
150 0.78
200 0.68
200 0.435
200 0.95
200 0.73
200 0.705
200 0.84
200 0.66
200 0.88
200 0.75
200 0.895
200 0.895
200 0.67
200 0.775
200 0.935
200 0.665
200 0.73
200 0.87
200 0.855
200 0.665
200 0.865
200 0.755
200 0.83
200 0.195
200 0.85
200 0.8
200 0.72
200 0.915
200 0.58
200 0.625
200 0.835
200 0.8
200 0.92
200 0.825
200 0.89
200 0.73
200 0.87
200 0.63
200 0.685
200 0.795
200 0.485
200 0.7
200 0.93
200 0.81
200 0.885
200 0.905
200 0.815
200 0.935
200 0.915
200 0.85
200 0.8
200 0.175
200 0.84
200 0.875
200 0.71
200 0.945
200 0.625
200 0.825
200 0.675
200 0.915
200 0.75
200 0.485
200 0.695
200 0.85
200 0.84
200 0.735
200 0.665
200 0.725
200 0.915
200 0.81
200 0.89
200 0.745
200 0.615
200 0.845
200 0.92
200 0.82
250 0.728
250 0.888
250 0.884
250 0.836
250 0.852
250 0.904
250 0.92
250 0.972
250 0.804
250 0.848
250 0.852
250 0.872
250 0.896
250 0.952
250 0.836
250 0.932
250 0.868
250 0.888
250 0.824
250 0.9
250 0.94
250 0.788
250 0.712
250 0.888
250 0.904
250 0.836
250 0.92
250 0.964
250 0.812
250 0.86
250 0.74
250 0.868
250 0.868
250 0.76
250 0.764
250 0.688
250 0.94
250 0.748
250 0.94
250 0.736
250 0.708
250 0.696
250 0.872
250 0.46
250 0.904
250 0.904
250 0.952
250 0.584
250 0.88
250 0.9
250 0.924
250 0.616
250 0.752
250 0.8
250 0.896
250 0.916
250 0.8
250 0.508
250 0.88
250 0.928
250 0.884
250 0.86
250 0.836
250 0.852
250 0.868
250 0.812
250 0.836
250 0.824
250 0.816
250 0.892
250 0.684
250 0.728
250 0.96
250 0.916
250 0.892
300 0.863333
300 0.906667
300 0.85
300 0.93
300 0.723333
300 0.896667
300 0.886667
300 0.61
300 0.916667
300 0.866667
300 0.926667
300 0.81
300 0.876667
300 0.956667
300 0.94
300 0.94
300 0.82
300 0.943333
300 0.926667
300 0.873333
300 0.793333
300 0.88
300 0.786667
300 0.953333
300 0.936667
300 0.886667
300 0.93
300 0.93
300 0.843333
300 0.936667
300 0.806667
300 0.843333
300 0.816667
300 0.81
300 0.873333
300 0.953333
300 0.94
300 0.97
300 0.936667
300 0.956667
300 0.863333
300 0.883333
300 0.963333
300 0.843333
300 0.826667
300 0.726667
300 0.803333
300 0.916667
300 0.506667
300 0.966667
300 0.933333
300 0.956667
300 0.7
300 0.756667
300 0.813333
300 0.96
300 0.93
300 0.846667
300 0.846667
300 0.873333
300 0.89
300 0.843333
300 0.883333
300 0.863333
300 0.983333
300 0.913333
300 0.956667
300 0.84
300 0.876667
300 0.946667
300 0.953333
300 0.91
300 0.876667
300 0.856667
300 0.81
350 0.874286
350 0.94
350 0.902857
350 0.742857
350 0.974286
350 0.631429
350 0.78
350 0.842857
350 0.914286
350 0.962857
350 0.905714
350 0.808571
350 0.891429
350 0.854286
350 0.98
350 0.888571
350 0.894286
350 0.897143
350 0.8
350 0.865714
350 0.922857
350 0.794286
350 0.96
350 0.957143
350 0.888571
350 0.934286
350 0.94
350 0.848571
350 0.874286
350 0.845714
350 0.745714
350 0.937143
350 0.831429
350 0.877143
350 0.931429
350 0.851429
350 0.931429
350 0.597143
350 0.862857
350 0.794286
350 0.851429
350 0.922857
350 0.911429
350 0.934286
350 0.925714
350 0.905714
350 0.888571
350 0.954286
350 0.86
350 0.911429
350 0.851429
350 0.928571
350 0.84
350 0.848571
350 0.905714
350 0.942857
350 0.948571
350 0.877143
350 0.948571
350 0.948571
350 0.902857
350 0.817143
350 0.911429
350 0.945714
350 0.714286
350 0.891429
350 0.928571
350 0.948571
350 0.931429
350 0.891429
350 0.897143
350 0.902857
350 0.737143
350 0.854286
350 0.84
400 0.9925
400 0.92
400 0.93
400 0.8925
400 0.8325
400 0.9175
400 0.8975
400 0.6275
400 0.955
400 0.9425
400 0.935
400 0.9325
400 0.8575
400 0.9125
400 0.7125
400 0.875
400 0.8775
400 0.5825
400 0.915
400 0.89
400 0.9125
400 0.94
400 0.9225
400 0.8425
400 0.865
400 0.9025
400 0.9
400 0.68
400 0.8575
400 0.9025
400 0.8925
400 0.81
400 0.9
400 0.88
400 0.9675
400 0.9525
400 0.905
400 0.4375
400 0.99
400 0.93
400 0.92
400 0.95
400 0.9575
400 0.9125
400 0.93
400 0.8625
400 0.9125
400 0.82
400 0.945
400 0.905
400 0.9375
400 0.865
400 0.93
400 0.7375
400 0.8375
400 0.8875
400 0.9425
400 0.945
400 0.8825
400 0.9125
400 0.8475
400 0.8275
400 0.8825
400 0.925
400 0.925
400 0.965
400 0.8975
400 0.91
400 0.885
400 0.94
400 0.8225
400 0.8875
400 0.925
400 0.9375
400 0.87
450 0.962222
450 0.962222
450 0.695556
450 0.94
450 0.955556
450 0.933333
450 0.964444
450 0.955556
450 0.904444
450 0.844444
450 0.873333
450 0.813333
450 0.84
450 0.971111
450 0.753333
450 0.866667
450 0.837778
450 0.871111
450 0.862222
450 0.913333
450 0.9
450 0.677778
450 0.72
450 0.926667
450 0.935556
450 0.842222
450 0.893333
450 0.76
450 0.848889
450 0.691111
450 0.897778
450 0.846667
450 0.964444
450 0.882222
450 0.757778
450 0.904444
450 0.866667
450 0.942222
450 0.933333
450 0.953333
450 0.864444
450 0.853333
450 0.884444
450 0.931111
450 0.924444
450 0.913333
450 0.86
450 0.837778
450 0.904444
450 0.96
450 0.924444
450 0.973333
450 0.875556
450 0.928889
450 0.86
450 0.9
450 0.855556
450 0.955556
450 0.946667
450 0.948889
450 0.791111
450 0.913333
450 0.902222
450 0.835556
450 0.828889
450 0.862222
450 0.846667
450 0.746667
450 0.826667
450 0.982222
450 0.926667
450 0.817778
450 0.92
450 0.862222
450 0.72
500 0.982
500 0.88
500 0.988
500 0.93
500 0.762
500 0.928
500 0.9
500 0.9
500 0.84
500 0.94
500 0.904
500 0.918
500 0.854
500 0.984
500 0.992
500 0.886
500 0.916
500 0.958
500 0.912
500 0.804
500 0.876
500 0.91
500 0.9
500 0.874
500 0.906
500 0.866
500 0.96
500 0.956
500 0.916
500 0.922
500 0.872
500 0.85
500 0.928
500 0.886
500 0.92
500 0.852
500 0.88
500 0.944
500 0.958
500 0.902
500 0.95
500 0.952
500 0.972
500 0.898
500 0.848
500 0.86
500 0.984
500 0.952
500 0.952
500 0.978
500 0.844
500 0.918
500 0.858
500 0.822
500 0.888
500 0.93
500 0.864
500 0.944
500 0.958
500 0.928
500 0.932
500 0.832
500 0.93
500 0.79
500 0.832
500 0.906
500 0.928
500 0.83
500 0.964
500 0.936
500 0.572
500 0.928
500 0.934
500 0.91
500 0.978
550 0.789091
550 0.967273
550 0.945455
550 0.921818
550 0.901818
550 0.947273
550 0.961818
550 0.863636
550 0.901818
550 0.934545
550 0.865455
550 0.929091
550 0.801818
550 0.867273
550 0.936364
550 0.96
550 0.805455
550 0.850909
550 0.898182
550 0.887273
550 0.936364
550 0.818182
550 0.956364
550 0.927273
550 0.956364
550 0.941818
550 0.825455
550 0.905455
550 0.843636
550 0.912727
550 0.912727
550 0.934545
550 0.927273
550 0
550 0.901818
550 0.983636
550 0.883636
550 0.881818
550 0.958182
550 0.934545
550 0.914545
550 0.903636
550 0.903636
550 0.858182
550 0.894545
550 0.949091
550 0.981818
550 0.887273
550 0.96
550 0.834545
550 0.929091
550 0.921818
550 0.809091
550 0.758182
550 0.754545
550 0.754545
550 0.974545
550 0.958182
550 0.889091
550 0.636364
550 0.932727
550 0.903636
550 0.972727
550 0.934545
550 0.941818
550 0.978182
550 0.907273
550 0.92
550 0.867273
550 0.863636
550 0.889091
550 0.978182
550 0.850909
550 0.949091
550 0.936364
600 0.951667
600 0.951667
600 0.885
600 0.913333
600 0.923333
600 0.983333
600 0.925
600 0.961667
600 0.833333
600 0.806667
600 0.823333
600 0.938333
600 0.88
600 0.965
600 0.878333
600 0.866667
600 0.943333
600 0.898333
600 0.94
600 0.948333
600 0.868333
600 0.923333
600 0.826667
600 0.958333
600 0.843333
600 0.918333
600 0.925
600 0.958333
600 0.916667
600 0.906667
600 0.735
600 0.938333
600 0.911667
600 0.898333
600 0.881667
600 0.886667
600 0.951667
600 0.953333
600 0.881667
600 0.906667
600 0.93
600 0.946667
600 0.93
600 0.958333
600 0.906667
600 0.961667
600 0.878333
600 0.886667
600 0.836667
600 0.855
600 0.928333
600 0.911667
600 0.951667
600 0.973333
600 0.913333
600 0.926667
600 0.878333
600 0.886667
600 0.923333
600 0.935
600 0.921667
600 0.95
600 0.868333
600 0.943333
600 0.958333
600 0.943333
600 0.963333
600 0.915
600 0.923333
600 0.913333
600 0.938333
600 0.836667
600 0.915
600 0.953333
600 0.775
650 0.927692
650 0.867692
650 0.901538
650 0.795385
650 0.903077
650 0.929231
650 0.938462
650 0.961538
650 0.889231
650 0.898462
650 0.996923
650 0.929231
650 0.903077
650 0.843077
650 0.887692
650 0.943077
650 0.976923
650 0.721538
650 0.96
650 0.892308
650 0.923077
650 0.847692
650 0.933846
650 0.92
650 0.904615
650 0.912308
650 0.961538
650 0.973846
650 0.898462
650 0.970769
650 0.844615
650 0.98
650 0.916923
650 0.936923
650 0.889231
650 0.853846
650 0.927692
650 0.970769
650 0.901538
650 0.929231
650 0.949231
650 0.933846
650 0.896923
650 0.930769
650 0.853846
650 0.984615
650 0.895385
650 0.912308
650 0.943077
650 0.918462
650 0.907692
650 0.898462
650 0.953846
650 0.958462
650 0.9
650 0.947692
650 0.895385
650 0.935385
650 0.921538
650 0.884615
650 0.918462
650 0.946154
650 0.947692
650 0.949231
650 0.946154
650 0.904615
650 0.967692
650 0.923077
650 0.932308
650 0.949231
650 0.941538
650 0.930769
650 0.950769
650 0.932308
650 0.946154
700 0.92
700 0.947143
700 0.88
700 0.961429
700 0.924286
700 0.924286
700 0.907143
700 0.985714
700 0.984286
700 0.914286
700 0.904286
700 0.99
700 0.914286
700 0.957143
700 0.934286
700 0.872857
700 0.855714
700 0.888571
700 0.888571
700 0.758571
700 0.931429
700 0.958571
700 0.942857
700 0.907143
700 0.938571
700 0.947143
700 0.95
700 0.937143
700 0.947143
700 0.978571
700 0.885714
700 0.925714
700 0.922857
700 0.948571
700 0.932857
700 0.921429
700 0.982857
700 0.881429
700 0.944286
700 0.871429
700 0.958571
700 0.968571
700 0.915714
700 0.997143
700 0.817143
700 0.967143
700 0.885714
700 0.91
700 0.981429
700 0.992857
700 0.838571
700 0.88
700 0.907143
700 0.892857
700 0.848571
700 0.944286
700 0.961429
700 0.992857
700 0.925714
700 0.928571
700 0.928571
700 0.914286
700 0.904286
700 0.8
700 0.952857
700 0.945714
700 0.912857
700 0.965714
700 0.894286
700 0.841429
700 0.922857
700 0.947143
700 0.9
700 0.831429
700 0.897143
750 0.902667
750 0.842667
750 0.926667
750 0.928
750 0.948
750 0.929333
750 0.957333
750 0.956
750 0.972
750 0.846667
750 0.809333
750 0.910667
750 0.969333
750 0.934667
750 0.965333
750 0.924
750 0.932
750 0.961333
750 0.969333
750 0.968
750 0.956
750 0.857333
750 0.882667
750 0.954667
750 0.965333
750 0.996
750 0.944
750 0.929333
750 0.868
750 0.965333
750 0.913333
750 0.916
750 0.944
750 0.9
750 0.926667
750 0.872
750 0.956
750 0.866667
750 0.894667
750 0.926667
750 0.950667
750 0.728
750 0.946667
750 0.973333
750 0.870667
750 0.905333
750 0.988
750 0.810667
750 0.978667
750 0.938667
750 0.972
750 0.906667
750 0.950667
750 0.926667
750 0.938667
750 0.944
750 0.944
750 0.837333
750 0.836
750 0.908
750 0.865333
750 0.952
750 0.944
750 0.836
750 0.901333
750 0.857333
750 0.876
750 0.916
750 0.76
750 0.914667
750 0.858667
750 0.973333
750 0.925333
750 0.914667
750 0.930667
800 0.94375
800 0.80875
800 0.93125
800 0.98125
800 0.91
800 0.925
800 0.83125
800 0.89125
800 0.9425
800 0.87625
800 0.97375
800 0.895
800 0.94875
800 0.935
800 0.90875
800 0.83875
800 0.96875
800 0.97375
800 0.8725
800 0.89
800 0.92625
800 0.88375
800 0.97
800 0.89625
800 0.91125
800 0.91
800 0.87875
800 0.955
800 0.93
800 0.93375
800 0.92875
800 0.93375
800 0.88
800 0.965
800 0.9925
800 0.91625
800 0.8775
800 0.99
800 0.90625
800 0.885
800 0.985
800 0.935
800 0.9575
800 0.81875
800 0.91125
800 0.92
800 0.8625
800 0.9175
800 0.93125
800 0.8875
800 0.85125
800 0.90125
800 0.9075
800 0.94375
800 0.8825
800 0.905
800 0.9125
800 0.8975
800 0.93875
800 0.9475
800 0.98
800 0.9675
800 0.845
800 0.9375
800 0.94125
800 0.9425
800 0.895
800 0.97625
800 0.96625
800 0.96875
800 0.96
800 0.9275
800 0.97125
800 0.93375
800 0.95125
850 0.902353
850 0.958824
850 0.944706
850 0.984706
850 0.989412
850 0.881176
850 0.915294
850 0.928235
850 0.832941
850 0.942353
850 0.868235
850 0.937647
850 0.936471
850 0.938824
850 0.923529
850 0.885882
850 0.94
850 0.990588
850 0.903529
850 0.882353
850 0.982353
850 0.896471
850 0.887059
850 0.878824
850 0.983529
850 0.874118
850 0.942353
850 0.941176
850 0.956471
850 0.892941
850 0.868235
850 0.885882
850 0.932941
850 0.856471
850 0.907059
850 0.94
850 0.981176
850 0.92
850 0.917647
850 0.871765
850 0.922353
850 0.929412
850 0.937647
850 0.917647
850 0.947059
850 0.956471
850 0.92
850 0.909412
850 0.958824
850 0.937647
850 0.949412
850 0.922353
850 0.905882
850 0.904706
850 0.949412
850 0.971765
850 0.961176
850 0.984706
850 0.915294
850 0.983529
850 0.910588
850 0.987059
850 0.907059
850 0.937647
850 0.901176
850 0.990588
850 0.942353
850 0.881176
850 0.877647
850 0.975294
850 0.945882
850 0.928235
850 0.908235
850 0.896471
850 0.809412
900 0.946667
900 0.953333
900 0.928889
900 0.933333
900 0.937778
900 0.983333
900 0.844444
900 0.831111
900 0.913333
900 0.94
900 0.956667
900 0.932222
900 0.887778
900 0.985556
900 0.97
900 0.994444
900 0.963333
900 0.965556
900 0.925556
900 0.903333
900 0.965556
900 0.978889
900 0.928889
900 0.93
900 0.908889
900 0.744444
900 0.936667
900 0.925556
900 0.844444
900 0.915556
900 0.895556
900 0.954444
900 0.888889
900 0.926667
900 0.937778
900 0.976667
900 0.92
900 0.937778
900 0.954444
900 0.95
900 0.72
900 0.913333
900 0.955556
900 0.842222
900 0.923333
900 0.905556
900 0.9
900 0.962222
900 0.926667
900 0.943333
900 0.967778
900 0.931111
900 0.882222
900 0.891111
900 0.94
900 0.941111
900 0.945556
900 0.96
900 0.916667
900 0.95
900 0.978889
900 0.977778
900 0.9
900 0.942222
900 0.87
900 0.928889
900 0.871111
900 0.954444
900 0.982222
900 0.957778
900 0.935556
900 0.938889
900 0.944444
900 0.937778
900 0.895556
950 0.953684
950 0.913684
950 0.990526
950 0.936842
950 0.917895
950 0.891579
950 0.984211
950 0.942105
950 0.938947
950 0.891579
950 0.9
950 0.953684
950 0.923158
950 0.905263
950 0.969474
950 0.953684
950 0.928421
950 0.950526
950 0.969474
950 0.936842
950 0.874737
950 0.882105
950 0.873684
950 0.969474
950 0.958947
950 0.953684
950 0.815789
950 0.9
950 0.958947
950 0.927368
950 0.866316
950 0.948421
950 0.926316
950 0.944211
950 0.876842
950 0.934737
950 0.952632
950 0.862105
950 0.981053
950 0.92
950 0.886316
950 0.909474
950 0.925263
950 0.974737
950 0.967368
950 0.896842
950 0.926316
950 0.94
950 0.936842
950 0.962105
950 0.926316
950 0.883158
950 0.986316
950 0.898947
950 0.956842
950 0.908421
950 0.925263
950 0.891579
950 0.887368
950 0.921053
950 0.88
950 0.897895
950 0.94
950 0.967368
950 0.967368
950 0.922105
950 0.951579
950 0.975789
950 0.887368
950 0.986316
950 0.927368
950 0.890526
950 0.970526
950 0.970526
950 0.94
1000 0.954
1000 0.84
1000 0.901
1000 0.884
1000 0.91
1000 0.927
1000 0.865
1000 0.952
1000 0.925
1000 0.86
1000 0.975
1000 0.912
1000 0.944
1000 0.91
1000 0.967
1000 0.947
1000 0.955
1000 0.942
1000 0.957
1000 0.93
1000 0.941
1000 0.892
1000 0.958
1000 0.949
1000 0.964
1000 0.968
1000 0.866
1000 0.91
1000 0.862
1000 0.962
1000 0.931
1000 0.922
1000 0.962
1000 0.917
1000 0.899
1000 0.939
1000 0.97
1000 0.928
1000 0.954
1000 0.885
1000 0.939
1000 0.955
1000 0.919
1000 0.886
1000 0.922
1000 0.931
1000 0.866
1000 0.982
1000 0.84
1000 0.94
1000 0.922
1000 0.945
1000 0.942
1000 0.834
1000 0.922
1000 0.973
1000 0.9
1000 0.89
1000 0.897
1000 0.96
1000 0.945
1000 0.863
1000 0.897
1000 0.949
1000 0.943
1000 0.907
1000 0.887
1000 0.956
1000 0.866
1000 0.913
1000 0.957
1000 0.981
1000 0.975
1000 0.939
1000 0.926
1050 0.935238
1050 0.986667
1050 0.969524
1050 0.924762
1050 0.733333
1050 0.944762
1050 0.925714
1050 0.930476
1050 0.94
1050 0.937143
1050 0.895238
1050 0.91619
1050 0.906667
1050 0.96381
1050 0.882857
1050 0.970476
1050 0.980952
1050 0.971429
1050 0.962857
1050 0.897143
1050 0.934286
1050 0.95619
1050 0.948571
1050 0.877143
1050 0.952381
1050 0.915238
1050 0.925714
1050 0.940952
1050 0.982857
1050 0.950476
1050 0.911429
1050 0.935238
1050 0.914286
1050 0.93619
1050 0.873333
1050 0.93619
1050 0.980952
1050 0.96
1050 0.882857
1050 0.960952
1050 0.952381
1050 0.926667
1050 0.773333
1050 0.901905
1050 0.911429
1050 0.929524
1050 0.934286
1050 0.907619
1050 0.905714
1050 0.967619
1050 0.937143
1050 0.933333
1050 0.957143
1050 0.906667
1050 0.973333
1050 0.974286
1050 0.922857
1050 0.940952
1050 0.958095
1050 0.977143
1050 0.881905
1050 0.902857
1050 0.969524
1050 0.925714
1050 0.877143
1050 0.870476
1050 0.908571
1050 0.885714
1050 0.906667
1050 0.96
1050 0.941905
1050 0.957143
1050 0.979048
1050 0.882857
1050 0.949524
1100 0.966364
1100 0.929091
1100 0.978182
1100 0.951818
1100 0.913636
1100 0.91
1100 0.918182
1100 0.971818
1100 0.947273
1100 0.875455
1100 0.955455
1100 0.951818
1100 0.938182
1100 0.93
1100 0.933636
1100 0.969091
1100 0.930909
1100 0.950909
1100 0.972727
1100 0.936364
1100 0.954545
1100 0.922727
1100 0.909091
1100 0.929091
1100 0.904545
1100 0.957273
1100 0.987273
1100 0.977273
1100 0.887273
1100 0.92
1100 0.924545
1100 0.843636
1100 0.964545
1100 0.885455
1100 0.896364
1100 0.933636
1100 0.959091
1100 0.937273
1100 0.908182
1100 0.951818
1100 0.946364
1100 0.974545
1100 0.914545
1100 0.967273
1100 0.928182
1100 0.907273
1100 0.893636
1100 0.953636
1100 0.969091
1100 0.993636
1100 0.91
1100 0.959091
1100 0.978182
1100 0.953636
1100 0.92
1100 0.96
1100 0.918182
1100 0.931818
1100 0.940909
1100 0.948182
1100 0.932727
1100 0.965455
1100 0.946364
1100 0.938182
1100 0.926364
1100 0.909091
1100 0.950909
1100 0.975455
1100 0.94
1100 0.92
1100 0.907273
1100 0.954545
1100 0.945455
1100 0.924545
1100 0.822727
1150 0.916522
1150 0.88
1150 0.955652
1150 0.893913
1150 0.976522
1150 0.963478
1150 0.915652
1150 0.902609
1150 0.954783
1150 0.926957
1150 0.923478
1150 0.886957
1150 0.918261
1150 0.885217
1150 0.965217
1150 0.934783
1150 0.930435
1150 0.9
1150 0.972174
1150 0.937391
1150 0.949565
1150 0.934783
1150 0.901739
1150 0.926957
1150 0.97913
1150 0.952174
1150 0.925217
1150 0.938261
1150 0.976522
1150 0.971304
1150 0.924348
1150 0.921739
1150 0.92087
1150 0.948696
1150 0.968696
1150 0.952174
1150 0.91913
1150 0.930435
1150 0.926957
1150 0.930435
1150 0.886957
1150 0.948696
1150 0.946957
1150 0.976522
1150 0.966087
1150 0.823478
1150 0.926957
1150 0.947826
1150 0.887826
1150 0.921739
1150 0.955652
1150 0.883478
1150 0.907826
1150 0.934783
1150 0.896522
1150 0.9
1150 0.957391
1150 0.956522
1150 0.934783
1150 0.948696
1150 0.961739
1150 0.986087
1150 0.951304
1150 0.817391
1150 0.92
1150 0.975652
1150 0.889565
1150 0.975652
1150 0.908696
1150 0.90087
1150 0.918261
1150 0.94087
1150 0.95913
1150 0.955652
1150 0.889565
1200 0.925
1200 0.915
1200 0.945833
1200 0.911667
1200 0.918333
1200 0.918333
1200 0.909167
1200 0.906667
1200 0.950833
1200 0.908333
1200 0.9325
1200 0.9825
1200 0.969167
1200 0.93
1200 0.9225
1200 0.984167
1200 0.925833
1200 0.926667
1200 0.973333
1200 0.934167
1200 0.96
1200 0.9575
1200 0.950833
1200 0.953333
1200 0.914167
1200 0.926667
1200 0.955833
1200 0.894167
1200 0.968333
1200 0.954167
1200 0.9525
1200 0.93
1200 0.895
1200 0.945
1200 0.9425
1200 0.928333
1200 0.955833
1200 0.936667
1200 0.855
1200 0.9725
1200 0.925
1200 0.848333
1200 0.914167
1200 0.931667
1200 0.964167
1200 0.900833
1200 0.896667
1200 0.9575
1200 0.943333
1200 0.958333
1200 0.901667
1200 0.851667
1200 0.926667
1200 0.9725
1200 0.944167
1200 0.936667
1200 0.906667
1200 0.961667
1200 0.9625
1200 0.954167
1200 0.928333
1200 0.92
1200 0.910833
1200 0.9525
1200 0.985833
1200 0.898333
1200 0.948333
1200 0.9375
1200 0.965
1200 0.881667
1200 0.878333
1200 0.8925
1200 0.921667
1200 0.978333
1200 0.908333
1250 0.9576
1250 0.9112
1250 0.9584
1250 0.9256
1250 0.8704
1250 0.9464
1250 0.8832
1250 0.9536
1250 0.888
1250 0.9416
1250 0.8936
1250 0.9288
1250 0.9184
1250 0.8928
1250 0.8632
1250 0.9088
1250 0.9168
1250 0.8768
1250 0.9976
1250 0.9448
1250 0.8528
1250 0.9136
1250 0.9096
1250 0.9048
1250 0.9544
1250 0.9792
1250 0.8944
1250 0.9352
1250 0.7544
1250 0.984
1250 0.9488
1250 0.8624
1250 0.9608
1250 0.94
1250 0.9344
1250 0.9616
1250 0.9504
1250 0.9472
1250 0.9896
1250 0.9736
1250 0.9
1250 0.9056
1250 0.9112
1250 0.9832
1250 0.94
1250 0.92
1250 0.7912
1250 0.8232
1250 0.9256
1250 0.9512
1250 0.9272
1250 0.9592
1250 0.9584
1250 0.948
1250 0.9192
1250 0.9432
1250 0.9896
1250 0.988
1250 0.976
1250 0.9656
1250 0.964
1250 0.916
1250 0.9496
1250 0.9656
1250 0.904
1250 0.9408
1250 0.9536
1250 0.916
1250 0.9968
1250 0.9496
1250 0.8392
1250 0.9352
1250 0.9616
1250 0.916
1250 0.9584
1300 0.930769
1300 0.943846
1300 0.981538
1300 0.866923
1300 0.983077
1300 0.963846
1300 0.955385
1300 0.923077
1300 0.904615
1300 0.950769
1300 0.916154
1300 0.935385
1300 0.923846
1300 0.95
1300 1
1300 0.91
1300 0.974615
1300 0.913846
1300 0.893846
1300 0.953077
1300 0.986923
1300 0.946154
1300 0.895385
1300 0.895385
1300 0.913846
1300 0.922308
1300 0.971538
1300 0.923846
1300 0.912308
1300 0.883077
1300 0.951538
1300 0.907692
1300 0.836923
1300 0.987692
1300 0.89
1300 0.962308
1300 0.942308
1300 0.924615
1300 0.932308
1300 0.980769
1300 0.920769
1300 0.945385
1300 0.908462
1300 0.926154
1300 0.910769
1300 0.956154
1300 0.904615
1300 0.963846
1300 0.929231
1300 0.953077
1300 0.919231
1300 0.92
1300 0.914615
1300 0.952308
1300 0.923846
1300 0.926154
1300 0.962308
1300 0.926923
1300 0.940769
1300 0.946154
1300 0.935385
1300 0.989231
1300 0.901538
1300 0.993077
1300 0.930769
1300 0.922308
1300 0.965385
1300 0.961538
1300 0.977692
1300 0.942308
1300 0.946154
1300 0.876154
1300 0.955385
1300 0.936154
1300 0.958462
1350 0.965926
1350 0.93037
1350 0.951111
1350 0.977778
1350 0.96
1350 0.923704
1350 0.94
1350 0.971111
1350 0.97037
1350 0.934074
1350 0.92
1350 0.959259
1350 0.922222
1350 0.942222
1350 0.907407
1350 0.957778
1350 0.941481
1350 0.982222
1350 0.863704
1350 0.957037
1350 0.958519
1350 0.935556
1350 0.897037
1350 0.927407
1350 0.933333
1350 0.980741
1350 0.905185
1350 0.937778
1350 0.948148
1350 0.962222
1350 0.908889
1350 0.962222
1350 0.948889
1350 0.938519
1350 0.931111
1350 0.924444
1350 0.913333
1350 0.914815
1350 0.907407
1350 0.928148
1350 0.931111
1350 0.962963
1350 0.951852
1350 0.93037
1350 0.955556
1350 0.954815
1350 0.93037
1350 0.965185
1350 0.936296
1350 0.938519
1350 0.974074
1350 0.954815
1350 0.865926
1350 0.954074
1350 0.982963
1350 0.954815
1350 0.965926
1350 0.962963
1350 0.959259
1350 0.934815
1350 0.945185
1350 0.936296
1350 0.963704
1350 0.815556
1350 0.933333
1350 0.957778
1350 0.943704
1350 0.964444
1350 0.952593
1350 0.922963
1350 0.94963
1350 0.911852
1350 0.951852
1350 0.999259
1350 0.92
1400 0.915
1400 0.910714
1400 0.897143
1400 0.886429
1400 0.970714
1400 0.917143
1400 0.957143
1400 0.921429
1400 0.883571
1400 0.914286
1400 0.907857
1400 0.950714
1400 0.89
1400 0.986429
1400 0.946429
1400 0.887857
1400 0.957857
1400 0.962143
1400 0.985
1400 0.935
1400 0.952143
1400 0.971429
1400 0.879286
1400 0.935714
1400 0.892857
1400 0.898571
1400 0.854286
1400 0.935
1400 0.957143
1400 0.905714
1400 0.957143
1400 0.95
1400 0.942857
1400 0.937857
1400 0.922143
1400 0.977857
1400 0.885
1400 0.962857
1400 0.968571
1400 0.917143
1400 0.979286
1400 0.915714
1400 0.96
1400 0.865
1400 0.948571
1400 0.965714
1400 0.907143
1400 0.976429
1400 0.963571
1400 0.961429
1400 0.957857
1400 0.886429
1400 0.950714
1400 0.979286
1400 0.893571
1400 0.937857
1400 0.950714
1400 0.877857
1400 0.96
1400 0.982143
1400 0.95
1400 0.905714
1400 0.945
1400 0.930714
1400 0.932143
1400 0.948571
1400 0.880714
1400 0.920714
1400 0.944286
1400 0.911429
1400 0.943571
1400 0.8
1400 0.937143
1400 0.97
1400 0.962857
1450 0.942069
1450 0.976552
1450 0.963448
1450 0.986207
1450 0.965517
1450 0.913793
1450 0.951034
1450 0.91931
1450 0.948966
1450 0.954483
1450 0.977241
1450 0.948276
1450 0.853103
1450 0.957241
1450 0.926207
1450 0.951034
1450 0.950345
1450 0.973793
1450 0.947586
1450 0.983448
1450 0.96069
1450 0.927586
1450 0.946897
1450 0.952414
1450 0.977931
1450 0.954483
1450 0.966897
1450 0.966897
1450 0.931724
1450 0.956552
1450 0.909655
1450 0.828966
1450 0.976552
1450 0.94069
1450 0.913793
1450 0.963448
1450 0.945517
1450 0.946207
1450 0.888276
1450 0.945517
1450 0.971724
1450 0.930345
1450 0.912414
1450 0.937931
1450 0.938621
1450 0.983448
1450 0.966897
1450 0.944138
1450 0.932414
1450 0.951034
1450 0.921379
1450 0.955862
1450 0.967586
1450 0.890345
1450 0.933793
1450 0.871724
1450 0.929655
1450 0.902759
1450 0.92
1450 0.942759
1450 0.990345
1450 0.974483
1450 0.954483
1450 0.891724
1450 0.888276
1450 0.932414
1450 0.916552
1450 0.95931
1450 0.877931
1450 0.946897
1450 0.973793
1450 0.995172
1450 0.964138
1450 0.903448
1450 0.927586
1500 0.977333
1500 0.921333
1500 0.98
1500 0.946
1500 0.935333
1500 0.904
1500 0.935333
1500 0.99
1500 0.884667
1500 0.898667
1500 0.734
1500 0.886667
1500 0.962
1500 0.956
1500 0.925333
1500 0.965333
1500 0.914667
1500 0.932
1500 0.974
1500 0.952
1500 0.948
1500 0.918667
1500 0.948
1500 0.876
1500 0.918667
1500 0.917333
1500 0.882667
1500 0.958
1500 0.930667
1500 0.936667
1500 0.985333
1500 0.964667
1500 0.988667
1500 0.964
1500 0.924
1500 0.956
1500 0.960667
1500 0.872667
1500 0.916667
1500 0.948
1500 0.946
1500 0.958667
1500 0.934667
1500 0.873333
1500 0.972667
1500 0.977333
1500 0.879333
1500 0.944667
1500 0.936667
1500 0.943333
1500 0.940667
1500 0.938667
1500 0.922
1500 0.916
1500 0.914
1500 0.963333
1500 0.94
1500 0.998
1500 0.981333
1500 0.884
1500 0.958
1500 0.921333
1500 0.942
1500 0.932667
1500 0.964667
1500 0.958
1500 0.954667
1500 0.911333
1500 0.942
1500 0.898667
1500 0.890667
1500 0.942667
1500 0.933333
1500 0.906667
1500 0.937333
1550 0.974194
1550 0.974839
1550 0.916129
1550 0.992903
1550 0.870968
1550 0.983226
1550 0.943226
1550 0.992258
1550 0.902581
1550 0.699355
1550 0.976774
1550 0.899355
1550 0.953548
1550 0.926452
1550 0.930323
1550 0.947097
1550 0.98129
1550 0.96129
1550 0.982581
1550 0.912903
1550 0.893548
1550 0.93871
1550 0.995484
1550 0.963226
1550 0.916774
1550 0.896129
1550 0.903226
1550 0.981935
1550 0.923226
1550 0.94
1550 0.932903
1550 0.976129
1550 0.969032
1550 0.913548
1550 0.93871
1550 0.924516
1550 0.910968
1550 0.892903
1550 0.968387
1550 0.926452
1550 0.902581
1550 0.929677
1550 0.951613
1550 0.928387
1550 0.931613
1550 0.919355
1550 0.970323
1550 0.92
1550 0.941935
1550 0.992903
1550 0.949032
1550 0.951613
1550 0.941935
1550 0.96
1550 0.968387
1550 0.965161
1550 0.928387
1550 0.938065
1550 0.879355
1550 0.947742
1550 0.929677
1550 0.936774
1550 0.95871
1550 0.919355
1550 0.967097
1550 0.970968
1550 0.961935
1550 0.929032
1550 0.901935
1550 0.955484
1550 0.903871
1550 0.952903
1550 0.950323
1550 0.957419
1550 0.984516
1600 0.885625
1600 0.95
1600 0.908125
1600 0.926875
1600 0.918125
1600 0.9375
1600 0.9725
1600 0.98125
1600 0.93375
1600 0.909375
1600 0.94875
1600 0.98
1600 0.931875
1600 0.93625
1600 0.90875
1600 0.916875
1600 0.97
1600 0.858125
1600 0.925
1600 0.906875
1600 0.93125
1600 0.945625
1600 0.99125
1600 0.969375
1600 0.9925
1600 0.963125
1600 0.9575
1600 0.961875
1600 0.9275
1600 0.92375
1600 0.9725
1600 0.975
1600 0.885
1600 0.909375
1600 0.9525
1600 0.93
1600 0.946875
1600 0.929375
1600 0.91875
1600 0.985625
1600 0.93375
1600 0.929375
1600 0.98375
1600 0.9825
1600 0.885
1600 0.8975
1600 0.903125
1600 0.975625
1600 0.8825
1600 0.93
1600 0.964375
1600 0.97125
1600 0.9325
1600 0.89875
1600 0.951875
1600 0.95625
1600 0.8875
1600 0.975625
1600 0.908125
1600 0.96875
1600 0.9625
1600 0.915625
1600 0.961875
1600 0.980625
1600 0.934375
1600 0.90625
1600 0.93875
1600 0.940625
1600 0.919375
1600 0.95375
1600 0.896875
1600 0.8975
1600 0.931875
1600 0.933125
1600 0.958125
1650 0.957576
1650 0.946061
1650 0.938788
1650 0.981212
1650 0.961818
1650 0.915152
1650 0.929697
1650 0.942424
1650 0.970909
1650 0.960606
1650 0.945455
1650 0.941212
1650 0.954545
1650 0.913939
1650 0.937576
1650 0.952727
1650 0.930909
1650 0.926667
1650 0.959394
1650 0.887879
1650 0.911515
1650 0.942424
1650 0.895152
1650 0.926667
1650 0.919394
1650 0.921212
1650 0.958182
1650 0.918788
1650 0.982424
1650 0.892727
1650 0.916364
1650 0.944848
1650 0.930303
1650 0.93697
1650 0.886061
1650 0.916364
1650 0.921818
1650 0.905455
1650 0.882424
1650 0.909697
1650 0.989697
1650 0.984242
1650 0.946667
1650 0.927273
1650 0.91697
1650 0.940606
1650 0.974545
1650 0.938788
1650 0.927879
1650 0.929091
1650 0.96303
1650 0.944848
1650 0.939394
1650 0.924242
1650 0.972121
1650 0.954545
1650 0.978788
1650 0.958182
1650 0.96303
1650 0.943636
1650 0.930303
1650 0.955152
1650 0.931515
1650 0.96
1650 0.910909
1650 0.970303
1650 0.94
1650 0.943636
1650 0.981818
1650 0.940606
1650 0.835152
1650 0.901212
1650 0.968485
1650 0.858182
1650 0.927273
1700 0.888235
1700 0.951765
1700 0.912353
1700 0.93
1700 0.97
1700 0.941765
1700 0.895882
1700 0.902941
1700 0.955294
1700 0.947059
1700 0.938824
1700 0.931176
1700 0.877059
1700 0.965294
1700 0.86
1700 0.936471
1700 0.935294
1700 0.936471
1700 0.874706
1700 0.894706
1700 0.947647
1700 0.915882
1700 0.910588
1700 0.874706
1700 0.917647
1700 0.861176
1700 0.905882
1700 0.931176
1700 0.906471
1700 0.921765
1700 0.96
1700 0.935882
1700 0.965882
1700 0.98
1700 0.89
1700 0.957647
1700 0.952941
1700 0.953529
1700 0.931765
1700 0.952353
1700 0.923529
1700 0.909412
1700 0.97
1700 0.943529
1700 0.929412
1700 0.935882
1700 0.914706
1700 0.942941
1700 0.975882
1700 0.944118
1700 0.896471
1700 0.909412
1700 0.887647
1700 0.911765
1700 0.889412
1700 0.939412
1700 0.961176
1700 0.881765
1700 0.945294
1700 0.938235
1700 0.875294
1700 0.945294
1700 0.959412
1700 0.981176
1700 0.955294
1700 0.952353
1700 0.965882
1700 0.925294
1700 0.945882
1700 0.940588
1700 0.912941
1700 0.98
1700 0.927059
1700 0.958235
1700 0.934118
1750 0.922286
1750 0.998857
1750 0.933143
1750 0.899429
1750 0.924571
1750 0.948571
1750 0.936
1750 0.897143
1750 0.952571
1750 0.908
1750 0.929143
1750 0.945143
1750 0.908
1750 0.937143
1750 0.938857
1750 0.872
1750 0.925714
1750 0.938286
1750 0.952571
1750 0.956
1750 0.946286
1750 0.950286
1750 0.941143
1750 0.872
1750 0.907429
1750 0.944571
1750 0.972571
1750 0.961714
1750 0.922286
1750 0.897714
1750 0.910857
1750 0.932
1750 0.920571
1750 0.968571
1750 0.920571
1750 0.946857
1750 0.966286
1750 0.975429
1750 0.881143
1750 0.993714
1750 0.939429
1750 0.928
1750 0.888571
1750 0.929714
1750 0.964571
1750 0.935429
1750 1
1750 0.914857
1750 0.902857
1750 0.952571
1750 0.932
1750 0.961143
1750 0.919429
1750 0.964571
1750 0.883429
1750 0.936
1750 0.944571
1750 0.942286
1750 0.933143
1750 0.969714
1750 0.930286
1750 0.908571
1750 0.868571
1750 0.954286
1750 0.892571
1750 0.975429
1750 0.986286
1750 0.964
1750 0.948571
1750 0.942286
1750 0.541143
1750 0.939429
1750 0.977714
1750 0.971429
1750 0.916
1800 0.995
1800 0.970556
1800 0.939444
1800 0.960556
1800 0.946667
1800 0.968333
1800 0.949444
1800 0.953889
1800 0.902222
1800 0.961667
1800 0.968333
1800 0.970556
1800 0.946667
1800 0.915
1800 0.947778
1800 0.922222
1800 0.955556
1800 0.934444
1800 0.923333
1800 0.916111
1800 0.938333
1800 0.890556
1800 0.972778
1800 0.966111
1800 0.919444
1800 0.920556
1800 0.978889
1800 0.893889
1800 0.930556
1800 0.922222
1800 0.966667
1800 0.898333
1800 0.851111
1800 0.931667
1800 0.957222
1800 0.913889
1800 0.917222
1800 0.973333
1800 0.992778
1800 0.885556
1800 0.922778
1800 0.947222
1800 0.946111
1800 0.961111
1800 0.966667
1800 0.950556
1800 0.959444
1800 0.913889
1800 0.917222
1800 0.89
1800 0.991111
1800 0.923333
1800 0.884444
1800 0.89
1800 0.917222
1800 0.95
1800 0.961111
1800 0.897222
1800 0.935
1800 0.950556
1800 0.979444
1800 0.965556
1800 0.898333
1800 0.962222
1800 0.971111
1800 0.963333
1800 0.91
1800 0.993889
1800 0.95
1800 0.96
1800 0.865
1800 0.958333
1800 0.960556
1800 0.958889
1800 0.981111
1850 0.886486
1850 0.941622
1850 0.994595
1850 0.981622
1850 0.933514
1850 0.938378
1850 0.932432
1850 0.918378
1850 0.933514
1850 0.933514
1850 0.903243
1850 0.921622
1850 0.976216
1850 0.938919
1850 0.947027
1850 0.897297
1850 0.956216
1850 0.996216
1850 0.951351
1850 0.954054
1850 0.951892
1850 0.948649
1850 0.925946
1850 0.938378
1850 0.94973
1850 0.9
1850 0.927568
1850 0.942703
1850 0.924324
1850 0.984324
1850 0.971892
1850 0.926486
1850 0.906486
1850 0.947027
1850 0.9
1850 0.878378
1850 0.962703
1850 0.974595
1850 0.937297
1850 0.948108
1850 0.880541
1850 0.972973
1850 0.91027
1850 0.916216
1850 0.960541
1850 0.942703
1850 0.995135
1850 0.937297
1850 0.958378
1850 0.907568
1850 0.925946
1850 0.931351
1850 0.939459
1850 0.920541
1850 0.93027
1850 0.907568
1850 0.939459
1850 0.892432
1850 0.973514
1850 0.985405
1850 0.933514
1850 0.96973
1850 0.880541
1850 0.924865
1850 0.925946
1850 0.956757
1850 0.93027
1850 0.922162
1850 0.919459
1850 0.937838
1850 0.934054
1850 0.938919
1850 0.952973
1850 0.886486
1850 0.903243
1900 0.955263
1900 0.947368
1900 0.964737
1900 0.961053
1900 0.946316
1900 0.931579
1900 0.941053
1900 0.928421
1900 0.947895
1900 0.947368
1900 0.954211
1900 0.886316
1900 0.926316
1900 0.983158
1900 0.903158
1900 0.934211
1900 0.945789
1900 0.933158
1900 0.908421
1900 0.927895
1900 0.922105
1900 0.95
1900 0.906316
1900 0.940526
1900 0.88
1900 0.967368
1900 0.952632
1900 0.966316
1900 0.924737
1900 0.958421
1900 0.966842
1900 0.954737
1900 0.921053
1900 0.944211
1900 0.985263
1900 0.892632
1900 0.993158
1900 0.916842
1900 0.918421
1900 0.935263
1900 0.956316
1900 0.886316
1900 0.904737
1900 0.921053
1900 0.947895
1900 0.951579
1900 0.970526
1900 0.926316
1900 0.914737
1900 0.934737
1900 0.971053
1900 0.952105
1900 0.985789
1900 0.967368
1900 0.956316
1900 0.937368
1900 0.911579
1900 0.931053
1900 0.896842
1900 0.921579
1900 0.962105
1900 0.912632
1900 0.948421
1900 0.977368
1900 0.943684
1900 0.911579
1900 0.956842
1900 0.897895
1900 0.953158
1900 0.911579
1900 0.958421
1900 0.950526
1900 0.938947
1900 0.968947
1900 0.95
1950 0.906667
1950 0.952821
1950 0.980513
1950 0.928205
1950 0.911282
1950 0.945128
1950 0.914872
1950 0.879487
1950 0.951795
1950 0.929231
1950 0.947179
1950 0.955897
1950 0.990256
1950 0.953333
1950 0.914872
1950 0.982051
1950 0.953846
1950 0.954872
1950 0.983077
1950 0.973333
1950 0.858462
1950 0.925128
1950 0.966667
1950 0.937949
1950 0.934872
1950 0.962564
1950 0.894359
1950 0.902564
1950 0.864615
1950 0.937949
1950 0.954359
1950 0.955897
1950 0.931282
1950 0.930769
1950 0.958462
1950 0.894359
1950 0.881026
1950 0.98
1950 0.878974
1950 0.990769
1950 0.974359
1950 0.932821
1950 0.971282
1950 0.967179
1950 0.917949
1950 0.931795
1950 0.942564
1950 0.987692
1950 0.966154
1950 0.877436
1950 0.953333
1950 0.911282
1950 0.92359
1950 0.930769
1950 0.935897
1950 0.931282
1950 0.91641
1950 0.935897
1950 0.911282
1950 0.981538
1950 0.941538
1950 0.908205
1950 0.936923
1950 0.917436
1950 0.938974
1950 0.912308
1950 0.970769
1950 0.870769
1950 0.923077
1950 0.955385
1950 0.978462
1950 0.98
1950 0.973846
1950 0.932821
1950 0.911282
2000 0.9525
2000 0.9235
2000 0.9385
2000 0.9465
2000 0.936
2000 0.9405
2000 0.9815
2000 0.964
2000 0.915
2000 0.8455
2000 0.9395
2000 0.9435
2000 0.98
2000 0.943
2000 0.939
2000 0.9435
2000 0.951
2000 0.95
2000 0.953
2000 0.9415
2000 0.9415
2000 0.945
2000 0.998
2000 0.9675
2000 0.9555
2000 0.958
2000 0.9035
2000 0.956
2000 0.9465
2000 0.9335
2000 0.98
2000 0.935
2000 0.9685
2000 0.9875
2000 0.962
2000 0.9765
2000 0.9375
2000 0.9565
2000 0.923
2000 0.9705
2000 0.949
2000 0.9565
2000 0.954
2000 0.901
2000 0.939
2000 0.9665
2000 0.8995
2000 0.9655
2000 0.916
2000 0.961
2000 0.9635
2000 0.8805
2000 0.985
2000 0.95
2000 0.934
2000 0.9185
2000 0.9495
2000 0.946
2000 0.9685
2000 0.949
2000 0.9265
2000 0.968
2000 0.953
2000 0.9655
2000 0.948
2000 0.9395
2000 0.9235
2000 0.9665
2000 0.9385
2000 0.971
2000 0.9755
2000 0.914
2000 0.988
2000 0.909
2000 0.906
