50 0
50 0.5
50 0.06
50 0.18
50 0.26
50 0.18
50 0.32
50 0.78
50 0.02
50 0.16
50 0.12
50 0.22
50 0.34
50 0
50 0.04
50 0.06
50 0
50 0.66
50 0
50 0.28
50 0.16
50 0.06
50 0.7
50 0
50 0
50 0.48
50 0.34
50 0.28
50 0.48
50 0.12
50 0.16
50 0.24
50 0.02
50 0.2
50 0.2
50 0
50 0
50 0.02
50 0.84
50 0
50 0.02
50 0.3
50 0
50 0.78
50 0.48
50 0.4
50 0.22
50 0.08
50 0.28
50 0.3
50 0.48
50 0
50 0.16
50 0.08
50 0.62
50 0
50 0.26
50 0.02
50 0.08
50 0.06
50 0.36
50 0.32
50 0.34
50 0
50 0.76
50 0.28
50 0
50 0.08
50 0.44
50 0.12
50 0.08
50 0.26
50 0.08
50 0.76
50 0.12
100 0.31
100 0.26
100 0.41
100 0.69
100 0.71
100 0.77
100 0.52
100 0.32
100 0.84
100 0.46
100 0.85
100 0.52
100 0.27
100 0.01
100 0.97
100 0.19
100 0.65
100 0.49
100 0.3
100 0.71
100 0.72
100 0.72
100 0.57
100 0.83
100 0.5
100 0.36
100 0.3
100 0.42
100 0.84
100 0.6
100 0.75
100 0.45
100 0.23
100 0.76
100 0.5
100 0.46
100 0.7
100 0.6
100 0.16
100 0.55
100 0.62
100 0.36
100 0.19
100 0.85
100 0.84
100 0.8
100 0.18
100 0.7
100 0.76
100 0.64
100 0.78
100 0.53
100 0.29
100 0.64
100 0.55
100 0.94
100 0.87
100 0.81
100 0.76
100 0.83
100 0.73
100 0.21
100 0.48
100 0.87
100 0.56
100 0.09
100 0.67
100 0.13
100 0.84
100 0.66
100 0.03
100 0.63
100 0.57
100 0.06
100 0.88
150 0.6
150 0.573333
150 0.733333
150 0.713333
150 0.573333
150 0.92
150 0.786667
150 0.893333
150 0.766667
150 0.886667
150 0.886667
150 0.826667
150 0.493333
150 0.52
150 0.693333
150 0.673333
150 0.973333
150 0.7
150 0.473333
150 0.813333
150 0.826667
150 0.8
150 0.626667
150 0.66
150 0.82
150 0
150 0.346667
150 0.886667
150 0.866667
150 0.78
150 0.74
150 0.813333
150 0.74
150 0.946667
150 0.693333
150 0.586667
150 0.62
150 0.686667
150 0.5
150 0.686667
150 0.846667
150 0.42
150 0.273333
150 0.493333
150 0.3
150 0.88
150 0.746667
150 0.933333
150 0.826667
150 0.333333
150 0.713333
150 0.473333
150 0.74
150 0.866667
150 0.713333
150 0.686667
150 0.706667
150 0.853333
150 0.406667
150 0.72
150 0.786667
150 0.72
150 0.766667
150 0.546667
150 0.82
150 0.726667
150 0.846667
150 0.28
150 0.84
150 0.433333
150 0.786667
150 0.44
150 0.706667
150 0.746667
150 0.82
200 0.65
200 0.415
200 0.98
200 0.775
200 0.68
200 0.8
200 0.945
200 0.875
200 0.775
200 0.7
200 0.83
200 0.59
200 0.785
200 0.89
200 0.705
200 0.73
200 0.825
200 0.82
200 0.805
200 0.81
200 0.725
200 0.875
200 0.54
200 0.85
200 0.925
200 0.67
200 0.86
200 0.55
200 0.68
200 0.77
200 0.79
200 0.88
200 0.725
200 0.495
200 0.755
200 0.915
200 0.47
200 0.695
200 0.805
200 0.48
200 0.7
200 0.815
200 0.6
200 0.56
200 0.89
200 0.74
200 0.85
200 0.735
200 0.805
200 0.905
200 0.115
200 0.485
200 0.845
200 0.755
200 0.76
200 0.875
200 0.83
200 0.69
200 0.89
200 0.745
200 0.365
200 0.955
200 0.9
200 0.78
200 0.705
200 0.665
200 0.62
200 0.86
200 0.675
200 0.93
200 0.735
200 0.385
200 0.78
200 0.86
200 0.765
250 0.728
250 0.852
250 0.928
250 0.828
250 0.868
250 0.904
250 0.92
250 0.86
250 0.744
250 0.816
250 0.876
250 0.84
250 0.92
250 0.82
250 0.884
250 0.892
250 0.844
250 0.476
250 0.928
250 0.96
250 0.9
250 0.836
250 0.728
250 0.796
250 0.884
250 0.92
250 0.86
250 0.964
250 0.808
250 0.908
250 0.732
250 0.932
250 0.88
250 0.808
250 0.932
250 0.856
250 0.868
250 0.816
250 0.776
250 0.656
250 0.556
250 0.544
250 0.86
250 0.464
250 0.852
250 0.92
250 0.896
250 0.584
250 0.864
250 0.84
250 0.852
250 0.656
250 0.816
250 0.8
250 0.84
250 0.92
250 0.816
250 0.7
250 0.848
250 0.58
250 0.94
250 0.828
250 0.848
250 0.86
250 0.68
250 0.94
250 0.84
250 0.944
250 0.876
250 0.888
250 0.66
250 0.744
250 0.876
250 0.932
250 0.84
300 0.793333
300 0.95
300 0.79
300 0.86
300 0.78
300 0.5
300 0.776667
300 0.613333
300 0.92
300 0.853333
300 0.92
300 0.803333
300 0.806667
300 0.92
300 0.89
300 0.913333
300 0.863333
300 0.896667
300 0.87
300 0.84
300 0.856667
300 0.866667
300 0.773333
300 0.966667
300 0.796667
300 0.836667
300 0.91
300 0.856667
300 0.906667
300 0.916667
300 0.79
300 0.8
300 0.623333
300 0.886667
300 0.813333
300 0.863333
300 0.9
300 0.893333
300 0.94
300 0.86
300 0.913333
300 0.843333
300 0.883333
300 0.82
300 0.893333
300 0.7
300 0.87
300 0.466667
300 0.473333
300 0.93
300 0.713333
300 0.903333
300 0.586667
300 0.713333
300 0.776667
300 0.883333
300 0.886667
300 0.786667
300 0.806667
300 0.86
300 0.85
300 0.823333
300 0.86
300 0.736667
300 0.836667
300 0.92
300 0.86
300 0.82
300 0.903333
300 0.913333
300 0.68
300 0.86
300 0.853333
300 0.866667
300 0.863333
350 0.874286
350 0.92
350 0.911429
350 0.691429
350 0.922857
350 0.6
350 0.822857
350 0.845714
350 0.92
350 0.991429
350 0.808571
350 0.791429
350 0.9
350 0.768571
350 0.957143
350 0.625714
350 0.857143
350 0.845714
350 0.877143
350 0.868571
350 0.897143
350 0.737143
350 0.931429
350 0.94
350 0.94
350 0.897143
350 0.948571
350 0.691429
350 0.96
350 0.868571
350 0.711429
350 0.957143
350 0.877143
350 0.888571
350 0.968571
350 0.882857
350 0.897143
350 0.605714
350 0.857143
350 0.754286
350 0.934286
350 0.9
350 0.925714
350 0.86
350 0.96
350 0.871429
350 0.705714
350 0.785714
350 0.822857
350 0.991429
350 0.894286
350 0.88
350 0.954286
350 0.865714
350 0.888571
350 0.948571
350 0.882857
350 0.837143
350 0.92
350 0.854286
350 0.922857
350 0.84
350 0.925714
350 0.894286
350 0.954286
350 0.854286
350 0.871429
350 0.88
350 0.834286
350 0.897143
350 0.922857
350 0.951429
350 0.948571
350 0.842857
350 0.917143
400 0.92
400 0.83
400 0.8875
400 0.8325
400 0.865
400 0.95
400 0.9275
400 0.54
400 0.965
400 0.9125
400 0.9175
400 0.9075
400 0.8425
400 0.83
400 0.895
400 0.81
400 0.775
400 0.55
400 0.9425
400 0.865
400 0.9175
400 0.87
400 0.925
400 0.81
400 0.8775
400 0.9475
400 0.9575
400 0.6825
400 0.85
400 0.875
400 0.8825
400 0.815
400 0.875
400 0.8725
400 0.935
400 0.9675
400 0.7775
400 0.655
400 0.855
400 0.965
400 0.975
400 0.8725
400 0.915
400 0.8625
400 0.9175
400 0.92
400 0.885
400 0.845
400 0.99
400 0.945
400 0.8475
400 0.8225
400 0.9025
400 0.7875
400 0.8425
400 0.935
400 0.9775
400 0.94
400 0.9075
400 0.9425
400 0.8225
400 0.845
400 0.815
400 0.84
400 0.84
400 0.8675
400 0.845
400 0.9175
400 0.8525
400 0.9425
400 0.775
400 0.845
400 0.9
400 0.9575
400 0.9225
450 0.888889
450 0.875556
450 0.828889
450 0.94
450 0.915556
450 0.957778
450 0.937778
450 0.895556
450 0.893333
450 0.886667
450 0.906667
450 0.853333
450 0.86
450 0.991111
450 0.706667
450 0.884444
450 0.873333
450 0.94
450 0.808889
450 0.866667
450 0.922222
450 0.964444
450 0.715556
450 0.946667
450 0.964444
450 0.588889
450 0.94
450 0.937778
450 0.851111
450 0.582222
450 0.848889
450 0.893333
450 0.913333
450 0.951111
450 0.886667
450 0.884444
450 0.895556
450 0.926667
450 0.911111
450 0.791111
450 0.924444
450 0.88
450 0.74
450 0.951111
450 0.968889
450 0.895556
450 0.846667
450 0.835556
450 0.902222
450 0.962222
450 0.882222
450 0.964444
450 0.917778
450 0.944444
450 0.913333
450 0.888889
450 0.84
450 0.955556
450 0.835556
450 0.904444
450 0.926667
450 0.977778
450 0.98
450 0.911111
450 0.826667
450 0.886667
450 0.771111
450 0.777778
450 0.833333
450 0.884444
450 0.84
450 0.788889
450 0.917778
450 0.9
450 0.682222
500 0.982
500 0.914
500 0.976
500 0.91
500 0.738
500 0.974
500 0.932
500 0.922
500 0.854
500 0.942
500 0.898
500 0.928
500 0.828
500 0.88
500 0.95
500 0.848
500 0.942
500 0.912
500 0.958
500 0.89
500 0.894
500 0.9
500 0.888
500 0.89
500 0.89
500 0.928
500 0.958
500 0.946
500 0.854
500 0.984
500 0.896
500 0.838
500 0.876
500 0.912
500 0.894
500 0.904
500 0.906
500 0.874
500 0.898
500 0.83
500 0.948
500 0.858
500 0.968
500 0.936
500 0.908
500 0.942
500 0.868
500 0.948
500 0.928
500 0.898
500 0.934
500 0.926
500 0.818
500 0.874
500 0.902
500 0.932
500 0.89
500 1
500 0.928
500 0.88
500 0.912
500 0.84
500 0.948
500 0.944
500 0.81
500 0.918
500 0.888
500 0.868
500 0.894
500 0.882
500 0.906
500 0.904
500 0.954
500 0.91
500 0.94
550 0.787273
550 0.916364
550 0.965455
550 0.963636
550 0.889091
550 0.921818
550 0.934545
550 0.925455
550 0.923636
550 0.972727
550 0.905455
550 0.863636
550 0.878182
550 0.921818
550 0.890909
550 0.9
550 0.850909
550 0.9
550 0.905455
550 0.776364
550 0.912727
550 0.84
550 0.850909
550 0.903636
550 0.985455
550 0.941818
550 0.921818
550 0.936364
550 0.925455
550 0.854545
550 0.881818
550 0.858182
550 0.929091
550 0.150909
550 0.894545
550 0.907273
550 0.858182
550 0.88
550 0.952727
550 0.936364
550 0.969091
550 0.874545
550 0.847273
550 0.870909
550 0.950909
550 0.76
550 0.803636
550 0.905455
550 0.945455
550 0.967273
550 0.949091
550 0.916364
550 0.930909
550 0.798182
550 0.730909
550 0.910909
550 0.96
550 0.814545
550 0.94
550 0.572727
550 0.870909
550 0.869091
550 0.970909
550 0.865455
550 0.950909
550 0.927273
550 0.925455
550 0.963636
550 0.921818
550 0.738182
550 0.909091
550 0.934545
550 0.827273
550 0.936364
550 0.907273
600 0.95
600 0.975
600 0.836667
600 0.818333
600 0.908333
600 0.968333
600 0.933333
600 0.916667
600 0.863333
600 0.91
600 0.84
600 0.916667
600 0.86
600 0.936667
600 0.991667
600 0.83
600 0.88
600 0.898333
600 0.945
600 0.941667
600 0.956667
600 0.92
600 0.94
600 0.935
600 0.878333
600 0.935
600 0.913333
600 0.931667
600 0.9
600 0.945
600 0.808333
600 0.885
600 0.876667
600 0.913333
600 0.891667
600 0.823333
600 0.886667
600 0.838333
600 0.965
600 0.961667
600 0.953333
600 0.951667
600 0.905
600 0.863333
600 0.928333
600 0.918333
600 0.933333
600 0.886667
600 0.846667
600 0.843333
600 0.86
600 0.718333
600 0.906667
600 0.941667
600 0.95
600 0.97
600 0.898333
600 0.938333
600 0.895
600 0.97
600 0.926667
600 0.935
600 0.901667
600 0.84
600 0.853333
600 0.92
600 0.988333
600 0.896667
600 0.925
600 0.866667
600 0.85
600 0.873333
600 0.903333
600 0.893333
600 0.853333
650 0.950769
650 0.881538
650 0.812308
650 0.92
650 0.936923
650 0.849231
650 0.929231
650 0.855385
650 0.878462
650 0.903077
650 0.835385
650 0.944615
650 0.9
650 0.856923
650 0.938462
650 0.9
650 0.926154
650 0.755385
650 0.84
650 0.883077
650 0.836923
650 0.838462
650 0.893846
650 0.932308
650 0.869231
650 0.853846
650 0.889231
650 0.963077
650 0.941538
650 0.978462
650 0.836923
650 0.94
650 0.912308
650 0.932308
650 0.913846
650 0.898462
650 0.78
650 0.915385
650 0.909231
650 0.966154
650 0.935385
650 0.915385
650 0.872308
650 0.98
650 0.847692
650 0.955385
650 0.847692
650 0.889231
650 0.935385
650 0.856923
650 0.94
650 0.855385
650 0.995385
650 0.981538
650 0.884615
650 0.946154
650 0.950769
650 0.944615
650 0.906154
650 0.916923
650 0.878462
650 0.903077
650 0.944615
650 0.88
650 0.878462
650 0.926154
650 0.952308
650 0.906154
650 0.9
650 0.947692
650 0.873846
650 0.907692
650 0.930769
650 0.955385
650 0.84
700 0.855714
700 0.961429
700 0.841429
700 0.847143
700 0.955714
700 0.915714
700 0.9
700 0.91
700 0.931429
700 0.897143
700 0.96
700 0.95
700 0.921429
700 0.91
700 0.854286
700 0.937143
700 0.85
700 0.892857
700 0.904286
700 0.887143
700 0.941429
700 0.864286
700 0.9
700 0.875714
700 0.947143
700 0.852857
700 0.9
700 0.881429
700 0.875714
700 0.941429
700 0.89
700 0.937143
700 0.898571
700 0.955714
700 0.921429
700 0.954286
700 0.947143
700 0.864286
700 0.822857
700 0.944286
700 0.957143
700 0.878571
700 0.93
700 0.944286
700 0.787143
700 0.948571
700 0.801429
700 0.945714
700 0.912857
700 0.918571
700 0.857143
700 0.867143
700 0.878571
700 0.945714
700 0.79
700 0.871429
700 0.927143
700 0.867143
700 0.891429
700 0.892857
700 0.838571
700 0.904286
700 0.874286
700 0.805714
700 0.877143
700 0.908571
700 0.94
700 1
700 0.95
700 0.841429
700 0.885714
700 0.964286
700 0.867143
700 0.821429
700 0.94
750 0.922667
750 0.905333
750 0.856
750 0.942667
750 0.929333
750 0.948
750 0.948
750 0.914667
750 0.981333
750 0.873333
750 0.752
750 0.889333
750 0.98
750 0.957333
750 0.941333
750 0.898667
750 0.773333
750 0.930667
750 0.944
750 0.990667
750 0.969333
750 0.858667
750 0.924
750 0.974667
750 0.96
750 0.873333
750 0.890667
750 0.952
750 0.981333
750 0.92
750 0.942667
750 0.952
750 0.914667
750 0.858667
750 0.956
750 0.877333
750 0.978667
750 0.849333
750 0.877333
750 0.936
750 0.930667
750 0.721333
750 0.941333
750 0.901333
750 0.890667
750 0.870667
750 0.922667
750 0.913333
750 0.930667
750 0.889333
750 0.912
750 0.929333
750 0.902667
750 0.925333
750 0.845333
750 0.953333
750 0.902667
750 0.822667
750 0.833333
750 0.876
750 0.937333
750 0.901333
750 0.881333
750 0.801333
750 0.884
750 0.874667
750 0.869333
750 0.904
750 0.928
750 0.937333
750 0.932
750 0.96
750 0.926667
750 0.937333
750 0.912
800 0.93875
800 0.785
800 0.92875
800 0.95125
800 0.9175
800 0.965
800 0.81875
800 0.9375
800 0.95625
800 0.89375
800 0.81875
800 0.915
800 0.94625
800 0.82125
800 0.89375
800 0.8775
800 0.89625
800 0.81125
800 0.865
800 0.885
800 0.89625
800 0.92125
800 0.9675
800 0.92125
800 0.955
800 0.91875
800 0.87125
800 0.9025
800 0.8975
800 0.93625
800 0.895
800 0.8725
800 0.92375
800 0.92875
800 0.93625
800 0.85125
800 0.98125
800 0.97
800 0.85625
800 0.95125
800 0.91375
800 0.94875
800 0.81875
800 0.84125
800 0.82875
800 0.91875
800 0.875
800 0.93125
800 0.96625
800 0.90375
800 0.78625
800 0.865
800 0.9225
800 0.94875
800 0.86875
800 0.83625
800 0.90125
800 0.875
800 0.885
800 0.9225
800 0.9025
800 0.96375
800 0.855
800 0.98
800 0.90875
800 0.92125
800 0.91625
800 0.955
800 0.955
800 0.96125
800 0.88125
800 0.91375
800 0.94
800 0.905
800 0.94125
850 0.907059
850 0.878824
850 0.894118
850 0.956471
850 0.9
850 0.937647
850 0.930588
850 0.909412
850 0.807059
850 0.872941
850 0.876471
850 0.936471
850 0.921176
850 0.916471
850 0.958824
850 0.9
850 0.904706
850 0.935294
850 0.86
850 0.896471
850 0.909412
850 0.942353
850 0.905882
850 0.925882
850 0.957647
850 0.874118
850 0.977647
850 0.976471
850 0.897647
850 0.935294
850 0.767059
850 0.905882
850 0.941176
850 0.970588
850 0.914118
850 0.925882
850 0.952941
850 0.836471
850 0.964706
850 0.882353
850 0.867059
850 0.937647
850 0.921176
850 0.868235
850 0.898824
850 0.945882
850 0.988235
850 0.881176
850 0.863529
850 0.852941
850 0.947059
850 0.810588
850 0.928235
850 0.918824
850 0.917647
850 0.949412
850 0.962353
850 0.907059
850 0.932941
850 0.901176
850 0.888235
850 0.952941
850 0.932941
850 0.872941
850 0.942353
850 0.848235
850 0.888235
850 0.863529
850 0.956471
850 0.914118
850 0.911765
850 0.895294
850 0.901176
850 0.931765
850 0.877647
900 0.925556
900 0.953333
900 0.972222
900 0.907778
900 0.914444
900 0.933333
900 0.88
900 0.871111
900 0.941111
900 0.937778
900 0.916667
900 0.944444
900 0.86
900 0.955556
900 0.931111
900 0.944444
900 0.916667
900 0.884444
900 0.777778
900 0.922222
900 0.906667
900 0.921111
900 0.858889
900 0.961111
900 0.974444
900 0.911111
900 0.874444
900 0.948889
900 0.892222
900 0.913333
900 0.924444
900 0.955556
900 0.895556
900 0.941111
900 0.94
900 0.916667
900 0.922222
900 0.968889
900 0.876667
900 0.868889
900 0.696667
900 0.881111
900 0.906667
900 0.876667
900 0.895556
900 0.887778
900 0.89
900 0.961111
900 0.957778
900 0.932222
900 0.983333
900 0.957778
900 0.817778
900 0.917778
900 0.894444
900 0.928889
900 0.93
900 0.934444
900 0.933333
900 0.914444
900 0.931111
900 0.904444
900 0.788889
900 0.96
900 0.86
900 0.882222
900 0.911111
900 0.932222
900 0.94
900 0.9
900 0.903333
900 0.927778
900 0.943333
900 0.928889
900 0.938889
950 0.935789
950 0.891579
950 0.976842
950 0.973684
950 0.943158
950 0.86
950 0.967368
950 0.915789
950 0.94
950 0.872632
950 0.791579
950 0.964211
950 0.918947
950 0.972632
950 0.917895
950 0.94
950 0.915789
950 0.928421
950 0.903158
950 0.908421
950 0.885263
950 0.786316
950 0.911579
950 0.938947
950 0.996842
950 0.935789
950 0.817895
950 0.982105
950 0.950526
950 0.930526
950 0.897895
950 0.968421
950 0.907368
950 0.936842
950 0.943158
950 0.963158
950 0.922105
950 0.876842
950 0.947368
950 0.9
950 0.878947
950 0.954737
950 0.864211
950 0.916842
950 0.955789
950 0.851579
950 0.966316
950 0.947368
950 0.928421
950 0.944211
950 0.924211
950 0.927368
950 0.949474
950 0.864211
950 0.946316
950 0.886316
950 0.895789
950 0.887368
950 0.847368
950 0.877895
950 0.865263
950 0.882105
950 0.906316
950 0.930526
950 0.934737
950 0.937895
950 0.883158
950 0.917895
950 0.847368
950 0.902105
950 0.951579
950 0.861053
950 0.954737
950 0.981053
950 0.918947
1000 0.927
1000 0.823
1000 0.945
1000 0.905
1000 0.977
1000 0.875
1000 0.938
1000 0.96
1000 0.899
1000 0.763
1000 0.971
1000 0.896
1000 0.947
1000 0.909
1000 0.921
1000 0.901
1000 0.957
1000 0.914
1000 0.933
1000 0.937
1000 0.902
1000 0.861
1000 0.869
1000 0.939
1000 0.98
1000 0.965
1000 0.885
1000 0.932
1000 0.92
1000 0.914
1000 0.935
1000 0.925
1000 0.938
1000 0.911
1000 0.949
1000 0.907
1000 0.958
1000 0.938
1000 0.876
1000 0.898
1000 0.903
1000 0.905
1000 0.926
1000 0.88
1000 0.918
1000 0.877
1000 0.992
1000 0.939
1000 0.873
1000 0.92
1000 0.9
1000 0.901
1000 0.96
1000 0.903
1000 0.938
1000 0.9
1000 0.873
1000 0.893
1000 0.922
1000 0.906
1000 0.89
1000 0.929
1000 0.937
1000 0.973
1000 0.888
1000 0.893
1000 0.942
1000 0.897
1000 0.881
1000 0.941
1000 0.92
1000 0.873
1000 0.901
1000 0.882
1000 0.907
1050 0.934286
1050 0.92381
1050 0.970476
1050 0.890476
1050 0.695238
1050 0.944762
1050 0.87619
1050 0.944762
1050 0.87619
1050 0.894286
1050 0.902857
1050 0.894286
1050 0.94
1050 0.907619
1050 0.918095
1050 0.875238
1050 0.96381
1050 0.899048
1050 0.829524
1050 0.862857
1050 0.919048
1050 0.931429
1050 0.877143
1050 0.915238
1050 0.910476
1050 0.818095
1050 0.902857
1050 0.941905
1050 0.982857
1050 0.950476
1050 0.938095
1050 0.951429
1050 0.931429
1050 0.957143
1050 0.882857
1050 0.9
1050 0.946667
1050 0.919048
1050 0.74381
1050 0.955238
1050 0.878095
1050 0.939048
1050 0.827619
1050 0.830476
1050 0.928571
1050 0.925714
1050 0.947619
1050 0.93619
1050 0.96
1050 0.917143
1050 0.912381
1050 0.885714
1050 0.970476
1050 0.958095
1050 0.954286
1050 0.909524
1050 0.919048
1050 0.924762
1050 0.972381
1050 0.94381
1050 0.911429
1050 0.958095
1050 0.88
1050 0.864762
1050 0.893333
1050 0.88
1050 0.898095
1050 0.88381
1050 0.959048
1050 0.904762
1050 0.88
1050 0.97619
1050 0.929524
1050 0.959048
1050 0.922857
1100 0.92
1100 0.909091
1100 0.978182
1100 0.969091
1100 0.890909
1100 0.900909
1100 0.804545
1100 0.928182
1100 0.956364
1100 0.920909
1100 0.964545
1100 0.942727
1100 0.89
1100 0.91
1100 0.932727
1100 0.902727
1100 0.949091
1100 0.939091
1100 0.864545
1100 0.914545
1100 0.871818
1100 0.93
1100 0.904545
1100 0.940909
1100 0.921818
1100 0.78
1100 0.973636
1100 0.934545
1100 0.896364
1100 0.930909
1100 0.963636
1100 0.925455
1100 0.927273
1100 0.904545
1100 0.840909
1100 0.926364
1100 0.893636
1100 0.863636
1100 0.93
1100 0.928182
1100 0.988182
1100 0.949091
1100 0.864545
1100 0.876364
1100 0.912727
1100 0.846364
1100 0.955455
1100 0.917273
1100 0.904545
1100 0.971818
1100 0.890909
1100 0.96
1100 0.870909
1100 0.896364
1100 0.933636
1100 0.92
1100 0.92
1100 0.953636
1100 0.900909
1100 0.956364
1100 0.888182
1100 0.932727
1100 0.922727
1100 0.949091
1100 0.958182
1100 0.871818
1100 0.919091
1100 0.913636
1100 0.948182
1100 0.932727
1100 0.894545
1100 0.935455
1100 0.981818
1100 0.866364
1100 0.787273
1150 0.906087
1150 0.885217
1150 0.913043
1150 0.929565
1150 0.953043
1150 0.96087
1150 0.955652
1150 0.94087
1150 0.913043
1150 0.945217
1150 0.927826
1150 0.889565
1150 0.845217
1150 0.851304
1150 0.966957
1150 0.891304
1150 0.981739
1150 0.826087
1150 0.942609
1150 0.952174
1150 0.882609
1150 0.98087
1150 0.948696
1150 0.933913
1150 0.952174
1150 0.913043
1150 0.935652
1150 0.956522
1150 0.92087
1150 0.969565
1150 0.936522
1150 0.902609
1150 0.927826
1150 0.876522
1150 0.969565
1150 0.954783
1150 0.89913
1150 0.889565
1150 0.917391
1150 0.947826
1150 0.870435
1150 0.971304
1150 0.92087
1150 0.930435
1150 0.955652
1150 0.833043
1150 0.926957
1150 0.892174
1150 0.922609
1150 0.966087
1150 0.956522
1150 0.857391
1150 0.927826
1150 0.922609
1150 0.905217
1150 0.964348
1150 0.926087
1150 0.843478
1150 0.897391
1150 0.953913
1150 0.878261
1150 0.946957
1150 0.926087
1150 0.94
1150 0.867826
1150 0.833913
1150 0.946957
1150 0.942609
1150 0.927826
1150 0.951304
1150 0.924348
1150 0.92
1150 0.914783
1150 0.878261
1150 0.96
1200 0.8825
1200 0.935833
1200 0.910833
1200 0.9325
1200 0.944167
1200 0.974167
1200 0.875833
1200 0.865833
1200 0.876667
1200 0.969167
1200 0.836667
1200 0.898333
1200 0.96
1200 0.9075
1200 0.863333
1200 0.873333
1200 0.978333
1200 0.919167
1200 0.954167
1200 0.869167
1200 0.986667
1200 0.905
1200 0.9325
1200 0.958333
1200 0.920833
1200 0.9275
1200 0.929167
1200 0.909167
1200 0.948333
1200 0.969167
1200 0.941667
1200 0.878333
1200 0.9775
1200 0.926667
1200 0.945
1200 0.900833
1200 0.980833
1200 0.934167
1200 0.951667
1200 0.88
1200 0.910833
1200 0.775833
1200 0.855833
1200 0.971667
1200 0.875833
1200 0.963333
1200 0.915
1200 0.8725
1200 0.955
1200 0.921667
1200 0.934167
1200 0.934167
1200 0.9575
1200 0.840833
1200 0.944167
1200 0.9175
1200 0.925
1200 0.9625
1200 0.9
1200 0.956667
1200 0.930833
1200 0.885833
1200 0.885
1200 0.949167
1200 0.914167
1200 0.940833
1200 0.916667
1200 0.908333
1200 0.93
1200 0.824167
1200 0.916667
1200 0.8975
1200 0.9225
1200 0.92
1200 0.883333
1250 0.9088
1250 0.9208
1250 0.9184
1250 0.8504
1250 0.8952
1250 0.9432
1250 0.9232
1250 0.9424
1250 0.964
1250 0.9096
1250 0.9664
1250 0.9872
1250 0.9088
1250 0.8888
1250 0.9448
1250 0.9176
1250 0.932
1250 0.8872
1250 0.9288
1250 0.896
1250 0.8952
1250 0.9264
1250 0.9544
1250 0.9128
1250 0.9072
1250 0.872
1250 0.9248
1250 0.8352
1250 0.7576
1250 0.9192
1250 0.9624
1250 0.868
1250 0.9448
1250 0.9848
1250 0.9768
1250 0.928
1250 0.8872
1250 0.8744
1250 0.9288
1250 0.9352
1250 0.9136
1250 0.9472
1250 0.928
1250 0.9352
1250 0.928
1250 0.8848
1250 0.92
1250 0.9568
1250 0.8824
1250 0.9448
1250 0.976
1250 0.98
1250 0.8832
1250 0.9864
1250 0.9136
1250 0.9336
1250 0.8952
1250 0.9528
1250 0.9592
1250 0.9592
1250 0.9184
1250 0.8712
1250 0.8984
1250 0.924
1250 0.9112
1250 0.944
1250 0.9632
1250 0.9248
1250 0.9248
1250 0.884
1250 0.792
1250 0.94
1250 0.9432
1250 0.8984
1250 0.9424
1300 0.963846
1300 0.940769
1300 0.896923
1300 0.906154
1300 0.898462
1300 0.953846
1300 0.88
1300 0.926154
1300 0.896154
1300 0.921538
1300 0.882308
1300 0.943846
1300 0.917692
1300 0.969231
1300 0.842308
1300 0.936923
1300 0.97
1300 0.827692
1300 0.896154
1300 0.957692
1300 0.907692
1300 0.901538
1300 0.656154
1300 0.946154
1300 0.922308
1300 0.947692
1300 0.877692
1300 0.926923
1300 0.937692
1300 0.869231
1300 0.942308
1300 0.953077
1300 0.802308
1300 0.967692
1300 0.961538
1300 0.981538
1300 0.977692
1300 0.926154
1300 0.862308
1300 0.978462
1300 0.886154
1300 0.923077
1300 0.885385
1300 0.909231
1300 0.866154
1300 0.975385
1300 0.911538
1300 0.921538
1300 0.896154
1300 0.890769
1300 0.927692
1300 0.937692
1300 0.953846
1300 0.922308
1300 0.906923
1300 0.892308
1300 0.930769
1300 0.946923
1300 0.940769
1300 0.947692
1300 0.931538
1300 0.870769
1300 0.879231
1300 0.916923
1300 0.953077
1300 0.919231
1300 0.933846
1300 0.932308
1300 0.927692
1300 0.936154
1300 0.959231
1300 0.847692
1300 0.941538
1300 0.93
1300 0.955385
1350 0.933333
1350 0.986667
1350 0.963704
1350 0.945185
1350 0.9
1350 0.882222
1350 0.98963
1350 0.896296
1350 0.913333
1350 0.932593
1350 0.922222
1350 0.957037
1350 0.925185
1350 0.917037
1350 0.94
1350 0.994074
1350 0.918519
1350 0.963704
1350 0.942963
1350 0.952593
1350 0.932593
1350 0.955556
1350 0.927407
1350 0.906667
1350 1
1350 0.848148
1350 0.915556
1350 0.93037
1350 0.905185
1350 0.945185
1350 0.951111
1350 0.86963
1350 0.902963
1350 0.959259
1350 0.928148
1350 0.925185
1350 0.851111
1350 0.858519
1350 0.914074
1350 0.961481
1350 0.917778
1350 0.88963
1350 0.95037
1350 0.882222
1350 0.937037
1350 0.935556
1350 0.897037
1350 0.922963
1350 0.928148
1350 0.906667
1350 0.966667
1350 0.873333
1350 0.914074
1350 0.945926
1350 0.823704
1350 0.88963
1350 0.888889
1350 0.941481
1350 0.877778
1350 0.885926
1350 0.923704
1350 0.914815
1350 0.915556
1350 0.908889
1350 0.863704
1350 0.962222
1350 0.975556
1350 0.904444
1350 0.877037
1350 0.92963
1350 0.922222
1350 0.90963
1350 0.920741
1350 0.924444
1350 0.898519
1400 0.95
1400 0.935
1400 0.871429
1400 0.934286
1400 0.885714
1400 0.957857
1400 0.952143
1400 0.973571
1400 0.895714
1400 0.944286
1400 0.932857
1400 0.860714
1400 0.92
1400 1
1400 0.92
1400 0.943571
1400 0.891429
1400 0.929286
1400 0.889286
1400 0.955714
1400 0.973571
1400 0.961429
1400 0.945714
1400 0.862143
1400 0.846429
1400 0.87
1400 0.887857
1400 0.933571
1400 0.924286
1400 0.919286
1400 0.950714
1400 0.905714
1400 0.925714
1400 0.894286
1400 0.94
1400 0.941429
1400 0.954286
1400 0.935714
1400 0.963571
1400 0.945714
1400 0.917143
1400 0.932857
1400 0.946429
1400 0.894286
1400 0.887143
1400 0.945714
1400 0.957143
1400 0.961429
1400 0.903571
1400 0.953571
1400 0.925714
1400 0.882857
1400 0.942857
1400 0.918571
1400 0.904286
1400 0.955
1400 0.92
1400 0.890714
1400 0.916429
1400 0.93
1400 0.952857
1400 0.964286
1400 0.933571
1400 0.911429
1400 0.873571
1400 0.914286
1400 0.927143
1400 0.945
1400 0.927857
1400 0.929286
1400 0.957857
1400 0.856429
1400 0.864286
1400 0.973571
1400 0.951429
1450 0.964828
1450 0.942759
1450 0.926897
1450 0.991034
1450 0.917241
1450 0.893103
1450 0.897931
1450 0.993103
1450 0.958621
1450 0.971034
1450 0.906897
1450 0.9
1450 0.866897
1450 0.951724
1450 0.92069
1450 0.975172
1450 0.886897
1450 0.937931
1450 0.916552
1450 0.949655
1450 0.933103
1450 0.853793
1450 0.906897
1450 0.904138
1450 0.894483
1450 0.92069
1450 0.868276
1450 0.95931
1450 0.904828
1450 0.930345
1450 0.933793
1450 0.933793
1450 0.950345
1450 0.95931
1450 0.88
1450 0.964828
1450 0.951724
1450 0.912414
1450 0.92
1450 0.9
1450 0.897241
1450 0.892414
1450 0.933103
1450 0.91931
1450 0.791034
1450 0.953103
1450 0.94069
1450 0.933103
1450 0.910345
1450 0.933793
1450 0.926897
1450 0.936552
1450 0.921379
1450 0.893793
1450 0.975172
1450 0.917241
1450 0.974483
1450 0.96069
1450 0.925517
1450 0.862759
1450 0.938621
1450 0.926207
1450 0.94069
1450 0.893793
1450 0.873103
1450 0.893793
1450 0.945517
1450 0.891034
1450 0.932414
1450 0.942069
1450 0.950345
1450 0.944138
1450 0.937931
1450 0.955862
1450 0.90069
1500 0.955333
1500 0.898
1500 0.93
1500 0.939333
1500 0.916
1500 0.954
1500 0.864
1500 0.930667
1500 0.892
1500 0.896667
1500 0.708
1500 0.944667
1500 0.92
1500 0.926667
1500 0.972667
1500 0.972667
1500 0.887333
1500 0.923333
1500 0.952
1500 0.911333
1500 0.926
1500 0.918667
1500 0.918
1500 0.862
1500 0.884667
1500 0.87
1500 0.944667
1500 0.944667
1500 0.894667
1500 0.968
1500 0.918
1500 0.963333
1500 0.908667
1500 0.932
1500 0.887333
1500 0.9
1500 0.960667
1500 0.869333
1500 0.965333
1500 0.925333
1500 0.959333
1500 0.905333
1500 0.969333
1500 0.95
1500 0.924667
1500 0.904
1500 0.952667
1500 0.945333
1500 0.875333
1500 0.989333
1500 0.911333
1500 0.941333
1500 0.966667
1500 0.951333
1500 0.952667
1500 0.956
1500 0.968667
1500 0.974667
1500 0.929333
1500 0.965333
1500 0.896
1500 0.928
1500 0.908
1500 0.948667
1500 0.99
1500 0.922667
1500 0.938
1500 0.934
1500 0.883333
1500 0.958667
1500 0.921333
1500 0.950667
1500 0.954667
1500 0.872
1500 0.873333
1550 0.966452
1550 0.9
1550 0.882581
1550 0.949032
1550 0.87871
1550 0.93871
1550 0.911613
1550 0.870323
1550 0.961935
1550 0.604516
1550 0.911613
1550 0.835484
1550 0.92
1550 0.89871
1550 0.972258
1550 0.952258
1550 0.963871
1550 0.897419
1550 0.92129
1550 0.923226
1550 0.894194
1550 0.93871
1550 0.932258
1550 0.929677
1550 0.994839
1550 0.945161
1550 0.924516
1550 0.939355
1550 0.947742
1550 0.946452
1550 0.936774
1550 0.927742
1550 0.933548
1550 0.886452
1550 0.974839
1550 0.953548
1550 0.972258
1550 0.883226
1550 0.952903
1550 0.896774
1550 0.91871
1550 0.949677
1550 0.95871
1550 0.912258
1550 0.936129
1550 0.926452
1550 0.892258
1550 0.929677
1550 0.922581
1550 0.930323
1550 0.844516
1550 0.894839
1550 0.936129
1550 0.95871
1550 0.947742
1550 0.869032
1550 0.965806
1550 0.950323
1550 0.922581
1550 0.844516
1550 0.975484
1550 0.923871
1550 0.928387
1550 0.951613
1550 0.9
1550 0.94129
1550 0.878065
1550 0.902581
1550 0.967097
1550 0.886452
1550 0.916774
1550 0.963871
1550 0.898065
1550 0.922581
1550 0.930323
1600 0.890625
1600 0.9575
1600 0.870625
1600 0.97625
1600 0.9275
1600 0.931875
1600 0.961875
1600 0.931875
1600 0.958125
1600 0.94125
1600 0.9075
1600 0.951875
1600 0.903125
1600 0.950625
1600 0.93375
1600 0.94
1600 0.914375
1600 0.913125
1600 0.94125
1600 0.901875
1600 0.941875
1600 0.974375
1600 0.930625
1600 0.9025
1600 0.97625
1600 0.914375
1600 0.913125
1600 0.93125
1600 0.930625
1600 0.91625
1600 0.92
1600 0.930625
1600 0.9375
1600 0.9125
1600 0.94875
1600 0.90125
1600 0.90875
1600 0.960625
1600 0.880625
1600 0.936875
1600 0.899375
1600 0.961875
1600 0.976875
1600 0.89
1600 0.870625
1600 0.931875
1600 0.845625
1600 0.940625
1600 0.916875
1600 0.935
1600 0.93625
1600 0.91
1600 0.95
1600 0.970625
1600 0.909375
1600 0.96125
1600 0.95125
1600 0.9225
1600 0.859375
1600 0.931875
1600 0.9325
1600 0.933125
1600 0.94125
1600 0.954375
1600 0.90125
1600 0.9
1600 0.9675
1600 0.9125
1600 0.94
1600 0.895625
1600 0.901875
1600 0.91625
1600 0.89625
1600 0.93875
1600 0.936875
1650 0.970303
1650 0.942424
1650 0.921212
1650 0.928485
1650 0.907879
1650 0.863636
1650 0.945455
1650 0.889697
1650 0.950303
1650 0.910909
1650 0.838788
1650 0.940606
1650 0.970909
1650 0.912121
1650 0.947879
1650 0.846061
1650 0.9
1650 0.945455
1650 0.93697
1650 0.885455
1650 0.927273
1650 0.959394
1650 0.958788
1650 0.948485
1650 0.851515
1650 0.824242
1650 0.938788
1650 0.943636
1650 0.886061
1650 0.907879
1650 0.94
1650 0.893333
1650 0.930909
1650 0.924242
1650 0.933939
1650 0.969697
1650 0.892727
1650 0.912727
1650 0.893333
1650 0.901818
1650 0.97697
1650 0.952121
1650 0.969697
1650 0.873939
1650 0.906061
1650 0.929091
1650 0.946667
1650 0.93697
1650 0.945455
1650 0.959394
1650 0.927879
1650 0.922424
1650 0.932121
1650 0.900606
1650 0.878788
1650 0.944848
1650 0.960606
1650 0.936364
1650 0.96
1650 0.792727
1650 0.946061
1650 0.974545
1650 0.871515
1650 0.83697
1650 0.922424
1650 0.986061
1650 0.915758
1650 0.914545
1650 0.965455
1650 0.918182
1650 0.860606
1650 0.907879
1650 0.968485
1650 0.815152
1650 0.956364
1700 0.867059
1700 0.931765
1700 0.872353
1700 0.898824
1700 0.941176
1700 0.895882
1700 0.944706
1700 0.884118
1700 0.857647
1700 0.932353
1700 0.868235
1700 0.905294
1700 0.925294
1700 0.943529
1700 0.954706
1700 0.934118
1700 0.922941
1700 0.912941
1700 0.931176
1700 0.960588
1700 0.941176
1700 0.920588
1700 0.915294
1700 0.89
1700 0.889412
1700 0.933529
1700 0.992353
1700 0.910588
1700 0.944706
1700 0.937647
1700 0.902941
1700 0.93
1700 0.901765
1700 0.908824
1700 0.994118
1700 0.948824
1700 0.99
1700 0.921176
1700 0.942353
1700 0.949412
1700 0.937647
1700 0.908235
1700 0.909412
1700 0.914118
1700 0.877647
1700 0.835882
1700 0.894706
1700 0.924118
1700 0.981176
1700 0.897647
1700 0.969412
1700 0.851765
1700 0.930588
1700 0.940588
1700 0.913529
1700 0.992353
1700 0.945882
1700 0.892941
1700 0.920588
1700 0.869412
1700 0.97
1700 0.906471
1700 0.866471
1700 0.91
1700 0.963529
1700 0.938824
1700 0.838235
1700 0.968824
1700 0.827059
1700 0.93
1700 0.941176
1700 0.950588
1700 0.871176
1700 0.948824
1700 0.978235
1750 0.981714
1750 0.924
1750 0.975429
1750 0.931429
1750 0.902286
1750 0.901714
1750 0.932571
1750 0.918857
1750 0.946857
1750 0.876571
1750 0.984571
1750 0.882857
1750 0.905714
1750 0.962857
1750 0.867429
1750 0.930286
1750 0.929143
1750 0.929143
1750 0.898857
1750 0.909143
1750 0.881714
1750 0.937714
1750 0.917714
1750 0.930857
1750 0.889714
1750 0.930286
1750 0.883429
1750 0.942286
1750 0.945714
1750 0.927429
1750 0.957143
1750 0.904
1750 0.964571
1750 0.945714
1750 0.882286
1750 0.914857
1750 0.958286
1750 0.958857
1750 0.840571
1750 0.981714
1750 0.878286
1750 0.873143
1750 0.905143
1750 0.923429
1750 0.929714
1750 0.962857
1750 0.930857
1750 0.928
1750 0.913714
1750 0.989714
1750 0.871429
1750 0.979429
1750 0.929143
1750 0.865143
1750 0.929714
1750 0.945714
1750 0.966286
1750 0.913143
1750 0.937714
1750 0.981714
1750 0.977714
1750 0.937143
1750 0.922857
1750 0.988571
1750 0.942857
1750 0.942286
1750 0.909714
1750 0.973143
1750 0.888
1750 0.918286
1750 0.537714
1750 0.904
1750 0.922286
1750 0.925714
1750 0.944
1800 0.96
1800 0.961667
1800 0.916111
1800 0.913333
1800 0.94
1800 0.919444
1800 0.911667
1800 0.955556
1800 0.910556
1800 0.91
1800 0.928333
1800 0.889444
1800 0.915
1800 0.951667
1800 0.917778
1800 0.905
1800 0.929444
1800 0.921111
1800 0.843333
1800 0.893333
1800 0.933889
1800 0.907222
1800 0.942222
1800 0.894444
1800 0.950556
1800 0.948333
1800 0.927778
1800 0.903333
1800 0.913333
1800 0.934444
1800 0.966111
1800 0.974444
1800 0.916111
1800 0.969444
1800 0.927778
1800 0.927778
1800 0.785556
1800 0.943333
1800 0.934444
1800 0.843889
1800 0.939444
1800 0.942222
1800 0.899444
1800 0.957778
1800 0.907778
1800 0.913333
1800 0.933889
1800 0.871667
1800 0.955556
1800 0.953889
1800 0.884444
1800 0.901111
1800 0.894444
1800 0.893333
1800 0.94
1800 0.969444
1800 0.918333
1800 0.923333
1800 0.940556
1800 0.935556
1800 0.943333
1800 0.938889
1800 0.890556
1800 0.914444
1800 0.941111
1800 0.935
1800 0.969444
1800 0.884444
1800 0.964444
1800 0.918889
1800 0.859444
1800 0.960556
1800 0.887778
1800 0.886111
1800 0.937222
1850 0.861622
1850 0.955676
1850 0.94
1850 0.874054
1850 0.945405
1850 0.900541
1850 0.920541
1850 0.861622
1850 0.907568
1850 0.946486
1850 0.903243
1850 0.919459
1850 0.980541
1850 0.90973
1850 0.924865
1850 0.90973
1850 0.983784
1850 0.980541
1850 0.901081
1850 0.828108
1850 0.950811
1850 0.874054
1850 0.958919
1850 0.909189
1850 0.891892
1850 0.874054
1850 0.936216
1850 0.839459
1850 0.863243
1850 0.936216
1850 0.925405
1850 0.925946
1850 0.974595
1850 0.97027
1850 0.932973
1850 0.972973
1850 0.95027
1850 0.951351
1850 0.948108
1850 0.944324
1850 0.94
1850 0.927027
1850 0.922162
1850 0.959459
1850 0.938378
1850 0.938919
1850 0.92
1850 0.920541
1850 0.912973
1850 0.904865
1850 0.904865
1850 0.903784
1850 0.940541
1850 0.948649
1850 0.909189
1850 0.92
1850 0.958378
1850 0.951351
1850 0.94
1850 0.943784
1850 0.942162
1850 0.931892
1850 0.942162
1850 0.86973
1850 0.934595
1850 0.947568
1850 0.887027
1850 0.882162
1850 0.917838
1850 0.909189
1850 0.875676
1850 0.943243
1850 0.928108
1850 0.894054
1850 0.885405
1900 0.964211
1900 0.921579
1900 0.914737
1900 0.971053
1900 0.885789
1900 0.922632
1900 0.889474
1900 0.927895
1900 0.977368
1900 0.922632
1900 0.925789
1900 0.863158
1900 0.945263
1900 0.902105
1900 0.934211
1900 0.966316
1900 0.954211
1900 0.952632
1900 0.857368
1900 0.920526
1900 0.952105
1900 0.973158
1900 0.903158
1900 0.908947
1900 0.899474
1900 0.952632
1900 0.931053
1900 0.946316
1900 0.978947
1900 0.918947
1900 0.912105
1900 0.908421
1900 0.945263
1900 0.916842
1900 0.993684
1900 0.930526
1900 0.903684
1900 0.917895
1900 0.951053
1900 0.944211
1900 0.984211
1900 0.965789
1900 0.928421
1900 0.933158
1900 0.909474
1900 0.868421
1900 0.913684
1900 0.898421
1900 0.890526
1900 0.923158
1900 0.952632
1900 0.991053
1900 0.961579
1900 0.953158
1900 0.979474
1900 0.944211
1900 0.911579
1900 0.973684
1900 0.906316
1900 0.996842
1900 0.931053
1900 0.975789
1900 0.917895
1900 0.967895
1900 0.943684
1900 0.943684
1900 0.927368
1900 0.995263
1900 0.876316
1900 0.893158
1900 0.861053
1900 0.893684
1900 0.953158
1900 0.948947
1900 0.841053
1950 0.879487
1950 0.888718
1950 0.948205
1950 0.977949
1950 0.952308
1950 0.910769
1950 0.962564
1950 0.958462
1950 0.927179
1950 0.954359
1950 0.949744
1950 0.899487
1950 0.938462
1950 0.945641
1950 0.93641
1950 0.878462
1950 0.970256
1950 0.832821
1950 0.950256
1950 0.95641
1950 0.903077
1950 0.925641
1950 0.95641
1950 0.938462
1950 0.912821
1950 0.966667
1950 0.950769
1950 0.902051
1950 0.958974
1950 0.952308
1950 0.861538
1950 0.873846
1950 0.87641
1950 0.919487
1950 0.973846
1950 0.922564
1950 0.897436
1950 0.939487
1950 0.941538
1950 0.957436
1950 0.901538
1950 0.870769
1950 0.88359
1950 0.93641
1950 0.927692
1950 0.934359
1950 0.922051
1950 0.959487
1950 0.933333
1950 0.976923
1950 0.939487
1950 0.944103
1950 0.909744
1950 0.936923
1950 0.952308
1950 0.888205
1950 0.936923
1950 0.893333
1950 0.890256
1950 0.921538
1950 0.951795
1950 0.953846
1950 0.892821
1950 0.899487
1950 0.928205
1950 0.902564
1950 0.885128
1950 0.904615
1950 0.899487
1950 0.966154
1950 0.881538
1950 0.879487
1950 0.950256
1950 0.852308
1950 0.949744
2000 0.9365
2000 0.9225
2000 0.923
2000 0.898
2000 0.951
2000 0.951
2000 0.924
2000 0.9105
2000 0.8865
2000 0.8525
2000 0.885
2000 0.934
2000 0.888
2000 0.889
2000 0.894
2000 0.925
2000 0.916
2000 0.9095
2000 0.9705
2000 0.9105
2000 0.9415
2000 0.8745
2000 0.997
2000 0.861
2000 0.9825
2000 0.894
2000 0.9315
2000 0.9475
2000 0.957
2000 0.9745
2000 0.9515
2000 0.9435
2000 0.9615
2000 0.9485
2000 0.9525
2000 0.9295
2000 0.965
2000 0.918
2000 0.9455
2000 0.867
2000 0.888
2000 0.9815
2000 0.9365
2000 0.933
2000 0.9385
2000 0.972
2000 0.878
2000 0.894
2000 0.9225
2000 0.958
2000 0.9365
2000 0.9205
2000 0.896
2000 0.886
2000 0.938
2000 0.9535
2000 0.933
2000 0.9485
2000 0.957
2000 0.89
2000 0.914
2000 0.8965
2000 0.9065
2000 0.8845
2000 0.973
2000 0.903
2000 0.956
2000 0.9665
2000 0.9225
2000 0.93
2000 0.9065
2000 0.977
2000 0.8485
2000 0.968
2000 0.9275
