50 0.02
50 0.14
50 0
50 0.04
50 0.02
50 0.02
50 0.32
50 0.54
50 0.02
50 0.36
50 0.12
50 0.04
50 0.24
50 0
50 0.16
50 0.2
50 0.08
50 0.1
50 0.18
50 0
50 0.04
50 0.06
50 0
50 0
50 0.2
50 0.64
50 0.06
50 0.34
50 0.32
50 0.1
50 0.12
50 0.34
50 0.02
50 0.1
50 0.08
50 0
50 0.24
50 0.2
50 0.18
50 0.12
50 0.02
50 0.24
50 0.14
50 0.16
50 0.16
50 0.4
50 0.18
50 0.28
50 0.38
50 0.22
50 0.46
50 0.08
50 0.46
50 0.1
50 0.62
50 0.56
50 0.44
50 0
50 0.44
50 0.14
50 0.38
50 0.32
50 0.28
50 0.08
50 0
50 0.08
50 0.04
50 0
50 0.44
50 0.12
50 0
50 0.56
50 0.52
50 0.04
50 0.12
100 0.27
100 0.06
100 0.41
100 0.67
100 0.7
100 0.75
100 0.53
100 0.78
100 0.84
100 0.48
100 0.86
100 0.53
100 0.28
100 0.44
100 0.93
100 0.52
100 0
100 0.5
100 0.15
100 0.71
100 0.69
100 0.67
100 0.5
100 0.53
100 0.49
100 0.31
100 0
100 0.49
100 0.23
100 0.64
100 0.74
100 0.54
100 0.35
100 0.81
100 0.78
100 0.56
100 0.7
100 0.02
100 0.17
100 0.56
100 0.63
100 0.02
100 0.31
100 0.83
100 0.82
100 0.82
100 0.18
100 0.61
100 0.08
100 0.43
100 0.28
100 0.35
100 0.08
100 0.62
100 0.53
100 0.95
100 0.87
100 0
100 0.79
100 0.8
100 0.77
100 0.22
100 0.6
100 0.52
100 0.55
100 0.08
100 0.62
100 0.66
100 0.81
100 0.65
100 0.55
100 0.77
100 0.52
100 0.16
100 0.89
150 0.7
150 0.606667
150 0.766667
150 0.726667
150 0.58
150 0.78
150 0.793333
150 0.386667
150 0.74
150 0.42
150 0.74
150 0.693333
150 0.493333
150 0.52
150 0.666667
150 0.7
150 0.86
150 0.62
150 0.72
150 0.906667
150 0.84
150 0.893333
150 0.58
150 0.293333
150 0.866667
150 0.173333
150 0.76
150 0.806667
150 0.72
150 0.326667
150 0.74
150 0.733333
150 0.713333
150 0.906667
150 0.666667
150 0.566667
150 0.44
150 0.533333
150 0.6
150 0.706667
150 0.9
150 0.58
150 0.24
150 0.466667
150 0.273333
150 0.8
150 0.746667
150 0.686667
150 0.246667
150 0.32
150 0.693333
150 0.593333
150 0.766667
150 0.82
150 0.8
150 0.686667
150 0.753333
150 0.806667
150 0.393333
150 0.686667
150 0.786667
150 0.633333
150 0.793333
150 0.686667
150 0.933333
150 0.766667
150 0.506667
150 0.306667
150 0.893333
150 0.433333
150 0.22
150 0.44
150 0.733333
150 0.713333
150 0.533333
200 0.69
200 0.38
200 0.79
200 0.775
200 0.385
200 0.77
200 0.59
200 0.885
200 0.705
200 0.025
200 0.92
200 0.59
200 0.785
200 0.92
200 0.695
200 0.75
200 0.805
200 0.865
200 0.785
200 0.785
200 0.7
200 0.915
200 0.08
200 0.8
200 0.77
200 0.705
200 0.79
200 0.73
200 0.68
200 0.77
200 0.505
200 0.88
200 0.795
200 0.49
200 0.085
200 0.89
200 0.51
200 0.68
200 0.71
200 0.48
200 0.77
200 0.845
200 0.655
200 0.48
200 0.945
200 0.16
200 0.795
200 0.74
200 0.845
200 0.725
200 0.48
200 0.705
200 0.84
200 0.72
200 0.67
200 0.785
200 0.89
200 0.66
200 0.81
200 0.84
200 0.475
200 0.795
200 0.915
200 0.82
200 0.83
200 0.105
200 0.64
200 0.86
200 0.67
200 0.895
200 0.78
200 0.4
200 0.83
200 0.91
200 0.64
250 0.776
250 0.88
250 0.964
250 0.744
250 0.828
250 0.868
250 0.876
250 0.908
250 0.856
250 0.78
250 0.816
250 0.876
250 0.812
250 0.796
250 0.796
250 0.896
250 0.844
250 0.54
250 0.788
250 0.892
250 0.916
250 0.924
250 0.86
250 0.836
250 0.9
250 0.828
250 0.816
250 0.908
250 0.496
250 0.876
250 0.756
250 0.872
250 0.916
250 0.76
250 0.784
250 0.848
250 0.872
250 0.856
250 0.708
250 0.748
250 0.756
250 0.816
250 0.796
250 0.464
250 0.824
250 0.876
250 0.9
250 0.6
250 0.828
250 0.864
250 0.904
250 0.764
250 0.792
250 0.828
250 0.896
250 0.916
250 0.848
250 0.384
250 0.844
250 0.9
250 0.928
250 0.824
250 0.812
250 0.812
250 0.796
250 0.704
250 0.896
250 0.812
250 0.8
250 0.948
250 0.804
250 0.728
250 0.9
250 0.908
250 0.772
300 0.856667
300 0.866667
300 0.816667
300 0.866667
300 0.86
300 0.83
300 0.803333
300 0.71
300 0.84
300 0.853333
300 0.873333
300 0.796667
300 0.793333
300 0.866667
300 0.94
300 0.91
300 0.863333
300 0.713333
300 0.746667
300 0.823333
300 0.776667
300 0.866667
300 0.816667
300 0.85
300 0.926667
300 0.913333
300 0.883333
300 0.843333
300 0.74
300 0.906667
300 0.84
300 0.836667
300 0.803333
300 0.78
300 0.846667
300 0.933333
300 0.786667
300 0.91
300 0.82
300 0.853333
300 0.926667
300 0.92
300 0.903333
300 0.836667
300 0.693333
300 0.653333
300 0.763333
300 0.84
300 0.523333
300 0.926667
300 0.73
300 0.92
300 0.7
300 0.713333
300 0.786667
300 0.746667
300 0.936667
300 0.833333
300 0.826667
300 0.83
300 0.883333
300 0.826667
300 0.796667
300 0.773333
300 0.79
300 0.93
300 0.843333
300 0.813333
300 0.91
300 0.89
300 0.916667
300 0.84
300 0.816667
300 0.81
300 0.79
350 0.837143
350 0.882857
350 0.902857
350 0.762857
350 0.84
350 0.591429
350 0.742857
350 0.885714
350 0.92
350 0.934286
350 0.825714
350 0.822857
350 0.94
350 0.822857
350 0.868571
350 0.862857
350 0.865714
350 0.877143
350 0.788571
350 0.68
350 0.885714
350 0.708571
350 0.925714
350 0.865714
350 0.854286
350 0.937143
350 0.86
350 0.931429
350 0.731429
350 0.777143
350 0.794286
350 0.894286
350 0.834286
350 0.9
350 0.831429
350 0.842857
350 0.805714
350 0.62
350 0.848571
350 0.791429
350 0.86
350 0.84
350 0.834286
350 0.862857
350 0.92
350 0.908571
350 0.688571
350 0.797143
350 0.908571
350 0.834286
350 0.851429
350 0.88
350 0.934286
350 0.808571
350 0.897143
350 0.942857
350 0.894286
350 0.822857
350 0.84
350 0.888571
350 0.888571
350 0.791429
350 0.928571
350 0.885714
350 0.588571
350 0.897143
350 0.92
350 0.925714
350 0.945714
350 0.86
350 0.928571
350 0.911429
350 0.714286
350 0.877143
350 0.862857
400 0.925
400 0.89
400 0.84
400 0.7
400 0.065
400 0.875
400 0.9475
400 0.635
400 0.9425
400 0.82
400 0.89
400 0.9025
400 0.8425
400 0.7675
400 0.8925
400 0.8125
400 0.7775
400 0.41
400 0.8375
400 0.9325
400 0.8075
400 0.87
400 0.7875
400 0.7325
400 0.89
400 0.8125
400 0.89
400 0.6825
400 0.8875
400 0.91
400 0.85
400 0.88
400 0.9125
400 0.8875
400 0.8925
400 0.9525
400 0.885
400 0.7275
400 0.8575
400 0.965
400 0.8725
400 0.9
400 0.8375
400 0.8575
400 0.885
400 0.9325
400 0.7325
400 0.7225
400 0.835
400 0.9525
400 0.7575
400 0.8325
400 0.7925
400 0.865
400 0.855
400 0.815
400 0.955
400 0.885
400 0.93
400 0.9
400 0.8225
400 0.81
400 0.865
400 0.8675
400 0.775
400 0.875
400 0.81
400 0.9375
400 0.9675
400 0.83
400 0.8475
400 0.8575
400 0.9325
400 0.895
400 0.9
450 0.92
450 0.82
450 0.78
450 0.837778
450 0.844444
450 0.917778
450 0.933333
450 0.906667
450 0.844444
450 0.731111
450 0.884444
450 0.828889
450 0.828889
450 0.904444
450 0.675556
450 0.877778
450 0.86
450 0.864444
450 0.888889
450 0.884444
450 0.868889
450 0.673333
450 0.586667
450 0.922222
450 0.884444
450 0.811111
450 0.942222
450 0.817778
450 0.942222
450 0.586667
450 0.866667
450 0.913333
450 0.94
450 0.88
450 0.933333
450 0.871111
450 0.875556
450 0.893333
450 0.828889
450 0.764444
450 0.886667
450 0.74
450 0.68
450 0.871111
450 0.895556
450 0.817778
450 0.88
450 0.731111
450 0.755556
450 0.866667
450 0.926667
450 0.837778
450 0.846667
450 0.86
450 0.917778
450 0.908889
450 0.862222
450 0.902222
450 0.74
450 0.913333
450 0.793333
450 0.902222
450 0.911111
450 0.835556
450 0.806667
450 0.862222
450 0.884444
450 0.753333
450 0.893333
450 0.926667
450 0.9
450 0.76
450 0.964444
450 0.775556
450 0.637778
500 0.89
500 0.876
500 0.932
500 0.886
500 0.772
500 0.812
500 0.86
500 0.882
500 0.816
500 0.872
500 0.928
500 0.78
500 0.836
500 0.89
500 0.922
500 0.848
500 0.866
500 0.912
500 0.904
500 0.796
500 0.91
500 0.836
500 0.908
500 0.826
500 0.778
500 0.862
500 0.936
500 0.808
500 0.918
500 0.888
500 0.902
500 0.81
500 0.882
500 0.872
500 0.896
500 0.902
500 0.882
500 0.644
500 0.938
500 0.844
500 0.846
500 0.908
500 0.888
500 0.786
500 0.906
500 0.866
500 0.87
500 0.836
500 0.898
500 0.916
500 0.862
500 0.932
500 0.902
500 0.64
500 0.926
500 0.932
500 0.872
500 0.956
500 0.902
500 0.848
500 0.87
500 0.892
500 0.936
500 0.806
500 0.87
500 0.888
500 0.934
500 0.748
500 0.934
500 0.844
500 0.826
500 0.9
500 0.888
500 0.904
500 0.92
550 0.758182
550 0.9
550 0.921818
550 0.852727
550 0.894545
550 0.941818
550 0.909091
550 0.858182
550 0.845455
550 0.889091
550 0.809091
550 0.898182
550 0.912727
550 0.892727
550 0.88
550 0.934545
550 0.769091
550 0.845455
550 0.787273
550 0.889091
550 0.958182
550 0.861818
550 0.836364
550 0.841818
550 0.930909
550 0.94
550 0.852727
550 0.785455
550 0.829091
550 0.816364
550 0.949091
550 0.870909
550 0.925455
550 0.201818
550 0.778182
550 0.887273
550 0.856364
550 0.932727
550 0.794545
550 0.890909
550 0.9
550 0.812727
550 0.896364
550 0.878182
550 0.927273
550 0.849091
550 0.598182
550 0.945455
550 0.858182
550 0.714545
550 0.903636
550 0.938182
550 0.787273
550 0.834545
550 0.82
550 0.881818
550 0.885455
550 0.812727
550 0.887273
550 0.825455
550 0.889091
550 0.914545
550 0.854545
550 0.972727
550 0.916364
550 0.961818
550 0.910909
550 0.950909
550 0.845455
550 0.763636
550 0.912727
550 0.858182
550 0.861818
550 0.901818
550 0.910909
600 0.943333
600 0.836667
600 0.943333
600 0.831667
600 0.94
600 0.785
600 0.821667
600 0.851667
600 0.831667
600 0.82
600 0.82
600 0.81
600 0.846667
600 0.908333
600 0.883333
600 0.865
600 0.978333
600 0.78
600 0.926667
600 0.878333
600 0.791667
600 0.9
600 0.848333
600 0.871667
600 0.89
600 0.898333
600 0.905
600 0.901667
600 0.87
600 0.918333
600 0.863333
600 0.905
600 0.886667
600 0.878333
600 0.898333
600 0.811667
600 0.928333
600 0.823333
600 0.878333
600 0.921667
600 0.743333
600 0.921667
600 0.933333
600 0.908333
600 0.896667
600 0.91
600 0.933333
600 0.77
600 0.768333
600 0.83
600 0.856667
600 0.876667
600 0.915
600 0.911667
600 0.92
600 0.873333
600 0.886667
600 0.876667
600 0.895
600 0.915
600 0.873333
600 0.911667
600 0.821667
600 0.855
600 0.928333
600 0.873333
600 0.065
600 0.898333
600 0.826667
600 0.851667
600 0.903333
600 0.825
600 0.933333
600 0.888333
600 0.785
650 0.873846
650 0.833846
650 0.901538
650 0.923077
650 0.850769
650 0.896923
650 0.906154
650 0.856923
650 0.875385
650 0.852308
650 0.898462
650 0.909231
650 0.96
650 0.883077
650 0.661538
650 0.901538
650 0.852308
650 0.689231
650 0.853846
650 0.935385
650 0.843077
650 0.763077
650 0.955385
650 0.895385
650 0.921538
650 0.915385
650 0.935385
650 0.869231
650 0.924615
650 0.932308
650 0.870769
650 0.893846
650 0.875385
650 0.881538
650 0.892308
650 0.869231
650 0.864615
650 0.956923
650 0.741538
650 0.907692
650 0.930769
650 0.867692
650 0.835385
650 0.924615
650 0.864615
650 0.872308
650 0.836923
650 0.692308
650 0.787692
650 0.756923
650 0.824615
650 0.850769
650 0.896923
650 0.853846
650 0.886154
650 0.932308
650 0.930769
650 0.952308
650 0.878462
650 0.893846
650 0.858462
650 0.946154
650 0.889231
650 0.963077
650 0.806154
650 0.843077
650 0.941538
650 0.873846
650 0.892308
650 0.904615
650 0.933846
650 0.889231
650 0.938462
650 0.935385
650 0.903077
700 0.835714
700 0.941429
700 0.864286
700 0.907143
700 0.902857
700 0.867143
700 0.932857
700 0.901429
700 0.952857
700 0.827143
700 0.885714
700 0.955714
700 0.887143
700 0.862857
700 0.795714
700 0.9
700 0.757143
700 0.921429
700 0.84
700 0.991429
700 0.875714
700 0.94
700 0.885714
700 0.838571
700 0.894286
700 0.881429
700 0.942857
700 0.88
700 0.925714
700 0.898571
700 0.948571
700 0.868571
700 0.912857
700 0.927143
700 0.868571
700 0.902857
700 0.937143
700 0.908571
700 0.917143
700 1
700 0.877143
700 0.585714
700 0.912857
700 0.807143
700 0.72
700 0.892857
700 0.884286
700 0.922857
700 0.901429
700 0.862857
700 0.932857
700 0.805714
700 0.892857
700 0.927143
700 0.871429
700 0.928571
700 0.894286
700 0.884286
700 0.877143
700 0.82
700 0.882857
700 0.861429
700 0.905714
700 0.811429
700 0.921429
700 0.925714
700 0.94
700 0.875714
700 0.862857
700 0.877143
700 0.85
700 0.885714
700 0.92
700 0.807143
700 0.941429
750 0.914667
750 0.8
750 0.845333
750 0.973333
750 0.906667
750 0.838667
750 0.937333
750 0.837333
750 0.968
750 0.888
750 0.744
750 0.844
750 0.842667
750 0.816
750 0.917333
750 0.916
750 0.858667
750 0.853333
750 0.946667
750 0.922667
750 0.958667
750 0.829333
750 0.909333
750 0.92
750 0.892
750 0.886667
750 0.888
750 0.918667
750 0.797333
750 0.878667
750 0.884
750 0.902667
750 0.893333
750 0.873333
750 0.945333
750 0.816
750 0.913333
750 0.914667
750 0.868
750 0.886667
750 0.785333
750 0.761333
750 0.925333
750 0.858667
750 0.876
750 0.813333
750 0.9
750 0.888
750 0.932
750 0.910667
750 0.896
750 0.946667
750 0.922667
750 0.886667
750 0.973333
750 0.892
750 0.929333
750 0.894667
750 0.869333
750 0.930667
750 0.877333
750 0.908
750 0.876
750 0.801333
750 0.874667
750 0.910667
750 0.832
750 0.865333
750 0.905333
750 0.806667
750 0.877333
750 0.897333
750 0.853333
750 0.901333
750 0.92
800 0.8325
800 0.75875
800 0.89
800 0.9625
800 0.88375
800 0.855
800 0.7875
800 0.94125
800 0.935
800 0.91125
800 0.84875
800 0.9125
800 0.86875
800 0.94875
800 0.86625
800 0.71625
800 0.90875
800 0.8225
800 0.85
800 0.91875
800 0.925
800 0.87875
800 0.90625
800 0.93
800 0.9225
800 0.95375
800 0.62875
800 0.89375
800 0.93
800 0.94125
800 0.905
800 0.87
800 0.89625
800 0.86125
800 0.88375
800 0.875
800 0.67625
800 0.96375
800 0.8225
800 0.8975
800 0.91375
800 0.82
800 0.8925
800 0.81
800 0.9025
800 0.8875
800 0.85125
800 0.88625
800 0.91375
800 0.8375
800 0.76625
800 0.8825
800 0.8975
800 0.93875
800 0.86875
800 0.8775
800 0.885
800 0.87625
800 0.91125
800 0.9225
800 0.93125
800 0.9175
800 0.85
800 0.90375
800 0.81125
800 0.8875
800 0.88375
800 0.90875
800 0.92375
800 0.9075
800 0.885
800 0.93375
800 0.87625
800 0.90875
800 0.83625
850 0.925882
850 0.765882
850 0.928235
850 0.849412
850 0.92
850 0.909412
850 0.825882
850 0.884706
850 0.876471
850 0.671765
850 0.803529
850 0.883529
850 0.864706
850 0.848235
850 0.932941
850 0.858824
850 0.948235
850 0.849412
850 0.907059
850 0.776471
850 0.921176
850 0.954118
850 0.877647
850 0.911765
850 0.905882
850 0.948235
850 0.914118
850 0.908235
850 0.927059
850 0.871765
850 0.823529
850 0.858824
850 0.878824
850 0.896471
850 0.910588
850 0.905882
850 0.954118
850 0.888235
850 0.892941
850 0.892941
850 0.918824
850 0.865882
850 0.870588
850 0.9
850 0.903529
850 0.898824
850 0.841176
850 0.951765
850 0.845882
850 0.878824
850 0.871765
850 0.857647
850 0.889412
850 0.850588
850 0.907059
850 0.821176
850 0.763529
850 0.888235
850 0.924706
850 0.857647
850 0.881176
850 0.970588
850 0.897647
850 0.857647
850 0.898824
850 0.849412
850 0.88
850 0.922353
850 0.835294
850 0.869412
850 0.945882
850 0.815294
850 0.909412
850 0.916471
850 0.755294
900 0.896667
900 0.855556
900 0.967778
900 0.947778
900 0.918889
900 0.903333
900 0.877778
900 0.792222
900 0.896667
900 0.837778
900 0.937778
900 0.888889
900 0.863333
900 0.871111
900 0.916667
900 0.937778
900 0.763333
900 0.91
900 0.921111
900 0.92
900 0.934444
900 0.826667
900 0.853333
900 0.895556
900 0.908889
900 0.723333
900 0.835556
900 0.844444
900 0.851111
900 0.944444
900 0.888889
900 0.756667
900 0.82
900 0.898889
900 0.903333
900 0.951111
900 0.952222
900 0.85
900 0.865556
900 0.947778
900 0.898889
900 0.853333
900 0.95
900 0.842222
900 0.925556
900 0.861111
900 0.924444
900 0.944444
900 0.883333
900 0.922222
900 0.871111
900 0.842222
900 0.848889
900 0.885556
900 0.894444
900 0.916667
900 0.941111
900 0.855556
900 0.841111
900 0.906667
900 0.904444
900 0.862222
900 0.808889
900 0.973333
900 0.852222
900 0.913333
900 0.907778
900 0.916667
900 0.887778
900 0.935556
900 0.948889
900 0.894444
900 0.951111
900 0.954444
900 0.842222
950 0.938947
950 0.88
950 0.917895
950 0.931579
950 0.875789
950 0.856842
950 0.868421
950 0.917895
950 0.896842
950 0.848421
950 0.78
950 0.821053
950 0.883158
950 0.942105
950 0.916842
950 0.918947
950 0.906316
950 0.901053
950 0.817895
950 0.906316
950 0.817895
950 0.914737
950 0.842105
950 0.96
950 0.92
950 0.902105
950 0.861053
950 0.881053
950 0.904211
950 0.903158
950 0.84
950 0.892632
950 0.929474
950 0.943158
950 0.912632
950 0.895789
950 0.897895
950 0.846316
950 0.838947
950 0.891579
950 0.902105
950 0.907368
950 0.896842
950 0.906316
950 0.843158
950 0.7
950 0.894737
950 0.915789
950 0.851579
950 0.961053
950 0.881053
950 0.847368
950 0.883158
950 0.946316
950 0.937895
950 0.890526
950 0.931579
950 0.890526
950 0.856842
950 0.896842
950 0.828421
950 0.927368
950 0.846316
950 0.771579
950 0.917895
950 0.896842
950 0.932632
950 0.865263
950 0.904211
950 0.854737
950 0.834737
950 0.830526
950 0.888421
950 0.928421
950 0.978947
1000 0.926
1000 0.752
1000 0.938
1000 0.989
1000 0.879
1000 0.863
1000 0.807
1000 0.907
1000 0.835
1000 0.757
1000 0.909
1000 0.916
1000 0.905
1000 0.879
1000 0.884
1000 0.884
1000 0.864
1000 0.887
1000 0.897
1000 0.926
1000 0.714
1000 0.867
1000 0.85
1000 0.973
1000 0.909
1000 0.885
1000 0.833
1000 0.9
1000 0.851
1000 0.929
1000 0.925
1000 0.862
1000 0.86
1000 0.958
1000 0.929
1000 0.938
1000 0.925
1000 0.987
1000 0.963
1000 0.867
1000 0.895
1000 0.868
1000 0.904
1000 0.869
1000 0.9
1000 0.885
1000 0.837
1000 0.959
1000 0.866
1000 0.892
1000 0.915
1000 0.895
1000 0.876
1000 0.953
1000 0.932
1000 0.962
1000 0.912
1000 0.882
1000 0.902
1000 0.857
1000 0.826
1000 0.882
1000 0.895
1000 0.953
1000 0.949
1000 0.925
1000 0.89
1000 0.841
1000 0.895
1000 0.912
1000 0.93
1000 0.95
1000 0.89
1000 0.892
1000 0.857
1050 0.90381
1050 0.907619
1050 0.887619
1050 0.88
1050 0.00952381
1050 0.914286
1050 0.897143
1050 0.705714
1050 0.928571
1050 0.860952
1050 0.879048
1050 0.914286
1050 0.941905
1050 0.873333
1050 0.884762
1050 0.959048
1050 0.931429
1050 0.914286
1050 0.924762
1050 0.866667
1050 0.917143
1050 0.889524
1050 0.850476
1050 0.86
1050 0.824762
1050 0.819048
1050 0.904762
1050 0.875238
1050 0.849524
1050 0.933333
1050 0.938095
1050 0.914286
1050 0.881905
1050 0.940952
1050 0.866667
1050 0.813333
1050 0.947619
1050 0.825714
1050 0.925714
1050 0.815238
1050 0.858095
1050 0.946667
1050 0.772381
1050 0.838095
1050 0.932381
1050 0.922857
1050 0.953333
1050 0.884762
1050 0.90381
1050 0.944762
1050 0.93619
1050 0.911429
1050 0.924762
1050 0.895238
1050 0.891429
1050 0.858095
1050 0.805714
1050 0.864762
1050 0.926667
1050 0.960952
1050 0.889524
1050 0.879048
1050 0.866667
1050 0.874286
1050 0.870476
1050 0.892381
1050 0.959048
1050 0.911429
1050 0.875238
1050 0.90381
1050 0.901905
1050 0.911429
1050 0.905714
1050 0.88381
1050 0.855238
1100 0.920909
1100 0.831818
1100 0.844545
1100 0.905455
1100 0.883636
1100 0.897273
1100 0.907273
1100 0.887273
1100 0.91
1100 0.715455
1100 0.902727
1100 0.958182
1100 0.924545
1100 0.851818
1100 0.815455
1100 0.903636
1100 0.935455
1100 0.894545
1100 0.94
1100 0.910909
1100 0.848182
1100 0.970909
1100 0.932727
1100 0.91
1100 0.887273
1100 0.863636
1100 0.887273
1100 0.926364
1100 0.932727
1100 0.879091
1100 0.886364
1100 0.895455
1100 0.933636
1100 0.91
1100 0.871818
1100 0.870909
1100 0.918182
1100 0.859091
1100 0.866364
1100 0.919091
1100 0.910909
1100 0.970909
1100 0.882727
1100 0.911818
1100 0.912727
1100 0.958182
1100 0.882727
1100 0.907273
1100 0.93
1100 0.994545
1100 0.912727
1100 0.941818
1100 0.932727
1100 0.940909
1100 0.884545
1100 0.891818
1100 0.859091
1100 0.936364
1100 0.781818
1100 0.897273
1100 0.843636
1100 0.900909
1100 0.894545
1100 0.844545
1100 0.830909
1100 0.871818
1100 0.914545
1100 0.942727
1100 0.907273
1100 0.847273
1100 0.877273
1100 0.850909
1100 0.896364
1100 0.827273
1100 0.740909
1150 0.866087
1150 0.790435
1150 0.911304
1150 0.949565
1150 0.909565
1150 0.935652
1150 0.868696
1150 0.921739
1150 0.878261
1150 0.92
1150 0.892174
1150 0.922609
1150 0.88
1150 0.849565
1150 0.935652
1150 0.892174
1150 0.892174
1150 0.769565
1150 0.896522
1150 0.82087
1150 0.942609
1150 0.848696
1150 0.867826
1150 0.914783
1150 0.916522
1150 0.961739
1150 0.91913
1150 0.88
1150 0.972174
1150 0.93913
1150 0.903478
1150 0.96087
1150 0.933913
1150 0.896522
1150 0.857391
1150 0.914783
1150 0.925217
1150 0.878261
1150 0.87913
1150 0.928696
1150 0.949565
1150 0.837391
1150 0.926087
1150 0.866957
1150 0.954783
1150 0.86087
1150 0.890435
1150 0.83913
1150 0.911304
1150 0.947826
1150 0.877391
1150 0.913043
1150 0.936522
1150 0.901739
1150 0.908696
1150 0.870435
1150 0.98087
1150 0.911304
1150 0.870435
1150 0.932174
1150 0.86
1150 0.810435
1150 0.88
1150 0.756522
1150 0.847826
1150 0.806087
1150 0.933043
1150 0.913043
1150 0.951304
1150 0.903478
1150 0.909565
1150 0.864348
1150 0.853913
1150 0.833913
1150 0.862609
1200 0.9325
1200 0.859167
1200 0.926667
1200 0.931667
1200 0.844167
1200 0.890833
1200 0.845
1200 0.91
1200 0.894167
1200 0.8125
1200 0.981667
1200 0.8875
1200 0.91
1200 0.920833
1200 0.929167
1200 0.8675
1200 0.944167
1200 0.880833
1200 0.904167
1200 0.805833
1200 0.960833
1200 0.885833
1200 0.939167
1200 0.833333
1200 0.9
1200 0.923333
1200 0.904167
1200 0.844167
1200 0.918333
1200 0.911667
1200 0.959167
1200 0.860833
1200 0.908333
1200 0.895
1200 0.893333
1200 0.88
1200 0.874167
1200 0.915
1200 0.925833
1200 0.851667
1200 0.924167
1200 0.821667
1200 0.834167
1200 0.928333
1200 0.9375
1200 0.965833
1200 0.908333
1200 0.99
1200 0.859167
1200 0.955833
1200 0.8675
1200 0.850833
1200 0.936667
1200 0.863333
1200 0.8925
1200 0.9
1200 0.865
1200 0.901667
1200 0.9275
1200 0.934167
1200 0.8775
1200 0.899167
1200 0.905833
1200 0.91
1200 0.9125
1200 0.910833
1200 0.944167
1200 0.915
1200 0.945833
1200 0.82
1200 0.8425
1200 0.86
1200 0.8575
1200 0.8925
1200 0.89
1250 0.9568
1250 0.9304
1250 0.9352
1250 0.888
1250 0.9488
1250 0.9664
1250 0.8888
1250 0.9312
1250 0.888
1250 0.9056
1250 0.8664
1250 0.9168
1250 0.8864
1250 0.8976
1250 0.9064
1250 0.92
1250 0.8632
1250 0.8784
1250 0.9256
1250 0.9184
1250 0.8408
1250 0.9064
1250 0.8872
1250 0.8712
1250 0.9752
1250 0.968
1250 0.9072
1250 0.8128
1250 0.8824
1250 0.804
1250 0.9032
1250 0.8576
1250 0.9464
1250 0.9376
1250 0.924
1250 0.9056
1250 0.8632
1250 0.96
1250 0.86
1250 0.948
1250 0.9152
1250 0.8696
1250 0.896
1250 0.8128
1250 0.9368
1250 0.9048
1250 0.7176
1250 0.8144
1250 0.9144
1250 0.9272
1250 0.976
1250 0.9792
1250 0.9752
1250 0.9392
1250 0.8664
1250 0.9144
1250 0.8688
1250 0.8
1250 0.9296
1250 0.9136
1250 0.8944
1250 0.8616
1250 0.9016
1250 0.9568
1250 0.8808
1250 0.9488
1250 0.9008
1250 0.9272
1250 0.8632
1250 0.8904
1250 0.72
1250 0.9448
1250 0.9344
1250 0.9392
1250 0.9216
1300 0.865385
1300 0.913077
1300 0.950769
1300 0.937692
1300 0.900769
1300 0.933077
1300 0.904615
1300 0.840769
1300 0.955385
1300 0.906923
1300 0.921538
1300 0.933846
1300 0.902308
1300 0.88
1300 0.927692
1300 0.879231
1300 0.883846
1300 0.964615
1300 0.896923
1300 0.88
1300 0.929231
1300 0.928462
1300 0.860769
1300 0.866923
1300 0.932308
1300 0.89
1300 0.946154
1300 0.922308
1300 0.875385
1300 0.749231
1300 0.888462
1300 0.963077
1300 0.826154
1300 0.95
1300 0.967692
1300 0.926154
1300 0.916154
1300 0.94
1300 0.946923
1300 0.812308
1300 0.906154
1300 0.863077
1300 0.878462
1300 0.893846
1300 0.846923
1300 0.925385
1300 0.94
1300 0.857692
1300 0.86
1300 0.916154
1300 0.9
1300 0.874615
1300 0.918462
1300 0.932308
1300 0.89
1300 0.91
1300 0.902308
1300 0.921538
1300 0.883846
1300 0.948462
1300 0.789231
1300 0.941538
1300 0.905385
1300 0.854615
1300 0.837692
1300 0.916154
1300 0.859231
1300 0.860769
1300 0.888462
1300 0.851538
1300 0.914615
1300 0.820769
1300 0.896154
1300 0.956923
1300 0.921538
1350 0.853333
1350 0.877778
1350 0.883704
1350 0.903704
1350 0.938519
1350 0.879259
1350 0.957037
1350 0.888889
1350 0.860741
1350 0.943704
1350 0.902222
1350 0.807407
1350 0.92
1350 0.823704
1350 0.897037
1350 0.891111
1350 0.934074
1350 0.945926
1350 0.814074
1350 0.811111
1350 0.928148
1350 0.934074
1350 0.872593
1350 0.896296
1350 0.912593
1350 0.91037
1350 0.791111
1350 0.879259
1350 0.888889
1350 0.937778
1350 0.819259
1350 0.883704
1350 0.93037
1350 0.934815
1350 0.893333
1350 0.941481
1350 0.897778
1350 0.867407
1350 0.932593
1350 0.925926
1350 0.955556
1350 0.876296
1350 0.926667
1350 0.888148
1350 0.955556
1350 0.953333
1350 0.911111
1350 0.901481
1350 0.880741
1350 0.831111
1350 0.908889
1350 0.89037
1350 0.828148
1350 0.971852
1350 0.77037
1350 0.948148
1350 0.905185
1350 0.888148
1350 0.89037
1350 0.891852
1350 0.901481
1350 0.901481
1350 0.927407
1350 0.665926
1350 0.874815
1350 0.924444
1350 0.918519
1350 0.865185
1350 0.925926
1350 0.896296
1350 0.89037
1350 0.882222
1350 0.86963
1350 0.957778
1350 0.894074
1400 0.91
1400 0.893571
1400 0.861429
1400 0.894286
1400 0.916429
1400 0.954286
1400 0.938571
1400 0.882143
1400 0.856429
1400 0.841429
1400 0.875714
1400 0.891429
1400 0.889286
1400 0.995714
1400 0.919286
1400 0.782143
1400 0.960714
1400 0.897857
1400 0.827143
1400 0.937143
1400 0.897857
1400 0.877143
1400 0.915714
1400 0.880714
1400 0.878571
1400 0.937143
1400 0.857143
1400 0.827143
1400 0.902143
1400 0.928571
1400 0.832143
1400 0.933571
1400 0.87
1400 0.865
1400 0.831429
1400 0.882857
1400 0.952857
1400 0.944286
1400 0.864286
1400 0.947143
1400 0.938571
1400 0.912143
1400 0.932857
1400 0.973571
1400 0.905714
1400 0.887857
1400 0.925714
1400 0.943571
1400 0.938571
1400 0.959286
1400 0.938571
1400 0.959286
1400 0.930714
1400 0.959286
1400 0.880714
1400 0.956429
1400 0.886429
1400 0.887143
1400 0.910714
1400 0.940714
1400 0.95
1400 0.880714
1400 0.904286
1400 0.947857
1400 0.807857
1400 0.93
1400 0.926429
1400 0.935
1400 0.887143
1400 0.867857
1400 0.878571
1400 0.79
1400 0.837143
1400 0.956429
1400 0.950714
1450 0.856552
1450 0.865517
1450 0.937241
1450 0.887586
1450 0.957241
1450 0.857241
1450 0.906897
1450 0.968276
1450 0.904828
1450 0.950345
1450 0.913103
1450 0.82
1450 0.895862
1450 0.975172
1450 0.94069
1450 0.843448
1450 0.877241
1450 0.909655
1450 0.893103
1450 0.992414
1450 0.916552
1450 0.872414
1450 0.916552
1450 0.892414
1450 0.903448
1450 0.891034
1450 0.893103
1450 0.926897
1450 0.871724
1450 0.905517
1450 0.927586
1450 0.851724
1450 0.871724
1450 0.922759
1450 0.948276
1450 0.882759
1450 0.917931
1450 0.881379
1450 0.844828
1450 0.857931
1450 0.901379
1450 0.849655
1450 0.862069
1450 0.904138
1450 0.858621
1450 0.944828
1450 0.907586
1450 0.92
1450 0.933103
1450 0.844138
1450 0.831034
1450 0.922759
1450 0.964138
1450 0.818621
1450 0.958621
1450 0.901379
1450 0.911724
1450 0.893793
1450 0.990345
1450 0.906207
1450 0.854483
1450 0.956552
1450 0.84069
1450 0.889655
1450 0.94069
1450 0.932414
1450 0.873793
1450 0.847586
1450 0.857931
1450 0.95931
1450 0.921379
1450 0.948966
1450 0.903448
1450 0.878621
1450 0.82069
1500 0.922
1500 0.856
1500 0.906
1500 0.925333
1500 0.911333
1500 0.932
1500 0.824
1500 0.956667
1500 0.926
1500 0.87
1500 0.719333
1500 0.908667
1500 0.917333
1500 0.882
1500 0.892
1500 0.922
1500 0.900667
1500 0.91
1500 0.865333
1500 0.877333
1500 0.878
1500 0.883333
1500 0.92
1500 0.874667
1500 0.938667
1500 0.879333
1500 0.748667
1500 0.907333
1500 0.894
1500 0.895333
1500 0.922
1500 0.932667
1500 0.936
1500 0.878
1500 0.93
1500 0.937333
1500 0.931333
1500 0.836
1500 0.937333
1500 0.951333
1500 0.867333
1500 0.848667
1500 0.83
1500 0.953333
1500 0.912
1500 0.901333
1500 0.954667
1500 0.902
1500 0.878667
1500 0.898667
1500 0.850667
1500 0.899333
1500 0.844667
1500 0.923333
1500 0.822667
1500 0.961333
1500 0.887333
1500 0.915333
1500 0.931333
1500 0.89
1500 0.894
1500 0.818667
1500 0.950667
1500 0.882667
1500 0.91
1500 0.881333
1500 0.91
1500 0.908
1500 0.911333
1500 0.924
1500 0.864667
1500 0.942
1500 0.950667
1500 0.856667
1500 0.873333
1550 0.943871
1550 0.88
1550 0.848387
1550 0.870968
1550 0.897419
1550 0.917419
1550 0.897419
1550 0.923871
1550 0.918065
1550 0.623226
1550 0.914839
1550 0.934839
1550 0.904516
1550 0.909677
1550 0.934839
1550 0.894194
1550 0.98129
1550 0.951613
1550 0.852903
1550 0.907097
1550 0.905806
1550 0.925161
1550 0.935484
1550 0.891613
1550 0.917419
1550 0.940645
1550 0.893548
1550 0.900645
1550 0.91871
1550 0.943226
1550 0.894839
1550 0.923871
1550 0.94
1550 0.917419
1550 0.938065
1550 0.899355
1550 0.930968
1550 0.90129
1550 0.914839
1550 0.961935
1550 0.887097
1550 0.907097
1550 0.897419
1550 0.882581
1550 0.926452
1550 0.929032
1550 0.89871
1550 0.865806
1550 0.891613
1550 0.930323
1550 0.82
1550 0.991613
1550 0.942581
1550 0.885806
1550 0.952258
1550 0.81871
1550 0.881935
1550 0.923226
1550 0.860645
1550 0.874839
1550 0.919355
1550 0.943226
1550 0.952258
1550 0.89871
1550 0.947097
1550 0.969032
1550 0.829677
1550 0.890968
1550 0.916774
1550 0.914839
1550 0.747097
1550 0.908387
1550 0.832258
1550 0.887097
1550 0.888387
1600 0.921875
1600 0.949375
1600 0.9525
1600 0.946875
1600 0.940625
1600 0.890625
1600 0.91375
1600 0.850625
1600 0.863125
1600 0.85375
1600 0.891875
1600 0.89875
1600 0.908125
1600 0.91
1600 0.95
1600 0.90375
1600 0.861875
1600 0.87125
1600 0.90125
1600 0.913125
1600 0.911875
1600 0.913125
1600 0.883125
1600 0.874375
1600 0.909375
1600 0.880625
1600 0.825625
1600 0.916875
1600 0.9675
1600 0.885
1600 0.89125
1600 0.86125
1600 0.9425
1600 0.885625
1600 0.931875
1600 0.865
1600 0.936875
1600 0.93
1600 0.8475
1600 0.945
1600 0.863125
1600 0.90375
1600 0.89
1600 0.7975
1600 0.84
1600 0.905
1600 0.925625
1600 0.936875
1600 0.83375
1600 0.8675
1600 0.9025
1600 0.8775
1600 0.918125
1600 0.889375
1600 0.894375
1600 0.9625
1600 0.95375
1600 0.939375
1600 0.955625
1600 0.910625
1600 0.845
1600 0.94875
1600 0.899375
1600 0.840625
1600 0.916875
1600 0.861875
1600 0.934375
1600 0.913125
1600 0.84875
1600 0.9175
1600 0.90875
1600 0.826875
1600 0.864375
1600 0.950625
1600 0.819375
1650 0.941212
1650 0.947879
1650 0.911515
1650 0.955152
1650 0.917576
1650 0.896364
1650 0.944242
1650 0.864242
1650 0.93697
1650 0.864848
1650 0.941818
1650 0.826061
1650 0.88303
1650 0.84
1650 0.886667
1650 0.922424
1650 0.952121
1650 0.90303
1650 0.831515
1650 0.943636
1650 0.869091
1650 0.937576
1650 0.914545
1650 0.891515
1650 0.874545
1650 0.858182
1650 0.937576
1650 0.972727
1650 0.981212
1650 0.883636
1650 0.903636
1650 0.874545
1650 0.893939
1650 0.878788
1650 0.805455
1650 0.870909
1650 0.88
1650 0.924242
1650 0.886667
1650 0.948485
1650 0.924242
1650 0.933939
1650 0.88303
1650 0.880606
1650 0.938788
1650 0.895152
1650 0.906667
1650 0.895758
1650 0.765455
1650 0.908485
1650 0.863636
1650 0.925455
1650 0.88303
1650 0.881212
1650 0.978182
1650 0.893939
1650 0.953939
1650 0.971515
1650 0.832727
1650 0.912727
1650 0.869091
1650 0.870909
1650 0.902424
1650 0.935152
1650 0.897576
1650 0.920606
1650 0.893939
1650 0.910303
1650 0.953333
1650 0.904848
1650 0.794545
1650 0.879394
1650 0.923636
1650 0.852727
1650 0.920606
1700 0.927059
1700 0.911176
1700 0.891765
1700 0.918824
1700 0.884118
1700 0.884118
1700 0.864118
1700 0.894118
1700 0.902353
1700 0.922941
1700 0.927059
1700 0.925882
1700 0.819412
1700 0.863529
1700 0.939412
1700 0.891176
1700 0.879412
1700 0.898235
1700 0.896471
1700 0.864118
1700 0.860588
1700 0.911176
1700 0.872353
1700 0.860588
1700 0.902941
1700 0.941765
1700 0.851176
1700 0.950588
1700 0.802941
1700 0.887059
1700 0.890588
1700 0.759412
1700 0.961176
1700 0.87
1700 0.908824
1700 0.96
1700 0.946471
1700 0.932353
1700 0.87
1700 0.91
1700 0.922941
1700 0.877647
1700 0.915294
1700 0.901176
1700 0.89
1700 0.887059
1700 0.943529
1700 0.915294
1700 0.970588
1700 0.95
1700 0.887647
1700 0.897059
1700 0.925294
1700 0.877647
1700 0.896471
1700 0.940588
1700 0.905294
1700 0.893529
1700 0.873529
1700 0.867647
1700 0.899412
1700 0.901765
1700 0.842941
1700 0.941176
1700 0.9
1700 0.953529
1700 0.892353
1700 0.924706
1700 0.857647
1700 0.86
1700 0.882941
1700 0.943529
1700 0.882941
1700 0.868235
1700 0.911765
1750 0.870857
1750 0.884571
1750 0.904571
1750 0.926286
1750 0.881714
1750 0.906857
1750 0.848571
1750 0.896571
1750 0.909714
1750 0.949143
1750 0.945714
1750 0.832
1750 0.904571
1750 0.877714
1750 0.847429
1750 0.888
1750 0.921714
1750 0.953714
1750 0.921143
1750 0.86
1750 0.854857
1750 0.897143
1750 0.892571
1750 0.874857
1750 0.86
1750 0.933714
1750 0.817143
1750 0.953143
1750 0.949143
1750 0.827429
1750 0.848
1750 0.841714
1750 0.859429
1750 0.934286
1750 0.895429
1750 0.878286
1750 0.837143
1750 0.886286
1750 0.804571
1750 0.929714
1750 0.889714
1750 0.890857
1750 0.94
1750 0.890857
1750 0.936571
1750 0.949143
1750 0.923429
1750 0.896571
1750 0.870286
1750 0.876571
1750 0.901714
1750 0.893714
1750 0.856571
1750 0.897714
1750 0.888571
1750 0.926857
1750 0.918286
1750 0.840571
1750 0.912
1750 0.920571
1750 0.945714
1750 0.868571
1750 0.904
1750 0.916571
1750 0.890857
1750 0.961143
1750 0.835429
1750 0.901143
1750 0.849714
1750 0.874857
1750 0.446857
1750 0.936
1750 0.944
1750 0.824571
1750 0.808571
1800 0.901667
1800 0.931667
1800 0.833333
1800 0.853889
1800 0.86
1800 0.933889
1800 0.856667
1800 0.837778
1800 0.900556
1800 0.918889
1800 0.832222
1800 0.932222
1800 0.918333
1800 0.916667
1800 0.878333
1800 0.903333
1800 0.928333
1800 0.94
1800 0.903333
1800 0.910556
1800 0.915
1800 0.818333
1800 0.948333
1800 0.942778
1800 0.940556
1800 0.9
1800 0.944444
1800 0.9
1800 0.921667
1800 0.869444
1800 0.928333
1800 0.917222
1800 0.826667
1800 0.916667
1800 0.911667
1800 0.826667
1800 0.868333
1800 0.873333
1800 0.876667
1800 0.842222
1800 0.945
1800 0.97
1800 0.926667
1800 0.962222
1800 0.948333
1800 0.865
1800 0.909444
1800 0.917222
1800 0.891111
1800 0.890556
1800 0.908889
1800 0.919444
1800 0.882222
1800 0.878333
1800 0.916667
1800 0.791667
1800 0.895556
1800 0.898889
1800 0.923333
1800 0.976667
1800 0.877778
1800 0.942778
1800 0.896667
1800 0.912222
1800 0.941111
1800 0.946111
1800 0.957778
1800 0.950556
1800 0.872222
1800 0.874444
1800 0.897778
1800 0.868333
1800 0.833333
1800 0.793889
1800 0.924444
1850 0.955135
1850 0.947027
1850 0.941622
1850 0.882703
1850 0.891351
1850 0.915676
1850 0.934595
1850 0.895135
1850 0.904324
1850 0.884865
1850 0.880541
1850 0.860541
1850 0.876757
1850 0.908108
1850 0.900541
1850 0.904865
1850 0.917838
1850 0.875676
1850 0.874595
1850 0.859459
1850 0.893514
1850 0.936216
1850 0.922703
1850 0.918919
1850 0.957838
1850 0.901081
1850 0.963243
1850 0.915676
1850 0.860541
1850 0.88973
1850 0.964324
1850 0.958378
1850 0.84973
1850 0.875676
1850 0.937838
1850 1
1850 0.948649
1850 0.892432
1850 0.951892
1850 0.918919
1850 0.84973
1850 0.802703
1850 0.942162
1850 0.900541
1850 0.885405
1850 0.955135
1850 0.852973
1850 0.938919
1850 0.852973
1850 0.892432
1850 0.924324
1850 0.849189
1850 0.844865
1850 0.905946
1850 0.843784
1850 0.92
1850 0.932432
1850 0.813514
1850 0.882703
1850 0.902703
1850 0.851351
1850 0.984324
1850 0.856757
1850 0.856216
1850 0.882703
1850 0.945405
1850 0.868108
1850 0.902703
1850 0.895676
1850 0.941081
1850 0.892432
1850 0.945405
1850 0.965405
1850 0.841081
1850 0.89027
1900 0.942105
1900 0.917368
1900 0.931579
1900 0.874737
1900 0.893684
1900 0.916316
1900 0.865263
1900 0.896842
1900 0.87
1900 0.935263
1900 0.919474
1900 0.78
1900 0.902105
1900 0.947368
1900 0.817895
1900 0.948421
1900 0.871579
1900 0.883684
1900 0.875263
1900 0.958421
1900 0.883684
1900 0.907368
1900 0.931053
1900 0.883684
1900 0.803684
1900 0.915789
1900 0.968947
1900 0.917895
1900 0.724737
1900 0.896842
1900 0.907368
1900 0.954211
1900 0.877895
1900 0.924211
1900 0.947368
1900 0.865263
1900 0.940526
1900 0.896842
1900 0.922632
1900 0.925789
1900 0.952105
1900 0.92
1900 0.81
1900 0.894737
1900 0.934211
1900 0.941053
1900 0.920526
1900 0.898421
1900 0.809474
1900 0.899474
1900 0.931053
1900 0.951053
1900 0.924211
1900 0.95
1900 0.886316
1900 0.904737
1900 0.913158
1900 0.977368
1900 0.872632
1900 0.891579
1900 0.932105
1900 0.918947
1900 0.879474
1900 0.875789
1900 0.946842
1900 0.922105
1900 0.913684
1900 0.899474
1900 0.939474
1900 0.889474
1900 0.936316
1900 0.97
1900 0.948421
1900 0.964737
1900 0.828947
1950 0.989231
1950 0.918462
1950 0.877436
1950 0.897949
1950 0.909744
1950 0.892821
1950 0.90359
1950 0.98
1950 0.927179
1950 0.970769
1950 0.932821
1950 0.948718
1950 0.865641
1950 0.886154
1950 0.877436
1950 0.899487
1950 0.943077
1950 0.96
1950 0.861026
1950 0.966154
1950 0.876923
1950 0.979487
1950 0.930769
1950 0.86
1950 0.916923
1950 0.925128
1950 0.904615
1950 0.929231
1950 0.856923
1950 0.868718
1950 0.927692
1950 0.850256
1950 0.872308
1950 0.890769
1950 0.932308
1950 0.931282
1950 0.905128
1950 0.974359
1950 0.923077
1950 0.887692
1950 0.924103
1950 0.881026
1950 0.90359
1950 0.901538
1950 0.87641
1950 0.924615
1950 0.927179
1950 0.904103
1950 0.877436
1950 0.895897
1950 0.862051
1950 0.931795
1950 0.872308
1950 0.881026
1950 0.906154
1950 0.918462
1950 0.944615
1950 0.915897
1950 0.882051
1950 0.852821
1950 0.855897
1950 0.904615
1950 0.892821
1950 0.949231
1950 0.895897
1950 0.921538
1950 0.800513
1950 0.865128
1950 0.832308
1950 0.933333
1950 0.986154
1950 0.910256
1950 0.976923
1950 0.871282
1950 0.898974
2000 0.9065
2000 0.9295
2000 0.924
2000 0.9635
2000 0.89
2000 0.905
2000 0.894
2000 0.7995
2000 0.894
2000 0.8405
2000 0.861
2000 0.8835
2000 0.942
2000 0.936
2000 0.917
2000 0.928
2000 0.9075
2000 0.909
2000 0.9005
2000 0.876
2000 0.9055
2000 0.8395
2000 0.9455
2000 0.8725
2000 0.904
2000 0.887
2000 0.855
2000 0.9075
2000 0.863
2000 0.8355
2000 0.9155
2000 0.866
2000 0.8585
2000 0.8935
2000 0.9005
2000 0.9435
2000 0.957
2000 0.9175
2000 0.9385
2000 0.898
2000 0.869
2000 0.924
2000 0.928
2000 0.922
2000 0.9355
2000 0.911
2000 0.8705
2000 0.904
2000 0.907
2000 0.918
2000 0.887
2000 0.9425
2000 0.7695
2000 0.888
2000 0.916
2000 0.918
2000 0.9575
2000 0.8775
2000 0.887
2000 0.87
2000 0.9655
2000 0.8625
2000 0.856
2000 0.8795
2000 0.99
2000 0.9265
2000 0.9315
2000 0.911
2000 0.929
2000 0.9505
2000 0.899
2000 0.967
2000 0.94
2000 0.893
2000 0.946
