50 0.04
50 0.5
50 0
50 0.2
50 0.26
50 0.18
50 0.8
50 0.02
50 0
50 0.16
50 0.12
50 0.14
50 0.38
50 0.28
50 0.16
50 0.2
50 0.44
50 0.58
50 0.16
50 0.02
50 0.16
50 0.06
50 0
50 0
50 0.14
50 0.66
50 0.34
50 0.28
50 0.36
50 0.22
50 0.16
50 0.06
50 0
50 0.14
50 0.1
50 0
50 0.38
50 0.74
50 0.78
50 0
50 0
50 0.2
50 0.26
50 0.78
50 0.42
50 0.44
50 0.18
50 0.54
50 0.4
50 0.22
50 0.46
50 0.18
50 0.02
50 0.04
50 0.62
50 0.3
50 0.44
50 0
50 0
50 0
50 0.38
50 0.34
50 0.06
50 0.24
50 0
50 0.26
50 0.04
50 0.22
50 0.44
50 0.14
50 0
50 0.2
50 0.2
50 0.72
50 0.12
100 0.23
100 0.24
100 0.49
100 0.66
100 0.85
100 0.77
100 0.53
100 0.39
100 0.83
100 0.46
100 0.86
100 0.82
100 0.29
100 0.07
100 0.9
100 0.18
100 0.62
100 0.42
100 0.3
100 0.72
100 0.66
100 0.67
100 0.53
100 0.53
100 0.52
100 0.66
100 0.36
100 0.48
100 0.84
100 0.6
100 0.77
100 0.47
100 0.22
100 0.76
100 0.81
100 0.47
100 0.71
100 0.59
100 0.05
100 0.56
100 0.66
100 0.18
100 0.34
100 0.83
100 0.7
100 0.83
100 0.5
100 0.59
100 0.76
100 0.53
100 0.18
100 0.36
100 0.24
100 0.62
100 0.59
100 0.97
100 0.84
100 0.8
100 0.78
100 0.83
100 0.78
100 0.52
100 0.52
100 0.4
100 0.45
100 0.11
100 0.89
100 0.64
100 0.66
100 0.72
100 0.05
100 0.66
100 0.51
100 0.07
100 0.88
150 0.693333
150 0.633333
150 0.766667
150 0.793333
150 0.56
150 0.873333
150 0.76
150 0.913333
150 0.9
150 0.486667
150 0.953333
150 0.766667
150 0.5
150 0.733333
150 0.866667
150 0.686667
150 0.986667
150 0.693333
150 0.7
150 0.94
150 0.84
150 0.94
150 0.58
150 0.306667
150 0.82
150 0.826667
150 0.173333
150 0.8
150 0.886667
150 0.773333
150 0.78
150 0.8
150 0.84
150 0.966667
150 0.693333
150 0.593333
150 0.46
150 0.58
150 0.486667
150 0.873333
150 0.86
150 0.426667
150 0.353333
150 0.406667
150 0.273333
150 0.853333
150 0.8
150 0.8
150 0.726667
150 0.346667
150 0.66
150 0.58
150 0.746667
150 0.806667
150 0.713333
150 0.726667
150 0.813333
150 0.866667
150 0.366667
150 0.646667
150 0.793333
150 0.813333
150 0.88
150 0.546667
150 0.82
150 0.806667
150 0.64
150 0.486667
150 0.873333
150 0.466667
150 0.746667
150 0.46
150 0.726667
150 0.773333
150 0.74
200 0.705
200 0.475
200 0.98
200 0.75
200 0.47
200 0.81
200 0.595
200 0.89
200 0.75
200 0.85
200 0.86
200 0.535
200 0.815
200 0.865
200 0.975
200 0.01
200 0.83
200 0.81
200 0.86
200 0.745
200 0.775
200 0.83
200 0.54
200 0.975
200 0.8
200 0.66
200 0.955
200 0.58
200 0.605
200 0.73
200 0.735
200 0.895
200 0.655
200 0.85
200 0.785
200 0.865
200 0.54
200 0.72
200 0.835
200 0.48
200 0.76
200 0.84
200 0.805
200 0.485
200 0.915
200 0.78
200 0.885
200 0.73
200 0.885
200 0.785
200 0.145
200 0.865
200 0.88
200 0.795
200 0.92
200 0.565
200 0.855
200 0.655
200 0.875
200 0.55
200 0.51
200 0.875
200 0.97
200 0.815
200 0.78
200 0.665
200 0.6
200 0.8
200 0.56
200 0.94
200 0.725
200 0.375
200 0.84
200 0.85
200 0.77
250 0.784
250 0.916
250 0.92
250 0.812
250 0.904
250 0.84
250 0.776
250 0.896
250 0.752
250 0.784
250 0.86
250 0.852
250 0.864
250 0.836
250 0.836
250 0.916
250 0.976
250 0.828
250 0.84
250 0.8
250 0.888
250 0.712
250 0.736
250 0.784
250 0.932
250 0.868
250 0.932
250 0.896
250 0.612
250 0.856
250 0.756
250 0.896
250 0.936
250 0.74
250 0.92
250 0.748
250 0.868
250 0.776
250 0.836
250 0.676
250 0.804
250 0.844
250 0.888
250 0.48
250 0.88
250 0.852
250 0.88
250 0.56
250 0.932
250 0.76
250 0.876
250 0.616
250 0.82
250 0.824
250 0.876
250 0.884
250 0.884
250 0.508
250 0.828
250 0.864
250 0.848
250 0.876
250 0.648
250 0.856
250 0.82
250 0.868
250 0.84
250 0.78
250 0.848
250 0.92
250 0.792
250 0.684
250 0.848
250 0.92
250 0.836
300 0.916667
300 0.863333
300 0.79
300 0.886667
300 0.673333
300 0.566667
300 0.78
300 0.61
300 0.923333
300 0.8
300 0.863333
300 0.83
300 0.833333
300 0.913333
300 0.89
300 0.733333
300 0.863333
300 0.906667
300 0.856667
300 0.853333
300 0.713333
300 0.896667
300 0.813333
300 0.913333
300 0.953333
300 0.876667
300 0.9
300 0.87
300 0.636667
300 0.946667
300 0.79
300 0.83
300 0.563333
300 0.853333
300 0.86
300 0.943333
300 0.683333
300 0.953333
300 0.983333
300 0.756667
300 0.85
300 0.883333
300 0.94
300 0.82
300 0.87
300 0.7
300 0.76
300 0.366667
300 0.496667
300 0.98
300 0.796667
300 0.92
300 0.733333
300 0.723333
300 0.776667
300 0.87
300 0.89
300 0.756667
300 0.833333
300 0.89
300 0.89
300 0.83
300 0.816667
300 0.73
300 0.84
300 0.926667
300 0.936667
300 0.866667
300 0.83
300 0.863333
300 0.903333
300 0.846667
300 0.836667
300 0.86
300 0.883333
350 0.928571
350 0.842857
350 0.828571
350 0.685714
350 0.948571
350 0.668571
350 0.765714
350 0.797143
350 0.94
350 0.94
350 0.954286
350 0.822857
350 0.891429
350 0.902857
350 0.925714
350 0.805714
350 0.831429
350 0.84
350 0.788571
350 0.808571
350 0.931429
350 0.917143
350 0.934286
350 0.948571
350 0.885714
350 0.928571
350 0.908571
350 0.882857
350 0.877143
350 0.808571
350 0.78
350 0.925714
350 0.851429
350 0.9
350 0.854286
350 0.831429
350 0.948571
350 0.622857
350 0.842857
350 0.794286
350 0.877143
350 0.84
350 0.9
350 0.911429
350 0.951429
350 0.9
350 0.874286
350 0.871429
350 0.845714
350 0.911429
350 0.88
350 0.911429
350 0.86
350 0.942857
350 0.751429
350 0.94
350 0.871429
350 0.797143
350 0.917143
350 0.84
350 0.84
350 0.831429
350 0.928571
350 0.837143
350 0.754286
350 0.854286
350 0.971429
350 0.897143
350 0.951429
350 0.865714
350 0.908571
350 0.888571
350 0.537143
350 0.891429
350 0.842857
400 0.975
400 0.9325
400 0.9125
400 0.715
400 0.825
400 0.855
400 0.7925
400 0.5575
400 0.9125
400 0.9075
400 0.84
400 0.92
400 0.83
400 0.8025
400 0.955
400 0.9125
400 0.8
400 0.545
400 0.905
400 0.87
400 0.835
400 0.9325
400 0.9025
400 0.7075
400 0.9275
400 0.905
400 0.9375
400 0.68
400 0.8625
400 0.9275
400 0.9225
400 0.82
400 0.94
400 0.8625
400 0.9275
400 0.9675
400 0.7925
400 0.6675
400 0.87
400 0.8925
400 0.91
400 0.8925
400 0.95
400 0.895
400 0.8975
400 0.92
400 0.8475
400 0.79
400 0.895
400 0.8925
400 0.9225
400 0.915
400 0.955
400 0.78
400 0.855
400 0.915
400 0.9125
400 0.945
400 0.7575
400 0.91
400 0.885
400 0.83
400 0.845
400 0.88
400 0.8525
400 0.965
400 0.87
400 0.9375
400 0.935
400 0.965
400 0.775
400 0.82
400 0.8925
400 0.8775
400 0.87
450 0.946667
450 0.935556
450 0.908889
450 0.902222
450 0.797778
450 0.882222
450 0.911111
450 0.937778
450 0.828889
450 0.804444
450 0.893333
450 0.835556
450 0.873333
450 0.966667
450 0.697778
450 0.864444
450 0.808889
450 0.886667
450 0.953333
450 0.957778
450 0.931111
450 0.911111
450 0.704444
450 0.893333
450 0.928889
450 0.8
450 0.911111
450 0.76
450 0.928889
450 0.611111
450 0.868889
450 0.853333
450 0.96
450 0.908889
450 0.92
450 0.928889
450 0.851111
450 0.922222
450 0.906667
450 0.768889
450 0.911111
450 0.8
450 0.691111
450 0.977778
450 0.906667
450 0.886667
450 0.884444
450 0.94
450 0.906667
450 0.857778
450 0.86
450 0.973333
450 0.828889
450 0.842222
450 0.897778
450 0.875556
450 0.853333
450 0.973333
450 0.955556
450 0.94
450 0.755556
450 0.882222
450 0.911111
450 0.86
450 0.937778
450 0.891111
450 0.906667
450 0.768889
450 0.866667
450 0.884444
450 0.882222
450 0.804444
450 0.9
450 0.831111
450 0.706667
500 0.906
500 0.87
500 0.94
500 0.98
500 0.772
500 0.954
500 0.934
500 0.926
500 0.854
500 0.906
500 0.902
500 0.882
500 0.87
500 0.876
500 0.902
500 0.91
500 0.878
500 0.95
500 0.936
500 0.89
500 0.966
500 0.848
500 0.9
500 0.856
500 0.86
500 0.902
500 0.952
500 0.96
500 0.864
500 0.918
500 0.94
500 0.906
500 0.79
500 0.944
500 0.942
500 0.852
500 0.906
500 0.968
500 0.916
500 0.812
500 0.976
500 0.822
500 0.934
500 0.874
500 0.886
500 0.904
500 0.91
500 0.952
500 0.94
500 0.874
500 0.818
500 0.922
500 0.88
500 0.762
500 0.844
500 0.93
500 0.934
500 0.886
500 0.9
500 0.91
500 0.846
500 0.832
500 0.916
500 0.928
500 0.944
500 0.854
500 0.886
500 0.822
500 0.906
500 0.924
500 0.578
500 0.934
500 0.896
500 0.938
500 0.948
550 0.718182
550 0.92
550 0.876364
550 0.929091
550 0.825455
550 0.883636
550 0.856364
550 0.872727
550 0.947273
550 0.972727
550 0.874545
550 0.881818
550 0.763636
550 0.905455
550 0.943636
550 0.930909
550 0.829091
550 0.863636
550 0.807273
550 0.890909
550 0.983636
550 0.861818
550 0.861818
550 0.929091
550 0.994545
550 0.878182
550 0.863636
550 0.887273
550 0.834545
550 0.869091
550 0.907273
550 0.9
550 0.92
550 0.0363636
550 0.785455
550 0.870909
550 0.958182
550 0.876364
550 0.9
550 0.896364
550 0.965455
550 0.84
550 0.923636
550 0.910909
550 0.916364
550 0.970909
550 0.832727
550 0.878182
550 0.909091
550 0.901818
550 0.932727
550 0.930909
550 0.969091
550 0.869091
550 0.772727
550 0.925455
550 0.954545
550 0.901818
550 0.889091
550 0.647273
550 0.936364
550 0.889091
550 0.945455
550 0.854545
550 0.914545
550 0.952727
550 0.916364
550 0.910909
550 0.952727
550 0.836364
550 0.934545
550 0.92
550 0.88
550 0.878182
550 0.898182
600 0.903333
600 0.858333
600 0.9
600 0.895
600 0.94
600 0.971667
600 0.918333
600 0.943333
600 0.961667
600 0.815
600 0.846667
600 0.861667
600 0.831667
600 0.931667
600 0.888333
600 0.93
600 0.958333
600 0.895
600 0.963333
600 0.826667
600 0.786667
600 0.918333
600 0.96
600 0.935
600 0.88
600 0.906667
600 0.963333
600 0.908333
600 0.916667
600 0.9
600 0.876667
600 0.958333
600 0.9
600 0.9
600 0.911667
600 0.87
600 0.925
600 0.72
600 0.865
600 0.935
600 0.805
600 0.91
600 0.878333
600 0.843333
600 0.955
600 0.931667
600 0.945
600 0.923333
600 0.88
600 0.906667
600 0.785
600 0.933333
600 0.983333
600 0.901667
600 0.951667
600 0.935
600 0.888333
600 0.92
600 0.956667
600 0.938333
600 0.821667
600 0.911667
600 0.923333
600 0.91
600 0.893333
600 0.938333
600 0.948333
600 0.881667
600 0.921667
600 0.888333
600 0.926667
600 0.875
600 0.936667
600 0.938333
600 0.791667
650 0.898462
650 0.824615
650 0.938462
650 0.876923
650 0.896923
650 0.941538
650 0.921538
650 0.912308
650 0.878462
650 0.938462
650 0.813846
650 0.944615
650 0.890769
650 0.932308
650 0.807692
650 0.998462
650 0.926154
650 0.726154
650 0.889231
650 0.916923
650 0.863077
650 0.853846
650 0.916923
650 0.907692
650 0.94
650 0.806154
650 0.795385
650 0.923077
650 0.949231
650 0.895385
650 0.909231
650 0.941538
650 0.904615
650 0.912308
650 0.9
650 0.849231
650 0.796923
650 0.973846
650 0.813846
650 0.956923
650 0.887692
650 0.929231
650 0.929231
650 0.916923
650 0.872308
650 0.918462
650 0.852308
650 0.743077
650 0.838462
650 0.932308
650 0.878462
650 0.878462
650 0.944615
650 0.929231
650 0.870769
650 0.901538
650 0.872308
650 0.944615
650 0.921538
650 0.887692
650 0.88
650 0.946154
650 0.898462
650 0.884615
650 0.904615
650 0.918462
650 0.881538
650 0.926154
650 0.970769
650 0.907692
650 0.903077
650 0.938462
650 0.94
650 0.916923
650 0.941538
700 0.972857
700 0.895714
700 0.861429
700 0.908571
700 0.952857
700 0.841429
700 0.837143
700 0.907143
700 0.952857
700 0.881429
700 0.902857
700 0.861429
700 0.858571
700 0.98
700 0.854286
700 0.847143
700 0.727143
700 0.838571
700 0.881429
700 0.895714
700 0.93
700 0.922857
700 0.944286
700 0.938571
700 0.885714
700 0.867143
700 0.911429
700 0.935714
700 0.97
700 0.962857
700 0.871429
700 0.907143
700 0.904286
700 0.928571
700 0.884286
700 0.948571
700 0.92
700 0.912857
700 0.91
700 0.924286
700 0.842857
700 0.824286
700 0.92
700 0.961429
700 0.761429
700 0.932857
700 0.895714
700 0.877143
700 0.882857
700 0.905714
700 0.918571
700 0.892857
700 0.965714
700 0.894286
700 0.801429
700 0.928571
700 0.931429
700 0.872857
700 0.861429
700 0.842857
700 0.93
700 0.937143
700 0.9
700 0.757143
700 0.931429
700 0.905714
700 0.905714
700 0.924286
700 0.917143
700 0.871429
700 0.924286
700 0.958571
700 0.868571
700 0.922857
700 0.954286
750 0.910667
750 0.924
750 0.908
750 0.956
750 0.950667
750 0.936
750 0.952
750 0.893333
750 0.982667
750 0.916
750 0.776
750 0.925333
750 0.944
750 0.969333
750 0.888
750 0.849333
750 0.948
750 0.926667
750 0.96
750 0.821333
750 0.954667
750 0.892
750 0.884
750 0.994667
750 0.936
750 0.932
750 0.94
750 0.933333
750 0.948
750 0.904
750 0.882667
750 0.922667
750 0.942667
750 0.932
750 0.932
750 0.834667
750 0.829333
750 0.885333
750 0.822667
750 0.956
750 0.902667
750 0.736
750 0.892
750 0.902667
750 0.941333
750 0.912
750 0.888
750 0.906667
750 0.926667
750 0.92
750 0.962667
750 0.837333
750 0.902667
750 0.949333
750 0.925333
750 0.898667
750 0.968
750 0.905333
750 0.966667
750 0.790667
750 0.917333
750 0.88
750 0.914667
750 0.786667
750 0.917333
750 0.894667
750 0.877333
750 0.861333
750 0.910667
750 0.930667
750 0.801333
750 0.976
750 0.902667
750 0.914667
750 0.898667
800 0.9775
800 0.8125
800 0.9175
800 0.87
800 0.92375
800 0.8775
800 0.77625
800 0.90875
800 0.94875
800 0.95875
800 0.90375
800 0.94
800 0.88375
800 0.88
800 0.88625
800 0.72875
800 0.91375
800 0.83125
800 0.90125
800 0.8225
800 0.9775
800 0.8675
800 0.8825
800 0.88
800 0.9175
800 0.87375
800 0.85875
800 0.94
800 0.92625
800 0.9525
800 0.96375
800 0.9075
800 0.90125
800 0.925
800 0.86
800 0.99625
800 0.795
800 0.9425
800 0.8675
800 0.895
800 0.98625
800 0.9125
800 0.88875
800 0.79125
800 0.89875
800 0.9625
800 0.97625
800 0.87875
800 0.92375
800 0.89
800 0.7975
800 0.89
800 0.91625
800 0.93125
800 0.83625
800 0.885
800 0.96875
800 0.9075
800 0.91125
800 0.91875
800 0.90125
800 0.97625
800 0.875
800 0.88
800 0.84875
800 0.89875
800 0.89
800 0.91875
800 0.85625
800 0.895
800 0.935
800 0.9825
800 0.84875
800 0.95
800 0.91625
850 0.865882
850 0.856471
850 0.896471
850 0.903529
850 0.918824
850 0.884706
850 0.904706
850 0.96
850 0.876471
850 0.817647
850 0.908235
850 0.990588
850 0.92
850 0.895294
850 0.88
850 0.892941
850 0.870588
850 0.916471
850 0.918824
850 0.877647
850 0.972941
850 0.978824
850 0.842353
850 0.810588
850 0.856471
850 0.854118
850 0.897647
850 0.835294
850 0.916471
850 0.924706
850 0.84
850 0.915294
850 0.847059
850 0.930588
850 0.94
850 0.889412
850 0.892941
850 0.837647
850 0.901176
850 0.9
850 0.932941
850 0.932941
850 0.916471
850 0.916471
850 0.936471
850 0.921176
850 0.890588
850 0.923529
850 0.801176
850 0.921176
850 0.932941
850 0.922353
850 0.896471
850 0.931765
850 0.856471
850 0.912941
850 0.921176
850 0.915294
850 0.942353
850 0.868235
850 0.842353
850 0.943529
850 0.925882
850 0.872941
850 0.910588
850 0.970588
850 0.968235
850 0.917647
850 0.921176
850 0.942353
850 0.970588
850 0.872941
850 0.894118
850 0.897647
850 0.854118
900 0.895556
900 0.968889
900 0.947778
900 0.928889
900 0.87
900 0.891111
900 0.886667
900 0.894444
900 0.936667
900 0.936667
900 0.885556
900 0.908889
900 0.94
900 0.952222
900 0.907778
900 0.944444
900 0.863333
900 0.931111
900 0.914444
900 0.966667
900 0.928889
900 0.888889
900 0.902222
900 0.95
900 0.896667
900 0.857778
900 0.861111
900 0.898889
900 0.864444
900 0.848889
900 0.884444
900 0.912222
900 0.908889
900 0.896667
900 0.785556
900 0.861111
900 0.902222
900 0.924444
900 0.918889
900 0.963333
900 0.868889
900 0.812222
900 0.971111
900 0.798889
900 0.833333
900 0.894444
900 0.935556
900 0.962222
900 0.933333
900 0.822222
900 0.803333
900 0.9
900 0.817778
900 0.893333
900 0.86
900 0.966667
900 0.885556
900 0.982222
900 0.888889
900 0.918889
900 0.911111
900 0.883333
900 0.911111
900 0.88
900 0.76
900 0.936667
900 0.912222
900 0.933333
900 0.943333
900 0.89
900 0.9
900 0.883333
900 0.913333
900 0.883333
900 0.852222
950 0.956842
950 0.873684
950 0.945263
950 0.950526
950 0.904211
950 0.930526
950 0.850526
950 0.904211
950 0.910526
950 0.855789
950 0.892632
950 0.943158
950 0.925263
950 0.951579
950 0.933684
950 0.895789
950 0.934737
950 0.898947
950 0.878947
950 0.882105
950 0.886316
950 0.838947
950 0.916842
950 0.887368
950 0.941053
950 0.958947
950 0.878947
950 0.953684
950 0.949474
950 0.946316
950 0.948421
950 0.951579
950 0.929474
950 0.903158
950 0.982105
950 0.902105
950 0.936842
950 0.889474
950 0.947368
950 0.915789
950 0.887368
950 0.804211
950 0.898947
950 0.912632
950 0.921053
950 0.766316
950 0.957895
950 0.948421
950 0.913684
950 0.928421
950 0.88
950 0.929474
950 0.922105
950 0.902105
950 0.938947
950 0.903158
950 0.902105
950 0.933684
950 0.917895
950 0.894737
950 0.896842
950 0.872632
950 0.828421
950 0.887368
950 0.951579
950 0.904211
950 0.910526
950 0.887368
950 0.934737
950 0.842105
950 0.904211
950 0.891579
950 0.978947
950 0.956842
950 0.949474
1000 0.862
1000 0.855
1000 0.866
1000 0.848
1000 0.953
1000 0.897
1000 0.87
1000 0.984
1000 0.939
1000 0.891
1000 0.961
1000 0.933
1000 0.943
1000 0.948
1000 0.896
1000 0.84
1000 0.924
1000 0.882
1000 0.92
1000 0.883
1000 0.941
1000 0.818
1000 0.964
1000 0.956
1000 0.91
1000 0.878
1000 0.805
1000 0.943
1000 0.899
1000 0.937
1000 0.959
1000 0.895
1000 0.971
1000 0.924
1000 0.935
1000 0.976
1000 0.931
1000 0.928
1000 0.888
1000 0.91
1000 0.881
1000 0.94
1000 0.927
1000 0.9
1000 0.948
1000 0.93
1000 0.904
1000 0.915
1000 0.868
1000 0.95
1000 0.87
1000 0.967
1000 0.893
1000 0.975
1000 0.918
1000 0.958
1000 0.962
1000 0.891
1000 0.915
1000 0.991
1000 0.903
1000 0.902
1000 0.892
1000 0.935
1000 0.943
1000 0.913
1000 0.934
1000 0.928
1000 0.909
1000 0.939
1000 0.91
1000 0.945
1000 0.849
1000 0.925
1000 0.865
1050 0.870476
1050 0.918095
1050 0.984762
1050 0.941905
1050 0.724762
1050 0.891429
1050 0.921905
1050 0.971429
1050 0.907619
1050 0.917143
1050 0.835238
1050 0.918095
1050 0.940952
1050 0.865714
1050 0.96
1050 0.881905
1050 0.850476
1050 0.971429
1050 0.945714
1050 0.931429
1050 0.917143
1050 0.930476
1050 0.891429
1050 0.880952
1050 0.929524
1050 0.902857
1050 0.898095
1050 0.873333
1050 0.971429
1050 0.914286
1050 0.853333
1050 0.951429
1050 0.925714
1050 0.981905
1050 0.929524
1050 0.895238
1050 0.987619
1050 0.920952
1050 0.947619
1050 0.846667
1050 0.94381
1050 0.897143
1050 0.889524
1050 0.827619
1050 0.940952
1050 0.955238
1050 0.961905
1050 0.954286
1050 0.96
1050 0.945714
1050 0.911429
1050 0.950476
1050 0.960952
1050 0.862857
1050 0.919048
1050 0.89619
1050 0.932381
1050 0.982857
1050 0.867619
1050 0.915238
1050 0.899048
1050 0.912381
1050 0.909524
1050 0.925714
1050 0.992381
1050 0.94
1050 0.908571
1050 0.867619
1050 0.907619
1050 0.855238
1050 0.919048
1050 0.964762
1050 0.939048
1050 0.946667
1050 0.868571
1100 0.926364
1100 0.89
1100 0.965455
1100 0.943636
1100 0.931818
1100 0.927273
1100 0.889091
1100 0.918182
1100 0.955455
1100 0.831818
1100 0.975455
1100 0.917273
1100 0.998182
1100 0.958182
1100 0.840909
1100 0.940909
1100 0.91
1100 0.913636
1100 0.89
1100 0.910909
1100 0.879091
1100 0.92
1100 0.890909
1100 0.911818
1100 0.932727
1100 0.967273
1100 0.934545
1100 0.912727
1100 0.901818
1100 0.902727
1100 0.931818
1100 0.897273
1100 0.959091
1100 0.856364
1100 0.909091
1100 0.854545
1100 0.918182
1100 0.963636
1100 0.924545
1100 0.877273
1100 0.913636
1100 0.948182
1100 0.897273
1100 0.912727
1100 0.934545
1100 0.979091
1100 0.968182
1100 0.917273
1100 0.932727
1100 0.953636
1100 0.882727
1100 0.940909
1100 0.920909
1100 0.796364
1100 0.863636
1100 0.906364
1100 0.905455
1100 0.924545
1100 0.92
1100 0.926364
1100 0.964545
1100 0.930909
1100 0.940909
1100 0.904545
1100 0.920909
1100 0.961818
1100 0.959091
1100 0.918182
1100 0.917273
1100 0.998182
1100 0.914545
1100 0.931818
1100 0.903636
1100 0.904545
1100 0.843636
1150 0.908696
1150 0.863478
1150 0.942609
1150 0.933043
1150 0.909565
1150 0.893043
1150 0.926087
1150 0.906957
1150 0.978261
1150 0.897391
1150 0.92
1150 0.898261
1150 0.86
1150 0.913913
1150 0.927826
1150 0.883478
1150 0.895652
1150 0.822609
1150 0.949565
1150 0.928696
1150 0.955652
1150 0.851304
1150 0.928696
1150 0.90087
1150 0.927826
1150 0.906087
1150 0.971304
1150 0.852174
1150 0.968696
1150 0.952174
1150 0.91913
1150 0.92087
1150 0.904348
1150 0.971304
1150 0.926957
1150 0.948696
1150 0.91913
1150 0.853913
1150 0.968696
1150 0.904348
1150 0.89913
1150 0.905217
1150 0.862609
1150 0.926957
1150 0.951304
1150 0.838261
1150 0.98087
1150 0.886087
1150 0.946087
1150 0.958261
1150 0.972174
1150 0.867826
1150 0.933043
1150 0.691304
1150 0.909565
1150 0.936522
1150 0.91913
1150 0.82087
1150 0.866957
1150 0.923478
1150 0.96
1150 0.85913
1150 0.886957
1150 0.923478
1150 0.9
1150 0.906087
1150 0.902609
1150 0.921739
1150 0.96087
1150 0.911304
1150 0.966957
1150 0.852174
1150 0.963478
1150 0.861739
1150 0.95913
1200 0.98
1200 0.955
1200 0.960833
1200 0.865833
1200 0.95
1200 0.968333
1200 0.995833
1200 0.913333
1200 0.925833
1200 0.876667
1200 0.940833
1200 0.919167
1200 0.9675
1200 0.924167
1200 0.914167
1200 0.94
1200 0.923333
1200 0.850833
1200 0.95
1200 0.870833
1200 0.915
1200 0.8875
1200 0.945
1200 0.918333
1200 0.935833
1200 0.895833
1200 0.874167
1200 0.895833
1200 0.9375
1200 0.948333
1200 0.93
1200 0.93
1200 0.9325
1200 0.9375
1200 0.954167
1200 0.941667
1200 0.905
1200 0.946667
1200 0.965
1200 0.895833
1200 0.941667
1200 0.7375
1200 0.889167
1200 0.986667
1200 0.965
1200 0.975833
1200 0.910833
1200 0.8825
1200 0.945833
1200 0.909167
1200 0.938333
1200 0.909167
1200 0.9425
1200 0.931667
1200 0.94
1200 0.9225
1200 0.931667
1200 0.919167
1200 0.879167
1200 0.889167
1200 0.935
1200 0.915
1200 0.891667
1200 0.9175
1200 0.893333
1200 0.935
1200 0.899167
1200 0.894167
1200 0.98
1200 0.890833
1200 0.903333
1200 0.8475
1200 0.900833
1200 0.943333
1200 0.899167
1250 0.9128
1250 0.9208
1250 0.9
1250 0.6712
1250 0.9384
1250 0.9176
1250 0.8504
1250 0.9328
1250 0.8776
1250 0.9848
1250 0.9384
1250 0.9296
1250 0.9152
1250 0.8976
1250 0.9088
1250 0.9256
1250 0.908
1250 0.9704
1250 0.9008
1250 0.8912
1250 0.852
1250 0.9216
1250 0.912
1250 0.8944
1250 0.9048
1250 0.9432
1250 0.9112
1250 0.8832
1250 0.9536
1250 0.9264
1250 0.9208
1250 0.9168
1250 0.9152
1250 0.9024
1250 0.9272
1250 0.956
1250 0.9024
1250 0.8992
1250 0.9144
1250 0.8888
1250 0.8968
1250 0.896
1250 0.9256
1250 0.88
1250 0.864
1250 0.9728
1250 0.7408
1250 0.8128
1250 0.884
1250 0.8912
1250 0.9448
1250 0.8888
1250 0.9344
1250 0.9872
1250 0.888
1250 0.9744
1250 0.9512
1250 0.9496
1250 0.9464
1250 0.996
1250 0.9664
1250 0.8944
1250 0.9472
1250 0.8936
1250 0.8728
1250 0.9392
1250 0.8688
1250 0.92
1250 0.8872
1250 0.9352
1250 0.8376
1250 0.9488
1250 0.8992
1250 0.9344
1250 0.9832
1300 0.896923
1300 0.912308
1300 0.934615
1300 0.889231
1300 0.92
1300 0.992308
1300 0.922308
1300 0.942308
1300 0.946923
1300 0.973846
1300 0.938462
1300 0.970769
1300 0.822308
1300 0.878462
1300 0.92
1300 0.880769
1300 0.936923
1300 0.9
1300 0.944615
1300 0.927692
1300 0.931538
1300 0.946154
1300 0.884615
1300 0.932308
1300 0.899231
1300 0.976923
1300 0.946923
1300 0.921538
1300 0.893846
1300 0.883846
1300 0.975385
1300 0.909231
1300 0.945385
1300 0.975385
1300 0.865385
1300 0.883077
1300 0.947692
1300 0.931538
1300 0.87
1300 0.954615
1300 0.968462
1300 0.965385
1300 0.896923
1300 0.953077
1300 0.863846
1300 0.887692
1300 0.838462
1300 0.952308
1300 0.913077
1300 0.936923
1300 0.935385
1300 0.888462
1300 0.974615
1300 0.932308
1300 0.876154
1300 0.916154
1300 0.92
1300 0.941538
1300 0.895385
1300 0.893077
1300 0.900769
1300 0.893846
1300 0.899231
1300 0.888462
1300 0.925385
1300 0.951538
1300 0.875385
1300 0.886923
1300 0.963077
1300 0.885385
1300 0.939231
1300 0.709231
1300 0.936923
1300 0.955385
1300 0.941538
1350 0.965185
1350 0.957778
1350 0.926667
1350 0.937778
1350 0.865185
1350 0.864444
1350 0.917037
1350 0.92963
1350 0.861481
1350 0.894815
1350 0.931111
1350 0.887407
1350 0.917778
1350 0.874074
1350 0.940741
1350 0.899259
1350 0.967407
1350 0.908889
1350 0.855556
1350 0.941481
1350 0.965926
1350 0.893333
1350 0.897037
1350 0.886667
1350 0.94
1350 0.954074
1350 0.845185
1350 0.939259
1350 0.993333
1350 0.976296
1350 0.954074
1350 0.986667
1350 0.913333
1350 0.940741
1350 0.886667
1350 0.904444
1350 0.937037
1350 0.831111
1350 0.923704
1350 0.902963
1350 0.945926
1350 0.942963
1350 0.928889
1350 0.93037
1350 0.971111
1350 0.955556
1350 0.948148
1350 0.908148
1350 0.974074
1350 0.962222
1350 0.932593
1350 0.923704
1350 0.845926
1350 0.908889
1350 0.925185
1350 0.893333
1350 0.93037
1350 0.941481
1350 0.908889
1350 0.922222
1350 0.88963
1350 0.982222
1350 0.936296
1350 0.9
1350 0.88
1350 0.920741
1350 0.931852
1350 0.925185
1350 0.902222
1350 0.893333
1350 0.936296
1350 0.897037
1350 0.922963
1350 0.965185
1350 0.97037
1400 0.925714
1400 0.9
1400 0.92
1400 0.877143
1400 0.963571
1400 0.865
1400 0.934286
1400 0.919286
1400 0.946429
1400 0.913571
1400 0.884286
1400 0.871429
1400 0.895714
1400 0.909286
1400 0.906429
1400 0.632857
1400 0.932857
1400 0.940714
1400 0.895
1400 0.958571
1400 0.958571
1400 0.918571
1400 0.92
1400 0.912857
1400 0.891429
1400 0.907857
1400 0.837857
1400 0.945714
1400 0.922857
1400 0.905
1400 0.943571
1400 0.932143
1400 0.910714
1400 0.890714
1400 0.927857
1400 0.963571
1400 0.873571
1400 0.905714
1400 0.945
1400 0.922143
1400 0.882857
1400 0.928571
1400 0.982857
1400 0.860714
1400 0.976429
1400 0.925
1400 0.940714
1400 0.951429
1400 0.955714
1400 0.965714
1400 0.945
1400 0.892857
1400 0.950714
1400 0.928571
1400 0.867857
1400 0.937857
1400 0.970714
1400 0.935714
1400 0.898571
1400 0.981429
1400 0.904286
1400 0.930714
1400 0.907857
1400 0.945
1400 0.926429
1400 0.930714
1400 0.967857
1400 0.944286
1400 0.906429
1400 0.901429
1400 0.877143
1400 0.935714
1400 0.840714
1400 0.961429
1400 0.932143
1450 0.921379
1450 0.92
1450 0.934483
1450 0.933103
1450 0.928276
1450 0.936552
1450 0.928966
1450 0.96
1450 0.895172
1450 0.937931
1450 0.868276
1450 0.964828
1450 0.891724
1450 0.949655
1450 0.94069
1450 0.968966
1450 0.968276
1450 0.908966
1450 0.90069
1450 0.962759
1450 0.94
1450 0.954483
1450 0.915862
1450 0.933793
1450 0.909655
1450 0.915862
1450 0.94
1450 0.864138
1450 0.92
1450 0.917931
1450 0.957931
1450 0.833103
1450 0.933793
1450 0.943448
1450 0.912414
1450 0.906207
1450 0.831724
1450 0.930345
1450 0.866207
1450 0.916552
1450 0.895172
1450 0.881379
1450 0.911724
1450 0.85931
1450 0.953103
1450 0.927586
1450 0.966897
1450 0.937931
1450 0.942069
1450 0.852414
1450 0.882759
1450 0.969655
1450 0.935862
1450 0.854483
1450 0.918621
1450 0.857931
1450 0.946207
1450 0.904828
1450 0.892414
1450 0.88
1450 0.967586
1450 0.931724
1450 0.891724
1450 0.966207
1450 0.911724
1450 0.944138
1450 0.913793
1450 0.94069
1450 0.88069
1450 0.934483
1450 0.951724
1450 0.98069
1450 0.917931
1450 0.913793
1450 0.913103
1500 0.938
1500 0.902
1500 0.973333
1500 0.886667
1500 0.886
1500 0.939333
1500 0.914667
1500 0.929333
1500 0.870667
1500 0.904
1500 0.722
1500 0.964667
1500 0.939333
1500 0.911333
1500 0.882
1500 0.930667
1500 0.895333
1500 0.948667
1500 0.89
1500 0.923333
1500 0.914
1500 0.894667
1500 0.928667
1500 0.926667
1500 0.949333
1500 0.857333
1500 0.762
1500 0.925333
1500 0.932
1500 0.924667
1500 0.956
1500 0.942667
1500 0.89
1500 0.93
1500 0.918667
1500 0.925333
1500 0.942667
1500 0.884
1500 0.955333
1500 0.940667
1500 0.975333
1500 0.959333
1500 0.868
1500 0.945333
1500 0.958
1500 0.938
1500 0.98
1500 0.942667
1500 0.871333
1500 0.925333
1500 0.94
1500 0.968
1500 0.808667
1500 0.918667
1500 0.914667
1500 0.906667
1500 0.922
1500 0.912
1500 0.928
1500 0.965333
1500 0.889333
1500 0.874
1500 0.998667
1500 0.897333
1500 0.929333
1500 0.849333
1500 0.915333
1500 0.896
1500 0.942
1500 0.880667
1500 0.893333
1500 0.976667
1500 0.807333
1500 0.886667
1500 0.914
1550 0.933548
1550 0.983871
1550 0.9
1550 0.935484
1550 0.940645
1550 0.952903
1550 0.900645
1550 0.951613
1550 0.950968
1550 0.605161
1550 0.930323
1550 0.876129
1550 0.969677
1550 0.894839
1550 0.937419
1550 0.931613
1550 0.934194
1550 0.949032
1550 0.961935
1550 0.910968
1550 0.876774
1550 0.934194
1550 0.960645
1550 0.865161
1550 0.862581
1550 0.962581
1550 0.912903
1550 0.930323
1550 0.920645
1550 0.954839
1550 0.919355
1550 0.971613
1550 0.947742
1550 0.94
1550 0.928387
1550 0.924516
1550 0.894194
1550 0.910968
1550 0.94
1550 0.857419
1550 0.881935
1550 0.98129
1550 0.937419
1550 0.887742
1550 0.896129
1550 0.889032
1550 0.945806
1550 0.935484
1550 0.901935
1550 0.948387
1550 0.948387
1550 0.899355
1550 0.945161
1550 0.945161
1550 0.989677
1550 0.903871
1550 0.934839
1550 0.921935
1550 0.861935
1550 0.812903
1550 0.909677
1550 0.910323
1550 0.957419
1550 0.952258
1550 0.945161
1550 0.866452
1550 0.889677
1550 0.932258
1550 0.890968
1550 0.899355
1550 0.944516
1550 0.939355
1550 0.889677
1550 0.951613
1550 0.963226
1600 0.939375
1600 0.95125
1600 0.911875
1600 0.91875
1600 0.9025
1600 0.93125
1600 0.961875
1600 0.930625
1600 0.891875
1600 0.920625
1600 0.89
1600 0.9525
1600 0.90125
1600 0.84125
1600 0.89125
1600 0.943125
1600 0.88625
1600 0.899375
1600 0.9175
1600 0.87375
1600 0.916875
1600 0.950625
1600 0.953125
1600 0.921875
1600 0.920625
1600 0.948125
1600 0.955625
1600 0.91625
1600 0.934375
1600 0.9025
1600 0.908125
1600 0.915625
1600 0.92875
1600 0.91375
1600 0.91375
1600 0.885
1600 0.8875
1600 0.9075
1600 0.916875
1600 0.96375
1600 0.91375
1600 0.91875
1600 0.94
1600 0.9325
1600 0.888125
1600 0.9675
1600 0.80125
1600 0.95125
1600 0.974375
1600 0.943125
1600 0.92375
1600 0.9275
1600 0.880625
1600 0.946875
1600 0.935
1600 0.943125
1600 0.950625
1600 0.923125
1600 0.946875
1600 0.918125
1600 0.968125
1600 0.908125
1600 0.9125
1600 0.97125
1600 0.87375
1600 0.889375
1600 0.945625
1600 0.943125
1600 0.9375
1600 0.940625
1600 0.861875
1600 0.84875
1600 0.848125
1600 0.9625
1600 0.868125
1650 0.975758
1650 0.934545
1650 0.803636
1650 0.855152
1650 0.928485
1650 0.938182
1650 0.95697
1650 0.866061
1650 0.892121
1650 0.912727
1650 0.920606
1650 0.921212
1650 0.977576
1650 0.880606
1650 0.946061
1650 0.921212
1650 0.898182
1650 0.945455
1650 0.918788
1650 0.963636
1650 0.838788
1650 0.911515
1650 0.896364
1650 0.921818
1650 0.935758
1650 0.945455
1650 0.975152
1650 0.92303
1650 0.91697
1650 0.854545
1650 0.983636
1650 0.906061
1650 0.920606
1650 0.946061
1650 0.869091
1650 0.852727
1650 0.915152
1650 0.915152
1650 0.888485
1650 0.932727
1650 0.950909
1650 0.904848
1650 0.936364
1650 0.903636
1650 0.938788
1650 0.958788
1650 0.946667
1650 0.926061
1650 0.934545
1650 0.925455
1650 0.952121
1650 0.952727
1650 0.942424
1650 0.896364
1650 0.951515
1650 0.883636
1650 0.908485
1650 0.948485
1650 0.958182
1650 0.881212
1650 0.955758
1650 0.905455
1650 0.886061
1650 0.912727
1650 0.890303
1650 0.892121
1650 0.946667
1650 0.918788
1650 0.953333
1650 0.924242
1650 0.842424
1650 0.955758
1650 0.971515
1650 0.944848
1650 0.887273
1700 0.922353
1700 0.913529
1700 0.927059
1700 0.953529
1700 0.939412
1700 0.924706
1700 0.916471
1700 0.909412
1700 0.934118
1700 0.921765
1700 0.922941
1700 0.915294
1700 0.881765
1700 0.904706
1700 0.968235
1700 0.934118
1700 0.931765
1700 0.917059
1700 0.924118
1700 0.898235
1700 0.922941
1700 0.89
1700 0.935882
1700 0.865882
1700 0.938824
1700 0.924118
1700 0.933529
1700 0.85
1700 0.867059
1700 0.903529
1700 0.881176
1700 0.896471
1700 0.921765
1700 0.921765
1700 0.914118
1700 0.904118
1700 0.958824
1700 0.917647
1700 0.865294
1700 0.931765
1700 0.986471
1700 0.850588
1700 0.944118
1700 0.906471
1700 0.973529
1700 0.898824
1700 0.958235
1700 0.965294
1700 0.940588
1700 0.877647
1700 0.950588
1700 0.912941
1700 0.976471
1700 0.897059
1700 0.964118
1700 0.914118
1700 0.957059
1700 0.890588
1700 0.897059
1700 0.877647
1700 0.930588
1700 0.892353
1700 0.870588
1700 0.990588
1700 0.957059
1700 0.976471
1700 0.891765
1700 0.92
1700 0.951765
1700 0.984118
1700 0.902941
1700 0.918235
1700 0.896471
1700 0.958824
1700 0.923529
1750 0.828571
1750 0.889714
1750 0.833143
1750 0.938857
1750 0.870857
1750 0.94
1750 0.890857
1750 0.969714
1750 0.920571
1750 0.922857
1750 0.877714
1750 0.943429
1750 0.966857
1750 0.990286
1750 0.921143
1750 0.902286
1750 0.897714
1750 0.929143
1750 0.901714
1750 0.937143
1750 0.923429
1750 0.902286
1750 0.974857
1750 0.864
1750 0.869714
1750 0.960571
1750 0.904
1750 0.958286
1750 0.886857
1750 0.874286
1750 0.866857
1750 0.921143
1750 0.893143
1750 0.945714
1750 0.938857
1750 0.910286
1750 0.924571
1750 0.829143
1750 0.936
1750 0.973714
1750 0.943429
1750 0.960571
1750 0.958857
1750 0.884571
1750 0.994857
1750 0.952571
1750 0.962286
1750 0.888571
1750 0.932
1750 0.886857
1750 0.857714
1750 0.910286
1750 0.904571
1750 0.893714
1750 0.904
1750 0.913714
1750 0.996571
1750 0.902286
1750 0.937714
1750 0.976
1750 0.952
1750 0.918857
1750 0.956571
1750 0.953143
1750 0.910286
1750 0.949143
1750 0.827429
1750 0.988571
1750 0.902286
1750 0.867429
1750 0.523429
1750 0.911429
1750 0.966857
1750 0.906857
1750 0.913714
1800 0.928333
1800 0.978889
1800 0.958889
1800 0.907778
1800 0.947222
1800 0.922222
1800 0.868333
1800 0.905556
1800 0.922778
1800 0.912778
1800 0.937778
1800 0.92
1800 0.898889
1800 0.866111
1800 0.883889
1800 0.964444
1800 0.903333
1800 0.923889
1800 0.838333
1800 0.914444
1800 0.992222
1800 0.949444
1800 0.872778
1800 0.923889
1800 0.953889
1800 0.963333
1800 0.958889
1800 0.973333
1800 0.918333
1800 0.918333
1800 0.948333
1800 0.913889
1800 0.934444
1800 0.927222
1800 0.956111
1800 0.963889
1800 0.752778
1800 0.969444
1800 0.969444
1800 0.921111
1800 0.909444
1800 0.926111
1800 0.926111
1800 0.958889
1800 0.913889
1800 0.939444
1800 0.911111
1800 0.853889
1800 0.966667
1800 0.920556
1800 0.896111
1800 0.935
1800 0.886667
1800 0.896667
1800 0.905
1800 0.960556
1800 0.834444
1800 0.938889
1800 0.947222
1800 0.971111
1800 0.967778
1800 0.955556
1800 0.816111
1800 0.95
1800 0.901667
1800 0.893333
1800 0.942778
1800 0.937778
1800 0.836667
1800 0.930556
1800 0.965556
1800 0.896667
1800 0.910556
1800 0.897222
1800 0.947778
1850 0.8
1850 0.907027
1850 0.988649
1850 0.938378
1850 0.963784
1850 0.945946
1850 0.947027
1850 0.846486
1850 0.916216
1850 0.928108
1850 0.928108
1850 0.954054
1850 0.913514
1850 0.885405
1850 0.937838
1850 0.911351
1850 0.934595
1850 0.955135
1850 0.90973
1850 0.867027
1850 0.905405
1850 0.859459
1850 0.91027
1850 0.898919
1850 0.90973
1850 0.873514
1850 0.912973
1850 0.905946
1850 0.882703
1850 0.932973
1850 0.918919
1850 0.914054
1850 0.895676
1850 0.920541
1850 0.863243
1850 0.896216
1850 0.917838
1850 0.953514
1850 0.921622
1850 0.934595
1850 0.918919
1850 0.940541
1850 0.914595
1850 0.932973
1850 0.903243
1850 0.963784
1850 0.89027
1850 0.948649
1850 0.945405
1850 0.922703
1850 0.923784
1850 0.887568
1850 0.925946
1850 0.92973
1850 0.890811
1850 0.956757
1850 0.955676
1850 0.891892
1850 0.932973
1850 0.956757
1850 0.916216
1850 0.925405
1850 0.903784
1850 0.901622
1850 0.859459
1850 0.951892
1850 0.885946
1850 0.92
1850 0.916757
1850 0.8
1850 0.869189
1850 0.925405
1850 0.918378
1850 0.908649
1850 0.878919
1900 0.920526
1900 0.951053
1900 0.968421
1900 0.869474
1900 0.918421
1900 0.951053
1900 0.883684
1900 0.889474
1900 0.902105
1900 0.933158
1900 0.911053
1900 0.924737
1900 0.835789
1900 0.904211
1900 0.901579
1900 0.957368
1900 0.831579
1900 0.957895
1900 0.878421
1900 0.956842
1900 0.884211
1900 0.832632
1900 0.890526
1900 0.93
1900 0.896842
1900 0.874211
1900 0.921053
1900 0.891579
1900 0.887368
1900 0.930526
1900 0.907368
1900 0.912105
1900 0.902105
1900 0.897368
1900 0.913684
1900 0.903684
1900 0.950526
1900 0.97
1900 0.963158
1900 0.948421
1900 0.870526
1900 0.905789
1900 0.894211
1900 0.930526
1900 0.909474
1900 0.93
1900 0.954737
1900 0.894211
1900 0.861053
1900 0.904211
1900 0.914737
1900 0.917368
1900 0.971053
1900 0.865263
1900 0.948947
1900 0.918947
1900 0.964737
1900 0.9
1900 0.920526
1900 0.953158
1900 0.993684
1900 0.942105
1900 0.883158
1900 0.873158
1900 0.919474
1900 0.817368
1900 0.931579
1900 0.935789
1900 0.895263
1900 0.940526
1900 0.902632
1900 0.961053
1900 0.929474
1900 0.904737
1900 0.9
1950 0.918462
1950 0.951282
1950 0.959487
1950 0.904615
1950 0.873846
1950 0.948718
1950 0.904615
1950 0.902564
1950 0.964103
1950 0.932821
1950 0.917949
1950 0.891282
1950 0.968718
1950 0.885128
1950 0.921026
1950 0.929744
1950 0.901026
1950 0.952821
1950 0.887692
1950 0.918462
1950 0.931795
1950 0.930256
1950 0.942051
1950 0.925128
1950 0.913333
1950 0.947692
1950 0.938974
1950 0.955897
1950 0.951282
1950 0.871282
1950 0.927179
1950 0.941538
1950 0.970256
1950 0.931795
1950 0.953846
1950 0.914359
1950 0.960513
1950 0.963077
1950 0.931282
1950 0.929231
1950 0.961026
1950 0.927692
1950 0.935897
1950 0.924615
1950 0.96
1950 0.905641
1950 0.945128
1950 0.89641
1950 0.934359
1950 0.895385
1950 0.89641
1950 0.927179
1950 0.879487
1950 0.947179
1950 0.911795
1950 0.894872
1950 0.921538
1950 0.870769
1950 0.930769
1950 0.957436
1950 0.908718
1950 0.874872
1950 0.886154
1950 0.930256
1950 0.915385
1950 0.891795
1950 0.924103
1950 0.931282
1950 0.872821
1950 0.934872
1950 0.951282
1950 0.846154
1950 0.945641
1950 0.909744
1950 0.900513
2000 0.968
2000 0.8885
2000 0.895
2000 0.964
2000 0.942
2000 0.953
2000 0.9465
2000 0.9255
2000 0.9225
2000 0.9595
2000 0.904
2000 0.9175
2000 0.957
2000 0.928
2000 0.9015
2000 0.975
2000 0.959
2000 0.9155
2000 0.9585
2000 0.907
2000 0.894
2000 0.911
2000 0.9675
2000 0.9455
2000 0.897
2000 0.8675
2000 0.918
2000 0.882
2000 0.9505
2000 0.906
2000 0.9565
2000 0.9075
2000 0.963
2000 0.8805
2000 0.887
2000 0.953
2000 0.9665
2000 0.8885
2000 0.904
2000 0.932
2000 0.894
2000 0.9365
2000 0.8825
2000 0.854
2000 0.909
2000 0.9335
2000 0.901
2000 0.948
2000 0.881
2000 0.885
2000 0.94
2000 0.9025
2000 0.9285
2000 0.918
2000 0.9285
2000 0.876
2000 0.907
2000 0.9465
2000 0.9585
2000 0.9495
2000 0.9095
2000 0.891
2000 0.8535
2000 0.938
2000 0.936
2000 0.914
2000 0.918
2000 0.959
2000 0.9095
2000 0.9735
2000 0.881
2000 0.953
2000 0.976
2000 0.9465
2000 0.908
