50 0.12
50 0.06
50 0.02
50 0.18
50 0.18
50 0.62
50 0.4
50 0.04
50 0.02
50 0.18
50 0
50 0.12
50 0.38
50 0.14
50 0.18
50 0.22
50 0.08
50 0.58
50 0.22
50 0.1
50 0.16
50 0.06
50 0.38
50 0
50 0
50 0.64
50 0.34
50 0.26
50 0.2
50 0.22
50 0
50 0.34
50 0.52
50 0.14
50 0.04
50 0
50 0.08
50 0.68
50 0.78
50 0
50 0
50 0.2
50 0.28
50 0.12
50 0.18
50 0.46
50 0.18
50 0.66
50 0.4
50 0.38
50 0.46
50 0.04
50 0.38
50 0
50 0.6
50 0.56
50 0.44
50 0.18
50 0.44
50 0
50 0.38
50 0
50 0.2
50 0.6
50 0.34
50 0.26
50 0.18
50 0
50 0.44
50 0.12
50 0.22
50 0
50 0.08
50 0.64
50 0.14
100 0.23
100 0.28
100 0.32
100 0.62
100 0.58
100 0.75
100 0.54
100 0.84
100 0.82
100 0.64
100 0.85
100 0.53
100 0.28
100 0.15
100 0.89
100 0.18
100 0.64
100 0.55
100 0.51
100 0.69
100 0.65
100 0.68
100 0.57
100 0.8
100 0.53
100 0.36
100 0
100 0.5
100 0.2
100 0.57
100 0.74
100 0.45
100 0.35
100 0.74
100 0.78
100 0.5
100 0.73
100 0.59
100 0.17
100 0.45
100 0.68
100 0.21
100 0.37
100 0.84
100 0.75
100 0.8
100 0.54
100 0.74
100 0.76
100 0.56
100 0.72
100 0.37
100 0.27
100 0.56
100 0.59
100 0.96
100 0.76
100 0.81
100 0.79
100 0.86
100 0.42
100 0.28
100 0.52
100 0.53
100 0.46
100 0.09
100 0.19
100 0.66
100 0.77
100 0.68
100 0
100 0.62
100 0.4
100 0.06
100 0.83
150 0.693333
150 0.606667
150 0.82
150 0.686667
150 0.54
150 0.933333
150 0.726667
150 0.886667
150 0.74
150 0.413333
150 0.826667
150 0.826667
150 0.5
150 0.526667
150 0.666667
150 0.646667
150 0.953333
150 0.66
150 0.5
150 0.806667
150 0.82
150 0.746667
150 0.546667
150 0.28
150 0.886667
150 0.846667
150 0.72
150 0.84
150 0.88
150 0.78
150 0.76
150 0.66
150 0.773333
150 0.973333
150 0.72
150 0.54
150 0.48
150 0.533333
150 0.52
150 0.686667
150 0.933333
150 0.433333
150 0.306667
150 0.426667
150 0.286667
150 0.88
150 0.773333
150 0.813333
150 0.8
150 0.446667
150 0.666667
150 0.573333
150 0.746667
150 0.82
150 0.706667
150 0.866667
150 0.76
150 0.786667
150 0.393333
150 0.76
150 0.88
150 0.8
150 0.886667
150 0.24
150 0.88
150 0.72
150 0.64
150 0.286667
150 0.926667
150 0.506667
150 0.746667
150 0.426667
150 0.753333
150 0.753333
150 0.78
200 0.67
200 0.42
200 0.785
200 0.795
200 0.39
200 0.81
200 0.6
200 0.885
200 0.765
200 0.76
200 0.9
200 0.575
200 0.785
200 0.905
200 0.67
200 0.765
200 0.865
200 0.825
200 0.805
200 0.825
200 0.725
200 0.905
200 0.58
200 0.85
200 0.83
200 0.68
200 0.85
200 0.575
200 0.46
200 0.885
200 0.57
200 0.875
200 0.85
200 0.46
200 0.69
200 0.87
200 0.44
200 0.64
200 0.765
200 0.475
200 0.68
200 0.82
200 0.65
200 0.545
200 0.89
200 0.695
200 0.86
200 0.96
200 0.865
200 0.6
200 0.145
200 0.86
200 0.79
200 0.71
200 0.83
200 0.785
200 0.86
200 0.665
200 0.935
200 0.6
200 0.42
200 0.73
200 0.93
200 0.8
200 0.625
200 0.665
200 0.455
200 0.84
200 0.86
200 0.905
200 0.675
200 0.61
200 0.865
200 0.805
200 0.73
250 0.788
250 0.872
250 0.712
250 0.76
250 0.844
250 0.88
250 0.896
250 0.88
250 0.776
250 0.844
250 0.856
250 0.836
250 0.9
250 0.82
250 0.828
250 0.924
250 0.936
250 0.644
250 0.8
250 0.892
250 0.836
250 0.788
250 0.732
250 0.788
250 0.9
250 0.8
250 0.816
250 0.888
250 0.716
250 0.804
250 0.744
250 0.908
250 0.472
250 0.736
250 0.796
250 0.776
250 0.928
250 0.856
250 0.868
250 0.776
250 0.548
250 0.84
250 0.852
250 0.368
250 0.864
250 0.896
250 0.916
250 0.632
250 0.88
250 0.644
250 0.864
250 0.836
250 0.7
250 0.76
250 0.9
250 0.912
250 0.808
250 0.572
250 0.82
250 0.948
250 0.9
250 0.824
250 0.864
250 0.86
250 0.788
250 0.844
250 0.86
250 0.736
250 0.868
250 0.932
250 0.668
250 0.524
250 0.944
250 0.96
250 0.84
300 0.843333
300 0.926667
300 0.883333
300 0.88
300 0.666667
300 0.843333
300 0.813333
300 0.9
300 0.873333
300 0.78
300 0.92
300 0.806667
300 0.836667
300 0.906667
300 0.926667
300 0.9
300 0.883333
300 0.906667
300 0.89
300 0.856667
300 0.75
300 0.73
300 0.823333
300 0.906667
300 0.943333
300 0.9
300 0.893333
300 0.866667
300 0.923333
300 0.93
300 0.833333
300 0.793333
300 0.786667
300 0.8
300 0.846667
300 0.923333
300 0.85
300 0.85
300 0.836667
300 0.95
300 0.823333
300 0.68
300 0.923333
300 0.793333
300 0.833333
300 0.716667
300 0.753333
300 0.466667
300 0.65
300 0.926667
300 0.673333
300 0.906667
300 0.76
300 0.816667
300 0.81
300 0.743333
300 0.926667
300 0.853333
300 0.81
300 0.826667
300 0.903333
300 0.83
300 0.84
300 0.776667
300 0.91
300 0.793333
300 0.933333
300 0.82
300 0.823333
300 0.85
300 0.906667
300 0.936667
300 0.87
300 0.803333
300 0.833333
350 0.922857
350 0.928571
350 0.84
350 0.631429
350 0.942857
350 0.597143
350 0.728571
350 0.945714
350 0.931429
350 0.94
350 0.874286
350 0.874286
350 0.957143
350 0.877143
350 0.92
350 0.825714
350 0.942857
350 0.862857
350 0.791429
350 0.76
350 0.897143
350 0.72
350 0.925714
350 0.914286
350 0.908571
350 0.88
350 0.905714
350 0.914286
350 0.908571
350 0.86
350 0.762857
350 0.9
350 0.897143
350 0.922857
350 0.86
350 0.874286
350 0.868571
350 0.6
350 0.888571
350 0.828571
350 0.897143
350 0.877143
350 0.937143
350 0.934286
350 0.897143
350 0.905714
350 0.688571
350 0.825714
350 0.762857
350 0.894286
350 0.857143
350 0.874286
350 0.92
350 0.857143
350 0.774286
350 0.982857
350 0.905714
350 0.9
350 0.817143
350 0.885714
350 0.851429
350 0.834286
350 0.9
350 0.857143
350 0.731429
350 0.834286
350 0.88
350 0.871429
350 0.9
350 0.934286
350 0.954286
350 0.931429
350 0.388571
350 0.845714
350 0.845714
400 0.9225
400 0.805
400 0.845
400 0.835
400 0.8025
400 0.85
400 0.875
400 0.7
400 0.88
400 0.6925
400 0.875
400 0.925
400 0.84
400 0.81
400 0.8675
400 0.8575
400 0.8875
400 0.56
400 0.8775
400 0.9025
400 0.785
400 0.8925
400 0.855
400 0.7425
400 0.945
400 0.8425
400 0.8675
400 0.71
400 0.9075
400 0.88
400 0.87
400 0.785
400 0.8925
400 0.8875
400 0.94
400 0.855
400 0.8
400 0.6475
400 0.9625
400 0.7725
400 0.915
400 0.915
400 0.8775
400 0.885
400 0.8325
400 0.915
400 0.8825
400 0.7525
400 0.9425
400 0.93
400 0.8875
400 0.8225
400 0.8825
400 0.7575
400 0.8425
400 0.875
400 0.9075
400 0.875
400 0.96
400 0.8275
400 0.855
400 0.8325
400 0.905
400 0.8775
400 0.8475
400 0.865
400 0.8575
400 0.9825
400 0.8575
400 0.88
400 0.775
400 0.8075
400 0.9375
400 0.8725
400 0.885
450 0.922222
450 0.808889
450 0.982222
450 0.982222
450 0.897778
450 0.904444
450 0.877778
450 0.897778
450 0.86
450 0.864444
450 0.88
450 0.875556
450 0.851111
450 0.908889
450 0.697778
450 0.86
450 0.846667
450 0.897778
450 0.806667
450 0.94
450 0.902222
450 0.868889
450 0.897778
450 0.942222
450 0.857778
450 0.608889
450 0.913333
450 0.671111
450 0.762222
450 0.668889
450 0.9
450 0.917778
450 0.931111
450 0.811111
450 0.871111
450 0.913333
450 0.846667
450 0.76
450 0.888889
450 0.924444
450 0.897778
450 0.897778
450 0.693333
450 0.955556
450 0.92
450 0.86
450 0.888889
450 0.748889
450 0.948889
450 0.953333
450 0.877778
450 0.835556
450 0.831111
450 0.804444
450 0.875556
450 0.913333
450 0.864444
450 0.953333
450 0.953333
450 0.873333
450 0.895556
450 0.78
450 0.915556
450 0.844444
450 0.846667
450 0.842222
450 0.835556
450 0.731111
450 0.882222
450 0.871111
450 0.857778
450 0.888889
450 0.964444
450 0.862222
450 0.697778
500 0.956
500 0.906
500 0.932
500 0.924
500 0.714
500 0.784
500 0.9
500 0.888
500 0.804
500 0.932
500 0.848
500 0.806
500 0.88
500 0.838
500 0.928
500 0.88
500 0.918
500 0.952
500 0.956
500 0.836
500 0.904
500 0.826
500 0.864
500 0.79
500 0.712
500 0.794
500 0.872
500 0.9
500 0.92
500 0.88
500 0.812
500 0.84
500 0.93
500 0.918
500 0.882
500 0.88
500 0.894
500 0.932
500 0.912
500 0.888
500 0.914
500 0.874
500 0.908
500 0.888
500 0.836
500 0.806
500 0.9
500 0.872
500 0.918
500 0.928
500 0.854
500 0.89
500 0.852
500 0.766
500 0.882
500 0.864
500 0.918
500 0.892
500 0.954
500 0.912
500 0.874
500 0.838
500 0.948
500 0.79
500 0.924
500 0.844
500 0.874
500 0.87
500 0.948
500 0.836
500 0.572
500 0.938
500 0.954
500 0.97
500 0.932
550 0.750909
550 0.865455
550 0.865455
550 0.956364
550 0.805455
550 0.930909
550 0.872727
550 0.990909
550 0.914545
550 0.892727
550 0.847273
550 0.887273
550 0.64
550 0.934545
550 0.887273
550 0.88
550 0.818182
550 0.847273
550 0.96
550 0.869091
550 0.923636
550 0.830909
550 0.885455
550 0.881818
550 0.903636
550 0.909091
550 0.870909
550 0.814545
550 0.829091
550 0.892727
550 0.907273
550 0.707273
550 0.929091
550 0
550 0.809091
550 0.845455
550 0.881818
550 0.841818
550 0.934545
550 0.892727
550 0.934545
550 0.849091
550 0.952727
550 0.874545
550 0.9
550 0.887273
550 0.869091
550 0.830909
550 0.894545
550 0.727273
550 0.890909
550 0.961818
550 0.916364
550 0.861818
550 0.754545
550 0.709091
550 0.98
550 0.885455
550 0.914545
550 0.847273
550 0.88
550 0.967273
550 0.950909
550 0.905455
550 0.927273
550 0.903636
550 0.954545
550 0.925455
550 0.841818
550 0.814545
550 0.909091
550 0.936364
550 0.841818
550 0.943636
550 0.889091
600 0.866667
600 0.883333
600 0.85
600 0.666667
600 0.933333
600 0.953333
600 0.895
600 0.956667
600 0.955
600 0.815
600 0.771667
600 0.873333
600 0.898333
600 0.936667
600 0.893333
600 0.846667
600 0.941667
600 0.868333
600 0.928333
600 0.911667
600 0.801667
600 0.906667
600 0.96
600 0.93
600 0.843333
600 0.891667
600 0.901667
600 0.951667
600 0.841667
600 0.91
600 0.873333
600 0.905
600 0.856667
600 0.848333
600 0.883333
600 0.79
600 0.825
600 0.818333
600 0.87
600 0.936667
600 0.536667
600 0.903333
600 0.876667
600 0.888333
600 0.871667
600 0.863333
600 0.908333
600 0.823333
600 0.846667
600 0.906667
600 0.795
600 0.715
600 0.916667
600 0.8
600 0.908333
600 0.968333
600 0.863333
600 0.876667
600 0.925
600 0.946667
600 0.94
600 0.935
600 0.935
600 0.896667
600 0.961667
600 0.876667
600 0.913333
600 0.98
600 0.873333
600 0.918333
600 0.861667
600 0.825
600 0.951667
600 0.916667
600 0.903333
650 0.853846
650 0.835385
650 0.898462
650 0.827692
650 0.863077
650 0.907692
650 0.726154
650 0.936923
650 0.901538
650 0.869231
650 0.872308
650 0.852308
650 0.941538
650 0.86
650 0.907692
650 0.876923
650 0.889231
650 0.756923
650 0.94
650 0.887692
650 0.889231
650 0.838462
650 0.938462
650 0.883077
650 0.803077
650 0.872308
650 0.872308
650 0.907692
650 0.94
650 0.918462
650 0.861538
650 0.906154
650 0.887692
650 0.852308
650 0.916923
650 0.810769
650 0.918462
650 0.869231
650 0.810769
650 0.946154
650 0.924615
650 0.921538
650 0.924615
650 0.846154
650 0.841538
650 0.912308
650 0.823077
650 0.921538
650 0.936923
650 0.88
650 0.873846
650 0.886154
650 0.946154
650 0.850769
650 0.918462
650 0.838462
650 0.910769
650 0.923077
650 0.903077
650 0.983077
650 0.835385
650 0.878462
650 0.944615
650 0.864615
650 0.821538
650 0.961538
650 0.889231
650 0.887692
650 0.906154
650 0.873846
650 0.94
650 0.915385
650 0.909231
650 0.94
650 0.944615
700 0.868571
700 0.904286
700 0.898571
700 0.908571
700 0.924286
700 0.937143
700 0.83
700 0.924286
700 0.945714
700 0.9
700 0.892857
700 0.865714
700 0.915714
700 0.921429
700 0.912857
700 0.897143
700 0.84
700 0.894286
700 0.957143
700 0.86
700 0.858571
700 0.964286
700 0.918571
700 0.85
700 0.934286
700 0.891429
700 0.918571
700 0.837143
700 0.918571
700 0.91
700 0.858571
700 0.832857
700 0.911429
700 0.894286
700 0.912857
700 0.952857
700 0.964286
700 0.891429
700 0.848571
700 0.845714
700 0.852857
700 0.705714
700 0.892857
700 0.942857
700 0.727143
700 0.961429
700 0.8
700 0.902857
700 0.871429
700 0.905714
700 0.908571
700 0.871429
700 0.821429
700 0.894286
700 0.798571
700 0.894286
700 0.93
700 0.931429
700 0.875714
700 0.824286
700 0.907143
700 0.88
700 0.874286
700 0.744286
700 0.905714
700 0.96
700 0.874286
700 0.912857
700 0.877143
700 0.872857
700 0.87
700 0.977143
700 0.941429
700 0.781429
700 0.778571
750 0.88
750 0.888
750 0.893333
750 0.993333
750 0.978667
750 0.929333
750 0.906667
750 0.817333
750 0.850667
750 0.842667
750 0.809333
750 0.898667
750 0.918667
750 0.848
750 0.872
750 0.88
750 0.962667
750 0.876
750 0.904
750 0.942667
750 0.956
750 0.876
750 0.850667
750 0.954667
750 0.914667
750 0.902667
750 0.892
750 0.998667
750 0.789333
750 0.906667
750 0.910667
750 0.910667
750 0.88
750 0.84
750 0.878667
750 0.870667
750 0.889333
750 0.822667
750 0.84
750 0.828
750 0.950667
750 0.785333
750 0.909333
750 0.921333
750 0.916
750 0.88
750 0.904
750 0.830667
750 0.885333
750 0.874667
750 0.904
750 0.865333
750 0.938667
750 0.938667
750 0.909333
750 0.882667
750 0.885333
750 0.856
750 0.866667
750 0.885333
750 0.857333
750 0.908
750 0.901333
750 0.802667
750 0.904
750 0.893333
750 0.781333
750 0.968
750 0.854667
750 0.886667
750 0.929333
750 0.946667
750 0.861333
750 0.884
750 0.92
800 0.92625
800 0.92
800 0.92375
800 0.865
800 0.9125
800 0.88875
800 0.7875
800 0.89875
800 0.9775
800 0.90125
800 0.8775
800 0.88375
800 0.95875
800 0.92875
800 0.865
800 0.86375
800 0.94625
800 0.89625
800 0.92875
800 0.8425
800 0.915
800 0.91125
800 0.93875
800 0.915
800 0.905
800 0.92375
800 0.86625
800 0.90875
800 0.91625
800 0.84125
800 0.98125
800 0.9075
800 0.89375
800 0.91375
800 0.88625
800 0.955
800 0.89875
800 0.885
800 0.84375
800 0.77625
800 0.93625
800 0.8975
800 0.88
800 0.8675
800 0.8275
800 0.85625
800 0.90375
800 0.925
800 0.93125
800 0.895
800 0.78125
800 0.90875
800 0.9275
800 0.93375
800 0.87625
800 0.90625
800 0.88875
800 0.83
800 0.865
800 0.95
800 0.89125
800 0.93375
800 0.875
800 0.94
800 0.95375
800 0.9075
800 0.90875
800 0.91875
800 0.895
800 0.9175
800 0.9425
800 0.91
800 0.93375
800 0.84
800 0.885
850 0.823529
850 0.891765
850 0.918824
850 0.888235
850 0.858824
850 0.868235
850 0.877647
850 0.897647
850 0.816471
850 0.877647
850 0.891765
850 0.978824
850 0.891765
850 0.931765
850 0.825882
850 0.903529
850 0.896471
850 0.924706
850 0.878824
850 0.923529
850 0.885882
850 0.967059
850 0.888235
850 0.932941
850 0.890588
850 0.931765
850 0.881176
850 0.892941
850 0.983529
850 0.877647
850 0.843529
850 0.901176
850 0.915294
850 0.908235
850 0.889412
850 0.865882
850 0.938824
850 0.872941
850 0.885882
850 0.855294
850 0.891765
850 0.869412
850 0.922353
850 0.921176
850 0.889412
850 0.858824
850 0.927059
850 0.845882
850 0.952941
850 0.86
850 0.843529
850 0.910588
850 0.884706
850 0.864706
850 0.674118
850 0.983529
850 0.912941
850 0.901176
850 0.924706
850 0.868235
850 0.851765
850 0.871765
850 0.837647
850 0.88
850 0.892941
850 0.947059
850 0.932941
850 0.924706
850 0.844706
850 0.857647
850 0.921176
850 0.895294
850 0.830588
850 0.835294
850 0.809412
900 0.917778
900 0.932222
900 0.912222
900 0.934444
900 0.927778
900 0.905556
900 0.936667
900 0.876667
900 0.888889
900 0.864444
900 0.924444
900 0.885556
900 0.884444
900 0.918889
900 0.901111
900 0.876667
900 0.876667
900 0.843333
900 0.792222
900 0.905556
900 0.906667
900 0.888889
900 0.858889
900 0.873333
900 0.892222
900 0.782222
900 0.896667
900 0.903333
900 0.845556
900 0.877778
900 0.856667
900 0.888889
900 0.911111
900 0.924444
900 0.905556
900 0.942222
900 0.931111
900 0.941111
900 0.896667
900 0.873333
900 0.725556
900 0.862222
900 0.898889
900 0.814444
900 0.936667
900 0.9
900 0.934444
900 0.914444
900 0.905556
900 0.876667
900 0.874444
900 0.902222
900 0.802222
900 0.938889
900 0.902222
900 0.933333
900 0.961111
900 0.856667
900 0.955556
900 0.946667
900 0.914444
900 0.873333
900 0.958889
900 0.924444
900 0.791111
900 0.846667
900 0.925556
900 0.902222
900 0.952222
900 0.794444
900 0.88
900 0.886667
900 0.897778
900 0.925556
900 0.927778
950 0.835789
950 0.928421
950 0.924211
950 0.911579
950 0.932632
950 0.895789
950 0.872632
950 0.922105
950 0.838947
950 0.887368
950 0.815789
950 0.844211
950 0.94
950 0.969474
950 0.925263
950 0.910526
950 0.902105
950 0.921053
950 0.923158
950 0.892632
950 0.973684
950 0.865263
950 0.906316
950 0.908421
950 0.925263
950 0.957895
950 0.816842
950 0.937895
950 0.938947
950 0.833684
950 0.907368
950 0.921053
950 0.885263
950 0.931579
950 0.929474
950 0.891579
950 0.886316
950 0.790526
950 0.909474
950 0.865263
950 0.902105
950 0.935789
950 0.915789
950 0.827368
950 0.909474
950 0.867368
950 0.916842
950 0.881053
950 0.927368
950 0.948421
950 0.846316
950 0.974737
950 0.906316
950 0.902105
950 0.992632
950 0.943158
950 0.891579
950 0.891579
950 0.914737
950 0.924211
950 0.923158
950 0.850526
950 0.901053
950 0.886316
950 0.984211
950 0.870526
950 0.932632
950 0.971579
950 0.848421
950 0.889474
950 0.904211
950 0.894737
950 0.933684
950 0.906316
950 0.988421
1000 0.955
1000 0.79
1000 0.926
1000 0.882
1000 0.914
1000 0.88
1000 0.934
1000 0.894
1000 0.92
1000 0.8
1000 0.822
1000 0.926
1000 0.939
1000 0.9
1000 0.853
1000 0.834
1000 0.865
1000 0.885
1000 0.958
1000 0.926
1000 0.847
1000 0.789
1000 0.91
1000 0.89
1000 0.819
1000 0.895
1000 0.865
1000 0.907
1000 0.931
1000 0.903
1000 0.98
1000 0.877
1000 0.963
1000 0.94
1000 0.733
1000 0.954
1000 0.971
1000 0.787
1000 0.897
1000 0.904
1000 0.876
1000 0.853
1000 0.946
1000 0.878
1000 0.899
1000 0.863
1000 0.838
1000 0.955
1000 0.849
1000 0.913
1000 0.895
1000 0.872
1000 0.896
1000 0.932
1000 0.989
1000 0.833
1000 0.899
1000 0.83
1000 0.936
1000 0.908
1000 0.954
1000 0.936
1000 0.85
1000 0.872
1000 0.855
1000 0.914
1000 0.823
1000 0.908
1000 0.848
1000 0.961
1000 0.97
1000 0.86
1000 0.936
1000 0.898
1000 0.883
1050 0.880952
1050 0.95619
1050 0.926667
1050 0.89619
1050 0.658095
1050 0.930476
1050 0.946667
1050 0.934286
1050 0.866667
1050 0.833333
1050 0.955238
1050 0.972381
1050 0.833333
1050 0.873333
1050 0.920952
1050 0.906667
1050 0.931429
1050 0.910476
1050 0.865714
1050 0.937143
1050 0.97619
1050 0.892381
1050 0.880952
1050 0.82381
1050 0.897143
1050 0.875238
1050 0.877143
1050 0.917143
1050 0.926667
1050 0.886667
1050 0.880952
1050 0.913333
1050 0.874286
1050 0.931429
1050 0.908571
1050 0.87619
1050 0.892381
1050 0.931429
1050 0.932381
1050 0.924762
1050 0.92
1050 0.959048
1050 0.82
1050 0.860952
1050 0.922857
1050 0.946667
1050 0.954286
1050 0.895238
1050 0.885714
1050 0.890476
1050 0.911429
1050 0.889524
1050 0.889524
1050 0.82
1050 0.95619
1050 0.892381
1050 0.870476
1050 0.897143
1050 0.928571
1050 0.891429
1050 0.874286
1050 0.95619
1050 0.887619
1050 0.918095
1050 0.832381
1050 0.89619
1050 0.925714
1050 0.908571
1050 0.87619
1050 0.854286
1050 0.933333
1050 0.952381
1050 0.89619
1050 0.927619
1050 0.826667
1100 0.941818
1100 0.908182
1100 0.925455
1100 0.908182
1100 0.956364
1100 0.96
1100 0.885455
1100 0.922727
1100 0.949091
1100 0.85
1100 0.898182
1100 0.966364
1100 0.96
1100 0.886364
1100 0.907273
1100 0.917273
1100 0.910909
1100 0.941818
1100 0.947273
1100 0.948182
1100 0.951818
1100 0.898182
1100 0.889091
1100 0.91
1100 0.959091
1100 0.916364
1100 0.912727
1100 0.950909
1100 0.916364
1100 0.871818
1100 0.926364
1100 0.849091
1100 0.925455
1100 0.915455
1100 0.771818
1100 0.942727
1100 0.944545
1100 0.915455
1100 0.89
1100 0.902727
1100 0.915455
1100 0.82
1100 0.938182
1100 0.923636
1100 0.930909
1100 0.896364
1100 0.972727
1100 0.957273
1100 0.920909
1100 0.88
1100 0.866364
1100 0.958182
1100 0.885455
1100 0.926364
1100 0.872727
1100 0.955455
1100 0.897273
1100 0.962727
1100 0.917273
1100 0.839091
1100 0.916364
1100 0.897273
1100 0.903636
1100 0.887273
1100 0.923636
1100 0.908182
1100 0.921818
1100 0.917273
1100 0.930909
1100 0.892727
1100 0.87
1100 0.99
1100 0.888182
1100 0.788182
1100 0.761818
1150 0.857391
1150 0.975652
1150 0.904348
1150 0.92087
1150 0.918261
1150 0.932174
1150 0.955652
1150 0.854783
1150 0.918261
1150 0.869565
1150 0.926087
1150 0.84087
1150 0.903478
1150 0.909565
1150 0.961739
1150 0.892174
1150 0.917391
1150 0.806087
1150 0.930435
1150 0.918261
1150 0.957391
1150 0.953913
1150 0.874783
1150 0.95913
1150 0.942609
1150 0.92
1150 0.908696
1150 0.86
1150 0.912174
1150 0.898261
1150 0.867826
1150 0.955652
1150 0.902609
1150 0.886957
1150 0.937391
1150 0.952174
1150 0.88
1150 0.871304
1150 0.895652
1150 0.928696
1150 0.783478
1150 0.92087
1150 0.92
1150 0.98087
1150 0.97913
1150 0.815652
1150 0.913043
1150 0.858261
1150 0.873043
1150 0.935652
1150 0.993043
1150 0.878261
1150 0.866957
1150 0.908696
1150 0.929565
1150 0.885217
1150 0.876522
1150 0.838261
1150 0.930435
1150 0.893043
1150 0.872174
1150 0.906957
1150 0.822609
1150 0.835652
1150 0.855652
1150 0.9
1150 0.865217
1150 0.864348
1150 0.94087
1150 0.870435
1150 0.918261
1150 0.829565
1150 0.886957
1150 0.834783
1150 0.923478
1200 0.9325
1200 0.925
1200 0.910833
1200 0.919167
1200 0.9275
1200 0.883333
1200 0.928333
1200 0.84
1200 0.924167
1200 0.768333
1200 0.969167
1200 0.883333
1200 0.939167
1200 0.9175
1200 0.928333
1200 0.936667
1200 0.945833
1200 0.9575
1200 0.94
1200 0.89
1200 0.906667
1200 0.940833
1200 0.896667
1200 0.946667
1200 0.9025
1200 0.908333
1200 0.811667
1200 0.913333
1200 0.941667
1200 0.9625
1200 0.951667
1200 0.89
1200 0.971667
1200 0.859167
1200 0.945833
1200 0.868333
1200 0.964167
1200 0.945833
1200 0.885
1200 0.909167
1200 0.866667
1200 0.700833
1200 0.858333
1200 0.9425
1200 0.905833
1200 0.925
1200 0.850833
1200 0.934167
1200 0.890833
1200 0.905
1200 0.955833
1200 0.923333
1200 0.916667
1200 0.910833
1200 0.938333
1200 0.8925
1200 0.945833
1200 0.920833
1200 0.910833
1200 0.9375
1200 0.955
1200 0.9425
1200 0.936667
1200 0.921667
1200 0.929167
1200 0.923333
1200 0.9525
1200 0.950833
1200 0.943333
1200 0.815
1200 0.9125
1200 0.865833
1200 0.916667
1200 0.961667
1200 0.955833
1250 0.8368
1250 0.8808
1250 0.9384
1250 0.8944
1250 0.9088
1250 0.916
1250 0.8656
1250 0.9024
1250 0.9256
1250 0.832
1250 0.9304
1250 0.8864
1250 0.908
1250 0.9328
1250 0.9112
1250 0.9152
1250 0.8344
1250 0.9168
1250 0.9224
1250 0.8448
1250 0.8744
1250 0.9392
1250 0.8176
1250 0.8856
1250 0.8664
1250 0.9824
1250 0.896
1250 0.8976
1250 0.8584
1250 0.8
1250 0.9352
1250 0.932
1250 0.8808
1250 0.9312
1250 0.9128
1250 0.9112
1250 0.9632
1250 0.9
1250 0.9416
1250 0.9032
1250 0.896
1250 0.9216
1250 0.9232
1250 0.856
1250 0.9208
1250 0.932
1250 0.7432
1250 0.7808
1250 0.8712
1250 0.9056
1250 0.9624
1250 0.9768
1250 0.8976
1250 0.8832
1250 0.9032
1250 0.896
1250 0.8584
1250 0.932
1250 0.9304
1250 0.904
1250 0.864
1250 0.9512
1250 0.932
1250 0.8864
1250 0.9112
1250 0.9288
1250 0.9072
1250 0.8736
1250 0.9376
1250 0.9688
1250 0.9072
1250 0.8904
1250 0.956
1250 0.9056
1250 0.9032
1300 0.872308
1300 0.959231
1300 0.883077
1300 0.887692
1300 0.858462
1300 0.908462
1300 0.951538
1300 0.906154
1300 0.910769
1300 0.901538
1300 0.907692
1300 0.882308
1300 0.902308
1300 0.886154
1300 0.906154
1300 0.899231
1300 0.942308
1300 0.872308
1300 0.927692
1300 0.945385
1300 0.934615
1300 0.955385
1300 0.85
1300 0.853077
1300 0.863846
1300 0.916923
1300 0.966154
1300 0.909231
1300 0.893846
1300 0.855385
1300 0.904615
1300 0.829231
1300 0.905385
1300 0.96
1300 0.920769
1300 0.922308
1300 0.853846
1300 0.93
1300 0.909231
1300 0.915385
1300 0.948462
1300 0.936154
1300 0.907692
1300 0.923846
1300 0.909231
1300 0.926923
1300 0.933077
1300 0.933846
1300 0.76
1300 0.916154
1300 0.944615
1300 0.866154
1300 0.939231
1300 0.916154
1300 0.943077
1300 0.895385
1300 0.936923
1300 0.92
1300 0.853846
1300 0.949231
1300 0.936923
1300 0.936923
1300 0.843846
1300 0.866923
1300 0.89
1300 0.941538
1300 0.936154
1300 0.883846
1300 0.899231
1300 0.895385
1300 0.929231
1300 0.900769
1300 0.956154
1300 0.902308
1300 0.961538
1350 0.920741
1350 0.931852
1350 0.926667
1350 0.955556
1350 0.84
1350 0.937778
1350 0.92
1350 0.904444
1350 0.85037
1350 0.922222
1350 0.897778
1350 0.806667
1350 0.905926
1350 0.828889
1350 0.878519
1350 0.865185
1350 0.945185
1350 0.953333
1350 0.914074
1350 0.831111
1350 0.891111
1350 0.900741
1350 0.932593
1350 0.942963
1350 0.866667
1350 0.857037
1350 0.886667
1350 0.965185
1350 0.927407
1350 0.893333
1350 0.902222
1350 0.918519
1350 0.868148
1350 0.939259
1350 0.92
1350 0.88963
1350 0.959259
1350 0.948889
1350 0.948889
1350 0.9
1350 0.932593
1350 0.884444
1350 0.893333
1350 0.922963
1350 0.917037
1350 0.9
1350 0.92963
1350 0.888889
1350 0.903704
1350 0.880741
1350 0.925926
1350 0.95037
1350 0.886667
1350 0.965185
1350 0.834815
1350 0.925185
1350 0.952593
1350 0.920741
1350 0.936296
1350 0.91037
1350 0.954815
1350 0.882963
1350 0.906667
1350 0.797037
1350 0.897037
1350 0.960741
1350 0.922963
1350 0.858519
1350 0.92963
1350 0.932593
1350 0.905185
1350 0.885926
1350 0.939259
1350 0.977037
1350 0.93037
1400 0.967143
1400 0.889286
1400 0.922143
1400 0.915
1400 0.932857
1400 0.832857
1400 0.942143
1400 0.876429
1400 0.863571
1400 0.912143
1400 0.926429
1400 0.95
1400 0.931429
1400 0.945714
1400 0.950714
1400 0.621429
1400 0.942143
1400 0.942143
1400 0.897143
1400 0.902143
1400 0.857143
1400 0.947143
1400 0.965
1400 0.889286
1400 0.865
1400 0.930714
1400 0.871429
1400 0.897857
1400 0.907857
1400 0.961429
1400 0.881429
1400 0.948571
1400 0.927857
1400 0.892857
1400 0.907857
1400 0.927857
1400 0.895714
1400 0.922143
1400 0.927143
1400 0.871429
1400 0.965
1400 0.907143
1400 0.904286
1400 0.835714
1400 0.865714
1400 0.915714
1400 0.909286
1400 0.928571
1400 0.919286
1400 0.911429
1400 0.920714
1400 0.943571
1400 0.883571
1400 0.915714
1400 0.873571
1400 0.944286
1400 0.948571
1400 0.894286
1400 0.962857
1400 0.957143
1400 0.891429
1400 0.978571
1400 0.825
1400 0.956429
1400 0.831429
1400 0.942143
1400 0.927143
1400 0.862857
1400 0.9
1400 0.916429
1400 0.838571
1400 0.737143
1400 0.866429
1400 0.923571
1400 0.849286
1450 0.828966
1450 0.975862
1450 0.944138
1450 0.884138
1450 0.974483
1450 0.887586
1450 0.936552
1450 0.96069
1450 0.903448
1450 0.871724
1450 0.875862
1450 0.981379
1450 0.88069
1450 0.954483
1450 0.909655
1450 0.84
1450 0.926897
1450 0.932414
1450 0.912414
1450 0.948966
1450 0.929655
1450 0.88
1450 0.877241
1450 0.98069
1450 0.932414
1450 0.911724
1450 0.893793
1450 0.922759
1450 0.901379
1450 0.881379
1450 0.911724
1450 0.965517
1450 0.91931
1450 0.88069
1450 0.915172
1450 0.842759
1450 0.854483
1450 0.91931
1450 0.855172
1450 0.934483
1450 0.935172
1450 0.850345
1450 0.913103
1450 0.833793
1450 0.786207
1450 0.861379
1450 0.941379
1450 0.90069
1450 0.913793
1450 0.922759
1450 0.897931
1450 0.935172
1450 0.950345
1450 0.857931
1450 0.911724
1450 0.847586
1450 0.816552
1450 0.933793
1450 0.913103
1450 0.903448
1450 0.881379
1450 0.884138
1450 0.873103
1450 0.904828
1450 0.891724
1450 0.834483
1450 0.892414
1450 0.901379
1450 0.846897
1450 0.9
1450 0.91931
1450 0.966897
1450 0.952414
1450 0.903448
1450 0.89931
1500 0.927333
1500 0.945333
1500 0.910667
1500 0.897333
1500 0.878
1500 0.912
1500 0.856667
1500 0.879333
1500 0.874667
1500 0.914667
1500 0.757333
1500 0.852667
1500 0.930667
1500 0.924667
1500 0.901333
1500 0.932
1500 0.876667
1500 0.933333
1500 0.962667
1500 0.926667
1500 0.880667
1500 0.86
1500 0.898667
1500 0.870667
1500 0.897333
1500 0.880667
1500 0.877333
1500 0.937333
1500 0.922667
1500 0.882667
1500 0.946
1500 0.958
1500 0.899333
1500 0.950667
1500 0.880667
1500 0.876
1500 0.915333
1500 0.912667
1500 0.918
1500 0.904667
1500 0.944667
1500 0.916
1500 0.896
1500 0.915333
1500 0.932667
1500 0.900667
1500 0.939333
1500 0.948667
1500 0.843333
1500 0.85
1500 0.864667
1500 0.897333
1500 0.930667
1500 0.872667
1500 0.898667
1500 0.873333
1500 0.951333
1500 0.905333
1500 0.958667
1500 0.95
1500 0.784
1500 0.795333
1500 0.930667
1500 0.856
1500 0.902
1500 0.962667
1500 0.927333
1500 0.924
1500 0.888667
1500 0.844667
1500 0.890667
1500 0.874
1500 0.720667
1500 0.877333
1500 0.899333
1550 0.87871
1550 0.854839
1550 0.796774
1550 0.937419
1550 0.887097
1550 0.890968
1550 0.933548
1550 0.818065
1550 0.843226
1550 0.622581
1550 0.93871
1550 0.808387
1550 0.900645
1550 0.843871
1550 0.910323
1550 0.931613
1550 0.935484
1550 0.883871
1550 0.883226
1550 0.884516
1550 0.94129
1550 0.92129
1550 0.956129
1550 0.874839
1550 0.93871
1550 0.926452
1550 0.92129
1550 0.918065
1550 0.947097
1550 0.90129
1550 0.934194
1550 0.930323
1550 0.92
1550 0.909677
1550 0.890323
1550 0.907097
1550 0.915484
1550 0.9
1550 0.99871
1550 0.912258
1550 0.813548
1550 0.949677
1550 0.894194
1550 0.898065
1550 0.947097
1550 0.879355
1550 0.889032
1550 0.942581
1550 0.911613
1550 0.943226
1550 0.927097
1550 0.885806
1550 0.909677
1550 0.914194
1550 0.939355
1550 0.787097
1550 0.929032
1550 0.88
1550 0.872903
1550 0.928387
1550 0.874839
1550 0.934194
1550 0.96129
1550 0.932903
1550 0.840645
1550 0.892903
1550 0.847742
1550 0.998065
1550 0.908387
1550 0.882581
1550 0.876129
1550 0.922581
1550 0.887097
1550 0.954194
1550 0.88129
1600 0.931875
1600 0.938125
1600 0.923125
1600 0.864375
1600 0.935
1600 0.90625
1600 0.9325
1600 0.936875
1600 0.8825
1600 0.929375
1600 0.9525
1600 0.9575
1600 0.9525
1600 0.880625
1600 0.93125
1600 0.9075
1600 0.943125
1600 0.915625
1600 0.96625
1600 0.85625
1600 0.924375
1600 0.964375
1600 0.96625
1600 0.955
1600 0.899375
1600 0.906875
1600 0.9775
1600 0.9325
1600 0.8975
1600 0.8375
1600 0.91875
1600 0.885
1600 0.8475
1600 0.976875
1600 0.943125
1600 0.889375
1600 0.9325
1600 0.870625
1600 0.966875
1600 0.958125
1600 0.908125
1600 0.880625
1600 0.91
1600 0.789375
1600 0.86125
1600 0.891875
1600 0.924375
1600 0.93375
1600 0.953125
1600 0.91875
1600 0.96125
1600 0.938125
1600 0.90875
1600 0.92375
1600 0.945625
1600 0.95125
1600 0.785
1600 0.934375
1600 0.95125
1600 0.896875
1600 0.93375
1600 0.895
1600 0.906875
1600 0.960625
1600 0.9325
1600 0.909375
1600 0.94875
1600 0.96625
1600 0.909375
1600 0.940625
1600 0.883125
1600 0.94
1600 0.81875
1600 0.85125
1600 0.824375
1650 0.930909
1650 0.929697
1650 0.855758
1650 0.948485
1650 0.892121
1650 0.798182
1650 0.870303
1650 0.948485
1650 0.893333
1650 0.904848
1650 0.815758
1650 0.859394
1650 0.966667
1650 0.942424
1650 0.913333
1650 0.873333
1650 0.86
1650 0.939394
1650 0.798182
1650 0.832727
1650 0.947879
1650 0.873333
1650 0.900606
1650 0.952121
1650 0.897576
1650 0.898788
1650 0.813939
1650 0.886667
1650 0.887273
1650 0.915758
1650 0.921818
1650 0.921818
1650 0.909697
1650 0.917576
1650 0.824848
1650 0.924848
1650 0.906667
1650 0.866061
1650 0.928485
1650 0.932727
1650 0.922424
1650 0.934545
1650 0.889697
1650 0.906061
1650 0.975152
1650 0.896364
1650 0.956364
1650 0.942424
1650 0.952121
1650 0.959394
1650 0.919394
1650 0.885455
1650 0.874545
1650 0.95697
1650 0.901818
1650 0.930909
1650 0.88303
1650 0.914545
1650 0.877576
1650 0.917576
1650 0.936364
1650 0.926061
1650 0.899394
1650 0.908485
1650 0.879394
1650 0.907273
1650 0.910303
1650 0.930303
1650 0.964848
1650 0.895758
1650 0.84
1650 0.903636
1650 0.970909
1650 0.795152
1650 0.906667
1700 0.839412
1700 0.857059
1700 0.87
1700 0.941765
1700 0.905882
1700 0.914706
1700 0.888824
1700 0.846471
1700 0.914118
1700 0.920588
1700 0.956471
1700 0.96
1700 0.941176
1700 0.924706
1700 0.857059
1700 0.935882
1700 0.911176
1700 0.918824
1700 0.937059
1700 0.88
1700 0.912941
1700 0.871765
1700 0.857059
1700 0.825882
1700 0.85
1700 0.964706
1700 0.879412
1700 0.942353
1700 0.936471
1700 0.899412
1700 0.85
1700 0.898824
1700 0.887647
1700 0.96
1700 0.887647
1700 0.93
1700 0.894706
1700 0.895294
1700 0.884706
1700 0.950588
1700 0.924118
1700 0.838824
1700 0.956471
1700 0.894118
1700 0.91
1700 0.852353
1700 0.973529
1700 0.881765
1700 0.907647
1700 0.915882
1700 0.907059
1700 0.936471
1700 0.933529
1700 0.935882
1700 0.922941
1700 0.866471
1700 0.913529
1700 0.864706
1700 0.903529
1700 0.844706
1700 0.932941
1700 0.956471
1700 0.818235
1700 0.92
1700 0.902353
1700 0.865294
1700 0.854118
1700 0.904706
1700 0.902353
1700 0.991176
1700 0.957059
1700 0.934118
1700 0.905882
1700 0.967059
1700 0.933529
1750 0.874286
1750 0.940571
1750 0.876571
1750 0.910286
1750 0.974286
1750 0.876571
1750 0.881714
1750 0.813714
1750 0.949143
1750 0.922286
1750 0.837143
1750 0.902857
1750 0.913143
1750 0.908571
1750 0.902286
1750 0.941714
1750 0.900571
1750 0.945714
1750 0.989714
1750 0.950857
1750 0.873143
1750 0.921143
1750 0.941714
1750 0.866286
1750 0.914286
1750 0.924
1750 0.957714
1750 0.926286
1750 0.946286
1750 0.880571
1750 0.883429
1750 0.914857
1750 0.937714
1750 0.942857
1750 0.916
1750 0.853143
1750 0.910857
1750 0.94
1750 0.842286
1750 0.934286
1750 0.901714
1750 0.922857
1750 0.933143
1750 0.914857
1750 0.908
1750 0.948571
1750 0.885714
1750 0.848
1750 0.917714
1750 0.912
1750 0.828
1750 0.924
1750 0.857714
1750 0.925714
1750 0.917714
1750 0.902857
1750 0.950857
1750 0.907429
1750 0.908571
1750 0.946857
1750 0.913143
1750 0.873714
1750 0.955429
1750 0.952571
1750 0.938286
1750 0.982286
1750 0.885143
1750 0.905714
1750 0.870286
1750 0.904571
1750 0.490857
1750 0.910857
1750 0.913714
1750 0.901714
1750 0.880571
1800 0.881667
1800 0.928889
1800 0.875
1800 0.907778
1800 0.964444
1800 0.817778
1800 0.795556
1800 0.931667
1800 0.923889
1800 0.938333
1800 0.923333
1800 0.943889
1800 0.888333
1800 0.887778
1800 0.879444
1800 0.876667
1800 0.938889
1800 0.98
1800 0.973333
1800 0.936111
1800 0.88
1800 0.874444
1800 0.926667
1800 0.882222
1800 0.864444
1800 0.902222
1800 0.953333
1800 0.953889
1800 0.95
1800 0.873889
1800 0.881667
1800 0.905
1800 0.908889
1800 0.898333
1800 0.921111
1800 0.932222
1800 0.79
1800 0.863333
1800 0.927778
1800 0.902778
1800 0.951667
1800 0.965
1800 0.925556
1800 0.919444
1800 0.96
1800 0.951667
1800 0.962778
1800 0.917222
1800 0.943333
1800 0.868333
1800 0.931111
1800 0.790556
1800 0.933333
1800 0.913889
1800 0.897778
1800 0.96
1800 0.875
1800 0.922222
1800 0.921667
1800 0.947778
1800 0.95
1800 0.888333
1800 0.912778
1800 0.909444
1800 0.863333
1800 0.905
1800 0.919444
1800 0.937222
1800 0.866667
1800 0.952222
1800 0.891667
1800 0.955
1800 0.854444
1800 0.785556
1800 0.888889
1850 0.926486
1850 0.858378
1850 0.96973
1850 0.88
1850 0.956216
1850 0.887027
1850 0.927027
1850 0.791351
1850 0.954595
1850 0.921622
1850 0.875676
1850 0.891351
1850 0.955676
1850 0.908649
1850 0.936216
1850 0.933514
1850 0.888108
1850 0.833514
1850 0.886486
1850 0.917297
1850 0.915676
1850 0.851892
1850 0.885946
1850 0.865405
1850 0.815676
1850 0.886486
1850 0.973514
1850 0.904865
1850 0.728108
1850 0.863243
1850 0.951892
1850 0.924324
1850 0.896216
1850 0.946486
1850 0.909189
1850 0.95027
1850 0.943243
1850 0.904865
1850 0.921081
1850 0.880541
1850 0.901622
1850 0.903243
1850 0.887027
1850 0.896216
1850 0.962162
1850 0.917297
1850 0.831892
1850 0.850811
1850 0.932432
1850 0.888649
1850 0.86973
1850 0.914595
1850 0.891351
1850 0.943784
1850 0.89027
1850 0.972432
1850 0.883784
1850 0.971892
1850 0.9
1850 0.914595
1850 0.924324
1850 0.946486
1850 0.864865
1850 0.887568
1850 0.91027
1850 0.970811
1850 0.975676
1850 0.931351
1850 0.935135
1850 0.903784
1850 0.915676
1850 0.997297
1850 0.839459
1850 0.894054
1850 0.942162
1900 0.909474
1900 0.965263
1900 0.954737
1900 0.938421
1900 0.899474
1900 0.91
1900 0.829474
1900 0.922105
1900 0.878947
1900 0.898947
1900 0.916316
1900 0.936316
1900 0.858421
1900 0.921053
1900 0.926842
1900 0.911053
1900 0.904737
1900 0.909474
1900 0.917895
1900 0.922632
1900 0.934211
1900 0.911579
1900 0.898947
1900 0.886842
1900 0.852632
1900 0.938947
1900 0.89
1900 0.931053
1900 0.842632
1900 0.807368
1900 0.953158
1900 0.892632
1900 0.882632
1900 0.893684
1900 0.915789
1900 0.874211
1900 0.931053
1900 0.969474
1900 0.845263
1900 0.916842
1900 0.951579
1900 0.933158
1900 0.931579
1900 0.937895
1900 0.867895
1900 0.981053
1900 0.936842
1900 0.901579
1900 0.911053
1900 0.926316
1900 0.903158
1900 0.883684
1900 0.858947
1900 0.887368
1900 0.976842
1900 0.946316
1900 0.961579
1900 0.900526
1900 0.911053
1900 0.848421
1900 0.929474
1900 0.901053
1900 0.926316
1900 0.92
1900 0.905789
1900 0.899474
1900 0.885263
1900 0.884211
1900 0.892632
1900 0.865789
1900 0.886842
1900 0.982105
1900 0.952632
1900 0.933158
1900 0.931053
1950 0.811282
1950 0.930769
1950 0.828205
1950 0.941538
1950 0.906154
1950 0.884103
1950 0.956923
1950 0.87641
1950 0.915385
1950 0.94359
1950 0.880513
1950 0.888205
1950 0.883077
1950 0.771282
1950 0.903077
1950 0.905641
1950 0.897949
1950 0.907179
1950 0.934359
1950 0.853846
1950 0.979487
1950 0.901026
1950 0.957436
1950 0.951282
1950 0.878974
1950 0.973846
1950 0.907692
1950 0.94
1950 0.857949
1950 0.868718
1950 0.933846
1950 0.88359
1950 0.931795
1950 0.939487
1950 0.942051
1950 0.930256
1950 0.922564
1950 0.984103
1950 0.942051
1950 0.969231
1950 0.937949
1950 0.884103
1950 0.95641
1950 0.930769
1950 0.878462
1950 0.934359
1950 0.911282
1950 0.933846
1950 0.877949
1950 0.882564
1950 0.956923
1950 0.924103
1950 0.898974
1950 0.894872
1950 0.881538
1950 0.938462
1950 0.951282
1950 0.927692
1950 0.91641
1950 0.888718
1950 0.896923
1950 0.907692
1950 0.895385
1950 0.89641
1950 0.913846
1950 0.936923
1950 0.889231
1950 0.955385
1950 0.799487
1950 0.858462
1950 0.895385
1950 0.871795
1950 0.970256
1950 0.902564
1950 0.953333
2000 0.911
2000 0.9565
2000 0.962
2000 0.8885
2000 0.875
2000 0.89
2000 0.9015
2000 0.917
2000 0.898
2000 0.9105
2000 0.9065
2000 0.949
2000 0.921
2000 0.87
2000 0.917
2000 0.9285
2000 0.9105
2000 0.945
2000 0.8605
2000 0.9375
2000 0.9425
2000 0.863
2000 0.8785
2000 0.8055
2000 0.941
2000 0.906
2000 0.899
2000 0.907
2000 0.9145
2000 0.828
2000 0.9355
2000 0.909
2000 0.958
2000 0.8535
2000 0.886
2000 0.9235
2000 0.9355
2000 0.8915
2000 0.8575
2000 0.914
2000 0.9205
2000 0.916
2000 0.8775
2000 0.8235
2000 0.9725
2000 0.889
2000 0.8555
2000 0.9015
2000 0.8905
2000 0.9195
2000 0.9715
2000 0.9295
2000 0.8945
2000 0.9145
2000 0.888
2000 0.9335
2000 0.948
2000 0.961
2000 0.911
2000 0.932
2000 0.918
2000 0.911
2000 0.8905
2000 0.911
2000 0.9235
2000 0.911
2000 0.9355
2000 0.96
2000 0.9695
2000 0.9445
2000 0.8795
2000 0.8825
2000 0.9345
2000 0.9065
2000 0.875
