50 0.04
50 0.5
50 0.1
50 0.56
50 0.26
50 0.6
50 0.8
50 0.54
50 0
50 0.3
50 0.12
50 0.04
50 0
50 0.36
50 0.16
50 0.14
50 0.08
50 0.58
50 0.22
50 0.02
50 0.16
50 0.06
50 0.38
50 0
50 0.02
50 0.66
50 0.28
50 0.66
50 0.18
50 0.22
50 0
50 0.1
50 0.02
50 0.14
50 0.08
50 0
50 0.68
50 0.7
50 0.02
50 0
50 0.06
50 0.3
50 0
50 0.78
50 0.02
50 0.4
50 0.18
50 0.68
50 0.4
50 0.26
50 0.48
50 0.18
50 0.02
50 0.02
50 0.6
50 0.02
50 0.44
50 0.44
50 0
50 0
50 0.4
50 0.2
50 0.34
50 0.24
50 0.76
50 0.26
50 0
50 0.08
50 0.44
50 0.1
50 0.08
50 0.26
50 0.2
50 0.72
50 0.12
100 0.25
100 0.01
100 0.39
100 0.73
100 0.9
100 0.91
100 0.57
100 0.91
100 0.83
100 0.46
100 0.86
100 0.52
100 0.27
100 0.01
100 0.9
100 0.18
100 0.64
100 0.5
100 0.29
100 0.71
100 0.7
100 0.76
100 0.58
100 0.84
100 0.52
100 0.33
100 0.19
100 0.52
100 0.21
100 0.6
100 0.76
100 0.47
100 0.28
100 0.74
100 0.79
100 0.61
100 0.71
100 0.59
100 0.04
100 0.55
100 0.69
100 0.91
100 0.4
100 0.83
100 0.72
100 0.71
100 0.2
100 0.87
100 0.72
100 0.62
100 0.42
100 0.35
100 0.26
100 0.63
100 0.55
100 0.97
100 0.84
100 0.84
100 0.78
100 0.8
100 0.79
100 0.18
100 0.47
100 0.99
100 0.43
100 0.15
100 0.79
100 0.65
100 0.84
100 0.68
100 0.55
100 0.63
100 0.53
100 0.07
100 0.9
150 0.693333
150 0.573333
150 0.84
150 0.846667
150 0.56
150 0.893333
150 0.793333
150 0.773333
150 0.833333
150 0.893333
150 0.88
150 0.886667
150 0.493333
150 0.526667
150 0.746667
150 0.74
150 0.92
150 0.653333
150 0.686667
150 0.773333
150 0.793333
150 0.786667
150 0.573333
150 0.633333
150 0.793333
150 0
150 0.726667
150 0.92
150 0.886667
150 0.833333
150 0.76
150 0.78
150 0.82
150 0.953333
150 0.693333
150 0.573333
150 0.426667
150 0.6
150 0.486667
150 0.88
150 0.9
150 0.413333
150 0.38
150 0.473333
150 0.28
150 0.813333
150 0.813333
150 0.753333
150 0.793333
150 0.32
150 0.64
150 0.553333
150 0.753333
150 0.833333
150 0.7
150 0.74
150 0.766667
150 0.793333
150 0.413333
150 0.7
150 0.88
150 0.68
150 0.926667
150 0.74
150 0.833333
150 0.76
150 0.766667
150 0.413333
150 0.926667
150 0.566667
150 0.733333
150 0.473333
150 0.753333
150 0.746667
150 0.706667
200 0.64
200 0.47
200 0.85
200 0.81
200 0.69
200 0.845
200 0.665
200 0.89
200 0.755
200 0.715
200 0.895
200 0.595
200 0.765
200 0.9
200 0.705
200 0.72
200 0.825
200 0.855
200 0.805
200 0.825
200 0.755
200 0.9
200 0.195
200 0.89
200 0.8
200 0.79
200 0.92
200 0.465
200 0.695
200 0.79
200 0.73
200 0.905
200 0.77
200 0.885
200 0.755
200 0.88
200 0.585
200 0.695
200 0.925
200 0.48
200 0.7
200 0.885
200 0.815
200 0.54
200 0.885
200 0.72
200 0.835
200 0.78
200 0.785
200 0.83
200 0.17
200 0.725
200 0.85
200 0.715
200 0.855
200 0.66
200 0.815
200 0.64
200 0.91
200 0.725
200 0.455
200 0.91
200 0.915
200 0.825
200 0.715
200 0.67
200 0.63
200 0.84
200 0.855
200 0.95
200 0.75
200 0.385
200 0.845
200 0.895
200 0.815
250 0.824
250 0.904
250 0.856
250 0.832
250 0.828
250 0.884
250 0.888
250 0.944
250 0.752
250 0.86
250 0.86
250 0.852
250 0.936
250 0.972
250 0.8
250 0.908
250 0.96
250 0.48
250 0.86
250 0.892
250 0.9
250 0.96
250 0.708
250 0.788
250 0.972
250 0.896
250 0.916
250 0.924
250 0.588
250 0.836
250 0.736
250 0.868
250 0.956
250 0.812
250 0.792
250 0.796
250 0.84
250 0.768
250 0.844
250 0.78
250 0.924
250 0.864
250 0.896
250 0.468
250 0.816
250 0.848
250 0.92
250 0.612
250 0.936
250 0.908
250 0.904
250 0.612
250 0.836
250 0.776
250 0.9
250 0.916
250 0.828
250 0.856
250 0.892
250 0.576
250 0.856
250 0.844
250 0.936
250 0.836
250 0.788
250 0.8
250 0.848
250 0.732
250 0.9
250 0.924
250 0.772
250 0.816
250 0.988
250 0.936
250 0.844
300 0.846667
300 0.943333
300 0.87
300 0.89
300 0.403333
300 0.506667
300 0.826667
300 0.65
300 0.903333
300 0.746667
300 0.863333
300 0.776667
300 0.803333
300 0.846667
300 0.903333
300 0.92
300 0.853333
300 0.9
300 0.843333
300 0.866667
300 0.86
300 0.85
300 0.953333
300 0.883333
300 0.833333
300 0.896667
300 0.943333
300 0.853333
300 0.983333
300 0.956667
300 0.833333
300 0.83
300 0.853333
300 0.84
300 0.85
300 0.93
300 0.923333
300 0.983333
300 0.93
300 0.833333
300 0.876667
300 0.853333
300 0.916667
300 0.813333
300 0.81
300 0.76
300 0.856667
300 0.843333
300 0.543333
300 0.92
300 0.823333
300 0.886667
300 0.556667
300 0.756667
300 0.89
300 0.876667
300 0.893333
300 0.89
300 0.816667
300 0.856667
300 0.93
300 0.83
300 0.83
300 0.78
300 0.813333
300 0.916667
300 0.943333
300 0.88
300 0.923333
300 0.966667
300 0.926667
300 0.883333
300 0.856667
300 0.866667
300 0.883333
350 0.814286
350 0.928571
350 0.945714
350 0.971429
350 0.917143
350 0.594286
350 0.785714
350 0.937143
350 0.957143
350 0.845714
350 0.814286
350 0.825714
350 0.874286
350 0.848571
350 0.9
350 0.885714
350 0.905714
350 0.845714
350 0.788571
350 0.862857
350 0.937143
350 0.705714
350 0.911429
350 0.98
350 0.942857
350 0.934286
350 0.908571
350 0.9
350 0.882857
350 0.797143
350 0.76
350 0.948571
350 0.925714
350 0.908571
350 0.957143
350 0.948571
350 0.954286
350 0.588571
350 0.937143
350 0.857143
350 0.845714
350 0.908571
350 0.894286
350 0.891429
350 0.917143
350 0.894286
350 0.705714
350 0.802857
350 0.8
350 0.974286
350 0.925714
350 0.911429
350 0.928571
350 0.834286
350 0.897143
350 0.965714
350 0.911429
350 0.88
350 0.905714
350 0.7
350 0.971429
350 0.802857
350 0.937143
350 0.937143
350 0.702857
350 0.902857
350 0.94
350 0.905714
350 0.908571
350 0.865714
350 0.922857
350 0.945714
350 0.754286
350 0.957143
350 0.885714
400 0.965
400 0.885
400 0.865
400 0.735
400 0.8
400 0.9175
400 0.8875
400 0.6125
400 0.995
400 0.93
400 0.875
400 0.9025
400 0.8925
400 0.8325
400 0.885
400 0.825
400 0.8425
400 0.5975
400 0.9775
400 0.8675
400 0.9275
400 0.93
400 0.95
400 0.905
400 0.98
400 0.945
400 0.8975
400 0.6275
400 0.88
400 0.9325
400 0.895
400 0.815
400 0.8725
400 0.8475
400 0.9275
400 0.9475
400 0.765
400 0.425
400 0.915
400 0.955
400 0.9425
400 0.8925
400 0.915
400 0.9525
400 0.91
400 0.9
400 0.8325
400 0.7725
400 0.9025
400 0.95
400 0.9275
400 0.89
400 0.9325
400 0.9025
400 0.85
400 0.9075
400 0.94
400 0.92
400 0.9275
400 0.8075
400 0.895
400 0.875
400 0.8925
400 1
400 0.905
400 0.94
400 0.86
400 0.91
400 0.9575
400 0.94
400 0.84
400 0.865
400 0.9075
400 0.9425
400 0.86
450 0.897778
450 0.911111
450 0.684444
450 0.915556
450 0.942222
450 0.946667
450 0.96
450 0.877778
450 0.922222
450 0.908889
450 0.908889
450 0.888889
450 0.946667
450 0.946667
450 0.717778
450 0.922222
450 0.877778
450 0.871111
450 0.868889
450 0.897778
450 0.933333
450 0.884444
450 0.908889
450 0.942222
450 0.902222
450 0.717778
450 0.904444
450 0.895556
450 0.94
450 0.548889
450 0.926667
450 0.904444
450 0.997778
450 0.986667
450 0.882222
450 0.891111
450 0.926667
450 0.844444
450 0.904444
450 0.928889
450 0.946667
450 0.935556
450 0.815556
450 0.96
450 0.886667
450 0.92
450 0.886667
450 0.933333
450 0.935556
450 0.948889
450 0.942222
450 0.828889
450 0.904444
450 0.966667
450 0.906667
450 0.924444
450 0.864444
450 0.973333
450 0.837778
450 0.942222
450 0.804444
450 0.948889
450 0.913333
450 0.951111
450 0.953333
450 0.848889
450 0.862222
450 0.877778
450 0.735556
450 0.931111
450 0.935556
450 0.786667
450 0.897778
450 0.864444
450 0.684444
500 0.932
500 0.936
500 0.976
500 0.976
500 0.77
500 0.964
500 0.89
500 0.936
500 0.828
500 0.926
500 0.928
500 0.914
500 0.828
500 0.928
500 0.986
500 0.962
500 0.972
500 0.928
500 0.864
500 0.812
500 0.908
500 0.876
500 0.942
500 0.882
500 0.868
500 0.838
500 0.946
500 0.964
500 0.884
500 0.96
500 0.9
500 0.858
500 0.898
500 0.946
500 0.92
500 0.958
500 0.848
500 0.9
500 0.9
500 0.824
500 0.946
500 0.826
500 0.914
500 0.984
500 0.876
500 0.92
500 0.916
500 0.936
500 0.902
500 0.976
500 0.862
500 0.912
500 0.894
500 0.884
500 0.86
500 0.96
500 0.898
500 0.944
500 0.976
500 0.984
500 0.97
500 0.9
500 0.928
500 0.804
500 0.806
500 0.898
500 0.902
500 0.85
500 0.902
500 0.956
500 0.946
500 0.898
500 0.92
500 0.946
500 0.93
550 0.845455
550 0.894545
550 0.927273
550 0.925455
550 0.916364
550 0.923636
550 0.956364
550 0.974545
550 0.956364
550 0.963636
550 0.901818
550 0.905455
550 0.721818
550 0.883636
550 0.896364
550 0.927273
550 0.838182
550 0.890909
550 0.945455
550 0.930909
550 0.941818
550 0.792727
550 0.901818
550 0.890909
550 0.945455
550 0.947273
550 0.872727
550 0.905455
550 0.907273
550 0.754545
550 0.832727
550 0.909091
550 0.958182
550 0
550 0.84
550 0.898182
550 0.965455
550 0.832727
550 0.969091
550 0.925455
550 0.943636
550 0.870909
550 0.929091
550 0.821818
550 0.903636
550 0.943636
550 0.918182
550 0.985455
550 0.943636
550 0.936364
550 0.958182
550 0.910909
550 0.803636
550 0.841818
550 0.798182
550 0.898182
550 0.890909
550 0.814545
550 0.918182
550 0.798182
550 0.898182
550 0.887273
550 0.978182
550 0.847273
550 0.967273
550 0.934545
550 0.945455
550 0.963636
550 0.865455
550 0.930909
550 0.818182
550 0.890909
550 0.847273
550 0.909091
550 0.961818
600 0.936667
600 0.876667
600 0.913333
600 0.828333
600 0.963333
600 0.955
600 0.936667
600 0.946667
600 0.975
600 0.868333
600 0.94
600 0.881667
600 0.84
600 0.915
600 0.91
600 0.863333
600 0.893333
600 0.88
600 0.953333
600 0.965
600 0.856667
600 0.948333
600 0.956667
600 0.953333
600 0.9
600 0.978333
600 0.968333
600 0.933333
600 0.896667
600 0.871667
600 0.81
600 0.903333
600 0.916667
600 0.96
600 0.855
600 0.921667
600 0.945
600 0.831667
600 0.903333
600 0.955
600 0.851667
600 0.978333
600 0.94
600 0.936667
600 0.941667
600 0.953333
600 0.895
600 0.87
600 0.848333
600 0.875
600 0.96
600 0.731667
600 0.93
600 0.925
600 0.968333
600 0.931667
600 0.931667
600 0.926667
600 0.961667
600 0.983333
600 0.996667
600 0.948333
600 0.961667
600 0.973333
600 0.895
600 0.915
600 0.903333
600 0.905
600 0.9
600 0.885
600 0.948333
600 0.816667
600 0.926667
600 0.921667
600 0.766667
650 0.983077
650 0.847692
650 0.861538
650 0.975385
650 0.895385
650 0.869231
650 0.955385
650 0.901538
650 0.975385
650 0.915385
650 0.935385
650 0.967692
650 0.975385
650 0.947692
650 0.875385
650 0.946154
650 0.864615
650 0.864615
650 0.949231
650 0.921538
650 0.887692
650 0.898462
650 0.990769
650 0.961538
650 0.967692
650 0.906154
650 0.924615
650 0.947692
650 0.9
650 0.923077
650 0.966154
650 0.950769
650 0.936923
650 0.921538
650 0.893846
650 0.889231
650 0.9
650 0.983077
650 0.855385
650 0.94
650 0.915385
650 0.970769
650 0.878462
650 0.956923
650 0.841538
650 0.956923
650 0.861538
650 0.976923
650 0.966154
650 0.9
650 0.876923
650 0.844615
650 0.96
650 0.981538
650 0.910769
650 0.929231
650 0.921538
650 0.963077
650 0.826154
650 0.876923
650 0.898462
650 0.923077
650 0.944615
650 0.978462
650 0.858462
650 0.961538
650 0.9
650 0.92
650 0.923077
650 0.956923
650 0.830769
650 0.909231
650 0.964615
650 0.927692
650 0.993846
700 0.871429
700 0.938571
700 0.854286
700 0.967143
700 0.927143
700 0.882857
700 0.835714
700 0.97
700 0.99
700 0.901429
700 0.905714
700 0.977143
700 0.908571
700 0.888571
700 0.841429
700 0.855714
700 0.905714
700 0.845714
700 0.872857
700 0.841429
700 0.947143
700 0.922857
700 0.924286
700 0.9
700 0.942857
700 0.892857
700 0.972857
700 0.852857
700 0.901429
700 0.94
700 0.942857
700 0.938571
700 0.962857
700 0.92
700 0.845714
700 0.92
700 0.958571
700 0.898571
700 0.85
700 0.982857
700 0.935714
700 0.872857
700 0.988571
700 0.96
700 0.82
700 0.96
700 0.884286
700 0.94
700 0.904286
700 0.957143
700 0.884286
700 0.894286
700 0.901429
700 0.894286
700 0.861429
700 0.895714
700 0.944286
700 0.895714
700 0.922857
700 0.912857
700 0.887143
700 0.917143
700 0.918571
700 0.74
700 0.987143
700 0.962857
700 0.92
700 0.892857
700 0.954286
700 0.871429
700 0.911429
700 0.931429
700 0.934286
700 0.895714
700 0.961429
750 0.945333
750 0.934667
750 0.918667
750 0.988
750 0.985333
750 0.957333
750 0.868
750 0.882667
750 0.981333
750 0.869333
750 0.772
750 0.944
750 0.965333
750 0.945333
750 0.913333
750 0.941333
750 0.928
750 0.892
750 0.938667
750 0.946667
750 0.962667
750 0.934667
750 0.933333
750 0.956
750 0.896
750 0.876
750 0.826667
750 0.916
750 0.877333
750 0.956
750 0.889333
750 0.924
750 0.941333
750 0.896
750 0.934667
750 0.866667
750 0.974667
750 0.885333
750 0.916
750 0.972
750 0.942667
750 0.765333
750 0.950667
750 0.956
750 0.962667
750 0.938667
750 0.910667
750 0.917333
750 0.902667
750 0.673333
750 0.973333
750 0.930667
750 0.902667
750 0.912
750 0.973333
750 0.974667
750 0.930667
750 0.917333
750 0.956
750 0.906667
750 0.917333
750 0.933333
750 0.922667
750 0.848
750 0.897333
750 0.846667
750 0.884
750 0.941333
750 0.928
750 0.98
750 0.966667
750 0.989333
750 0.881333
750 0.877333
750 0.936
800 0.93125
800 0.80625
800 0.95375
800 0.98125
800 0.9625
800 0.99125
800 0.8525
800 0.93
800 0.98125
800 0.93125
800 0.9275
800 0.9225
800 0.9825
800 0.93875
800 0.90625
800 0.915
800 0.98375
800 0.9425
800 0.89875
800 0.895
800 0.91375
800 0.95
800 0.865
800 0.93125
800 0.92375
800 0.94125
800 0.8975
800 0.94375
800 0.99
800 0.9025
800 0.9
800 0.9175
800 0.96625
800 0.93875
800 0.93875
800 0.86625
800 0.955
800 0.97
800 0.92625
800 0.92875
800 0.93125
800 0.93375
800 0.8825
800 0.825
800 0.91125
800 0.96125
800 0.89375
800 0.905
800 0.89375
800 0.9175
800 0.8925
800 0.915
800 0.91125
800 0.98625
800 0.82875
800 0.95875
800 0.9425
800 0.93125
800 0.96625
800 0.955
800 0.95375
800 0.97875
800 0.94
800 0.9325
800 0.85
800 0.935
800 0.91875
800 0.95625
800 0.90625
800 0.9275
800 0.92625
800 0.88625
800 0.86375
800 0.9175
800 0.9175
850 0.907059
850 0.901176
850 0.914118
850 0.877647
850 0.978824
850 0.914118
850 0.963529
850 0.969412
850 0.84
850 0.972941
850 0.848235
850 0.895294
850 0.992941
850 0.934118
850 0.950588
850 0.990588
850 0.918824
850 0.944706
850 0.92
850 0.947059
850 0.942353
850 0.910588
850 0.962353
850 0.909412
850 0.995294
850 0.942353
850 0.947059
850 0.965882
850 0.963529
850 0.848235
850 0.848235
850 0.951765
850 0.98
850 0.896471
850 0.942353
850 0.942353
850 0.958824
850 0.915294
850 0.909412
850 0.94
850 0.884706
850 0.941176
850 0.952941
850 0.965882
850 0.954118
850 0.935294
850 0.94
850 0.962353
850 0.844706
850 0.932941
850 0.948235
850 0.88
850 0.932941
850 0.918824
850 0.965882
850 0.977647
850 0.930588
850 0.903529
850 0.952941
850 0.923529
850 0.884706
850 0.929412
850 0.914118
850 0.932941
850 0.936471
850 0.963529
850 0.883529
850 0.868235
850 0.967059
850 0.912941
850 0.901176
850 0.930588
850 0.907059
850 0.917647
850 0.910588
900 0.934444
900 0.954444
900 0.971111
900 0.983333
900 0.953333
900 0.917778
900 0.887778
900 0.907778
900 0.935556
900 0.981111
900 0.96
900 0.938889
900 0.967778
900 0.934444
900 0.985556
900 0.958889
900 0.982222
900 0.945556
900 0.918889
900 0.864444
900 0.946667
900 0.852222
900 0.935556
900 0.948889
900 0.968889
900 0.92
900 0.942222
900 0.91
900 0.905556
900 0.981111
900 0.92
900 0.892222
900 0.786667
900 0.928889
900 0.984444
900 0.962222
900 0.947778
900 0.97
900 0.95
900 0.96
900 0.754444
900 0.883333
900 0.954444
900 0.842222
900 0.951111
900 0.905556
900 0.905556
900 0.955556
900 0.958889
900 0.954444
900 0.961111
900 0.927778
900 0.853333
900 0.912222
900 0.92
900 0.951111
900 0.917778
900 0.87
900 0.932222
900 0.963333
900 0.926667
900 0.981111
900 0.952222
900 0.936667
900 0.9
900 0.957778
900 0.908889
900 0.95
900 0.944444
900 0.9
900 0.898889
900 0.905556
900 0.92
900 0.934444
900 0.892222
950 0.950526
950 0.885263
950 0.886316
950 0.962105
950 0.909474
950 0.863158
950 0.823158
950 0.913684
950 0.917895
950 0.895789
950 0.882105
950 0.891579
950 0.917895
950 0.926316
950 0.98
950 0.946316
950 0.938947
950 0.898947
950 0.967368
950 0.982105
950 0.888421
950 0.904211
950 0.931579
950 0.911579
950 0.914737
950 0.956842
950 0.877895
950 0.957895
950 0.916842
950 0.945263
950 0.896842
950 0.968421
950 0.908421
950 0.977895
950 0.926316
950 0.923158
950 0.963158
950 0.889474
950 0.981053
950 0.949474
950 0.916842
950 0.903158
950 0.917895
950 0.913684
950 0.945263
950 0.876842
950 0.925263
950 0.923158
950 0.949474
950 0.964211
950 0.96
950 0.938947
950 0.941053
950 0.955789
950 0.897895
950 0.906316
950 0.913684
950 0.937895
950 0.936842
950 0.923158
950 0.912632
950 0.841053
950 0.890526
950 0.957895
950 0.941053
950 0.916842
950 0.972632
950 0.923158
950 0.910526
950 0.903158
950 0.910526
950 0.877895
950 0.946316
950 0.957895
950 0.968421
1000 0.943
1000 0.928
1000 0.928
1000 0.925
1000 0.957
1000 0.835
1000 0.928
1000 0.938
1000 0.915
1000 0.972
1000 0.93
1000 0.944
1000 0.947
1000 0.963
1000 0.923
1000 0.936
1000 0.904
1000 0.914
1000 0.949
1000 0.923
1000 0.925
1000 0.942
1000 0.911
1000 0.95
1000 0.972
1000 0.948
1000 0.866
1000 0.936
1000 0.878
1000 0.958
1000 0.889
1000 0.984
1000 0.96
1000 0.872
1000 0.914
1000 0.95
1000 0.919
1000 0.938
1000 0.918
1000 0.947
1000 0.937
1000 0.942
1000 0.942
1000 0.85
1000 0.966
1000 0.937
1000 0.939
1000 0.936
1000 0.854
1000 0.969
1000 0.955
1000 0.913
1000 0.903
1000 0.949
1000 0.973
1000 0.975
1000 0.947
1000 0.908
1000 0.95
1000 0.969
1000 0.978
1000 0.923
1000 0.989
1000 0.919
1000 0.935
1000 0.918
1000 0.935
1000 0.944
1000 0.898
1000 0.928
1000 0.956
1000 0.955
1000 0.97
1000 0.945
1000 0.954
1050 0.92
1050 0.909524
1050 0.95619
1050 0.953333
1050 0.637143
1050 0.955238
1050 0.911429
1050 0.95619
1050 0.917143
1050 0.949524
1050 0.96
1050 0.953333
1050 0.907619
1050 0.891429
1050 0.951429
1050 0.90381
1050 0.906667
1050 0.946667
1050 0.974286
1050 0.930476
1050 0.952381
1050 0.942857
1050 0.961905
1050 0.887619
1050 0.880952
1050 0.89619
1050 0.957143
1050 0.879048
1050 0.962857
1050 0.98
1050 0.932381
1050 0.929524
1050 0.904762
1050 0.918095
1050 0.96381
1050 0.869524
1050 0.953333
1050 0.939048
1050 0.893333
1050 0.974286
1050 0.941905
1050 0.935238
1050 0.849524
1050 0.874286
1050 0.912381
1050 0.946667
1050 0.888571
1050 0.897143
1050 0.89619
1050 0.955238
1050 0.96
1050 0.962857
1050 0.990476
1050 0.925714
1050 0.922857
1050 0.93619
1050 0.912381
1050 0.91619
1050 0.945714
1050 0.961905
1050 0.907619
1050 0.88
1050 0.900952
1050 0.92381
1050 0.94
1050 0.86
1050 0.973333
1050 0.962857
1050 0.901905
1050 0.94381
1050 0.958095
1050 0.939048
1050 0.922857
1050 0.938095
1050 0.967619
1100 0.900909
1100 0.884545
1100 0.902727
1100 0.939091
1100 0.980909
1100 0.912727
1100 0.897273
1100 0.909091
1100 0.941818
1100 0.889091
1100 0.976364
1100 0.956364
1100 0.969091
1100 0.93
1100 0.888182
1100 0.970909
1100 0.931818
1100 0.963636
1100 0.935455
1100 0.94
1100 0.901818
1100 0.835455
1100 0.94
1100 0.948182
1100 0.939091
1100 0.956364
1100 0.939091
1100 0.955455
1100 0.900909
1100 0.92
1100 0.896364
1100 0.91
1100 0.98
1100 0.918182
1100 0.868182
1100 0.972727
1100 0.931818
1100 0.97
1100 0.944545
1100 0.945455
1100 0.942727
1100 0.93
1100 0.905455
1100 0.913636
1100 0.923636
1100 0.973636
1100 0.954545
1100 0.920909
1100 0.947273
1100 0.968182
1100 0.948182
1100 0.937273
1100 0.968182
1100 0.911818
1100 0.896364
1100 0.886364
1100 0.900909
1100 0.938182
1100 0.952727
1100 0.897273
1100 0.93
1100 0.900909
1100 0.909091
1100 0.924545
1100 0.97
1100 0.944545
1100 0.929091
1100 0.957273
1100 0.923636
1100 0.933636
1100 0.928182
1100 0.969091
1100 0.908182
1100 0.954545
1100 0.657273
1150 0.886957
1150 0.888696
1150 0.972174
1150 0.925217
1150 0.966087
1150 0.936522
1150 0.950435
1150 0.93913
1150 0.908696
1150 0.944348
1150 0.88087
1150 0.917391
1150 0.913043
1150 0.92087
1150 0.949565
1150 0.913043
1150 0.94
1150 0.887826
1150 0.926087
1150 0.89913
1150 0.895652
1150 0.973043
1150 0.941739
1150 0.964348
1150 0.972174
1150 0.931304
1150 0.965217
1150 0.891304
1150 0.905217
1150 0.933913
1150 0.936522
1150 0.947826
1150 0.90087
1150 0.982609
1150 0.928696
1150 0.966957
1150 0.845217
1150 0.904348
1150 0.955652
1150 0.934783
1150 0.869565
1150 0.913913
1150 0.92
1150 0.910435
1150 0.945217
1150 0.855652
1150 0.89913
1150 0.921739
1150 0.955652
1150 0.874783
1150 0.98
1150 0.911304
1150 0.936522
1150 0.903478
1150 0.96087
1150 0.943478
1150 0.973043
1150 0.928696
1150 0.933043
1150 0.94087
1150 0.963478
1150 0.973043
1150 0.913913
1150 0.803478
1150 0.895652
1150 0.992174
1150 0.913913
1150 0.966087
1150 0.929565
1150 0.946087
1150 0.921739
1150 0.84
1150 0.93913
1150 0.905217
1150 0.964348
1200 0.935833
1200 0.944167
1200 0.946667
1200 0.910833
1200 0.901667
1200 0.945
1200 0.945833
1200 0.961667
1200 0.906667
1200 0.884167
1200 0.949167
1200 0.911667
1200 0.931667
1200 0.954167
1200 0.928333
1200 0.904167
1200 0.906667
1200 0.935833
1200 0.916667
1200 0.966667
1200 0.935833
1200 0.968333
1200 0.9275
1200 0.873333
1200 0.92
1200 0.9775
1200 0.886667
1200 0.889167
1200 0.961667
1200 0.973333
1200 0.950833
1200 0.893333
1200 0.925
1200 0.9375
1200 0.926667
1200 0.925833
1200 0.976667
1200 0.945
1200 0.921667
1200 0.8825
1200 0.915
1200 0.823333
1200 0.960833
1200 0.955
1200 0.953333
1200 0.988333
1200 0.98
1200 0.978333
1200 0.909167
1200 0.9675
1200 0.915
1200 0.918333
1200 0.955
1200 0.981667
1200 0.925833
1200 0.9025
1200 0.889167
1200 0.938333
1200 0.881667
1200 0.94
1200 0.906667
1200 0.99
1200 0.908333
1200 0.924167
1200 0.925833
1200 0.870833
1200 0.9425
1200 0.965833
1200 0.955
1200 0.919167
1200 0.888333
1200 0.8825
1200 0.891667
1200 0.975833
1200 0.9375
1250 0.9624
1250 0.9688
1250 0.9216
1250 0.9128
1250 0.9664
1250 0.876
1250 0.916
1250 0.9408
1250 0.9024
1250 0.9632
1250 0.92
1250 0.9496
1250 0.8744
1250 0.9488
1250 0.8568
1250 0.9888
1250 0.8672
1250 0.9472
1250 0.9048
1250 0.9216
1250 0.9416
1250 0.864
1250 0.9216
1250 0.9432
1250 0.9728
1250 0.9512
1250 0.9072
1250 0.92
1250 0.9096
1250 0.964
1250 0.9728
1250 0.9552
1250 0.9544
1250 0.9272
1250 0.9088
1250 0.9416
1250 0.9216
1250 0.9488
1250 0.956
1250 0.8936
1250 0.924
1250 0.9592
1250 0.9096
1250 0.9152
1250 0.9432
1250 0.932
1250 0.9296
1250 0.9696
1250 0.9552
1250 0.9216
1250 0.956
1250 0.884
1250 0.9456
1250 0.9224
1250 0.9264
1250 0.9576
1250 0.9784
1250 0.9464
1250 0.8856
1250 0.968
1250 0.9168
1250 0.9264
1250 0.936
1250 0.9392
1250 0.8608
1250 0.932
1250 0.9192
1250 0.9456
1250 0.9344
1250 0.936
1250 0.92
1250 0.968
1250 0.912
1250 0.9472
1250 0.9616
1300 0.801538
1300 0.864615
1300 0.951538
1300 0.935385
1300 0.937692
1300 0.96
1300 0.945385
1300 0.943846
1300 0.883846
1300 0.956923
1300 0.943846
1300 0.956154
1300 0.996923
1300 0.953077
1300 0.991538
1300 0.929231
1300 0.977692
1300 0.895385
1300 0.922308
1300 0.968462
1300 0.972308
1300 0.961538
1300 0.907692
1300 0.941538
1300 0.983077
1300 0.943846
1300 0.954615
1300 0.92
1300 0.949231
1300 0.863846
1300 0.963846
1300 0.953846
1300 0.843846
1300 0.979231
1300 0.913846
1300 0.926154
1300 0.913846
1300 0.921538
1300 0.961538
1300 0.84
1300 0.923846
1300 0.975385
1300 0.924615
1300 0.94
1300 0.957692
1300 0.945385
1300 0.932308
1300 0.956154
1300 0.948462
1300 0.930769
1300 0.916154
1300 0.913846
1300 0.921538
1300 0.922308
1300 0.898462
1300 0.95
1300 0.894615
1300 0.974615
1300 0.893846
1300 0.98
1300 0.902308
1300 0.953077
1300 0.969231
1300 0.908462
1300 0.929231
1300 0.913077
1300 0.955385
1300 0.97
1300 0.913846
1300 0.942308
1300 0.946154
1300 0.825385
1300 0.973077
1300 0.994615
1300 0.983077
1350 0.962222
1350 0.934074
1350 0.960741
1350 0.965926
1350 0.871111
1350 0.936296
1350 0.961481
1350 0.988148
1350 0.934815
1350 0.972593
1350 0.934074
1350 0.954815
1350 0.891852
1350 0.911111
1350 0.938519
1350 0.968148
1350 0.952593
1350 0.955556
1350 0.936296
1350 0.991111
1350 0.982222
1350 0.995556
1350 0.898519
1350 0.934074
1350 0.905926
1350 0.884444
1350 0.96963
1350 0.980741
1350 0.90963
1350 0.92963
1350 0.908889
1350 0.884444
1350 0.900741
1350 0.954815
1350 0.911852
1350 0.931111
1350 0.919259
1350 0.921481
1350 0.942222
1350 0.97037
1350 0.976296
1350 0.887407
1350 0.92963
1350 0.962963
1350 0.917037
1350 0.974815
1350 0.957037
1350 0.921481
1350 0.940741
1350 0.97037
1350 0.961481
1350 0.951852
1350 0.872593
1350 0.907407
1350 0.888148
1350 0.996296
1350 0.946667
1350 0.952593
1350 0.915556
1350 0.94
1350 0.927407
1350 0.972593
1350 0.977778
1350 0.852593
1350 0.900741
1350 0.931852
1350 0.94963
1350 0.971852
1350 0.943704
1350 0.945926
1350 0.985185
1350 0.94
1350 0.947407
1350 0.988148
1350 0.891111
1400 0.943571
1400 0.951429
1400 0.925714
1400 0.907857
1400 0.943571
1400 0.937143
1400 0.928571
1400 0.916429
1400 0.92
1400 0.867143
1400 0.911429
1400 0.88
1400 0.947857
1400 0.972143
1400 0.977857
1400 0.852857
1400 0.942143
1400 0.935714
1400 0.887143
1400 0.965714
1400 0.963571
1400 0.945714
1400 0.994286
1400 0.930714
1400 0.934286
1400 0.917857
1400 0.840714
1400 0.931429
1400 0.949286
1400 0.936429
1400 0.922857
1400 0.962857
1400 0.962857
1400 0.950714
1400 0.967857
1400 0.916429
1400 0.919286
1400 0.932857
1400 0.917857
1400 0.955714
1400 0.97
1400 0.958571
1400 0.965
1400 0.946429
1400 0.972143
1400 0.983571
1400 0.949286
1400 0.948571
1400 0.927857
1400 0.945714
1400 0.962857
1400 0.905714
1400 0.853571
1400 0.940714
1400 0.912143
1400 0.977143
1400 0.885714
1400 0.859286
1400 0.94
1400 0.955714
1400 0.98
1400 0.905714
1400 0.896429
1400 0.930714
1400 0.917857
1400 0.974286
1400 0.97
1400 0.95
1400 0.918571
1400 0.902857
1400 0.912857
1400 0.820714
1400 0.928571
1400 0.972857
1400 0.897143
1450 0.888276
1450 0.914483
1450 0.951724
1450 0.952414
1450 0.954483
1450 0.968966
1450 0.917241
1450 0.86069
1450 0.92
1450 0.995862
1450 0.933793
1450 0.935862
1450 0.872414
1450 0.963448
1450 0.938621
1450 0.914483
1450 0.933103
1450 0.954483
1450 0.954483
1450 0.968966
1450 0.950345
1450 0.937241
1450 0.871724
1450 0.98069
1450 0.914483
1450 0.94069
1450 0.942759
1450 0.933793
1450 0.927586
1450 0.957241
1450 0.966207
1450 0.943448
1450 0.952414
1450 0.912414
1450 0.950345
1450 0.951724
1450 0.954483
1450 0.911034
1450 0.892414
1450 0.930345
1450 0.935862
1450 0.894483
1450 0.970345
1450 0.946207
1450 0.958621
1450 0.950345
1450 0.904138
1450 0.915862
1450 0.901379
1450 0.94
1450 0.944138
1450 0.921379
1450 0.93931
1450 0.884138
1450 0.968966
1450 0.909655
1450 0.955172
1450 0.964138
1450 0.966207
1450 0.994483
1450 0.94069
1450 0.902759
1450 0.94069
1450 0.944828
1450 0.909655
1450 0.946897
1450 0.936552
1450 0.930345
1450 0.913793
1450 0.971034
1450 0.955172
1450 0.948276
1450 0.965517
1450 0.92
1450 0.971724
1500 0.970667
1500 0.963333
1500 0.969333
1500 0.944
1500 0.937333
1500 0.937333
1500 0.929333
1500 0.938667
1500 0.868667
1500 0.93
1500 0.711333
1500 0.924
1500 0.936667
1500 0.929333
1500 0.895333
1500 0.94
1500 0.932667
1500 0.963333
1500 0.986
1500 0.932
1500 0.971333
1500 0.940667
1500 0.911333
1500 0.842
1500 0.99
1500 0.930667
1500 0.883333
1500 0.967333
1500 0.934
1500 0.926667
1500 0.94
1500 0.976
1500 0.922667
1500 0.982
1500 0.914667
1500 0.932
1500 0.916
1500 0.880667
1500 0.912
1500 0.982
1500 0.944667
1500 0.934
1500 0.969333
1500 0.978667
1500 0.927333
1500 0.91
1500 0.955333
1500 0.961333
1500 0.879333
1500 0.906
1500 0.906667
1500 0.916
1500 0.966
1500 0.951333
1500 0.922667
1500 0.963333
1500 0.938
1500 0.974667
1500 0.981333
1500 0.942
1500 0.924
1500 0.952
1500 0.937333
1500 0.942667
1500 0.968
1500 0.962667
1500 0.946
1500 0.948
1500 0.972667
1500 0.949333
1500 0.943333
1500 0.946667
1500 0.933333
1500 0.92
1500 0.869333
1550 0.930323
1550 0.930968
1550 0.934194
1550 0.920645
1550 0.96
1550 0.916774
1550 0.917419
1550 0.949032
1550 0.989677
1550 0.652258
1550 0.972258
1550 0.883226
1550 0.912258
1550 0.921935
1550 0.960645
1550 0.974194
1550 0.912903
1550 0.939355
1550 0.959355
1550 0.906452
1550 0.933548
1550 0.889677
1550 0.980645
1550 0.96129
1550 0.97871
1550 0.938065
1550 0.896774
1550 0.910968
1550 0.970968
1550 0.943226
1550 0.921935
1550 0.984516
1550 0.951613
1550 0.938065
1550 0.971613
1550 0.924516
1550 0.905806
1550 0.918065
1550 0.945806
1550 0.939355
1550 0.959355
1550 0.886452
1550 0.980645
1550 0.904516
1550 0.922581
1550 0.895484
1550 0.956774
1550 0.983871
1550 0.943871
1550 0.982581
1550 0.956129
1550 0.943871
1550 0.952258
1550 0.945806
1550 0.925806
1550 0.906452
1550 0.957419
1550 0.962581
1550 0.924516
1550 0.963871
1550 0.90129
1550 0.990968
1550 0.984516
1550 0.921935
1550 0.932258
1550 0.894839
1550 0.781935
1550 0.961935
1550 0.984516
1550 0.976129
1550 0.907097
1550 0.96
1550 0.923871
1550 0.923226
1550 0.970323
1600 0.889375
1600 0.93125
1600 0.910625
1600 0.96875
1600 0.9275
1600 0.9875
1600 0.97125
1600 0.935625
1600 0.95375
1600 0.94625
1600 0.923125
1600 0.98125
1600 0.94625
1600 0.901875
1600 0.955
1600 0.92625
1600 0.91
1600 0.925625
1600 0.933125
1600 0.92125
1600 0.9125
1600 0.930625
1600 0.925625
1600 0.946875
1600 0.971875
1600 0.99625
1600 0.956875
1600 0.93375
1600 0.91875
1600 0.971875
1600 0.9675
1600 0.994375
1600 0.931875
1600 0.898125
1600 0.939375
1600 0.929375
1600 0.9575
1600 0.90125
1600 0.939375
1600 0.988125
1600 0.90375
1600 0.92125
1600 0.97875
1600 0.921875
1600 0.936875
1600 0.96
1600 0.940625
1600 0.954375
1600 0.92
1600 0.949375
1600 0.894375
1600 0.965
1600 0.97125
1600 0.95
1600 0.94625
1600 0.975
1600 0.946875
1600 0.959375
1600 0.970625
1600 0.938125
1600 0.92875
1600 0.919375
1600 0.91625
1600 0.934375
1600 0.85625
1600 0.8925
1600 0.959375
1600 0.963125
1600 0.96375
1600 0.9675
1600 0.9775
1600 0.893125
1600 0.9375
1600 0.9425
1600 0.906875
1650 0.980606
1650 0.930303
1650 0.927879
1650 0.927273
1650 0.929091
1650 0.899394
1650 0.926061
1650 0.908485
1650 0.922424
1650 0.969091
1650 0.953333
1650 0.937576
1650 0.989697
1650 0.901818
1650 0.97697
1650 0.950303
1650 0.953939
1650 0.907879
1650 0.940606
1650 0.884242
1650 0.959394
1650 0.996364
1650 0.947273
1650 0.993939
1650 0.892121
1650 0.938788
1650 0.961818
1650 0.932727
1650 0.953939
1650 0.927879
1650 0.967273
1650 0.94303
1650 0.881818
1650 0.970909
1650 0.946061
1650 0.954545
1650 0.90303
1650 0.895758
1650 0.870909
1650 0.898788
1650 0.946061
1650 0.900606
1650 0.978182
1650 0.950303
1650 0.943636
1650 0.919394
1650 0.937576
1650 0.906061
1650 0.92303
1650 0.974545
1650 0.95697
1650 0.959394
1650 0.966667
1650 0.98
1650 0.990303
1650 0.939394
1650 0.963636
1650 0.954545
1650 0.952727
1650 0.836364
1650 0.966667
1650 0.974545
1650 0.958182
1650 0.911515
1650 0.899394
1650 0.922424
1650 0.929091
1650 0.954545
1650 0.946667
1650 0.945455
1650 0.958788
1650 0.898788
1650 0.93697
1650 0.892727
1650 0.955152
1700 0.887647
1700 0.942941
1700 0.899412
1700 0.944118
1700 0.893529
1700 0.945882
1700 0.95
1700 0.928824
1700 0.964118
1700 0.969412
1700 0.931176
1700 0.9
1700 0.923529
1700 0.882353
1700 0.883529
1700 0.951176
1700 0.97
1700 0.936471
1700 0.888235
1700 0.928824
1700 0.981176
1700 0.928824
1700 0.901176
1700 0.912941
1700 0.913529
1700 0.97
1700 0.964118
1700 0.937647
1700 0.950588
1700 0.941765
1700 0.907059
1700 0.959412
1700 0.952941
1700 0.938235
1700 0.917647
1700 0.935294
1700 0.895882
1700 0.862353
1700 0.915882
1700 0.921176
1700 0.925882
1700 0.882353
1700 0.981176
1700 0.968235
1700 0.990588
1700 0.899412
1700 0.932353
1700 0.938235
1700 0.971765
1700 0.975882
1700 0.958824
1700 0.922941
1700 0.953529
1700 0.94
1700 0.942353
1700 0.992353
1700 0.896471
1700 0.910588
1700 0.907647
1700 0.902941
1700 0.954118
1700 0.927647
1700 0.912353
1700 0.962941
1700 0.965294
1700 0.978235
1700 0.954118
1700 0.94
1700 0.953529
1700 0.94
1700 0.908824
1700 0.922941
1700 0.992353
1700 0.939412
1700 0.991765
1750 0.945714
1750 0.910286
1750 0.920571
1750 0.937714
1750 0.941143
1750 0.956
1750 0.923429
1750 0.789143
1750 0.992
1750 0.912571
1750 0.936571
1750 0.922286
1750 0.885714
1750 0.936571
1750 0.943429
1750 0.88
1750 0.953714
1750 0.946857
1750 0.957143
1750 0.954286
1750 0.938286
1750 0.992571
1750 0.919429
1750 0.928
1750 0.947429
1750 0.949714
1750 0.907429
1750 0.894857
1750 0.965143
1750 0.94
1750 0.945714
1750 0.925143
1750 0.934857
1750 0.971429
1750 0.975429
1750 0.898857
1750 0.96
1750 0.934857
1750 0.901143
1750 0.956571
1750 0.945143
1750 0.939429
1750 0.973143
1750 0.924
1750 0.915429
1750 0.894857
1750 0.949714
1750 0.986857
1750 0.920571
1750 0.917714
1750 0.929714
1750 0.938857
1750 0.96
1750 0.929143
1750 0.928571
1750 0.929714
1750 0.941143
1750 0.952
1750 0.962286
1750 0.928571
1750 0.974286
1750 0.925143
1750 0.949143
1750 0.957143
1750 0.898857
1750 0.950857
1750 0.959429
1750 0.92
1750 0.880571
1750 0.926857
1750 0.479429
1750 0.926857
1750 0.918857
1750 0.938857
1750 0.862857
1800 0.981667
1800 0.960556
1800 0.882778
1800 0.908333
1800 0.923889
1800 0.921667
1800 0.969444
1800 0.941667
1800 0.944444
1800 0.935
1800 0.902778
1800 0.962778
1800 0.940556
1800 0.903333
1800 0.985
1800 0.918889
1800 0.956667
1800 0.937222
1800 0.865556
1800 0.951667
1800 0.946111
1800 0.951111
1800 0.925556
1800 0.962222
1800 0.976111
1800 0.921111
1800 0.965
1800 0.942222
1800 0.955
1800 0.888889
1800 0.943333
1800 0.952778
1800 0.902222
1800 0.978889
1800 0.880556
1800 0.925
1800 0.932778
1800 0.935556
1800 0.917222
1800 0.89
1800 0.933889
1800 0.921667
1800 0.921111
1800 0.953333
1800 0.932778
1800 0.974444
1800 0.893333
1800 0.913889
1800 0.937778
1800 0.905
1800 0.976667
1800 0.980556
1800 0.899444
1800 0.959444
1800 0.947222
1800 0.961667
1800 0.851667
1800 0.93
1800 0.971667
1800 0.931667
1800 0.962778
1800 0.977778
1800 0.937222
1800 0.938889
1800 0.955556
1800 0.929444
1800 0.955556
1800 0.956111
1800 0.947222
1800 0.939444
1800 0.905556
1800 0.936667
1800 0.940556
1800 0.967778
1800 0.928889
1850 0.92
1850 0.901622
1850 0.942703
1850 0.915676
1850 0.972432
1850 0.982162
1850 0.929189
1850 0.991351
1850 0.938378
1850 0.933514
1850 0.915135
1850 0.935135
1850 0.965405
1850 0.903784
1850 0.977838
1850 0.958919
1850 0.981081
1850 0.96973
1850 0.973514
1850 0.865946
1850 0.946486
1850 0.906486
1850 0.925405
1850 0.921622
1850 0.956216
1850 0.930811
1850 0.98973
1850 0.937297
1850 0.925946
1850 0.966486
1850 0.961622
1850 0.986486
1850 0.925946
1850 0.926486
1850 0.948108
1850 0.902162
1850 0.92973
1850 0.951351
1850 0.968649
1850 0.935676
1850 0.953514
1850 0.975135
1850 0.94
1850 0.945405
1850 0.937838
1850 0.970811
1850 0.90973
1850 0.923243
1850 0.945405
1850 0.883784
1850 0.961622
1850 0.891351
1850 0.875676
1850 0.949189
1850 0.958919
1850 0.901622
1850 0.964324
1850 0.937297
1850 0.903784
1850 0.974054
1850 0.922162
1850 0.982162
1850 0.914595
1850 0.927027
1850 0.929189
1850 0.961081
1850 0.867568
1850 0.913514
1850 0.931892
1850 0.923784
1850 0.916216
1850 0.974595
1850 0.969189
1850 0.911351
1850 0.925405
1900 0.941053
1900 0.942105
1900 0.937368
1900 0.949474
1900 0.941053
1900 0.9
1900 0.923158
1900 0.93
1900 0.945263
1900 0.967368
1900 0.950526
1900 0.852632
1900 0.929474
1900 0.973158
1900 0.948421
1900 0.911579
1900 0.951053
1900 0.926316
1900 0.862632
1900 0.957895
1900 0.895789
1900 0.891053
1900 0.908421
1900 0.928947
1900 0.828421
1900 0.992632
1900 0.976316
1900 0.957895
1900 0.956316
1900 0.915263
1900 0.882632
1900 0.968947
1900 0.955263
1900 0.902632
1900 0.971053
1900 0.907895
1900 0.924737
1900 0.940526
1900 0.954211
1900 0.966842
1900 0.943158
1900 0.965789
1900 0.933684
1900 0.937368
1900 0.951579
1900 0.946842
1900 0.925789
1900 0.926316
1900 0.927368
1900 0.956842
1900 0.96
1900 0.963684
1900 0.975263
1900 0.927895
1900 0.956842
1900 0.942632
1900 0.989474
1900 0.936316
1900 0.917895
1900 0.905263
1900 0.940526
1900 0.958421
1900 0.918947
1900 0.963684
1900 0.983158
1900 0.925263
1900 0.917368
1900 0.913158
1900 0.946316
1900 0.858947
1900 0.944211
1900 0.977368
1900 0.941053
1900 0.925263
1900 0.837368
1950 0.927692
1950 0.977949
1950 0.991282
1950 0.951795
1950 0.948205
1950 0.97641
1950 0.949231
1950 0.91641
1950 0.933846
1950 0.978462
1950 0.992308
1950 0.917436
1950 0.961538
1950 0.884103
1950 0.949231
1950 0.892821
1950 0.98
1950 0.970256
1950 0.924103
1950 0.928205
1950 0.887692
1950 0.952821
1950 0.965128
1950 0.994359
1950 0.912308
1950 0.948205
1950 0.950256
1950 0.922564
1950 0.894359
1950 0.951282
1950 0.950256
1950 0.909231
1950 0.927179
1950 0.912821
1950 0.996923
1950 0.937949
1950 0.885641
1950 0.970769
1950 0.934872
1950 0.937949
1950 0.98
1950 0.970769
1950 0.959487
1950 0.98
1950 0.968205
1950 0.905128
1950 0.962051
1950 0.966667
1950 0.914359
1950 0.966667
1950 0.957436
1950 0.977436
1950 0.935897
1950 0.937949
1950 0.932308
1950 0.95641
1950 0.934359
1950 0.937436
1950 0.896923
1950 0.912308
1950 0.977436
1950 0.946667
1950 0.969744
1950 0.808205
1950 0.96
1950 0.914872
1950 0.969231
1950 0.907179
1950 0.911795
1950 0.955385
1950 0.977436
1950 0.935385
1950 0.970256
1950 0.858462
1950 0.969231
2000 0.9335
2000 0.931
2000 0.9785
2000 0.966
2000 0.8895
2000 0.942
2000 0.968
2000 0.89
2000 0.9305
2000 0.909
2000 0.9025
2000 0.9155
2000 0.9485
2000 0.9585
2000 0.95
2000 0.9615
2000 0.938
2000 0.9295
2000 0.922
2000 0.935
2000 0.8995
2000 0.951
2000 0.975
2000 0.892
2000 0.9805
2000 0.879
2000 0.9095
2000 0.965
2000 0.963
2000 0.905
2000 0.9325
2000 0.9415
2000 0.9805
2000 0.938
2000 0.932
2000 0.966
2000 0.96
2000 0.97
2000 0.959
2000 0.892
2000 0.9015
2000 0.984
2000 0.9645
2000 0.933
2000 0.903
2000 0.921
2000 0.951
2000 0.919
2000 0.914
2000 0.976
2000 0.977
2000 0.8945
2000 0.9885
2000 0.9185
2000 0.9375
2000 0.927
2000 0.968
2000 0.945
2000 0.9825
2000 0.9375
2000 0.9575
2000 0.92
2000 0.9315
2000 0.956
2000 0.961
2000 0.9265
2000 0.933
2000 0.9425
2000 0.9195
2000 0.975
2000 0.887
2000 0.991
2000 0.986
2000 0.9325
2000 0.9165
