50 0.14
50 0.5
50 0.02
50 0.18
50 0.26
50 0.18
50 0.8
50 0.58
50 0.02
50 0.36
50 0.16
50 0.22
50 0.02
50 0.14
50 0.16
50 0.1
50 0
50 0.58
50 0.34
50 0.1
50 0
50 0.06
50 0
50 0.04
50 0.2
50 0.48
50 0.02
50 0.34
50 0.18
50 0.14
50 0.16
50 0.06
50 0.58
50 0.16
50 0.34
50 0
50 0.68
50 0.2
50 0.02
50 0.02
50 0.22
50 0.2
50 0.18
50 0
50 0.26
50 0.22
50 0.18
50 0.08
50 0.24
50 0.2
50 0.38
50 0.04
50 0.44
50 0.42
50 0.64
50 0.34
50 0.44
50 0.02
50 0.1
50 0
50 0.4
50 0.4
50 0
50 0.26
50 0.82
50 0.02
50 0.16
50 0.24
50 0.44
50 0.1
50 0.16
50 0.1
50 0.1
50 0.82
50 0.12
100 0.22
100 0.24
100 0.43
100 0.66
100 0.7
100 0.72
100 0.53
100 0.83
100 0.82
100 0.44
100 0.86
100 0.06
100 0.27
100 0.01
100 0.93
100 0.14
100 0.67
100 0.42
100 0.34
100 0.7
100 0.65
100 0.67
100 0.58
100 0.54
100 0.39
100 0.63
100 0
100 0.56
100 0.2
100 0.6
100 0.8
100 0.48
100 0.28
100 0.8
100 0.79
100 0.49
100 0.71
100 0.59
100 0.05
100 0.44
100 0.76
100 0.94
100 0.23
100 0.83
100 0.77
100 0.73
100 0.23
100 0.86
100 0.7
100 0.62
100 0.42
100 0.52
100 0.22
100 0.62
100 0.55
100 0.97
100 0.84
100 0.82
100 0.82
100 0.62
100 0.76
100 0.52
100 0.55
100 0.49
100 0.55
100 0.16
100 0.64
100 0.64
100 0.69
100 0.64
100 0.28
100 0.66
100 0.51
100 0.1
100 0.85
150 0.686667
150 0.62
150 0.726667
150 0.686667
150 0.52
150 0.846667
150 0.706667
150 0.893333
150 0.753333
150 0.833333
150 0.953333
150 0.673333
150 0.46
150 0.52
150 0.686667
150 0.673333
150 0.973333
150 0.653333
150 0.726667
150 0.806667
150 0.766667
150 0.813333
150 0.573333
150 0.28
150 0.8
150 0.766667
150 0.153333
150 0.806667
150 0.913333
150 0.78
150 0.766667
150 0.72
150 0.826667
150 0.946667
150 0.713333
150 0.566667
150 0.553333
150 0.54
150 0.513333
150 0.846667
150 0.86
150 0.4
150 0.486667
150 0.433333
150 0.293333
150 0.886667
150 0.78
150 0.82
150 0.746667
150 0.353333
150 0.673333
150 0.473333
150 0.753333
150 0.853333
150 0.7
150 0.733333
150 0.8
150 0.773333
150 0.446667
150 0.693333
150 0.913333
150 0.76
150 0.96
150 0.573333
150 0.84
150 0.86
150 0.826667
150 0.346667
150 0.913333
150 0.513333
150 0.746667
150 0.473333
150 0.746667
150 0.733333
150 0.06
200 0.675
200 0.445
200 0.97
200 0.755
200 0.34
200 0.825
200 0.65
200 0.89
200 0.76
200 0.75
200 0.905
200 0.535
200 0.775
200 0.92
200 0.675
200 0.75
200 0.83
200 0.845
200 0.855
200 0.85
200 0.715
200 0.84
200 0.67
200 0.86
200 0.795
200 0.69
200 0.8
200 0.465
200 0.675
200 0.775
200 0.49
200 0.86
200 0.67
200 0.49
200 0.815
200 0.865
200 0.43
200 0.705
200 0.85
200 0.475
200 0.785
200 0.875
200 0.775
200 0.58
200 0.9
200 0.77
200 0.835
200 0.745
200 0.85
200 0.66
200 0.13
200 0.84
200 0.865
200 0.695
200 0.905
200 0.895
200 0.845
200 0.63
200 0.92
200 0.59
200 0.48
200 0.86
200 0.95
200 0.83
200 0.78
200 0.675
200 0.66
200 0.825
200 0.75
200 0.925
200 0.84
200 0.4
200 0.84
200 0.85
200 0.79
250 0.772
250 0.872
250 0.924
250 0.788
250 0.892
250 0.908
250 0.824
250 0.868
250 0.76
250 0.824
250 0.896
250 0.876
250 0.948
250 0.804
250 0.804
250 0.924
250 0.888
250 0.512
250 0.864
250 0.848
250 0.912
250 0.772
250 0.724
250 0.844
250 0.912
250 0.852
250 0.88
250 0.988
250 0.74
250 0.828
250 0.748
250 0.94
250 0.924
250 0.888
250 0.788
250 0.796
250 0.948
250 0.732
250 0.884
250 0.76
250 0.9
250 0.832
250 0.844
250 0.468
250 0.864
250 0.84
250 0.884
250 0.576
250 0.844
250 0.84
250 0.924
250 0.596
250 0.816
250 0.784
250 0.836
250 0.96
250 0.852
250 0.424
250 0.9
250 0.596
250 0.78
250 0.86
250 0.868
250 0.868
250 0.788
250 0.932
250 0.872
250 0.756
250 0.848
250 0.952
250 0.736
250 0.56
250 0.88
250 0.924
250 0.828
300 0.863333
300 0.85
300 0.806667
300 0.91
300 0.64
300 0.883333
300 0.753333
300 0.643333
300 0.886667
300 0.823333
300 0.88
300 0.806667
300 0.84
300 0.896667
300 0.913333
300 0.91
300 0.853333
300 0.91
300 0.813333
300 0.833333
300 0.586667
300 0.863333
300 0.806667
300 0.94
300 0.96
300 0.913333
300 0.883333
300 0.87
300 0.933333
300 0.923333
300 0.846667
300 0.793333
300 0.6
300 0.88
300 0.863333
300 0.913333
300 0.94
300 0.953333
300 0.913333
300 0.85
300 0.933333
300 0.886667
300 0.973333
300 0.92
300 0.78
300 0.733333
300 0.763333
300 0.443333
300 0.676667
300 0.836667
300 0.963333
300 0.94
300 0.753333
300 0.723333
300 0.84
300 0.923333
300 0.913333
300 0.79
300 0.833333
300 0.84
300 0.866667
300 0.87
300 0.95
300 0.75
300 0.87
300 0.936667
300 0.906667
300 0.856667
300 0.906667
300 0.913333
300 0.913333
300 0.91
300 0.856667
300 0.82
300 0.85
350 0.92
350 0.917143
350 0.897143
350 0.697143
350 0.962857
350 0.682857
350 0.745714
350 0.917143
350 0.954286
350 0.991429
350 0.802857
350 0.785714
350 0.877143
350 0.928571
350 0.908571
350 0.86
350 0.857143
350 0.985714
350 0.802857
350 0.748571
350 0.908571
350 0.722857
350 0.862857
350 0.857143
350 0.877143
350 0.954286
350 0.828571
350 0.94
350 0.874286
350 0.888571
350 0.78
350 0.951429
350 0.885714
350 0.922857
350 0.911429
350 0.917143
350 0.922857
350 0.582857
350 0.888571
350 0.794286
350 0.891429
350 0.917143
350 0.908571
350 0.931429
350 0.962857
350 0.917143
350 0.714286
350 0.834286
350 0.88
350 0.937143
350 0.834286
350 0.831429
350 0.914286
350 0.937143
350 0.84
350 0.914286
350 0.962857
350 0.817143
350 0.948571
350 0.857143
350 0.905714
350 0.842857
350 0.888571
350 0.965714
350 0.688571
350 0.865714
350 0.94
350 0.977143
350 0.817143
350 0.888571
350 0.88
350 0.945714
350 0.305714
350 0.845714
350 0.925714
400 0.965
400 0.825
400 0.8475
400 0.9275
400 0.775
400 0.915
400 0.8475
400 0.5675
400 0.9075
400 0.745
400 0.89
400 0.9225
400 0.8625
400 0.88
400 0.87
400 0.8825
400 0.82
400 0.57
400 0.88
400 0.9125
400 0.8825
400 0.9275
400 0.8575
400 0.7425
400 0.89
400 0.9175
400 0.985
400 0.6425
400 0.8625
400 0.98
400 0.8975
400 0.8625
400 0.905
400 0.905
400 0.9525
400 0.9475
400 0.955
400 0.66
400 0.98
400 0.98
400 0.88
400 0.915
400 0.93
400 0.86
400 0.9125
400 0.915
400 0.9375
400 0.77
400 0.87
400 0.9375
400 0.935
400 0.8975
400 0.8625
400 0.8025
400 0.85
400 0.8775
400 0.96
400 0.895
400 0.9375
400 0.9025
400 0.8475
400 0.79
400 0.98
400 0.9125
400 0.885
400 0.925
400 0.8425
400 0.9475
400 0.96
400 0.9225
400 0.915
400 0.8575
400 0.89
400 0.8325
400 0.895
450 0.9
450 0.873333
450 0.935556
450 0.904444
450 0.617778
450 0.942222
450 0.96
450 0.906667
450 0.871111
450 0.815556
450 0.937778
450 0.802222
450 0.886667
450 0.917778
450 0.76
450 0.897778
450 0.815556
450 0.871111
450 0.873333
450 0.824444
450 0.917778
450 0.984444
450 0.955556
450 0.98
450 0.886667
450 0.657778
450 0.948889
450 0.771111
450 0.955556
450 0.577778
450 0.902222
450 0.862222
450 0.96
450 0.835556
450 0.795556
450 0.86
450 0.877778
450 0.893333
450 0.982222
450 0.753333
450 0.888889
450 0.915556
450 0.775556
450 0.915556
450 0.797778
450 0.864444
450 0.928889
450 0.933333
450 0.713333
450 0.906667
450 0.917778
450 0.744444
450 0.886667
450 0.922222
450 0.891111
450 0.92
450 0.84
450 0.948889
450 0.902222
450 0.931111
450 0.8
450 0.853333
450 0.877778
450 0.96
450 0.922222
450 0.888889
450 0.957778
450 0.784444
450 0.817778
450 0.94
450 0.837778
450 0.824444
450 0.953333
450 0.888889
450 0.728889
500 0.92
500 0.868
500 0.982
500 0.946
500 0.756
500 0.96
500 0.924
500 0.9
500 0.804
500 0.884
500 0.918
500 0.912
500 0.834
500 0.954
500 0.962
500 0.802
500 0.834
500 0.912
500 0.998
500 0.854
500 0.876
500 0.858
500 0.874
500 0.85
500 0.952
500 0.832
500 0.906
500 0.956
500 0.95
500 0.884
500 0.89
500 0.84
500 0.85
500 0.866
500 0.844
500 0.876
500 0.89
500 0.956
500 0.934
500 0.782
500 0.876
500 0.922
500 0.902
500 0.946
500 0.92
500 0.896
500 0.91
500 0.954
500 0.946
500 0.966
500 0.844
500 0.842
500 0.896
500 0.756
500 0.916
500 0.88
500 0.886
500 0.928
500 0.92
500 0.882
500 0.906
500 0.888
500 0.892
500 0.732
500 0.784
500 0.892
500 0.898
500 0.836
500 0.948
500 0.97
500 0.946
500 0.85
500 0.98
500 0.9
500 0.946
550 0.696364
550 0.945455
550 0.872727
550 0.834545
550 0.914545
550 0.874545
550 0.918182
550 0.890909
550 0.901818
550 0.985455
550 0.894545
550 0.867273
550 0.652727
550 0.930909
550 0.869091
550 0.892727
550 0.821818
550 0.903636
550 0.990909
550 0.863636
550 0.945455
550 0.803636
550 0.850909
550 0.867273
550 0.967273
550 0.921818
550 0.858182
550 0.792727
550 0.867273
550 0.870909
550 0.869091
550 0.898182
550 0.941818
550 0
550 0.918182
550 0.930909
550 0.949091
550 0.92
550 0.989091
550 0.88
550 0.961818
550 0.878182
550 0.892727
550 0.889091
550 0.921818
550 0.858182
550 0.627273
550 0.896364
550 0.94
550 0.801818
550 0.909091
550 0.96
550 0.84
550 0.754545
550 0.790909
550 0.916364
550 0.943636
550 0.861818
550 0.96
550 0.84
550 0.927273
550 0.907273
550 0.981818
550 0.905455
550 0.938182
550 0.950909
550 0.925455
550 0.925455
550 0.896364
550 0.874545
550 0.923636
550 0.845455
550 0.856364
550 0.905455
550 0.923636
600 0.895
600 0.91
600 0.925
600 0.823333
600 0.9
600 0.961667
600 0.943333
600 0.968333
600 0.925
600 0.885
600 0.838333
600 0.896667
600 0.91
600 0.945
600 0.918333
600 0.835
600 0.946667
600 0.851667
600 0.976667
600 0.96
600 0.853333
600 0.901667
600 0.915
600 0.946667
600 0.865
600 0.906667
600 0.911667
600 0.97
600 0.933333
600 0.936667
600 0.845
600 0.955
600 0.893333
600 0.89
600 0.866667
600 0.858333
600 0.921667
600 0.838333
600 0.905
600 0.918333
600 0.9
600 0.953333
600 0.856667
600 0.911667
600 0.99
600 0.931667
600 0.868333
600 0.853333
600 0.811667
600 0.855
600 0.858333
600 0.908333
600 0.948333
600 0.858333
600 0.91
600 0.928333
600 0.888333
600 0.92
600 0.793333
600 0.908333
600 0.883333
600 0.895
600 0.921667
600 0.906667
600 0.91
600 0.898333
600 0.965
600 0.888333
600 0.848333
600 0.92
600 0.905
600 0.84
600 0.941667
600 0.965
600 0.828333
650 0.904615
650 0.826154
650 0.88
650 0.883077
650 0.896923
650 0.910769
650 0.935385
650 0.910769
650 0.875385
650 0.949231
650 0.838462
650 0.94
650 0.929231
650 0.913846
650 0.918462
650 0.889231
650 0.9
650 0.746154
650 0.936923
650 0.961538
650 0.763077
650 0.875385
650 0.918462
650 0.933846
650 0.896923
650 0.867692
650 0.883077
650 0.932308
650 0.96
650 0.883077
650 0.909231
650 0.887692
650 0.907692
650 0.943077
650 0.927692
650 0.858462
650 0.913846
650 0.890769
650 0.804615
650 0.913846
650 0.976923
650 0.936923
650 0.956923
650 0.915385
650 0.895385
650 0.983077
650 0.829231
650 0.88
650 0.889231
650 0.852308
650 0.858462
650 0.910769
650 0.916923
650 0.861538
650 0.904615
650 0.878462
650 0.932308
650 0.936923
650 0.861538
650 0.949231
650 0.92
650 0.870769
650 0.906154
650 0.869231
650 0.852308
650 0.921538
650 0.933846
650 0.896923
650 0.947692
650 0.870769
650 0.824615
650 0.910769
650 0.938462
650 0.92
650 0.978462
700 0.945714
700 0.907143
700 0.911429
700 0.805714
700 0.968571
700 0.938571
700 0.877143
700 0.915714
700 0.971429
700 0.914286
700 0.972857
700 0.915714
700 0.935714
700 0.88
700 0.875714
700 0.951429
700 0.845714
700 0.912857
700 0.912857
700 0.791429
700 0.91
700 0.91
700 0.927143
700 0.968571
700 0.924286
700 0.934286
700 0.962857
700 0.845714
700 0.894286
700 0.901429
700 0.931429
700 0.925714
700 0.927143
700 0.974286
700 0.877143
700 0.962857
700 0.935714
700 0.88
700 0.87
700 0.968571
700 0.888571
700 0.73
700 0.964286
700 0.941429
700 0.788571
700 0.832857
700 0.831429
700 0.908571
700 0.957143
700 0.914286
700 0.878571
700 0.912857
700 0.87
700 0.931429
700 0.92
700 0.88
700 0.912857
700 0.905714
700 0.875714
700 0.848571
700 0.941429
700 0.887143
700 0.927143
700 0.71
700 0.968571
700 0.927143
700 0.924286
700 0.931429
700 0.938571
700 0.86
700 0.897143
700 0.928571
700 0.945714
700 0.845714
700 0.92
750 0.885333
750 0.909333
750 0.962667
750 0.88
750 0.898667
750 0.972
750 0.974667
750 0.901333
750 0.964
750 0.873333
750 0.750667
750 0.993333
750 0.956
750 0.838667
750 0.905333
750 0.869333
750 0.829333
750 0.890667
750 0.944
750 0.904
750 0.921333
750 0.898667
750 0.888
750 0.916
750 0.902667
750 0.942667
750 0.914667
750 0.938667
750 0.888
750 0.96
750 0.886667
750 0.902667
750 0.909333
750 0.9
750 0.952
750 0.866667
750 0.846667
750 0.92
750 0.908
750 0.906667
750 0.936
750 0.765333
750 0.973333
750 0.886667
750 0.893333
750 0.893333
750 0.9
750 0.906667
750 0.889333
750 0.861333
750 0.968
750 0.909333
750 0.914667
750 0.905333
750 0.888
750 0.938667
750 0.970667
750 0.832
750 0.896
750 0.901333
750 0.874667
750 0.972
750 0.906667
750 0.738667
750 0.893333
750 0.805333
750 0.844
750 0.924
750 0.933333
750 0.978667
750 0.965333
750 0.950667
750 0.854667
750 0.950667
750 0.958667
800 0.8875
800 0.77625
800 0.94625
800 0.9125
800 0.94125
800 0.80375
800 0.845
800 0.91375
800 0.96875
800 0.93375
800 0.85125
800 0.90125
800 0.915
800 0.925
800 0.94375
800 0.87625
800 0.9375
800 0.96625
800 0.97125
800 0.87625
800 0.93
800 0.915
800 0.96625
800 0.95
800 0.93625
800 0.92375
800 0.90625
800 0.9375
800 0.95375
800 0.90875
800 0.9675
800 0.9075
800 0.84875
800 0.91375
800 0.92
800 0.9275
800 0.91125
800 0.96125
800 0.9225
800 0.93625
800 0.94375
800 0.9375
800 0.9325
800 0.7825
800 0.89125
800 0.91625
800 0.88875
800 0.89375
800 0.9475
800 0.90625
800 0.8325
800 0.8575
800 0.9025
800 0.94
800 0.90125
800 0.96375
800 0.8875
800 0.88
800 0.89
800 0.90125
800 0.95625
800 0.92
800 0.945
800 0.98
800 0.9575
800 0.88625
800 0.86125
800 0.955
800 0.90375
800 0.91625
800 0.925
800 0.9575
800 0.95625
800 0.92625
800 0.88
850 0.904706
850 0.917647
850 0.927059
850 0.937647
850 0.915294
850 0.857647
850 0.902353
850 0.968235
850 0.850588
850 0.863529
850 0.914118
850 0.923529
850 0.904706
850 0.905882
850 0.825882
850 0.962353
850 0.908235
850 0.910588
850 0.947059
850 0.967059
850 0.930588
850 0.988235
850 0.870588
850 0.876471
850 0.935294
850 0.850588
850 0.955294
850 0.965882
850 0.932941
850 0.894118
850 0.870588
850 0.901176
850 0.86
850 0.821176
850 0.945882
850 0.992941
850 0.951765
850 0.892941
850 0.898824
850 0.884706
850 0.877647
850 0.951765
850 0.949412
850 0.892941
850 0.889412
850 0.977647
850 0.955294
850 0.944706
850 0.835294
850 0.849412
850 0.924706
850 0.854118
850 0.864706
850 0.911765
850 0.910588
850 0.898824
850 0.964706
850 0.9
850 0.934118
850 0.847059
850 0.881176
850 0.909412
850 0.891765
850 0.954118
850 0.945882
850 0.974118
850 0.968235
850 0.929412
850 0.870588
850 0.878824
850 0.971765
850 0.888235
850 0.937647
850 0.924706
850 0.84
900 0.921111
900 0.962222
900 0.886667
900 0.914444
900 0.91
900 0.867778
900 0.921111
900 0.96
900 0.971111
900 0.923333
900 0.93
900 0.945556
900 0.973333
900 0.935556
900 0.916667
900 0.95
900 0.935556
900 0.894444
900 0.907778
900 0.876667
900 0.975556
900 0.945556
900 0.851111
900 0.892222
900 0.796667
900 0.862222
900 0.928889
900 0.913333
900 0.922222
900 0.921111
900 0.922222
900 0.851111
900 0.787778
900 0.916667
900 0.911111
900 0.975556
900 0.927778
900 0.953333
900 0.916667
900 0.942222
900 0.812222
900 0.895556
900 0.934444
900 0.813333
900 0.863333
900 0.911111
900 0.954444
900 0.912222
900 0.887778
900 0.937778
900 0.834444
900 0.876667
900 0.868889
900 0.912222
900 0.917778
900 0.954444
900 0.91
900 0.966667
900 0.968889
900 0.906667
900 0.955556
900 0.868889
900 0.856667
900 0.952222
900 0.82
900 0.932222
900 0.944444
900 0.997778
900 0.951111
900 0.888889
900 0.878889
900 0.927778
900 0.968889
900 0.952222
900 0.913333
950 0.928421
950 0.886316
950 0.976842
950 0.971579
950 0.908421
950 0.856842
950 0.857895
950 0.930526
950 0.978947
950 0.952632
950 0.754737
950 0.925263
950 0.886316
950 0.933684
950 0.923158
950 0.913684
950 0.872632
950 0.858947
950 0.987368
950 0.924211
950 0.911579
950 0.914737
950 0.904211
950 0.918947
950 0.882105
950 0.947368
950 0.904211
950 0.942105
950 0.954737
950 0.936842
950 0.96
950 0.886316
950 0.927368
950 0.921053
950 0.974737
950 0.871579
950 0.923158
950 0.850526
950 0.936842
950 0.876842
950 0.912632
950 0.94
950 0.911579
950 0.883158
950 0.941053
950 0.773684
950 0.911579
950 0.931579
950 0.888421
950 0.909474
950 0.88
950 0.858947
950 0.892632
950 0.962105
950 0.830526
950 0.948421
950 0.888421
950 0.907368
950 0.938947
950 0.942105
950 0.873684
950 0.892632
950 0.854737
950 0.869474
950 0.852632
950 0.904211
950 0.788421
950 0.902105
950 0.881053
950 0.894737
950 0.922105
950 0.931579
950 0.913684
950 0.970526
950 0.972632
1000 0.939
1000 0.799
1000 0.919
1000 0.902
1000 0.888
1000 0.816
1000 0.846
1000 0.972
1000 0.878
1000 0.932
1000 0.873
1000 0.933
1000 0.947
1000 0.946
1000 0.95
1000 0.913
1000 0.911
1000 0.984
1000 0.894
1000 0.942
1000 0.864
1000 0.818
1000 0.922
1000 0.935
1000 0.937
1000 0.938
1000 0.89
1000 0.956
1000 0.864
1000 0.893
1000 0.961
1000 0.963
1000 0.951
1000 0.939
1000 0.897
1000 0.942
1000 0.876
1000 0.913
1000 0.901
1000 0.923
1000 0.923
1000 0.884
1000 0.901
1000 0.875
1000 0.926
1000 0.877
1000 0.745
1000 0.952
1000 0.946
1000 0.908
1000 0.907
1000 0.837
1000 0.904
1000 0.942
1000 0.942
1000 0.988
1000 0.949
1000 0.87
1000 0.868
1000 0.895
1000 0.941
1000 0.935
1000 0.907
1000 0.967
1000 0.924
1000 0.97
1000 0.951
1000 0.925
1000 0.905
1000 0.94
1000 0.885
1000 0.909
1000 0.928
1000 0.988
1000 0.92
1050 0.944762
1050 0.979048
1050 0.885714
1050 0.935238
1050 0.721905
1050 0.937143
1050 0.940952
1050 0.978095
1050 0.880952
1050 0.869524
1050 0.941905
1050 0.928571
1050 0.914286
1050 0.884762
1050 0.902857
1050 0.860952
1050 0.840952
1050 0.92
1050 0.942857
1050 0.96
1050 0.93619
1050 0.958095
1050 0.893333
1050 0.871429
1050 0.957143
1050 0.82381
1050 0.879048
1050 0.937143
1050 0.913333
1050 0.935238
1050 0.908571
1050 0.895238
1050 0.878095
1050 0.928571
1050 0.882857
1050 0.948571
1050 0.928571
1050 0.958095
1050 0.851429
1050 0.962857
1050 0.878095
1050 0.932381
1050 0.908571
1050 0.833333
1050 0.965714
1050 0.927619
1050 0.750476
1050 0.887619
1050 0.948571
1050 0.965714
1050 0.948571
1050 0.860952
1050 0.933333
1050 0.92
1050 0.960952
1050 0.912381
1050 0.913333
1050 0.980952
1050 0.969524
1050 0.945714
1050 0.872381
1050 0.922857
1050 0.984762
1050 0.922857
1050 0.832381
1050 0.866667
1050 0.97619
1050 0.971429
1050 0.887619
1050 0.934286
1050 0.910476
1050 0.99619
1050 0.96
1050 0.870476
1050 0.968571
1100 0.937273
1100 0.915455
1100 0.894545
1100 0.920909
1100 0.924545
1100 0.926364
1100 0.973636
1100 0.910909
1100 0.893636
1100 0.974545
1100 0.971818
1100 0.911818
1100 0.938182
1100 0.929091
1100 0.927273
1100 0.973636
1100 0.941818
1100 0.922727
1100 0.967273
1100 0.98
1100 0.856364
1100 0.919091
1100 0.930909
1100 0.924545
1100 0.98
1100 0.95
1100 0.956364
1100 0.96
1100 0.924545
1100 0.872727
1100 0.887273
1100 0.840909
1100 0.857273
1100 0.896364
1100 0.918182
1100 0.902727
1100 0.930909
1100 0.939091
1100 0.923636
1100 0.906364
1100 0.952727
1100 0.892727
1100 0.928182
1100 0.937273
1100 0.955455
1100 0.924545
1100 0.959091
1100 0.968182
1100 0.947273
1100 0.973636
1100 0.959091
1100 0.949091
1100 0.926364
1100 0.950909
1100 0.898182
1100 0.956364
1100 0.977273
1100 0.945455
1100 0.946364
1100 0.923636
1100 0.944545
1100 0.921818
1100 0.95
1100 0.944545
1100 0.915455
1100 0.937273
1100 0.990909
1100 0.959091
1100 0.953636
1100 0.913636
1100 0.937273
1100 0.949091
1100 0.943636
1100 0.893636
1100 0.749091
1150 0.87913
1150 0.912174
1150 0.931304
1150 0.932174
1150 0.886087
1150 0.893043
1150 0.945217
1150 0.917391
1150 0.891304
1150 0.958261
1150 0.911304
1150 0.883478
1150 0.878261
1150 0.865217
1150 0.94
1150 0.905217
1150 0.872174
1150 0.903478
1150 0.930435
1150 0.918261
1150 0.890435
1150 0.963478
1150 0.925217
1150 0.935652
1150 0.908696
1150 0.890435
1150 0.966957
1150 0.892174
1150 0.95913
1150 0.94
1150 0.92087
1150 0.904348
1150 0.972174
1150 0.90087
1150 0.954783
1150 0.947826
1150 0.946957
1150 0.905217
1150 0.951304
1150 0.891304
1150 0.863478
1150 0.94087
1150 0.895652
1150 0.923478
1150 0.96
1150 0.798261
1150 0.891304
1150 0.898261
1150 0.898261
1150 0.922609
1150 0.955652
1150 0.868696
1150 0.949565
1150 0.946087
1150 0.906087
1150 0.925217
1150 0.98
1150 0.933913
1150 0.884348
1150 0.962609
1150 0.896522
1150 0.910435
1150 0.910435
1150 0.892174
1150 0.886957
1150 0.915652
1150 0.921739
1150 0.975652
1150 0.90087
1150 0.978261
1150 0.913043
1150 0.986957
1150 0.90087
1150 0.898261
1150 0.923478
1200 0.945
1200 0.9125
1200 0.919167
1200 0.930833
1200 0.9575
1200 0.96
1200 0.91
1200 0.933333
1200 0.855833
1200 0.8975
1200 0.938333
1200 0.969167
1200 0.943333
1200 0.9175
1200 0.9225
1200 0.894167
1200 0.973333
1200 0.94
1200 0.95
1200 0.970833
1200 0.95
1200 0.943333
1200 0.946667
1200 0.89
1200 0.9225
1200 0.888333
1200 0.948333
1200 0.915
1200 0.931667
1200 0.965833
1200 0.935
1200 0.96
1200 0.988333
1200 0.849167
1200 0.880833
1200 0.8525
1200 0.960833
1200 0.89
1200 0.868333
1200 0.87
1200 0.945833
1200 0.78
1200 0.891667
1200 0.955833
1200 0.941667
1200 0.934167
1200 0.946667
1200 0.9225
1200 0.849167
1200 0.9625
1200 0.955
1200 0.941667
1200 0.923333
1200 0.94
1200 0.940833
1200 0.915833
1200 0.946667
1200 0.9625
1200 0.88
1200 0.879167
1200 0.884167
1200 0.975
1200 0.9425
1200 0.9675
1200 0.96
1200 0.8825
1200 0.888333
1200 0.915
1200 0.985833
1200 0.876667
1200 0.891667
1200 0.88
1200 0.848333
1200 0.94
1200 0.905
1250 0.9304
1250 0.904
1250 0.9592
1250 0.8848
1250 0.96
1250 0.876
1250 0.8728
1250 0.9376
1250 0.8976
1250 0.9016
1250 0.8776
1250 0.8544
1250 0.9296
1250 0.932
1250 0.8704
1250 0.8656
1250 0.9168
1250 0.9424
1250 0.9656
1250 0.9008
1250 0.9024
1250 0.9176
1250 0.9552
1250 0.9184
1250 0.9088
1250 0.9656
1250 0.9672
1250 0.8408
1250 0.7912
1250 0.8352
1250 0.98
1250 0.8624
1250 0.9072
1250 0.9168
1250 0.9208
1250 0.9416
1250 0.9296
1250 0.944
1250 0.98
1250 0.9192
1250 0.9432
1250 0.9336
1250 0.916
1250 0.856
1250 0.956
1250 0.9344
1250 0.9752
1250 0.9248
1250 0.9624
1250 0.928
1250 0.9656
1250 0.9536
1250 0.8904
1250 0.884
1250 0.9192
1250 0.9
1250 0.964
1250 0.9592
1250 0.936
1250 0.8952
1250 0.9872
1250 0.8752
1250 0.8936
1250 0.9
1250 0.9336
1250 0.9312
1250 0.928
1250 0.8624
1250 0.9136
1250 0.8848
1250 0.824
1250 0.9304
1250 0.9352
1250 0.9184
1250 0.968
1300 0.908462
1300 0.850769
1300 0.874615
1300 0.916923
1300 0.910769
1300 0.956154
1300 0.92
1300 0.977692
1300 0.913077
1300 0.920769
1300 0.913077
1300 0.907692
1300 0.902308
1300 0.898462
1300 0.96
1300 0.949231
1300 0.943077
1300 0.886923
1300 0.888462
1300 0.941538
1300 0.934615
1300 0.974615
1300 0.754615
1300 0.963077
1300 0.898462
1300 0.917692
1300 0.978462
1300 0.909231
1300 0.898462
1300 0.823846
1300 0.946923
1300 0.907692
1300 0.863846
1300 0.913846
1300 0.886154
1300 0.962308
1300 0.956154
1300 0.884615
1300 0.903077
1300 0.976923
1300 0.897692
1300 0.971538
1300 0.900769
1300 0.860769
1300 0.867692
1300 0.983846
1300 0.880769
1300 0.915385
1300 0.918462
1300 0.962308
1300 0.988462
1300 0.916923
1300 0.938462
1300 0.913846
1300 0.908462
1300 0.961538
1300 0.935385
1300 0.935385
1300 0.933077
1300 0.910769
1300 0.976154
1300 0.936154
1300 0.879231
1300 0.956923
1300 0.957692
1300 0.846923
1300 0.837692
1300 0.873077
1300 0.93
1300 0.912308
1300 0.939231
1300 0.879231
1300 0.942308
1300 0.917692
1300 0.914615
1350 0.963704
1350 0.919259
1350 0.941481
1350 0.966667
1350 0.924444
1350 0.885926
1350 0.923704
1350 0.965926
1350 0.859259
1350 0.922963
1350 0.924444
1350 0.960741
1350 0.92963
1350 0.853333
1350 0.875556
1350 0.897778
1350 0.975556
1350 0.945926
1350 0.801481
1350 0.892593
1350 0.927407
1350 0.894815
1350 0.927407
1350 0.937037
1350 0.948148
1350 0.91037
1350 0.877037
1350 0.940741
1350 0.973333
1350 0.911111
1350 0.947407
1350 0.936296
1350 0.946667
1350 0.973333
1350 0.893333
1350 0.966667
1350 0.917037
1350 0.897037
1350 0.902963
1350 0.885926
1350 0.962963
1350 0.965185
1350 0.94
1350 0.938519
1350 0.955556
1350 0.954815
1350 0.962963
1350 0.845926
1350 0.961481
1350 0.919259
1350 0.958519
1350 0.913333
1350 0.884444
1350 0.959259
1350 0.865926
1350 0.931111
1350 0.88963
1350 0.961481
1350 0.939259
1350 0.893333
1350 0.95037
1350 0.875556
1350 0.925185
1350 0.837037
1350 0.956296
1350 0.922963
1350 0.971852
1350 0.9
1350 0.871852
1350 0.908148
1350 0.886667
1350 0.892593
1350 0.922222
1350 0.914815
1350 0.915556
1400 0.919286
1400 0.924286
1400 0.872857
1400 0.915714
1400 0.900714
1400 0.972857
1400 0.946429
1400 0.955
1400 0.912143
1400 0.92
1400 0.892143
1400 0.880714
1400 0.922143
1400 0.942143
1400 0.907857
1400 0.914286
1400 0.922857
1400 0.950714
1400 0.966429
1400 0.935714
1400 0.909286
1400 0.865
1400 0.897143
1400 0.956429
1400 0.904286
1400 0.887143
1400 0.864286
1400 0.922857
1400 0.901429
1400 0.907143
1400 0.931429
1400 0.947857
1400 0.916429
1400 0.895
1400 0.931429
1400 0.965
1400 0.883571
1400 0.909286
1400 0.933571
1400 0.885714
1400 0.942143
1400 0.918571
1400 0.947857
1400 0.943571
1400 0.939286
1400 0.943571
1400 0.947857
1400 0.985
1400 0.940714
1400 0.907857
1400 0.965
1400 0.928571
1400 0.914286
1400 0.926429
1400 0.937143
1400 0.927143
1400 0.954286
1400 0.877857
1400 0.993571
1400 0.880714
1400 0.922857
1400 0.938571
1400 0.913571
1400 0.993571
1400 0.987857
1400 0.942143
1400 0.912857
1400 0.942143
1400 0.905
1400 0.902143
1400 0.992143
1400 0.847857
1400 0.937857
1400 0.915
1400 0.903571
1450 0.926897
1450 0.911034
1450 0.962759
1450 0.981379
1450 0.971724
1450 0.948966
1450 0.873793
1450 0.922759
1450 0.982069
1450 0.912414
1450 0.903448
1450 0.96
1450 0.791724
1450 0.924138
1450 0.936552
1450 0.949655
1450 0.882759
1450 0.873103
1450 0.928966
1450 0.911724
1450 0.844828
1450 0.826207
1450 0.91931
1450 0.933103
1450 0.884138
1450 0.89931
1450 0.893103
1450 0.886207
1450 0.826897
1450 0.91931
1450 0.935862
1450 0.872414
1450 0.936552
1450 0.935172
1450 0.934483
1450 0.935862
1450 0.911724
1450 0.869655
1450 0.834483
1450 0.873793
1450 0.932414
1450 0.92069
1450 0.926897
1450 0.941379
1450 0.782069
1450 0.984828
1450 0.941379
1450 0.867586
1450 0.96
1450 0.926207
1450 0.966207
1450 0.947586
1450 0.962759
1450 0.858621
1450 0.931724
1450 0.830345
1450 0.954483
1450 0.966897
1450 0.951724
1450 0.92
1450 0.926897
1450 0.951724
1450 0.891724
1450 0.915862
1450 0.926897
1450 0.908276
1450 0.981379
1450 0.925517
1450 0.875172
1450 0.948966
1450 0.918621
1450 0.906207
1450 0.942759
1450 0.901379
1450 0.95931
1500 0.924667
1500 0.854
1500 0.978667
1500 0.871333
1500 0.888667
1500 0.938
1500 0.92
1500 0.928667
1500 0.89
1500 0.905333
1500 0.732667
1500 0.900667
1500 0.937333
1500 0.921333
1500 0.933333
1500 0.986
1500 0.912667
1500 0.937333
1500 0.956
1500 0.928667
1500 0.966667
1500 0.938
1500 0.914667
1500 0.883333
1500 0.935333
1500 0.899333
1500 0.880667
1500 0.936667
1500 0.841333
1500 0.952667
1500 0.904667
1500 0.918667
1500 0.970667
1500 0.926667
1500 0.940667
1500 0.888667
1500 0.917333
1500 0.869333
1500 0.918667
1500 0.952
1500 0.932667
1500 0.929333
1500 0.928667
1500 0.932667
1500 0.969333
1500 0.906667
1500 0.968667
1500 0.942
1500 0.899333
1500 0.954667
1500 0.922
1500 0.96
1500 0.904
1500 0.905333
1500 0.933333
1500 0.962
1500 0.948
1500 0.939333
1500 0.918
1500 0.933333
1500 0.914667
1500 0.824
1500 0.931333
1500 0.865333
1500 0.931333
1500 0.946667
1500 0.938
1500 0.954667
1500 0.886667
1500 0.936667
1500 0.952667
1500 0.964
1500 0.928667
1500 0.878
1500 0.900667
1550 0.94129
1550 0.940645
1550 0.948387
1550 0.921935
1550 0.905161
1550 0.898065
1550 0.917419
1550 0.938065
1550 0.899355
1550 0.627742
1550 0.923871
1550 0.84
1550 0.870968
1550 0.992258
1550 0.958065
1550 0.941935
1550 0.973548
1550 0.891613
1550 0.945806
1550 0.907097
1550 0.9
1550 0.994194
1550 0.932903
1550 0.94129
1550 0.952258
1550 0.939355
1550 0.936774
1550 0.951613
1550 0.896129
1550 0.94129
1550 0.852903
1550 0.947742
1550 0.935484
1550 0.940645
1550 0.894839
1550 0.935484
1550 0.975484
1550 0.963871
1550 0.968387
1550 0.954194
1550 0.94
1550 0.937419
1550 0.937419
1550 0.89871
1550 0.957419
1550 0.875484
1550 0.94
1550 0.93871
1550 0.892903
1550 0.947097
1550 0.907097
1550 0.949677
1550 0.932258
1550 0.914839
1550 0.967097
1550 0.949032
1550 0.875484
1550 0.871613
1550 0.847097
1550 0.934839
1550 0.930968
1550 0.965161
1550 0.952258
1550 0.946452
1550 0.93871
1550 0.949032
1550 0.953548
1550 0.889032
1550 0.976774
1550 0.908387
1550 0.974839
1550 0.98
1550 0.934839
1550 0.923871
1550 0.896129
1600 0.903125
1600 0.84
1600 0.874375
1600 0.878125
1600 0.985
1600 0.923125
1600 0.909375
1600 0.928125
1600 0.94375
1600 0.905
1600 0.94875
1600 0.969375
1600 0.9375
1600 0.92625
1600 0.965625
1600 0.895625
1600 0.954375
1600 0.91625
1600 0.895
1600 0.84875
1600 0.95125
1600 0.914375
1600 0.946875
1600 0.948125
1600 0.899375
1600 0.896875
1600 0.87125
1600 0.928125
1600 0.925625
1600 0.9575
1600 0.91
1600 0.89875
1600 0.9675
1600 0.926875
1600 0.930625
1600 0.96375
1600 0.955
1600 0.9725
1600 0.943125
1600 0.93625
1600 0.9125
1600 0.945
1600 0.944375
1600 0.89375
1600 0.903125
1600 0.969375
1600 0.978125
1600 0.934375
1600 0.905
1600 0.88875
1600 0.940625
1600 0.963125
1600 0.895
1600 0.9525
1600 0.926875
1600 0.988125
1600 0.9625
1600 0.944375
1600 0.926875
1600 0.926875
1600 0.909375
1600 0.918125
1600 0.93375
1600 0.960625
1600 0.941875
1600 0.939375
1600 0.971875
1600 0.92
1600 0.9525
1600 0.968125
1600 0.96875
1600 0.883125
1600 0.92125
1600 0.92125
1600 0.98875
1650 0.962424
1650 0.941818
1650 0.789697
1650 0.909091
1650 0.975152
1650 0.896364
1650 0.911515
1650 0.912121
1650 0.955758
1650 0.866667
1650 0.890909
1650 0.940606
1650 0.927273
1650 0.927879
1650 0.950909
1650 0.906667
1650 0.933939
1650 0.88
1650 0.909091
1650 0.943636
1650 0.874545
1650 0.89697
1650 0.970303
1650 0.941212
1650 0.936364
1650 0.910909
1650 0.961818
1650 0.890303
1650 0.946061
1650 0.849697
1650 0.919394
1650 0.955152
1650 0.907879
1650 0.933939
1650 0.899394
1650 0.905455
1650 0.926667
1650 0.926667
1650 0.898788
1650 0.953939
1650 0.952121
1650 0.929091
1650 0.912727
1650 0.886667
1650 0.937576
1650 0.93697
1650 0.954545
1650 0.949091
1650 0.901818
1650 0.95697
1650 0.932727
1650 0.932121
1650 0.906667
1650 0.918788
1650 0.967879
1650 0.877576
1650 0.93697
1650 0.96303
1650 0.884848
1650 0.921212
1650 0.912121
1650 0.930303
1650 0.915152
1650 0.826667
1650 0.929697
1650 0.925455
1650 0.969697
1650 0.926667
1650 0.951515
1650 0.92303
1650 0.94303
1650 0.913939
1650 0.956364
1650 0.850303
1650 0.877576
1700 0.788235
1700 0.974118
1700 0.885294
1700 0.918235
1700 0.939412
1700 0.954118
1700 0.895882
1700 0.892941
1700 0.831176
1700 0.922353
1700 0.932353
1700 0.927059
1700 0.933529
1700 0.904118
1700 0.945294
1700 0.951765
1700 0.947059
1700 0.928824
1700 0.928235
1700 0.908235
1700 0.965882
1700 0.845882
1700 0.958235
1700 0.864118
1700 0.891765
1700 0.936471
1700 0.887647
1700 0.927647
1700 0.938824
1700 0.913529
1700 0.884118
1700 0.935294
1700 0.952941
1700 0.877647
1700 0.967647
1700 0.951765
1700 0.961176
1700 0.905882
1700 0.977059
1700 0.951176
1700 0.915294
1700 0.904706
1700 0.942353
1700 0.87
1700 0.937647
1700 0.862941
1700 0.991765
1700 0.959412
1700 0.947647
1700 0.949412
1700 0.912941
1700 0.903529
1700 0.916471
1700 0.922353
1700 0.927647
1700 0.918824
1700 0.911765
1700 0.867059
1700 0.910588
1700 0.885294
1700 0.944118
1700 0.877647
1700 0.885882
1700 0.932353
1700 0.962941
1700 0.914118
1700 0.884706
1700 0.908824
1700 0.964118
1700 0.951765
1700 0.941176
1700 0.960588
1700 0.954706
1700 0.968824
1700 0.961765
1750 0.981714
1750 0.928
1750 0.947429
1750 0.957714
1750 0.921714
1750 0.896571
1750 0.908571
1750 0.863429
1750 0.904
1750 0.924
1750 0.946286
1750 0.92
1750 0.968
1750 0.972
1750 0.879429
1750 0.955429
1750 0.936
1750 0.868571
1750 0.926857
1750 0.985143
1750 0.84
1750 0.889714
1750 0.948571
1750 0.918857
1750 0.904571
1750 0.962286
1750 0.953714
1750 0.914857
1750 0.915429
1750 0.934857
1750 0.853143
1750 0.896
1750 0.947429
1750 0.977143
1750 0.976
1750 0.889143
1750 0.949714
1750 0.904
1750 0.806857
1750 0.925143
1750 0.886857
1750 0.951429
1750 0.966286
1750 0.899429
1750 0.965143
1750 0.980571
1750 0.937714
1750 0.914286
1750 0.917143
1750 0.920571
1750 0.874857
1750 0.976
1750 0.868571
1750 0.940571
1750 0.945143
1750 0.931429
1750 0.898857
1750 0.932
1750 0.939429
1750 0.978286
1750 0.954286
1750 0.866857
1750 0.965714
1750 0.927429
1750 0.951429
1750 0.961714
1750 0.861714
1750 0.907429
1750 0.935429
1750 0.934857
1750 0.563429
1750 0.828571
1750 0.864
1750 0.909143
1750 0.906286
1800 0.958889
1800 0.940556
1800 0.949444
1800 0.903333
1800 0.899444
1800 0.948333
1800 0.921111
1800 0.891667
1800 0.894444
1800 0.903889
1800 0.913889
1800 0.911667
1800 0.938333
1800 0.966667
1800 0.882222
1800 0.921111
1800 0.964444
1800 0.921111
1800 0.963333
1800 0.938889
1800 0.938333
1800 0.952778
1800 0.971111
1800 0.920556
1800 0.973889
1800 0.968333
1800 0.956667
1800 0.921667
1800 0.916667
1800 0.904444
1800 0.937778
1800 0.923889
1800 0.954444
1800 0.956111
1800 0.942222
1800 0.898889
1800 0.768889
1800 0.935
1800 0.877778
1800 0.965556
1800 0.876667
1800 0.943333
1800 0.972222
1800 0.933889
1800 0.966111
1800 0.913333
1800 0.981667
1800 0.925
1800 0.958889
1800 0.973889
1800 0.937778
1800 0.969444
1800 0.861667
1800 0.879444
1800 0.927778
1800 0.943889
1800 0.922222
1800 0.899444
1800 0.933889
1800 0.953889
1800 0.943333
1800 0.948889
1800 0.908889
1800 0.884444
1800 0.925556
1800 0.955556
1800 0.91
1800 0.971667
1800 0.961111
1800 0.945556
1800 0.974444
1800 0.897222
1800 0.941111
1800 0.953889
1800 0.966667
1850 0.954054
1850 0.896757
1850 0.935676
1850 0.953514
1850 0.886486
1850 0.951892
1850 0.942162
1850 0.932432
1850 0.916216
1850 0.901622
1850 0.95027
1850 0.915676
1850 0.958378
1850 0.92
1850 0.942162
1850 0.938919
1850 0.951351
1850 0.911351
1850 0.933514
1850 0.913514
1850 0.924865
1850 0.914595
1850 0.940541
1850 0.91027
1850 0.892432
1850 0.917297
1850 0.961081
1850 0.868649
1850 0.907027
1850 0.917838
1850 0.967027
1850 0.931351
1850 0.962703
1850 0.942162
1850 0.905405
1850 0.925946
1850 0.949189
1850 0.983784
1850 0.914595
1850 0.948649
1850 0.968108
1850 0.902162
1850 0.910811
1850 0.959459
1850 0.928649
1850 0.969189
1850 0.958919
1850 0.92
1850 0.951892
1850 0.978378
1850 0.931892
1850 0.905405
1850 0.932973
1850 0.903243
1850 0.960541
1850 0.918919
1850 0.92973
1850 0.89027
1850 0.91027
1850 0.971351
1850 0.942162
1850 0.928108
1850 0.976216
1850 0.96
1850 0.919459
1850 0.947027
1850 0.943784
1850 0.915135
1850 0.944324
1850 0.941622
1850 0.935135
1850 0.878919
1850 0.824865
1850 0.913514
1850 0.936757
1900 0.918947
1900 0.943158
1900 0.915789
1900 0.957368
1900 0.945789
1900 0.937895
1900 0.960526
1900 0.906842
1900 0.903684
1900 0.944211
1900 0.922105
1900 0.860526
1900 0.903158
1900 0.94
1900 0.926842
1900 0.946316
1900 0.919474
1900 0.983158
1900 0.888947
1900 0.879474
1900 0.952105
1900 0.883684
1900 0.938421
1900 0.924737
1900 0.906316
1900 0.944211
1900 0.913158
1900 0.930526
1900 0.911053
1900 0.951579
1900 0.930526
1900 0.930526
1900 0.962105
1900 0.917895
1900 0.956316
1900 0.914737
1900 0.933158
1900 0.908947
1900 0.932105
1900 0.956842
1900 0.865263
1900 0.952105
1900 0.922632
1900 0.939474
1900 0.89
1900 0.959474
1900 0.973684
1900 0.943684
1900 0.878421
1900 0.976316
1900 0.946316
1900 0.928421
1900 0.915263
1900 0.929474
1900 0.925263
1900 0.913684
1900 0.896316
1900 0.918421
1900 0.916316
1900 0.933684
1900 0.995263
1900 0.941053
1900 0.955263
1900 0.92
1900 0.923684
1900 0.873158
1900 0.906316
1900 0.884737
1900 0.934737
1900 0.982632
1900 0.943158
1900 0.967368
1900 0.935263
1900 0.946842
1900 0.976316
1950 0.921026
1950 0.967179
1950 0.968718
1950 0.960513
1950 0.909231
1950 0.996923
1950 0.978974
1950 0.915385
1950 0.893846
1950 0.962051
1950 0.885641
1950 0.899487
1950 0.938974
1950 0.927179
1950 0.913846
1950 0.898462
1950 0.968718
1950 0.912308
1950 0.954359
1950 0.954872
1950 0.935385
1950 0.957436
1950 0.898974
1950 0.910769
1950 0.904103
1950 0.949231
1950 0.855385
1950 0.931282
1950 0.919487
1950 0.964615
1950 0.853333
1950 0.915897
1950 0.953846
1950 0.890256
1950 0.936923
1950 0.833333
1950 0.871795
1950 0.968718
1950 0.886667
1950 0.890769
1950 0.944103
1950 0.939487
1950 0.961538
1950 0.985641
1950 0.922051
1950 0.883077
1950 0.941026
1950 0.931282
1950 0.915385
1950 0.927179
1950 0.925128
1950 0.903077
1950 0.873846
1950 0.947692
1950 0.963077
1950 0.901538
1950 0.947179
1950 0.961026
1950 0.944103
1950 0.893333
1950 0.87641
1950 0.926667
1950 0.936923
1950 0.897436
1950 0.910769
1950 0.919487
1950 0.935385
1950 0.923077
1950 0.808205
1950 0.874872
1950 0.942051
1950 0.902051
1950 0.952308
1950 0.874872
1950 0.938462
2000 0.901
2000 0.8975
2000 0.9065
2000 0.888
2000 0.899
2000 0.9455
2000 0.98
2000 0.896
2000 0.953
2000 0.9235
2000 0.963
2000 0.898
2000 0.926
2000 0.9565
2000 0.953
2000 0.9445
2000 0.93
2000 0.981
2000 0.892
2000 0.953
2000 0.935
2000 0.8455
2000 0.94
2000 0.893
2000 0.964
2000 0.853
2000 0.919
2000 0.8655
2000 0.918
2000 0.9
2000 0.93
2000 0.956
2000 0.9455
2000 0.9885
2000 0.9535
2000 0.971
2000 0.909
2000 0.8935
2000 0.8935
2000 0.93
2000 0.9415
2000 0.9355
2000 0.9405
2000 0.905
2000 0.9265
2000 0.8865
2000 0.941
2000 0.8885
2000 0.914
2000 0.953
2000 0.966
2000 0.9515
2000 0.935
2000 0.9105
2000 0.958
2000 0.9555
2000 0.924
2000 0.967
2000 0.896
2000 0.9565
2000 0.949
2000 0.932
2000 0.91
2000 0.895
2000 0.8975
2000 0.9025
2000 0.9025
2000 0.8505
2000 0.94
2000 0.9535
2000 0.969
2000 0.943
2000 0.986
2000 0.9165
2000 0.929
