50 0.04
50 0.5
50 0.02
50 0.18
50 0.26
50 0.18
50 0.32
50 0.54
50 0.02
50 0.22
50 0.14
50 0.14
50 0.36
50 0.36
50 0.16
50 0.26
50 0.44
50 0.58
50 0.22
50 0
50 0.16
50 0.04
50 0
50 0
50 0.02
50 0.64
50 0.28
50 0.34
50 0.2
50 0.26
50 0
50 0.06
50 0.06
50 0.1
50 0.1
50 0.3
50 0.38
50 0.2
50 0
50 0
50 0.02
50 0.2
50 0.14
50 0.74
50 0.5
50 0.44
50 0.18
50 0.5
50 0.4
50 0.28
50 0.46
50 0.08
50 0.2
50 0
50 0.62
50 0
50 0.5
50 0.12
50 0
50 0
50 0.38
50 0.32
50 0.34
50 0.2
50 0.76
50 0.3
50 0.14
50 0
50 0.44
50 0.14
50 0.08
50 0.56
50 0.5
50 0.72
50 0.1
100 0.31
100 0.24
100 0.56
100 0.71
100 0.85
100 0.78
100 0.56
100 0.83
100 0.87
100 0.46
100 0.86
100 0.55
100 0.27
100 0.09
100 0.95
100 0.15
100 0.65
100 0.42
100 0.37
100 0.72
100 0.68
100 0.7
100 0.49
100 0.5
100 0.53
100 0.68
100 0
100 0.49
100 0.2
100 0.64
100 0.74
100 0.45
100 0.25
100 0.76
100 0.85
100 0.49
100 0.7
100 0.59
100 0.04
100 0.55
100 0.69
100 0.85
100 0.34
100 0.76
100 0.77
100 0.72
100 0.22
100 0.86
100 0.72
100 0.51
100 0.42
100 0.34
100 0.22
100 0.82
100 0.51
100 0.97
100 0.84
100 0.8
100 0.8
100 0.8
100 0.78
100 0.31
100 0.55
100 0.89
100 0.39
100 0.14
100 0.87
100 0.66
100 0.84
100 0.72
100 0
100 0.7
100 0.61
100 0.12
100 0.96
150 0.593333
150 0.606667
150 0.866667
150 0.673333
150 0.56
150 0.893333
150 0.893333
150 0.76
150 0.86
150 0.88
150 0.806667
150 0.74
150 0.506667
150 0.526667
150 0.753333
150 0.74
150 0.9
150 0.686667
150 0.493333
150 0.9
150 0.766667
150 0.806667
150 0.626667
150 0.473333
150 0.8
150 0.786667
150 0.746667
150 0.886667
150 0.946667
150 0.78
150 0.786667
150 0.813333
150 0.84
150 0.993333
150 0.693333
150 0.573333
150 0.506667
150 0.613333
150 0.513333
150 0.873333
150 0.913333
150 0.58
150 0.453333
150 0.406667
150 0.273333
150 0.8
150 0.886667
150 0.526667
150 0.8
150 0.32
150 0.68
150 0.546667
150 0.746667
150 0.846667
150 0.766667
150 0.733333
150 0.766667
150 0.826667
150 0.42
150 0.72
150 0.92
150 0.76
150 0.9
150 0.693333
150 0.826667
150 0.726667
150 0.766667
150 0.32
150 0.886667
150 0.506667
150 0.793333
150 0.426667
150 0.9
150 0.733333
150 0.726667
200 0.645
200 0.425
200 0.945
200 0.765
200 0.705
200 0.83
200 0.625
200 0.895
200 0.765
200 0.75
200 0.915
200 0.61
200 0.825
200 0.895
200 0.73
200 0.91
200 0.855
200 0.87
200 0.85
200 0.785
200 0.79
200 0.835
200 0.59
200 0.87
200 0.6
200 0.86
200 0.86
200 0.65
200 0.7
200 0.895
200 0.61
200 0.89
200 0.735
200 0.885
200 0.73
200 0.91
200 0.595
200 0.74
200 0.935
200 0.48
200 0.785
200 0.875
200 0.72
200 0.53
200 0.905
200 0.725
200 0.825
200 0.745
200 0.875
200 0.805
200 0.185
200 0.87
200 0.83
200 0.73
200 0.685
200 0.885
200 0.855
200 0.665
200 0.92
200 0.745
200 0.335
200 0.7
200 0.88
200 0.81
200 0.715
200 0.665
200 0.595
200 0.875
200 0.735
200 0.955
200 0.9
200 0.4
200 0.805
200 0.865
200 0.735
250 0.972
250 0.88
250 0.88
250 0.736
250 0.884
250 0.892
250 0.88
250 0.944
250 0.5
250 0.876
250 0.884
250 0.892
250 0.876
250 0.792
250 0.924
250 0.956
250 0.948
250 0.824
250 0.956
250 0.884
250 0.924
250 0.788
250 0.736
250 0.772
250 0.94
250 0.864
250 0.92
250 0.864
250 0.66
250 0.888
250 0.7
250 0.9
250 0.936
250 0.876
250 0.788
250 0.788
250 0.932
250 0.712
250 0.82
250 0.7
250 0.932
250 0.916
250 0.844
250 0.484
250 0.924
250 0.96
250 0.92
250 0.58
250 0.932
250 0.892
250 0.904
250 0.648
250 0.688
250 0.74
250 0.884
250 0.984
250 0.828
250 0.892
250 0.88
250 0.976
250 0.912
250 0.832
250 0.84
250 0.856
250 0.836
250 0.912
250 0.908
250 0.816
250 0.864
250 0.944
250 0.808
250 0.812
250 0.984
250 0.964
250 0.812
300 0.846667
300 0.893333
300 0.8
300 0.883333
300 0.78
300 0.526667
300 0.896667
300 0.866667
300 0.903333
300 0.823333
300 0.933333
300 0.81
300 0.776667
300 0.89
300 0.886667
300 0.756667
300 0.863333
300 0.906667
300 0.883333
300 0.863333
300 0.793333
300 0.886667
300 0.893333
300 0.883333
300 0.953333
300 0.926667
300 0.936667
300 0.833333
300 0.87
300 0.933333
300 0.843333
300 0.926667
300 0.83
300 0.806667
300 0.863333
300 0.93
300 0.723333
300 0.94
300 0.916667
300 0.93
300 0.806667
300 0.876667
300 0.93
300 0.81
300 0.82
300 0.713333
300 0.783333
300 0.916667
300 0.563333
300 0.866667
300 0.703333
300 0.9
300 0.756667
300 0.733333
300 0.81
300 0.663333
300 0.93
300 0.923333
300 0.823333
300 0.866667
300 0.893333
300 0.796667
300 0.866667
300 0.846667
300 0.9
300 0.9
300 0.946667
300 0.876667
300 0.913333
300 0.92
300 0.87
300 0.89
300 0.853333
300 0.903333
300 0.863333
350 0.922857
350 0.94
350 0.88
350 0.642857
350 0.945714
350 0.605714
350 0.808571
350 0.808571
350 0.957143
350 0.94
350 0.762857
350 0.797143
350 0.871429
350 0.894286
350 0.957143
350 0.651429
350 0.865714
350 0.905714
350 0.888571
350 0.862857
350 0.937143
350 0.717143
350 0.962857
350 0.957143
350 0.905714
350 0.862857
350 0.945714
350 0.868571
350 0.891429
350 0.894286
350 0.76
350 0.891429
350 0.874286
350 0.922857
350 0.931429
350 0.931429
350 0.971429
350 0.6
350 0.9
350 0.765714
350 0.954286
350 0.925714
350 0.894286
350 0.88
350 0.974286
350 0.942857
350 0.697143
350 0.911429
350 0.877143
350 0.9
350 0.945714
350 0.88
350 0.897143
350 0.837143
350 0.885714
350 0.954286
350 0.891429
350 0.817143
350 0.96
350 0.745714
350 0.971429
350 0.871429
350 0.937143
350 0.922857
350 0.702857
350 0.854286
350 0.951429
350 0.857143
350 0.857143
350 0.882857
350 0.902857
350 0.911429
350 0.56
350 0.794286
350 0.857143
400 0.93
400 0.835
400 0.8675
400 0.835
400 0.77
400 0.9
400 0.875
400 0.6475
400 0.9975
400 0.9175
400 0.865
400 0.8975
400 0.81
400 0.7875
400 0.9075
400 0.845
400 0.8975
400 0.42
400 0.93
400 0.8875
400 0.9625
400 0.9325
400 0.9725
400 0.785
400 0.9725
400 0.9275
400 0.88
400 0.6875
400 0.885
400 0.905
400 0.94
400 0.875
400 0.8775
400 0.88
400 0.925
400 0.9375
400 0.82
400 0.71
400 0.92
400 0.9175
400 0.925
400 0.9425
400 0.9225
400 0.85
400 0.9175
400 0.915
400 0.9275
400 0.855
400 0.9725
400 0.9625
400 0.9575
400 0.8525
400 0.93
400 0.8725
400 0.8675
400 0.9225
400 0.9275
400 0.93
400 0.9325
400 0.965
400 0.8475
400 0.8075
400 0.9375
400 0.9825
400 0.885
400 0.9325
400 0.855
400 0.9275
400 0.84
400 0.95
400 0.845
400 0.83
400 0.9025
400 0.93
400 0.885
450 0.875556
450 0.946667
450 0.944444
450 0.917778
450 0.902222
450 0.948889
450 0.962222
450 0.906667
450 0.862222
450 0.866667
450 0.873333
450 0.884444
450 0.942222
450 0.935556
450 0.706667
450 0.931111
450 0.806667
450 0.877778
450 0.855556
450 0.92
450 0.855556
450 0.668889
450 0.697778
450 0.94
450 0.882222
450 0.795556
450 0.957778
450 0.931111
450 0.851111
450 0.668889
450 0.942222
450 0.884444
450 0.895556
450 0.922222
450 0.884444
450 0.826667
450 0.933333
450 0.9
450 0.933333
450 0.875556
450 0.931111
450 0.94
450 0.686667
450 0.962222
450 0.922222
450 0.948889
450 0.906667
450 0.704444
450 0.904444
450 0.962222
450 0.875556
450 0.96
450 0.882222
450 0.931111
450 0.911111
450 0.933333
450 0.833333
450 0.997778
450 0.975556
450 0.968889
450 0.924444
450 0.871111
450 0.917778
450 0.951111
450 0.891111
450 0.855556
450 0.991111
450 0.764444
450 0.926667
450 0.926667
450 0.971111
450 0.806667
450 0.928889
450 0.877778
450 0.651111
500 0.928
500 0.906
500 0.94
500 0.972
500 0.804
500 0.798
500 0.952
500 0.91
500 0.852
500 0.928
500 0.902
500 0.914
500 0.838
500 0.88
500 0.932
500 0.878
500 0.882
500 0.912
500 0.912
500 0.878
500 0.92
500 0.882
500 0.894
500 0.866
500 0.9
500 0.818
500 0.942
500 0.954
500 0.89
500 0.884
500 0.914
500 0.862
500 0.958
500 0.988
500 0.9
500 0.868
500 0.858
500 0.986
500 0.952
500 0.812
500 0.958
500 0.844
500 0.93
500 0.898
500 0.892
500 0.97
500 0.89
500 0.954
500 0.916
500 0.982
500 0.88
500 0.872
500 0.934
500 0.846
500 0.864
500 0.966
500 0.864
500 0.93
500 0.966
500 0.926
500 0.864
500 0.926
500 0.968
500 0.75
500 0.894
500 0.902
500 0.914
500 0.914
500 0.95
500 0.97
500 0.568
500 0.966
500 0.95
500 0.92
500 0.902
550 0.787273
550 0.921818
550 0.961818
550 0.952727
550 0.903636
550 0.936364
550 0.943636
550 0.894545
550 0.956364
550 0.976364
550 0.918182
550 0.918182
550 0.827273
550 0.890909
550 0.925455
550 0.952727
550 0.889091
550 0.881818
550 0.923636
550 0.905455
550 0.996364
550 0.823636
550 0.909091
550 0.883636
550 0.945455
550 0.952727
550 0.867273
550 0.887273
550 0.94
550 0.858182
550 0.929091
550 0.934545
550 0.929091
550 0
550 0.956364
550 0.916364
550 0.978182
550 0.909091
550 0.967273
550 0.914545
550 0.936364
550 0.930909
550 0.910909
550 0.849091
550 0.929091
550 0.925455
550 0.952727
550 0.901818
550 0.941818
550 0.792727
550 0.925455
550 0.958182
550 0.821818
550 0.856364
550 0.936364
550 0.816364
550 0.976364
550 0.909091
550 0.894545
550 0.76
550 0.870909
550 0.92
550 0.961818
550 0.790909
550 0.976364
550 0.965455
550 0.958182
550 0.945455
550 0.88
550 0.732727
550 0.9
550 0.870909
550 0.872727
550 0.949091
550 0.932727
600 0.955
600 0.971667
600 0.865
600 0.628333
600 0.893333
600 0.941667
600 0.946667
600 0.956667
600 0.96
600 0.836667
600 0.945
600 0.908333
600 0.888333
600 0.938333
600 0.895
600 0.9
600 0.915
600 0.866667
600 0.966667
600 0.953333
600 0.863333
600 0.921667
600 0.856667
600 0.915
600 0.861667
600 0.903333
600 0.975
600 0.936667
600 0.918333
600 0.935
600 0.885
600 0.951667
600 0.901667
600 0.968333
600 0.906667
600 0.93
600 0.933333
600 0.883333
600 0.913333
600 0.955
600 0.97
600 0.906667
600 0.968333
600 0.976667
600 0.966667
600 0.943333
600 0.9
600 0.836667
600 0.831667
600 0.898333
600 0.931667
600 0.928333
600 0.955
600 0.895
600 0.925
600 0.886667
600 0.87
600 0.858333
600 0.905
600 0.938333
600 0.97
600 0.956667
600 0.996667
600 0.891667
600 0.921667
600 0.861667
600 0.945
600 0.926667
600 0.886667
600 0.936667
600 0.945
600 0.876667
600 0.935
600 0.943333
600 0.741667
650 0.969231
650 0.887692
650 0.956923
650 0.84
650 0.88
650 0.921538
650 0.949231
650 0.926154
650 0.895385
650 0.930769
650 0.766154
650 0.955385
650 0.987692
650 0.907692
650 0.978462
650 0.893846
650 0.938462
650 0.82
650 0.916923
650 0.933846
650 0.933846
650 0.86
650 0.966154
650 0.950769
650 0.926154
650 0.872308
650 0.963077
650 0.9
650 0.867692
650 0.952308
650 0.826154
650 0.941538
650 0.981538
650 0.924615
650 0.993846
650 0.904615
650 0.906154
650 0.969231
650 0.923077
650 0.932308
650 0.949231
650 0.886154
650 0.872308
650 0.933846
650 0.910769
650 0.884615
650 0.912308
650 0.915385
650 0.850769
650 0.903077
650 0.872308
650 0.924615
650 0.973846
650 0.876923
650 0.915385
650 0.924615
650 0.924615
650 0.972308
650 0.94
650 0.893846
650 0.892308
650 0.973846
650 0.906154
650 0.969231
650 0.8
650 0.983077
650 0.963077
650 0.943077
650 0.976923
650 0.955385
650 0.916923
650 0.969231
650 0.956923
650 0.926154
650 0.987692
700 0.95
700 0.908571
700 0.9
700 0.877143
700 0.974286
700 0.898571
700 0.92
700 0.888571
700 0.967143
700 0.912857
700 0.895714
700 0.997143
700 0.93
700 0.938571
700 0.855714
700 0.861429
700 0.824286
700 0.818571
700 0.882857
700 0.782857
700 0.937143
700 0.937143
700 0.945714
700 0.917143
700 0.908571
700 0.895714
700 0.974286
700 0.932857
700 0.982857
700 0.927143
700 0.914286
700 0.911429
700 0.927143
700 0.938571
700 0.87
700 0.93
700 0.951429
700 0.917143
700 0.904286
700 0.95
700 0.934286
700 0.75
700 0.968571
700 0.968571
700 0.761429
700 0.924286
700 0.907143
700 0.91
700 0.98
700 0.94
700 0.875714
700 0.977143
700 0.945714
700 0.911429
700 0.911429
700 0.87
700 0.978571
700 0.947143
700 0.935714
700 0.955714
700 0.835714
700 0.912857
700 0.962857
700 0.9
700 0.987143
700 0.88
700 0.901429
700 0.9
700 0.981429
700 0.878571
700 0.932857
700 0.97
700 0.824286
700 0.921429
700 0.99
750 0.896
750 0.917333
750 0.968
750 0.916
750 0.950667
750 0.934667
750 0.941333
750 0.870667
750 0.974667
750 0.824
750 0.834667
750 0.938667
750 0.94
750 0.938667
750 0.941333
750 0.929333
750 0.872
750 0.916
750 0.952
750 0.958667
750 0.977333
750 0.896
750 0.912
750 0.978667
750 0.902667
750 0.912
750 0.910667
750 0.897333
750 0.938667
750 0.936
750 0.970667
750 0.978667
750 0.88
750 0.930667
750 0.941333
750 0.870667
750 0.856
750 0.916
750 0.938667
750 0.961333
750 0.944
750 0.772
750 0.918667
750 0.957333
750 0.894667
750 0.889333
750 0.909333
750 0.921333
750 0.962667
750 0.964
750 0.88
750 0.94
750 0.893333
750 0.976
750 0.964
750 0.945333
750 0.948
750 0.914667
750 0.909333
750 0.874667
750 0.929333
750 0.885333
750 0.86
750 0.832
750 0.925333
750 0.886667
750 0.913333
750 0.914667
750 0.933333
750 0.958667
750 0.932
750 0.941333
750 0.968
750 0.94
750 0.916
800 0.93125
800 0.79125
800 0.92125
800 0.98375
800 0.965
800 0.8925
800 0.815
800 0.90125
800 0.965
800 0.925
800 0.95875
800 0.915
800 0.9025
800 0.98125
800 0.87125
800 0.91875
800 0.91875
800 0.95625
800 0.87875
800 0.87
800 0.9325
800 0.92875
800 0.93875
800 0.965
800 0.92875
800 0.9325
800 0.9675
800 0.895
800 0.96375
800 0.925
800 0.93
800 0.93125
800 0.89625
800 0.9175
800 0.95625
800 0.95375
800 0.92125
800 0.93375
800 0.97625
800 0.92
800 0.98875
800 0.855
800 0.93125
800 0.8
800 0.9425
800 0.9375
800 0.92
800 0.86625
800 0.97125
800 0.90875
800 0.825
800 0.8875
800 0.9725
800 0.94125
800 0.84
800 0.91375
800 0.895
800 0.9475
800 0.93
800 0.92
800 0.97625
800 0.97625
800 0.9675
800 0.92625
800 0.905
800 0.95
800 0.9275
800 0.9225
800 0.95
800 0.9525
800 0.945
800 0.88625
800 0.92625
800 0.9875
800 0.94375
850 0.936471
850 0.941176
850 0.88
850 0.910588
850 0.934118
850 0.883529
850 0.917647
850 0.938824
850 0.844706
850 0.954118
850 0.908235
850 0.907059
850 0.929412
850 0.947059
850 0.931765
850 0.908235
850 0.898824
850 0.958824
850 0.932941
850 0.949412
850 0.944706
850 0.935294
850 0.915294
850 0.922353
850 0.983529
850 0.972941
850 0.932941
850 0.958824
850 0.928235
850 0.911765
850 0.861176
850 0.915294
850 0.938824
850 0.950588
850 0.911765
850 0.867059
850 0.949412
850 0.876471
850 0.958824
850 0.903529
850 0.932941
850 0.951765
850 0.962353
850 0.881176
850 0.930588
850 0.936471
850 0.935294
850 0.961176
850 0.916471
850 0.867059
850 0.928235
850 0.849412
850 0.965882
850 0.925882
850 0.931765
850 0.929412
850 0.972941
850 0.927059
850 0.961176
850 0.903529
850 0.897647
850 0.958824
850 0.889412
850 0.897647
850 0.901176
850 0.948235
850 0.98
850 0.916471
850 0.921176
850 0.929412
850 0.898824
850 0.907059
850 0.888235
850 0.927059
850 0.998824
900 0.917778
900 0.937778
900 0.971111
900 0.926667
900 0.927778
900 0.941111
900 0.981111
900 0.953333
900 0.952222
900 0.916667
900 0.945556
900 0.914444
900 0.87
900 0.941111
900 0.952222
900 0.951111
900 0.916667
900 0.896667
900 0.915556
900 0.944444
900 0.941111
900 0.955556
900 0.901111
900 0.923333
900 0.922222
900 0.934444
900 0.903333
900 0.928889
900 0.861111
900 0.86
900 0.888889
900 0.877778
900 0.933333
900 0.925556
900 0.948889
900 0.904444
900 0.937778
900 0.97
900 0.977778
900 0.902222
900 0.68
900 0.841111
900 0.958889
900 0.9
900 0.946667
900 0.927778
900 0.957778
900 0.952222
900 0.945556
900 0.94
900 0.82
900 0.911111
900 0.81
900 0.997778
900 0.901111
900 0.941111
900 0.955556
900 0.938889
900 0.983333
900 0.962222
900 0.921111
900 0.992222
900 0.935556
900 0.941111
900 0.802222
900 0.928889
900 0.887778
900 0.95
900 0.966667
900 0.903333
900 0.946667
900 0.908889
900 0.945556
900 0.97
900 0.993333
950 0.922105
950 0.924211
950 0.912632
950 0.974737
950 0.951579
950 0.871579
950 0.803158
950 0.962105
950 0.943158
950 0.890526
950 0.816842
950 0.946316
950 0.925263
950 0.934737
950 0.952632
950 0.943158
950 0.914737
950 0.917895
950 0.957895
950 0.936842
950 0.917895
950 0.88
950 0.931579
950 0.952632
950 0.927368
950 0.969474
950 0.947368
950 0.955789
950 0.970526
950 0.948421
950 0.934737
950 0.969474
950 0.886316
950 0.945263
950 0.926316
950 0.944211
950 0.975789
950 0.861053
950 0.970526
950 0.918947
950 0.956842
950 0.917895
950 0.944211
950 0.875789
950 0.92
950 0.924211
950 0.944211
950 0.944211
950 0.947368
950 0.945263
950 0.98
950 0.958947
950 0.916842
950 0.912632
950 0.975789
950 0.916842
950 0.961053
950 0.912632
950 0.9
950 0.982105
950 0.895789
950 0.870526
950 0.896842
950 0.887368
950 0.946316
950 0.886316
950 0.938947
950 0.981053
950 0.870526
950 0.977895
950 0.976842
950 0.868421
950 0.965263
950 0.895789
950 0.975789
1000 0.901
1000 0.811
1000 0.926
1000 0.962
1000 0.959
1000 0.893
1000 0.887
1000 0.956
1000 0.939
1000 0.909
1000 0.962
1000 0.98
1000 0.926
1000 0.925
1000 0.942
1000 0.922
1000 0.972
1000 0.938
1000 0.982
1000 0.927
1000 0.894
1000 0.948
1000 0.972
1000 0.948
1000 0.885
1000 0.922
1000 0.891
1000 0.908
1000 0.859
1000 0.889
1000 0.966
1000 0.919
1000 0.952
1000 0.927
1000 0.937
1000 0.935
1000 0.935
1000 0.934
1000 0.971
1000 0.906
1000 0.958
1000 0.942
1000 0.936
1000 0.927
1000 0.958
1000 0.939
1000 0.933
1000 0.935
1000 0.975
1000 0.914
1000 0.919
1000 0.933
1000 0.984
1000 0.927
1000 0.949
1000 0.955
1000 0.925
1000 0.917
1000 0.929
1000 0.979
1000 0.934
1000 0.89
1000 0.901
1000 0.971
1000 0.922
1000 0.967
1000 0.972
1000 0.994
1000 0.877
1000 0.924
1000 0.94
1000 0.934
1000 0.916
1000 0.981
1000 0.911
1050 0.920952
1050 0.937143
1050 0.969524
1050 0.958095
1050 0.713333
1050 0.919048
1050 0.925714
1050 0.88
1050 0.953333
1050 0.878095
1050 0.941905
1050 0.931429
1050 0.899048
1050 0.945714
1050 0.95619
1050 0.926667
1050 0.979048
1050 0.968571
1050 0.958095
1050 0.939048
1050 0.945714
1050 0.958095
1050 0.898095
1050 0.875238
1050 0.94
1050 0.839048
1050 0.88
1050 0.94
1050 0.940952
1050 0.968571
1050 0.932381
1050 0.928571
1050 0.901905
1050 0.975238
1050 0.919048
1050 0.882857
1050 0.91619
1050 0.960952
1050 0.95619
1050 0.919048
1050 0.935238
1050 0.888571
1050 0.994286
1050 0.904762
1050 0.939048
1050 0.926667
1050 0.784762
1050 0.925714
1050 0.974286
1050 0.941905
1050 0.880952
1050 0.853333
1050 0.915238
1050 0.935238
1050 0.946667
1050 0.922857
1050 0.937143
1050 0.938095
1050 0.952381
1050 0.904762
1050 0.924762
1050 0.94
1050 0.954286
1050 0.868571
1050 0.911429
1050 0.9
1050 0.899048
1050 0.918095
1050 0.913333
1050 0.924762
1050 0.875238
1050 0.902857
1050 0.926667
1050 0.971429
1050 0.942857
1100 0.963636
1100 0.920909
1100 0.981818
1100 0.941818
1100 0.94
1100 0.911818
1100 0.885455
1100 0.930909
1100 0.937273
1100 0.954545
1100 0.976364
1100 0.947273
1100 0.91
1100 0.967273
1100 0.943636
1100 0.99
1100 0.966364
1100 0.950909
1100 0.967273
1100 0.940909
1100 0.884545
1100 0.910909
1100 0.974545
1100 0.888182
1100 0.948182
1100 0.966364
1100 0.968182
1100 0.928182
1100 0.9
1100 0.97
1100 0.911818
1100 0.930909
1100 0.956364
1100 0.857273
1100 0.938182
1100 0.955455
1100 0.949091
1100 0.929091
1100 0.909091
1100 0.949091
1100 0.940909
1100 0.928182
1100 0.980909
1100 0.967273
1100 0.895455
1100 0.932727
1100 0.928182
1100 0.945455
1100 0.956364
1100 0.964545
1100 0.987273
1100 0.917273
1100 0.943636
1100 0.934545
1100 0.916364
1100 0.975455
1100 0.931818
1100 0.933636
1100 0.980909
1100 0.931818
1100 0.892727
1100 0.949091
1100 0.936364
1100 0.913636
1100 0.966364
1100 0.930909
1100 0.916364
1100 0.925455
1100 0.950909
1100 0.948182
1100 0.894545
1100 0.991818
1100 0.895455
1100 0.896364
1100 0.847273
1150 0.925217
1150 0.855652
1150 0.928696
1150 0.969565
1150 0.958261
1150 0.935652
1150 0.958261
1150 0.914783
1150 0.95913
1150 0.94087
1150 0.908696
1150 0.918261
1150 0.953043
1150 0.933043
1150 0.976522
1150 0.885217
1150 0.933913
1150 0.86087
1150 0.936522
1150 0.94087
1150 0.966957
1150 0.936522
1150 0.926957
1150 0.872174
1150 0.93913
1150 0.94
1150 0.973043
1150 0.923478
1150 0.903478
1150 0.949565
1150 0.858261
1150 0.908696
1150 0.93913
1150 0.871304
1150 0.961739
1150 0.913043
1150 0.958261
1150 0.94087
1150 0.963478
1150 0.943478
1150 0.83913
1150 0.943478
1150 0.913913
1150 0.969565
1150 0.93913
1150 0.801739
1150 0.864348
1150 0.946957
1150 0.946957
1150 0.926087
1150 0.923478
1150 0.952174
1150 0.892174
1150 0.748696
1150 0.853913
1150 0.937391
1150 0.965217
1150 0.929565
1150 0.903478
1150 0.938261
1150 0.933913
1150 0.938261
1150 0.952174
1150 0.88
1150 0.891304
1150 0.977391
1150 0.928696
1150 0.965217
1150 0.94
1150 0.923478
1150 0.849565
1150 0.968696
1150 0.938261
1150 0.975652
1150 0.942609
1200 0.973333
1200 0.980833
1200 0.978333
1200 0.918333
1200 0.9425
1200 0.9025
1200 0.965
1200 0.934167
1200 0.899167
1200 0.965833
1200 0.9
1200 0.911667
1200 0.931667
1200 0.944167
1200 0.931667
1200 0.913333
1200 0.951667
1200 0.92
1200 0.924167
1200 0.971667
1200 0.963333
1200 0.903333
1200 0.94
1200 0.925833
1200 0.941667
1200 0.8875
1200 0.844167
1200 0.944167
1200 0.958333
1200 0.935833
1200 0.965833
1200 0.946667
1200 0.959167
1200 0.898333
1200 0.954167
1200 0.938333
1200 0.9275
1200 0.905
1200 0.900833
1200 0.895
1200 0.96
1200 0.714167
1200 0.8975
1200 0.940833
1200 0.9525
1200 0.94
1200 0.899167
1200 0.900833
1200 0.944167
1200 0.98
1200 0.95
1200 0.900833
1200 0.990833
1200 0.949167
1200 0.935
1200 0.848333
1200 0.95
1200 0.971667
1200 0.923333
1200 0.958333
1200 0.955833
1200 0.931667
1200 0.924167
1200 0.938333
1200 0.919167
1200 0.878333
1200 0.933333
1200 0.9325
1200 0.969167
1200 0.813333
1200 0.865833
1200 0.900833
1200 0.9075
1200 0.938333
1200 0.929167
1250 0.9752
1250 0.9488
1250 0.9496
1250 0.8048
1250 0.8784
1250 0.9416
1250 0.9864
1250 0.9568
1250 0.8976
1250 0.9224
1250 0.8624
1250 0.9
1250 0.924
1250 0.9
1250 0.9144
1250 0.9568
1250 0.9896
1250 0.9632
1250 0.9656
1250 0.9136
1250 0.9528
1250 0.9904
1250 0.908
1250 0.9496
1250 0.9624
1250 0.9152
1250 0.9256
1250 0.9072
1250 0.896
1250 0.9184
1250 0.9312
1250 0.9272
1250 0.9552
1250 0.9544
1250 0.8896
1250 0.9704
1250 0.888
1250 0.96
1250 0.9464
1250 0.9152
1250 0.944
1250 0.9568
1250 0.9144
1250 0.94
1250 0.8936
1250 0.9296
1250 0.7392
1250 0.9512
1250 0.9688
1250 0.9376
1250 0.96
1250 0.904
1250 0.9544
1250 0.9248
1250 0.936
1250 0.9376
1250 0.9312
1250 0.9728
1250 0.9432
1250 0.8816
1250 0.9608
1250 0.9592
1250 0.8992
1250 0.9904
1250 0.9392
1250 0.9352
1250 0.9784
1250 0.8792
1250 0.9456
1250 0.9568
1250 0.9056
1250 0.9624
1250 0.9216
1250 0.9376
1250 0.9664
1300 0.888462
1300 0.874615
1300 0.906923
1300 0.912308
1300 0.92
1300 0.967692
1300 0.936923
1300 0.982308
1300 0.950769
1300 0.930769
1300 0.913846
1300 0.934615
1300 0.93
1300 0.923077
1300 0.955385
1300 0.846154
1300 0.927692
1300 0.88
1300 0.953846
1300 0.955385
1300 0.957692
1300 0.897692
1300 0.889231
1300 0.954615
1300 0.851538
1300 0.938462
1300 0.940769
1300 0.929231
1300 0.969231
1300 0.954615
1300 0.981538
1300 0.953077
1300 0.876154
1300 0.946154
1300 0.930769
1300 0.971538
1300 0.956154
1300 0.937692
1300 0.880769
1300 0.950769
1300 0.895385
1300 0.950769
1300 0.933077
1300 0.964615
1300 0.929231
1300 0.943077
1300 0.959231
1300 0.907692
1300 0.908462
1300 0.959231
1300 0.935385
1300 0.943077
1300 1
1300 0.915385
1300 0.91
1300 0.935385
1300 0.937692
1300 0.961538
1300 0.942308
1300 0.942308
1300 0.929231
1300 0.972308
1300 0.941538
1300 0.94
1300 0.961538
1300 0.957692
1300 0.888462
1300 0.953846
1300 0.925385
1300 0.936923
1300 0.915385
1300 0.893846
1300 0.961538
1300 0.916154
1300 0.95
1350 0.926667
1350 0.971111
1350 0.948148
1350 0.948148
1350 0.938519
1350 0.936296
1350 0.978519
1350 0.946667
1350 0.925185
1350 0.936296
1350 0.900741
1350 0.958519
1350 0.947407
1350 0.905926
1350 0.956296
1350 0.928889
1350 0.918519
1350 0.955556
1350 0.854815
1350 0.92963
1350 0.985926
1350 0.97037
1350 0.917778
1350 0.96
1350 0.89037
1350 0.985926
1350 0.925185
1350 0.962963
1350 0.936296
1350 0.893333
1350 0.96
1350 0.981481
1350 0.902963
1350 0.973333
1350 0.963704
1350 0.932593
1350 0.968148
1350 0.959259
1350 0.961481
1350 0.923704
1350 0.917037
1350 0.902963
1350 0.960741
1350 0.957778
1350 0.96
1350 0.899259
1350 0.964444
1350 0.954074
1350 0.94963
1350 0.973333
1350 0.945185
1350 0.941481
1350 0.919259
1350 0.953333
1350 0.865185
1350 0.948889
1350 0.947407
1350 0.92
1350 0.931852
1350 0.958519
1350 0.919259
1350 0.938519
1350 0.911111
1350 0.787407
1350 0.891111
1350 0.957778
1350 0.957778
1350 0.883704
1350 0.875556
1350 0.922222
1350 0.986667
1350 0.897778
1350 0.94963
1350 0.966667
1350 0.879259
1400 0.955714
1400 0.911429
1400 0.905714
1400 0.943571
1400 0.927857
1400 0.995
1400 0.925
1400 0.958571
1400 0.989286
1400 0.845714
1400 0.933571
1400 0.908571
1400 0.943571
1400 0.931429
1400 0.947143
1400 0.871429
1400 0.957857
1400 0.943571
1400 0.967143
1400 0.944286
1400 0.95
1400 0.955
1400 0.935714
1400 0.952857
1400 0.886429
1400 0.901429
1400 0.870714
1400 0.935714
1400 0.94
1400 0.988571
1400 0.995
1400 0.862143
1400 0.948571
1400 0.899286
1400 0.952857
1400 0.956429
1400 0.911429
1400 0.965
1400 0.928571
1400 0.976429
1400 0.927143
1400 0.917143
1400 0.91
1400 0.934286
1400 0.962857
1400 0.962857
1400 0.945
1400 0.941429
1400 0.98
1400 0.958571
1400 0.917857
1400 0.921429
1400 0.895
1400 0.931429
1400 0.867857
1400 0.924286
1400 0.94
1400 0.902143
1400 0.963571
1400 0.977143
1400 0.941429
1400 0.997857
1400 0.905714
1400 0.978571
1400 0.89
1400 0.95
1400 0.96
1400 0.93
1400 0.944286
1400 0.936429
1400 0.955
1400 0.846429
1400 0.948571
1400 0.98
1400 0.977143
1450 0.92
1450 0.904138
1450 0.964138
1450 0.948966
1450 0.886897
1450 0.931034
1450 0.884828
1450 0.866897
1450 0.970345
1450 0.922759
1450 0.887586
1450 0.897241
1450 0.870345
1450 0.948966
1450 0.954483
1450 0.901379
1450 0.915172
1450 0.92
1450 0.915172
1450 0.928966
1450 0.997931
1450 0.952414
1450 0.88
1450 0.976552
1450 0.943448
1450 0.95931
1450 0.953793
1450 0.901379
1450 0.908276
1450 0.924828
1450 0.968276
1450 0.955862
1450 0.955172
1450 0.96069
1450 0.982759
1450 0.948276
1450 0.937241
1450 0.982069
1450 0.835172
1450 0.92069
1450 0.87931
1450 0.94069
1450 0.934483
1450 0.898621
1450 0.984828
1450 0.963448
1450 0.954483
1450 0.928276
1450 0.915862
1450 0.946207
1450 0.844138
1450 0.96
1450 0.94
1450 0.865517
1450 0.968966
1450 0.932414
1450 0.955172
1450 0.971034
1450 0.953103
1450 0.913793
1450 0.964828
1450 0.974483
1450 0.922759
1450 0.957241
1450 0.946897
1450 0.906207
1450 0.911724
1450 0.933793
1450 0.893793
1450 0.978621
1450 0.94069
1450 0.97931
1450 0.93931
1450 0.942069
1450 0.9
1500 0.979333
1500 0.965333
1500 0.970667
1500 0.931333
1500 0.938
1500 0.960667
1500 0.940667
1500 0.921333
1500 0.884667
1500 0.89
1500 0.794
1500 0.93
1500 0.92
1500 0.953333
1500 0.906
1500 0.914667
1500 0.890667
1500 0.96
1500 0.954
1500 0.985333
1500 0.949333
1500 0.939333
1500 0.896667
1500 0.880667
1500 0.932
1500 0.942
1500 0.872667
1500 0.972667
1500 0.962667
1500 0.93
1500 0.929333
1500 0.934667
1500 0.906
1500 0.971333
1500 0.936667
1500 0.952
1500 0.954
1500 0.886
1500 0.915333
1500 0.943333
1500 0.948
1500 0.937333
1500 0.926
1500 0.926667
1500 0.984
1500 0.943333
1500 0.975333
1500 0.988667
1500 0.901333
1500 0.971333
1500 0.954
1500 0.929333
1500 0.924667
1500 0.914667
1500 0.938
1500 0.871333
1500 0.986
1500 0.948
1500 0.978
1500 0.934
1500 0.947333
1500 0.904667
1500 0.980667
1500 0.894
1500 0.964667
1500 0.971333
1500 0.968
1500 0.914667
1500 0.946
1500 0.979333
1500 0.955333
1500 0.946667
1500 0.994667
1500 0.906667
1500 0.875333
1550 0.924516
1550 0.927742
1550 0.885806
1550 0.943871
1550 0.89871
1550 0.936774
1550 0.946452
1550 0.926452
1550 0.914194
1550 0.647097
1550 0.910323
1550 0.957419
1550 0.914194
1550 0.963226
1550 0.983871
1550 0.949677
1550 0.956774
1550 0.945806
1550 0.870968
1550 0.914194
1550 0.930323
1550 0.925806
1550 0.949677
1550 0.974839
1550 0.994839
1550 0.921935
1550 0.909677
1550 0.969677
1550 0.950968
1550 0.951613
1550 0.911613
1550 0.980645
1550 0.972903
1550 0.93871
1550 0.96129
1550 0.977419
1550 0.87871
1550 0.957419
1550 0.966452
1550 0.907742
1550 0.954194
1550 0.940645
1550 0.974839
1550 0.876129
1550 0.890968
1550 0.925161
1550 0.970323
1550 0.931613
1550 0.909032
1550 0.929677
1550 0.953548
1550 0.996129
1550 0.961935
1550 0.947742
1550 0.977419
1550 0.960645
1550 0.981935
1550 0.974194
1550 0.977419
1550 0.928387
1550 0.930323
1550 0.963871
1550 0.988387
1550 0.945161
1550 0.916129
1550 0.973548
1550 0.931613
1550 0.927097
1550 0.913548
1550 0.901935
1550 0.959355
1550 0.986452
1550 0.921935
1550 0.923226
1550 0.956129
1600 0.89125
1600 0.92875
1600 0.903125
1600 0.95
1600 0.970625
1600 0.939375
1600 0.9525
1600 0.913125
1600 0.9125
1600 0.939375
1600 0.94
1600 0.976875
1600 0.950625
1600 0.9875
1600 0.96125
1600 0.9425
1600 0.949375
1600 0.94
1600 0.9425
1600 0.910625
1600 0.965625
1600 0.954375
1600 0.94875
1600 0.943125
1600 0.91375
1600 0.905625
1600 0.953125
1600 0.94875
1600 0.93875
1600 0.94625
1600 0.969375
1600 0.940625
1600 0.974375
1600 0.94875
1600 0.94125
1600 0.9525
1600 0.945
1600 0.931875
1600 0.995
1600 0.98
1600 0.890625
1600 0.928125
1600 0.96625
1600 0.95875
1600 0.93625
1600 0.94625
1600 0.905625
1600 0.969375
1600 0.90375
1600 0.925625
1600 0.943125
1600 0.963125
1600 0.935
1600 0.86375
1600 0.97
1600 0.975625
1600 1
1600 0.96375
1600 0.9075
1600 0.905625
1600 0.95125
1600 0.921875
1600 0.920625
1600 0.95
1600 0.920625
1600 0.94875
1600 0.925625
1600 0.920625
1600 0.953125
1600 0.93125
1600 0.849375
1600 0.943125
1600 0.890625
1600 0.960625
1600 0.89375
1650 0.93697
1650 0.954545
1650 0.881212
1650 0.910909
1650 0.946667
1650 0.94
1650 0.922424
1650 0.878788
1650 0.969091
1650 0.960606
1650 0.858182
1650 0.990303
1650 0.96303
1650 0.913333
1650 0.950303
1650 0.92
1650 0.964848
1650 0.94303
1650 0.968485
1650 0.942424
1650 0.826061
1650 0.955152
1650 0.941818
1650 0.936364
1650 0.858788
1650 0.922424
1650 0.968485
1650 0.942424
1650 0.974545
1650 0.98
1650 0.947273
1650 0.908485
1650 0.956364
1650 0.94
1650 0.839394
1650 0.943636
1650 0.927879
1650 0.899394
1650 0.869091
1650 0.905455
1650 0.951515
1650 0.931515
1650 0.966061
1650 0.913333
1650 0.907879
1650 0.940606
1650 0.966061
1650 0.952727
1650 0.910909
1650 0.958788
1650 0.950909
1650 0.945455
1650 0.965455
1650 0.881818
1650 0.907273
1650 0.897576
1650 0.939394
1650 0.978788
1650 0.944848
1650 0.927879
1650 0.958182
1650 0.962424
1650 0.94303
1650 0.935758
1650 0.930303
1650 0.972727
1650 0.949697
1650 0.934545
1650 0.966667
1650 0.98303
1650 0.856364
1650 0.964848
1650 0.96
1650 0.795758
1650 0.96303
1700 0.901765
1700 0.958824
1700 0.904706
1700 0.963529
1700 0.986471
1700 0.892353
1700 0.930588
1700 0.905882
1700 0.905294
1700 0.925882
1700 0.974706
1700 0.92
1700 0.938235
1700 0.914706
1700 0.845294
1700 0.951176
1700 0.897059
1700 0.887647
1700 0.930588
1700 0.940588
1700 0.990588
1700 0.959412
1700 0.948235
1700 0.855294
1700 0.961765
1700 0.941765
1700 0.9
1700 0.932353
1700 0.945882
1700 0.955294
1700 0.922941
1700 0.991176
1700 0.977647
1700 0.925294
1700 0.955294
1700 0.948235
1700 0.967059
1700 0.908824
1700 0.914118
1700 0.915882
1700 0.919412
1700 0.875294
1700 0.934118
1700 0.877647
1700 0.926471
1700 0.845294
1700 0.961176
1700 0.960588
1700 0.957059
1700 0.903529
1700 0.912941
1700 0.948235
1700 0.910588
1700 0.941765
1700 0.947647
1700 0.924118
1700 0.919412
1700 0.882941
1700 0.972353
1700 0.924706
1700 0.960588
1700 0.957059
1700 0.932941
1700 0.951765
1700 0.964118
1700 0.96
1700 0.865882
1700 0.962353
1700 0.947647
1700 0.954118
1700 0.965882
1700 0.954118
1700 0.94
1700 0.984118
1700 0.955882
1750 0.965143
1750 0.946286
1750 0.896571
1750 0.926286
1750 0.901143
1750 0.946857
1750 0.988
1750 0.909714
1750 0.926857
1750 0.960571
1750 0.954286
1750 0.897143
1750 0.949714
1750 0.978286
1750 0.909714
1750 0.948
1750 0.916571
1750 0.964571
1750 0.924571
1750 0.974857
1750 0.923429
1750 0.942286
1750 0.870286
1750 0.914286
1750 0.896571
1750 0.969714
1750 0.963429
1750 0.948
1750 0.96
1750 0.957143
1750 0.876
1750 0.929143
1750 0.895429
1750 0.964571
1750 0.906857
1750 0.972
1750 0.965143
1750 0.942286
1750 0.907429
1750 0.957143
1750 0.941714
1750 0.937714
1750 0.934857
1750 0.926286
1750 0.921143
1750 0.966857
1750 0.966857
1750 0.905714
1750 0.898286
1750 0.950286
1750 0.889714
1750 0.946857
1750 0.885143
1750 0.965714
1750 0.913714
1750 0.966857
1750 0.941714
1750 0.941714
1750 0.934286
1750 0.964571
1750 0.965714
1750 0.906286
1750 0.908571
1750 0.965714
1750 0.944
1750 0.944
1750 0.869714
1750 0.984
1750 0.908
1750 0.902286
1750 0.510857
1750 0.943429
1750 0.984571
1750 0.957714
1750 0.940571
1800 0.971667
1800 0.946667
1800 0.897222
1800 0.935556
1800 0.881667
1800 0.917778
1800 0.987778
1800 0.944444
1800 0.946111
1800 0.917222
1800 0.952778
1800 0.972778
1800 0.967222
1800 0.896667
1800 0.891667
1800 0.943889
1800 0.906667
1800 0.956667
1800 0.908333
1800 0.98
1800 0.957778
1800 0.97
1800 0.935
1800 0.947778
1800 0.980556
1800 0.940556
1800 0.961111
1800 0.957222
1800 0.982222
1800 0.936667
1800 0.950556
1800 0.903889
1800 0.976111
1800 0.925556
1800 0.987222
1800 0.983333
1800 0.873333
1800 0.961667
1800 0.94
1800 0.920556
1800 0.957222
1800 0.942778
1800 0.938333
1800 0.958889
1800 0.917778
1800 0.972222
1800 0.967222
1800 0.902778
1800 0.951111
1800 0.932222
1800 0.946667
1800 0.87
1800 0.873333
1800 0.940556
1800 0.938889
1800 0.95
1800 0.896111
1800 0.907778
1800 0.932778
1800 0.993333
1800 0.963889
1800 0.957222
1800 0.948889
1800 0.922222
1800 0.946111
1800 0.926667
1800 0.991667
1800 0.931111
1800 0.902778
1800 0.926111
1800 0.951667
1800 0.978333
1800 0.900556
1800 0.940556
1800 0.944444
1850 0.913514
1850 0.934054
1850 0.959459
1850 0.938919
1850 0.937297
1850 0.951892
1850 0.900541
1850 0.897297
1850 0.903243
1850 0.921622
1850 0.947568
1850 0.987568
1850 0.962162
1850 0.959459
1850 0.950811
1850 0.90973
1850 0.964865
1850 0.962703
1850 0.92
1850 0.933514
1850 0.937297
1850 0.939459
1850 0.961081
1850 0.934595
1850 0.940541
1850 0.877297
1850 0.974054
1850 0.92
1850 0.897297
1850 0.918378
1850 0.945405
1850 0.900541
1850 0.924324
1850 0.995135
1850 0.913514
1850 0.944324
1850 0.994595
1850 0.962703
1850 0.971351
1850 0.934595
1850 0.941622
1850 0.935676
1850 0.901081
1850 0.991351
1850 0.939459
1850 0.911892
1850 0.88973
1850 0.931892
1850 0.982703
1850 0.892973
1850 0.963243
1850 0.925946
1850 0.93027
1850 0.979459
1850 0.945946
1850 0.918378
1850 0.938378
1850 0.932973
1850 0.933514
1850 0.957297
1850 0.933514
1850 0.937297
1850 0.935676
1850 0.945946
1850 0.959459
1850 0.99027
1850 0.917297
1850 0.944324
1850 0.923784
1850 0.91027
1850 0.938919
1850 0.924865
1850 0.958919
1850 0.981622
1850 0.981081
1900 0.922105
1900 0.979474
1900 0.942105
1900 0.972105
1900 0.921579
1900 0.928947
1900 0.949474
1900 0.883684
1900 0.943158
1900 0.947368
1900 0.995789
1900 0.873684
1900 0.950526
1900 0.918421
1900 0.937368
1900 0.924737
1900 0.895789
1900 0.936842
1900 0.903684
1900 0.973684
1900 0.983684
1900 0.92
1900 0.910526
1900 0.926842
1900 0.843684
1900 0.972632
1900 0.953684
1900 0.894737
1900 0.894737
1900 0.951579
1900 0.957368
1900 0.969474
1900 0.932632
1900 0.984211
1900 0.949474
1900 0.927368
1900 0.963684
1900 0.947368
1900 0.901053
1900 0.924737
1900 0.981053
1900 0.927895
1900 0.907368
1900 0.930526
1900 0.975789
1900 0.948421
1900 0.946842
1900 0.935789
1900 0.935263
1900 0.944211
1900 0.954737
1900 0.906316
1900 0.965263
1900 0.913684
1900 0.954211
1900 0.959474
1900 0.875263
1900 0.970526
1900 0.971579
1900 0.956316
1900 0.933158
1900 0.92
1900 0.901579
1900 0.973158
1900 0.914737
1900 0.936842
1900 0.937368
1900 0.968947
1900 0.935263
1900 0.925789
1900 0.924211
1900 0.97
1900 0.957895
1900 0.937895
1900 0.960526
1950 0.939487
1950 0.935897
1950 0.96359
1950 0.937436
1950 0.909231
1950 0.944615
1950 0.989744
1950 0.927179
1950 0.929231
1950 0.950256
1950 0.922051
1950 0.924103
1950 0.980513
1950 0.91641
1950 0.969231
1950 0.927179
1950 0.912821
1950 0.914359
1950 0.910769
1950 0.920513
1950 0.895897
1950 0.957949
1950 0.956923
1950 0.91641
1950 0.909231
1950 0.939487
1950 0.962564
1950 0.92
1950 0.831795
1950 0.969744
1950 0.935897
1950 0.920513
1950 0.945128
1950 0.892821
1950 0.970256
1950 0.962051
1950 0.930256
1950 0.961026
1950 0.818974
1950 0.950769
1950 0.911282
1950 0.870256
1950 0.984103
1950 0.936923
1950 0.931795
1950 0.967692
1950 0.989231
1950 0.914872
1950 0.875897
1950 0.934359
1950 0.939487
1950 0.945641
1950 0.958974
1950 0.958974
1950 0.93641
1950 0.95641
1950 0.922051
1950 0.964103
1950 0.875385
1950 0.874872
1950 0.979487
1950 0.913333
1950 0.929744
1950 0.941026
1950 0.961026
1950 0.974872
1950 0.929231
1950 0.918462
1950 0.893333
1950 0.940513
1950 0.950256
1950 0.918462
1950 0.977436
1950 0.820513
1950 0.952821
2000 0.956
2000 0.96
2000 0.9655
2000 0.9785
2000 0.9715
2000 0.943
2000 0.9465
2000 0.938
2000 0.961
2000 0.909
2000 0.9455
2000 0.9485
2000 0.9455
2000 0.9285
2000 0.9945
2000 0.971
2000 0.948
2000 0.9815
2000 0.906
2000 0.962
2000 0.9625
2000 0.9035
2000 0.9555
2000 0.8815
2000 0.9425
2000 0.8375
2000 0.885
2000 0.9435
2000 0.973
2000 0.908
2000 0.9425
2000 0.968
2000 0.977
2000 0.9675
2000 0.953
2000 0.9885
2000 0.968
2000 0.9725
2000 0.917
2000 0.94
2000 0.9255
2000 0.92
2000 0.9755
2000 0.962
2000 0.933
2000 0.9425
2000 0.9175
2000 0.9445
2000 0.9585
2000 0.98
2000 0.8845
2000 0.961
2000 0.8815
2000 0.956
2000 0.9245
2000 0.916
2000 0.922
2000 0.965
2000 0.957
2000 0.894
2000 0.9445
2000 0.9655
2000 0.907
2000 0.926
2000 0.9615
2000 0.9385
2000 0.9495
2000 0.954
2000 0.958
2000 0.9315
2000 0.901
2000 0.9085
2000 0.9625
2000 0.971
2000 0.965
