50 0.06
50 0.52
50 0.08
50 0.14
50 0.16
50 0.18
50 0.32
50 0
50 0.02
50 0.22
50 0.12
50 0.1
50 0.36
50 0.04
50 0.16
50 0
50 0.02
50 0.66
50 0
50 0.08
50 0.16
50 0.02
50 0
50 0
50 0.08
50 0.64
50 0.4
50 0.36
50 0.18
50 0.12
50 0.12
50 0
50 0
50 0.2
50 0
50 0
50 0
50 0.24
50 0.02
50 0
50 0.08
50 0.3
50 0
50 0.06
50 0
50 0
50 0.24
50 0.64
50 0.4
50 0.38
50 0.46
50 0
50 0.46
50 0.36
50 0.64
50 0.34
50 0.44
50 0.08
50 0.02
50 0.1
50 0.38
50 0.38
50 0.2
50 0.58
50 0.08
50 0.28
50 0.12
50 0.1
50 0.44
50 0.02
50 0.1
50 0.26
50 0
50 0.72
50 0.14
100 0.23
100 0.22
100 0.3
100 0.63
100 0.72
100 0.79
100 0.47
100 0.83
100 0.81
100 0.44
100 0.82
100 0.54
100 0.28
100 0.4
100 0.91
100 0.18
100 0.6
100 0.56
100 0.56
100 0.7
100 0.65
100 0.06
100 0.5
100 0.58
100 0.17
100 0.24
100 0.27
100 0.49
100 0.2
100 0.63
100 0.57
100 0.5
100 0.23
100 0.76
100 0.82
100 0.53
100 0.7
100 0.59
100 0.03
100 0.59
100 0.65
100 0.26
100 0.39
100 0.74
100 0.78
100 0.8
100 0.45
100 0.53
100 0.76
100 0.63
100 0.38
100 0.35
100 0.27
100 0.78
100 0.55
100 0.97
100 0.86
100 0.81
100 0.84
100 0.83
100 0.76
100 0.18
100 0.59
100 0.84
100 0.55
100 0.17
100 0.65
100 0.59
100 0.71
100 0.68
100 0.4
100 0.63
100 0
100 0.06
100 0.89
150 0.573333
150 0.673333
150 0.76
150 0.84
150 0.593333
150 0.893333
150 0.753333
150 0.893333
150 0.786667
150 0.686667
150 0.94
150 0.893333
150 0.606667
150 0.58
150 0.626667
150 0.693333
150 0.873333
150 0.26
150 0.68
150 0.8
150 0.74
150 0.806667
150 0.573333
150 0.28
150 0.893333
150 0.0466667
150 0.66
150 0.926667
150 0.86
150 0.84
150 0.773333
150 0.766667
150 0.846667
150 0.966667
150 0.693333
150 0.553333
150 0.433333
150 0.553333
150 0.5
150 0.846667
150 0.9
150 0.6
150 0.506667
150 0.406667
150 0.273333
150 0.86
150 0.78
150 0.54
150 0.8
150 0.36
150 0.646667
150 0.526667
150 0.733333
150 0.826667
150 0.773333
150 0.746667
150 0.706667
150 0.793333
150 0.353333
150 0.693333
150 0.88
150 0.646667
150 0.773333
150 0.54
150 0.146667
150 0.266667
150 0.666667
150 0.433333
150 0.86
150 0.04
150 0.786667
150 0.413333
150 0.873333
150 0.746667
150 0.7
200 0.64
200 0.395
200 0.94
200 0.77
200 0.27
200 0.805
200 0.505
200 0.935
200 0.74
200 0.6
200 0.895
200 0.6
200 0.855
200 0.92
200 0.655
200 0.78
200 0.85
200 0.745
200 0.87
200 0.755
200 0.765
200 0.945
200 0.195
200 0.795
200 0.775
200 0.8
200 0.905
200 0.595
200 0.685
200 0.815
200 0.765
200 0.865
200 0.79
200 0.505
200 0.05
200 0.815
200 0.525
200 0.735
200 0.76
200 0.59
200 0.65
200 0.85
200 0.56
200 0.645
200 0.88
200 0.705
200 0.85
200 0.88
200 0.83
200 0.76
200 0.115
200 0.8
200 0.84
200 0.785
200 0.6
200 0.55
200 0.865
200 0.63
200 0.855
200 0.65
200 0.515
200 0.67
200 0.96
200 0.815
200 0.8
200 0.675
200 0.67
200 0.8
200 0.81
200 0.96
200 0.67
200 0.4
200 0.885
200 0.845
200 0.735
250 0.776
250 0.904
250 0.816
250 0.8
250 0.852
250 0.88
250 0.916
250 0.848
250 0.732
250 0.828
250 0.8
250 0.776
250 0.92
250 0.752
250 0.848
250 0.924
250 0.888
250 0.628
250 0.84
250 0.856
250 0.856
250 0.76
250 0.712
250 0.824
250 0.944
250 0.868
250 0.852
250 0.864
250 0.788
250 0.804
250 0.74
250 0.88
250 0.904
250 0.776
250 0.736
250 0.644
250 0.836
250 0.8
250 0.84
250 0.892
250 0.964
250 0.884
250 0.896
250 0.488
250 0.852
250 0.88
250 0.952
250 0.64
250 0.872
250 0.88
250 0.884
250 0.772
250 0.832
250 0.884
250 0.9
250 0.936
250 0.816
250 0.596
250 0.868
250 0.58
250 0.82
250 0.84
250 0.872
250 0.836
250 0.8
250 0.744
250 0.868
250 0.712
250 0.928
250 0.936
250 0.76
250 0.732
250 0.868
250 0.912
250 0.852
300 0.833333
300 0.84
300 0.863333
300 0.926667
300 0.493333
300 0.853333
300 0.843333
300 0.596667
300 0.873333
300 0.856667
300 0.876667
300 0.806667
300 0.723333
300 0.956667
300 0.95
300 0.783333
300 0.783333
300 0.85
300 0.866667
300 0.783333
300 0.796667
300 0.73
300 0.923333
300 0.933333
300 0.893333
300 0.843333
300 0.923333
300 0.826667
300 0.903333
300 0.93
300 0.79
300 0.743333
300 0.84
300 0.833333
300 0.833333
300 0.923333
300 0.956667
300 0.903333
300 0.85
300 0.753333
300 0.903333
300 0.843333
300 0.943333
300 0.816667
300 0.74
300 0.623333
300 0.83
300 0.916667
300 0.596667
300 0.916667
300 0.686667
300 0.94
300 0.536667
300 0.783333
300 0.86
300 0.696667
300 0.89
300 0.85
300 0.89
300 0.87
300 0.866667
300 0.823333
300 0.84
300 0.836667
300 0.806667
300 0.95
300 0.87
300 0.81
300 0.873333
300 0.816667
300 0.906667
300 0.653333
300 0.906667
300 0.836667
300 0.886667
350 0.837143
350 0.942857
350 0.88
350 0.797143
350 0.862857
350 0.611429
350 0.76
350 0.797143
350 0.928571
350 0.922857
350 0.851429
350 0.78
350 0.862857
350 0.937143
350 0.868571
350 0.88
350 0.845714
350 0.84
350 0.794286
350 0.757143
350 0.928571
350 0.74
350 0.96
350 0.868571
350 0.925714
350 0.94
350 0.922857
350 0.774286
350 0.771429
350 0.782857
350 0.725714
350 0.868571
350 0.885714
350 0.891429
350 0.828571
350 0.908571
350 0.777143
350 0.574286
350 0.88
350 0.788571
350 0.888571
350 0.774286
350 0.905714
350 0.834286
350 0.982857
350 0.92
350 0.494286
350 0.568571
350 0.848571
350 0.98
350 0.82
350 0.882857
350 0.805714
350 0.862857
350 0.822857
350 0.948571
350 0.922857
350 0.894286
350 0.92
350 0.665714
350 0.865714
350 0.842857
350 0.897143
350 0.84
350 0.725714
350 0.868571
350 0.842857
350 0.837143
350 0.897143
350 0.88
350 0.911429
350 0.954286
350 0.754286
350 0.888571
350 0.914286
400 0.8975
400 0.845
400 0.8675
400 0.8625
400 0.7075
400 0.875
400 0.86
400 0.5725
400 0.91
400 0.825
400 0.895
400 0.965
400 0.85
400 0.785
400 0.875
400 0.855
400 0.8475
400 0.6525
400 0.8425
400 0.8975
400 0.9425
400 0.7975
400 0.935
400 0.6975
400 0.88
400 0.8725
400 0.945
400 0.61
400 0.8525
400 0.9175
400 0.9175
400 0.77
400 0.8925
400 0.89
400 0.965
400 0.9675
400 0.7475
400 0.645
400 0.92
400 0.835
400 0.985
400 0.8625
400 0.885
400 0.825
400 0.935
400 0.8775
400 0.8575
400 0.7625
400 0.9
400 0.9625
400 0.905
400 0.8625
400 0.92
400 0.8375
400 0.8325
400 0.8775
400 0.9325
400 0.8975
400 0.9325
400 0.9025
400 0.8725
400 0.7275
400 0.875
400 0.9225
400 0.84
400 0.9275
400 0.815
400 0.9225
400 0.865
400 0.865
400 0.85
400 0.9025
400 0.8925
400 0.9575
400 0.895
450 0.933333
450 0.953333
450 0.875556
450 0.962222
450 0.786667
450 0.911111
450 0.933333
450 0.893333
450 0.866667
450 0.842222
450 0.922222
450 0.808889
450 0.911111
450 0.855556
450 0.757778
450 0.864444
450 0.831111
450 0.933333
450 0.891111
450 0.844444
450 0.897778
450 0.822222
450 0.868889
450 0.944444
450 0.862222
450 0.7
450 0.911111
450 0.906667
450 0.864444
450 0.597778
450 0.848889
450 0.844444
450 0.917778
450 0.917778
450 0.837778
450 0.897778
450 0.886667
450 0.877778
450 0.88
450 0.866667
450 0.786667
450 0.931111
450 0.773333
450 0.908889
450 0.9
450 0.853333
450 0.913333
450 0.842222
450 0.924444
450 0.94
450 0.9
450 0.908889
450 0.884444
450 0.911111
450 0.868889
450 0.866667
450 0.806667
450 0.875556
450 0.866667
450 0.924444
450 0.893333
450 0.9
450 0.926667
450 0.871111
450 0.668889
450 0.877778
450 0.873333
450 0.791111
450 0.9
450 0.864444
450 0.846667
450 0.811111
450 0.924444
450 0.866667
450 0.48
500 0.932
500 0.89
500 0.964
500 0.894
500 0.72
500 0.894
500 0.928
500 0.902
500 0.826
500 0.876
500 0.888
500 0.902
500 0.854
500 0.93
500 0.896
500 0.894
500 0.892
500 0.922
500 0.794
500 0.826
500 0.836
500 0.914
500 0.89
500 0.906
500 0.77
500 0.846
500 0.882
500 0.918
500 0.784
500 0.888
500 0.92
500 0.826
500 0.85
500 0.85
500 0.86
500 0.868
500 0.828
500 0.924
500 0.802
500 0.82
500 0.894
500 0.96
500 0.922
500 0.9
500 0.89
500 0.918
500 0.918
500 0.95
500 0.89
500 0.722
500 0.88
500 0.88
500 0.84
500 0.922
500 0.658
500 0.872
500 0.914
500 0.858
500 0.976
500 0.86
500 0.874
500 0.832
500 0.856
500 0.81
500 0.884
500 0.88
500 0.942
500 0.914
500 0.934
500 0.838
500 0.83
500 0.848
500 0.882
500 0.868
500 0.836
550 0.727273
550 0.867273
550 0.978182
550 0.945455
550 0.88
550 0.921818
550 0.890909
550 0.883636
550 0.901818
550 0.934545
550 0.805455
550 0.927273
550 0.612727
550 0.832727
550 0.872727
550 0.943636
550 0.829091
550 0.88
550 0.936364
550 0.838182
550 0.916364
550 0.841818
550 0.830909
550 0.883636
550 0.925455
550 0.807273
550 0.838182
550 0.825455
550 0.856364
550 0.790909
550 0.914545
550 0.898182
550 0.909091
550 0.274545
550 0.774545
550 0.774545
550 0.903636
550 0.643636
550 0.88
550 0.881818
550 0.958182
550 0.850909
550 0.829091
550 0.883636
550 0.905455
550 0.936364
550 0.88
550 0.912727
550 0.9
550 0.863636
550 0.909091
550 0.921818
550 0.829091
550 0.918182
550 0.789091
550 0.876364
550 0.941818
550 0.894545
550 0.907273
550 0.84
550 0.861818
550 0.865455
550 0.798182
550 0.889091
550 0.936364
550 0.987273
550 0.921818
550 0.956364
550 0.887273
550 0.854545
550 0.894545
550 0.872727
550 0.865455
550 0.88
550 0.883636
600 0.925
600 0.875
600 0.948333
600 0.695
600 0.926667
600 0.941667
600 0.921667
600 0.925
600 0.811667
600 0.888333
600 0.955
600 0.865
600 0.856667
600 0.895
600 0.876667
600 0.805
600 0.948333
600 0.936667
600 0.89
600 0.93
600 0.883333
600 0.9
600 0.828333
600 0.956667
600 0.881667
600 0.898333
600 0.92
600 0.928333
600 0.955
600 0.888333
600 0.878333
600 0.933333
600 0.916667
600 0.863333
600 0.923333
600 0.883333
600 0.923333
600 0.878333
600 0.881667
600 0.926667
600 0.703333
600 0.896667
600 0.885
600 0.935
600 0.928333
600 0.9
600 0.758333
600 0.85
600 0.881667
600 0.843333
600 0.895
600 0.896667
600 0.886667
600 0.868333
600 0.936667
600 0.881667
600 0.87
600 0.856667
600 0.885
600 0.88
600 0.813333
600 0.876667
600 0.91
600 0.973333
600 0.91
600 0.858333
600 0.883333
600 0.905
600 0.93
600 0.921667
600 0.901667
600 0.895
600 0.895
600 0.938333
600 0.765
650 0.929231
650 0.827692
650 0.838462
650 0.875385
650 0.838462
650 0.86
650 0.950769
650 0.915385
650 0.853846
650 0.898462
650 0.809231
650 0.901538
650 0.850769
650 0.88
650 0.793846
650 0.915385
650 0.869231
650 0.732308
650 0.867692
650 0.846154
650 0.84
650 0.798462
650 0.904615
650 0.910769
650 0.8
650 0.881538
650 0.812308
650 0.909231
650 0.973846
650 0.913846
650 0.901538
650 0.910769
650 0.935385
650 0.981538
650 0.927692
650 0.846154
650 0.706154
650 0.944615
650 0.701538
650 0.94
650 0.986154
650 0.929231
650 0.878462
650 0.852308
650 0.833846
650 0.927692
650 0.816923
650 0.849231
650 0.886154
650 0.866154
650 0.844615
650 0.901538
650 0.933846
650 0.88
650 0.895385
650 0.926154
650 0.906154
650 0.924615
650 0.889231
650 0.916923
650 0.955385
650 0.844615
650 0.923077
650 0.883077
650 0.852308
650 0.886154
650 0.923077
650 0.836923
650 0.893846
650 0.795385
650 0.887692
650 0.876923
650 0.886154
650 0.938462
650 0.936923
700 0.95
700 0.934286
700 0.847143
700 0.855714
700 0.888571
700 0.867143
700 0.952857
700 0.99
700 0.942857
700 0.882857
700 0.881429
700 0.95
700 0.922857
700 0.914286
700 0.88
700 0.821429
700 0.837143
700 0.844286
700 0.841429
700 0.702857
700 0.892857
700 0.902857
700 0.928571
700 0.95
700 0.888571
700 0.901429
700 0.931429
700 0.981429
700 0.882857
700 0.965714
700 0.805714
700 0.902857
700 0.914286
700 0.932857
700 0.831429
700 0.861429
700 0.951429
700 0.832857
700 0.942857
700 0.835714
700 0.928571
700 0.824286
700 0.907143
700 0.941429
700 0.705714
700 0.894286
700 0.871429
700 0.928571
700 0.892857
700 0.934286
700 0.868571
700 0.927143
700 0.927143
700 0.881429
700 0.827143
700 0.857143
700 0.947143
700 0.86
700 0.898571
700 0.897143
700 0.818571
700 0.832857
700 0.941429
700 0.764286
700 0.88
700 0.931429
700 0.864286
700 0.992857
700 0.895714
700 0.865714
700 0.952857
700 0.965714
700 0.91
700 0.871429
700 0.891429
750 0.94
750 0.909333
750 0.913333
750 0.708
750 0.956
750 0.908
750 0.773333
750 0.858667
750 0.905333
750 0.826667
750 0.773333
750 0.922667
750 0.932
750 0.878667
750 0.861333
750 0.932
750 0.912
750 0.921333
750 0.913333
750 0.926667
750 0.964
750 0.852
750 0.888
750 0.937333
750 0.873333
750 0.908
750 0.888
750 0.873333
750 0.906667
750 0.897333
750 0.845333
750 0.909333
750 0.916
750 0.846667
750 0.849333
750 0.858667
750 0.909333
750 0.913333
750 0.861333
750 0.834667
750 0.92
750 0.797333
750 0.896
750 0.936
750 0.897333
750 0.857333
750 0.905333
750 0.804
750 0.904
750 0.884
750 0.922667
750 0.868
750 0.86
750 0.906667
750 0.925333
750 0.956
750 0.968
750 0.941333
750 0.908
750 0.868
750 0.905333
750 0.926667
750 0.905333
750 0.856
750 0.945333
750 0.918667
750 0.865333
750 0.892
750 0.946667
750 0.892
750 0.858667
750 0.881333
750 0.898667
750 0.904
750 0.918667
800 0.9225
800 0.78
800 0.91625
800 0.9625
800 0.8775
800 0.8375
800 0.83125
800 0.8725
800 0.95625
800 0.8825
800 0.91125
800 0.89125
800 0.9125
800 0.93
800 0.87
800 0.85625
800 0.88125
800 0.82125
800 0.90875
800 0.79125
800 0.885
800 0.9675
800 0.9175
800 0.84625
800 0.93375
800 0.9025
800 0.8825
800 0.90875
800 0.915
800 0.91375
800 0.9375
800 0.91875
800 0.905
800 0.95
800 0.9025
800 0.83125
800 0.84125
800 0.96375
800 0.93375
800 0.94
800 0.9475
800 0.8975
800 0.83375
800 0.825
800 0.86125
800 0.875
800 0.8375
800 0.86875
800 0.92
800 0.745
800 0.9
800 0.90125
800 0.8875
800 0.915
800 0.88375
800 0.855
800 0.93125
800 0.91375
800 0.93625
800 0.93125
800 0.85
800 0.94625
800 0.82875
800 0.91
800 0.98
800 0.895
800 0.90875
800 0.87875
800 0.93
800 0.905
800 0.85625
800 0.89125
800 0.87375
800 0.9025
800 0.89
850 0.889412
850 0.951765
850 0.927059
850 0.908235
850 0.956471
850 0.883529
850 0.883529
850 0.916471
850 0.82
850 0.607059
850 0.858824
850 0.955294
850 0.895294
850 0.896471
850 0.912941
850 0.904706
850 0.883529
850 0.982353
850 0.892941
850 0.82
850 0.887059
850 0.915294
850 0.9
850 0.932941
850 0.922353
850 0.895294
850 0.945882
850 0.909412
850 0.965882
850 0.904706
850 0.848235
850 0.864706
850 0.897647
850 0.896471
850 0.830588
850 0.883529
850 0.881176
850 0.944706
850 0.937647
850 0.948235
850 0.851765
850 0.938824
850 0.92
850 0.903529
850 0.912941
850 0.935294
850 0.912941
850 0.909412
850 0.855294
850 0.887059
850 0.843529
850 0.805882
850 0.797647
850 0.885882
850 0.869412
850 0.905882
850 0.716471
850 0.862353
850 0.954118
850 0.871765
850 0.871765
850 0.86
850 0.844706
850 0.898824
850 0.865882
850 0.928235
850 0.921176
850 0.790588
850 0.888235
850 0.836471
850 0.937647
850 0.805882
850 0.888235
850 0.843529
850 0.818824
900 0.895556
900 0.811111
900 0.933333
900 0.878889
900 0.898889
900 0.912222
900 0.885556
900 0.917778
900 0.902222
900 0.93
900 0.954444
900 0.911111
900 0.836667
900 0.923333
900 0.972222
900 0.923333
900 0.916667
900 0.88
900 0.876667
900 0.912222
900 0.946667
900 0.952222
900 0.89
900 0.894444
900 0.814444
900 0.884444
900 0.796667
900 0.913333
900 0.988889
900 0.871111
900 0.892222
900 0.918889
900 0.828889
900 0.867778
900 0.962222
900 0.866667
900 0.937778
900 0.95
900 0.937778
900 0.94
900 0.711111
900 0.913333
900 0.982222
900 0.896667
900 0.937778
900 0.854444
900 0.906667
900 0.853333
900 0.901111
900 0.946667
900 0.898889
900 0.91
900 0.788889
900 0.911111
900 0.946667
900 0.917778
900 0.883333
900 0.913333
900 0.944444
900 0.932222
900 0.91
900 0.877778
900 0.831111
900 0.846667
900 0.792222
900 0.858889
900 0.907778
900 0.958889
900 0.932222
900 0.892222
900 0.873333
900 0.902222
900 0.911111
900 0.911111
900 0.883333
950 0.941053
950 0.894737
950 0.837895
950 0.868421
950 0.888421
950 0.9
950 0.868421
950 0.898947
950 0.912632
950 0.864211
950 0.789474
950 0.950526
950 0.911579
950 0.861053
950 0.889474
950 0.849474
950 0.961053
950 0.863158
950 0.88
950 0.943158
950 0.844211
950 0.848421
950 0.926316
950 0.985263
950 0.897895
950 0.957895
950 0.822105
950 0.885263
950 0.901053
950 0.96
950 0.896842
950 0.913684
950 0.886316
950 0.948421
950 0.861053
950 0.917895
950 0.855789
950 0.870526
950 0.929474
950 0.906316
950 0.893684
950 0.908421
950 0.914737
950 0.865263
950 0.925263
950 0.855789
950 0.916842
950 0.937895
950 0.933684
950 0.972632
950 0.851579
950 0.881053
950 0.88
950 0.974737
950 0.807368
950 0.943158
950 0.932632
950 0.897895
950 0.916842
950 0.921053
950 0.86
950 0.828421
950 0.878947
950 0.921053
950 0.88
950 0.949474
950 0.946316
950 0.903158
950 0.855789
950 0.922105
950 0.947368
950 0.808421
950 0.965263
950 0.955789
950 0.950526
1000 0.903
1000 0.845
1000 0.849
1000 0.918
1000 0.885
1000 0.839
1000 0.957
1000 0.913
1000 0.839
1000 0.942
1000 0.94
1000 0.864
1000 0.849
1000 0.946
1000 0.828
1000 0.866
1000 0.887
1000 0.91
1000 0.93
1000 0.943
1000 0.885
1000 0.781
1000 0.769
1000 0.938
1000 0.894
1000 0.906
1000 0.88
1000 0.896
1000 0.912
1000 0.902
1000 0.97
1000 0.9
1000 0.964
1000 0.911
1000 0.898
1000 0.948
1000 0.965
1000 0.93
1000 0.885
1000 0.919
1000 0.932
1000 0.933
1000 0.881
1000 0.832
1000 0.913
1000 0.925
1000 0.889
1000 0.964
1000 0.967
1000 0.875
1000 0.906
1000 0.928
1000 0.963
1000 0.917
1000 0.873
1000 0.888
1000 0.873
1000 0.895
1000 0.908
1000 0.919
1000 0.843
1000 0.864
1000 0.904
1000 0.953
1000 0.898
1000 0.915
1000 0.922
1000 0.942
1000 0.873
1000 0.924
1000 0.948
1000 0.91
1000 0.922
1000 0.917
1000 0.9
1050 0.893333
1050 0.828571
1050 0.969524
1050 0.930476
1050 0.637143
1050 0.913333
1050 0.898095
1050 0.840952
1050 0.91619
1050 0.821905
1050 0.910476
1050 0.89619
1050 0.913333
1050 0.875238
1050 0.890476
1050 0.927619
1050 0.984762
1050 0.877143
1050 0.93619
1050 0.88
1050 0.88
1050 0.985714
1050 0.865714
1050 0.88
1050 0.907619
1050 0.78381
1050 0.879048
1050 0.884762
1050 0.920952
1050 0.951429
1050 0.95619
1050 0.951429
1050 0.871429
1050 0.906667
1050 0.926667
1050 0.815238
1050 0.939048
1050 0.914286
1050 0.83619
1050 0.904762
1050 0.858095
1050 0.932381
1050 0.899048
1050 0.902857
1050 0.905714
1050 0.910476
1050 0.951429
1050 0.933333
1050 0.942857
1050 0.901905
1050 0.951429
1050 0.92
1050 0.967619
1050 0.922857
1050 0.924762
1050 0.906667
1050 0.924762
1050 0.890476
1050 0.910476
1050 0.906667
1050 0.873333
1050 0.874286
1050 0.951429
1050 0.901905
1050 0.926667
1050 0.917143
1050 0.945714
1050 0.82
1050 0.978095
1050 0.925714
1050 0.93619
1050 0.951429
1050 0.928571
1050 0.928571
1050 0.915238
1100 0.889091
1100 0.890909
1100 0.912727
1100 0.874545
1100 0.985455
1100 0.889091
1100 0.796364
1100 0.841818
1100 0.936364
1100 0.723636
1100 0.835455
1100 0.968182
1100 0.910909
1100 0.934545
1100 0.882727
1100 0.953636
1100 0.919091
1100 0.849091
1100 0.917273
1100 0.989091
1100 0.864545
1100 0.869091
1100 0.916364
1100 0.827273
1100 0.967273
1100 0.767273
1100 0.882727
1100 0.896364
1100 0.922727
1100 0.946364
1100 0.874545
1100 0.868182
1100 0.852727
1100 0.866364
1100 0.928182
1100 0.971818
1100 0.842727
1100 0.9
1100 0.9
1100 0.871818
1100 0.870909
1100 0.885455
1100 0.839091
1100 0.948182
1100 0.906364
1100 0.938182
1100 0.912727
1100 0.959091
1100 0.952727
1100 0.912727
1100 0.88
1100 0.961818
1100 0.914545
1100 0.866364
1100 0.895455
1100 0.927273
1100 0.909091
1100 0.950909
1100 0.908182
1100 0.906364
1100 0.911818
1100 0.910909
1100 0.955455
1100 0.912727
1100 0.941818
1100 0.865455
1100 0.892727
1100 0.913636
1100 0.944545
1100 0.856364
1100 0.875455
1100 0.914545
1100 0.865455
1100 0.947273
1100 0.786364
1150 0.816522
1150 0.923478
1150 0.889565
1150 0.893913
1150 0.931304
1150 0.862609
1150 0.91913
1150 0.887826
1150 0.893913
1150 0.893043
1150 0.873043
1150 0.936522
1150 0.897391
1150 0.928696
1150 0.967826
1150 0.854783
1150 0.873043
1150 0.852174
1150 0.865217
1150 0.874783
1150 0.942609
1150 0.92087
1150 0.89913
1150 0.882609
1150 0.928696
1150 0.92
1150 0.891304
1150 0.904348
1150 0.926087
1150 0.938261
1150 0.894783
1150 0.911304
1150 0.924348
1150 0.853913
1150 0.892174
1150 0.958261
1150 0.784348
1150 0.853913
1150 0.933043
1150 0.909565
1150 0.741739
1150 0.88
1150 0.886087
1150 0.886087
1150 0.964348
1150 0.771304
1150 0.912174
1150 0.938261
1150 0.890435
1150 0.944348
1150 0.850435
1150 0.861739
1150 0.908696
1150 0.64087
1150 0.92087
1150 0.874783
1150 0.956522
1150 0.861739
1150 0.881739
1150 0.915652
1150 0.938261
1150 0.913913
1150 0.901739
1150 0.762609
1150 0.886957
1150 0.933913
1150 0.904348
1150 0.933913
1150 0.933043
1150 0.976522
1150 0.871304
1150 0.916522
1150 0.902609
1150 0.795652
1150 0.947826
1200 0.868333
1200 0.931667
1200 0.950833
1200 0.903333
1200 0.865
1200 0.9225
1200 0.854167
1200 0.934167
1200 0.881667
1200 0.83
1200 0.843333
1200 0.82
1200 0.8675
1200 0.879167
1200 0.911667
1200 0.895833
1200 0.879167
1200 0.905
1200 0.933333
1200 0.950833
1200 0.921667
1200 0.923333
1200 0.944167
1200 0.875
1200 0.954167
1200 0.883333
1200 0.92
1200 0.886667
1200 0.955833
1200 0.97
1200 0.905
1200 0.928333
1200 0.905
1200 0.9325
1200 0.945
1200 0.925
1200 0.974167
1200 0.943333
1200 0.8525
1200 0.9325
1200 0.868333
1200 0.779167
1200 0.834167
1200 0.9
1200 0.885
1200 0.903333
1200 0.923333
1200 0.956667
1200 0.959167
1200 0.956667
1200 0.91
1200 0.868333
1200 0.889167
1200 0.760833
1200 0.919167
1200 0.88
1200 0.908333
1200 0.929167
1200 0.884167
1200 0.9175
1200 0.898333
1200 0.924167
1200 0.8975
1200 0.8925
1200 0.9525
1200 0.929167
1200 0.890833
1200 0.841667
1200 0.92
1200 0.7725
1200 0.931667
1200 0.8725
1200 0.8425
1200 0.896667
1200 0.935833
1250 0.936
1250 0.9488
1250 0.9104
1250 0.8432
1250 0.9088
1250 0.9096
1250 0.9544
1250 0.9408
1250 0.944
1250 0.9416
1250 0.9312
1250 0.856
1250 0.8792
1250 0.936
1250 0.8424
1250 0.8488
1250 0.9232
1250 0.9376
1250 0.9272
1250 0.8968
1250 0.872
1250 0.8752
1250 0.8928
1250 0.872
1250 0.9064
1250 0.8912
1250 0.976
1250 0.9192
1250 0.86
1250 0.9288
1250 0.8872
1250 0.888
1250 0.9424
1250 0.9352
1250 0.948
1250 0.9376
1250 0.9392
1250 0.8592
1250 0.9424
1250 0.8504
1250 0.9488
1250 0.9344
1250 0.8712
1250 0.976
1250 0.9016
1250 0.9248
1250 0.7232
1250 0.8544
1250 0.8872
1250 0.9024
1250 0.8928
1250 0.936
1250 0.8936
1250 0.944
1250 0.88
1250 0.9704
1250 0.9176
1250 0.8632
1250 0.9184
1250 0.94
1250 0.9344
1250 0.9336
1250 0.9
1250 0.9112
1250 0.912
1250 0.9608
1250 0.8824
1250 0.8648
1250 0.92
1250 0.8784
1250 0.8272
1250 0.9304
1250 0.9088
1250 0.9192
1250 0.9616
1300 0.876923
1300 0.939231
1300 0.920769
1300 0.913846
1300 0.924615
1300 0.94
1300 0.937692
1300 0.947692
1300 0.966154
1300 0.98
1300 0.940769
1300 0.933846
1300 0.912308
1300 0.865385
1300 0.865385
1300 0.941538
1300 0.974615
1300 0.822308
1300 0.906923
1300 0.88
1300 0.898462
1300 0.914615
1300 0.864615
1300 0.91
1300 0.855385
1300 0.825385
1300 0.908462
1300 0.944615
1300 0.846923
1300 0.854615
1300 0.926923
1300 0.878462
1300 0.834615
1300 0.919231
1300 0.946154
1300 0.948462
1300 0.970769
1300 0.956154
1300 0.934615
1300 0.871538
1300 0.823846
1300 0.893846
1300 0.882308
1300 0.935385
1300 0.943077
1300 0.956154
1300 0.889231
1300 0.961538
1300 0.86
1300 0.925385
1300 0.943077
1300 0.87
1300 0.818462
1300 0.9
1300 0.936923
1300 0.928462
1300 0.91
1300 0.939231
1300 0.923077
1300 0.924615
1300 0.874615
1300 0.949231
1300 0.953077
1300 0.883846
1300 0.834615
1300 0.889231
1300 0.842308
1300 0.886154
1300 0.955385
1300 0.890769
1300 0.805385
1300 0.753077
1300 0.963846
1300 0.904615
1300 0.915385
1350 0.863704
1350 0.877778
1350 0.881481
1350 0.88
1350 0.818519
1350 0.902963
1350 0.882963
1350 0.925185
1350 0.858519
1350 0.922222
1350 0.934074
1350 0.917037
1350 0.962963
1350 0.884444
1350 0.96963
1350 0.886667
1350 0.914074
1350 0.945926
1350 0.748889
1350 0.957037
1350 0.96963
1350 0.871852
1350 0.861481
1350 0.981481
1350 0.893333
1350 0.880741
1350 0.928889
1350 0.931111
1350 0.934815
1350 0.885185
1350 0.834074
1350 0.874074
1350 0.936296
1350 0.93037
1350 0.916296
1350 0.942963
1350 0.891852
1350 0.846667
1350 0.913333
1350 0.894074
1350 0.912593
1350 0.948889
1350 0.857037
1350 0.92963
1350 0.934074
1350 0.932593
1350 0.887407
1350 0.902222
1350 0.902963
1350 0.918519
1350 0.91037
1350 0.923704
1350 0.860741
1350 0.855556
1350 0.866667
1350 0.958519
1350 0.920741
1350 0.862222
1350 0.922222
1350 0.934074
1350 0.925185
1350 0.940741
1350 0.957037
1350 0.697778
1350 0.937037
1350 0.940741
1350 0.93037
1350 0.914074
1350 0.851111
1350 0.857037
1350 0.922963
1350 0.948148
1350 0.88963
1350 0.983704
1350 0.948148
1400 0.92
1400 0.972857
1400 0.885714
1400 0.955
1400 0.829286
1400 0.852143
1400 0.942143
1400 0.91
1400 0.866429
1400 0.903571
1400 0.866429
1400 0.947143
1400 0.905714
1400 0.928571
1400 0.891429
1400 0.863571
1400 0.927143
1400 0.893571
1400 0.870714
1400 0.885714
1400 0.923571
1400 0.91
1400 0.987143
1400 0.875714
1400 0.877857
1400 0.884286
1400 0.892143
1400 0.902143
1400 0.88
1400 0.973571
1400 0.93
1400 0.934286
1400 0.933571
1400 0.874286
1400 0.871429
1400 0.95
1400 0.943571
1400 0.94
1400 0.925714
1400 0.927143
1400 0.949286
1400 0.91
1400 0.934286
1400 0.879286
1400 0.954286
1400 0.930714
1400 0.97
1400 0.932143
1400 0.898571
1400 0.980714
1400 0.921429
1400 0.88
1400 0.935
1400 0.951429
1400 0.81
1400 0.889286
1400 0.871429
1400 0.925714
1400 0.927143
1400 0.865714
1400 0.825
1400 0.88
1400 0.926429
1400 0.909286
1400 0.839286
1400 0.942857
1400 0.884286
1400 0.913571
1400 0.889286
1400 0.919286
1400 0.887857
1400 0.668571
1400 0.897857
1400 0.935
1400 0.914286
1450 0.895862
1450 0.92069
1450 0.924138
1450 0.913793
1450 0.976552
1450 0.974483
1450 0.935172
1450 0.955862
1450 0.904828
1450 0.888966
1450 0.882759
1450 0.951034
1450 0.853793
1450 0.881379
1450 0.897241
1450 0.951724
1450 0.955862
1450 0.911034
1450 0.942069
1450 0.828966
1450 0.890345
1450 0.90069
1450 0.904138
1450 0.926897
1450 0.852414
1450 0.875862
1450 0.895172
1450 0.893793
1450 0.867586
1450 0.995862
1450 0.928966
1450 0.924828
1450 0.878621
1450 0.949655
1450 0.86069
1450 0.929655
1450 0.889655
1450 0.906207
1450 0.846897
1450 0.888276
1450 0.957241
1450 0.931724
1450 0.942759
1450 0.893103
1450 0.77931
1450 0.93931
1450 0.936552
1450 0.855172
1450 0.889655
1450 0.908276
1450 0.904138
1450 0.90069
1450 0.910345
1450 0.796552
1450 0.946897
1450 0.798621
1450 0.958621
1450 0.88069
1450 0.977241
1450 0.902759
1450 0.951034
1450 0.916552
1450 0.897931
1450 0.869655
1450 0.913103
1450 0.844138
1450 0.906207
1450 0.933793
1450 0.946207
1450 0.861379
1450 0.915172
1450 0.901379
1450 0.895862
1450 0.955862
1450 0.932414
1500 0.920667
1500 0.916
1500 0.966667
1500 0.914
1500 0.900667
1500 0.945333
1500 0.918667
1500 0.84
1500 0.920667
1500 0.899333
1500 0.738667
1500 0.945333
1500 0.875333
1500 0.894667
1500 0.952667
1500 0.942
1500 0.918667
1500 0.912667
1500 0.935333
1500 0.839333
1500 0.877333
1500 0.802667
1500 0.706
1500 0.847333
1500 0.963333
1500 0.831333
1500 0.833333
1500 0.924667
1500 0.932667
1500 0.897333
1500 0.928667
1500 0.928
1500 0.875333
1500 0.948667
1500 0.874667
1500 0.934
1500 0.846667
1500 0.858
1500 0.881333
1500 0.915333
1500 0.894667
1500 0.930667
1500 0.91
1500 0.842
1500 0.868
1500 0.926
1500 0.924
1500 0.968
1500 0.900667
1500 0.938
1500 0.938667
1500 0.901333
1500 0.903333
1500 0.938
1500 0.830667
1500 0.878
1500 0.897333
1500 0.999333
1500 0.918
1500 0.91
1500 0.853333
1500 0.964
1500 0.929333
1500 0.952667
1500 0.913333
1500 0.974
1500 0.942667
1500 0.921333
1500 0.87
1500 0.950667
1500 0.904667
1500 0.938667
1500 0.819333
1500 0.904667
1500 0.878667
1550 0.96129
1550 0.974839
1550 0.862581
1550 0.964516
1550 0.896129
1550 0.885161
1550 0.917419
1550 0.822581
1550 0.858065
1550 0.830968
1550 0.912258
1550 0.834194
1550 0.896129
1550 0.949677
1550 0.926452
1550 0.959355
1550 0.881935
1550 0.896129
1550 0.920645
1550 0.902581
1550 0.898065
1550 0.834194
1550 0.883871
1550 0.907097
1550 0.950323
1550 0.950968
1550 0.898065
1550 0.910323
1550 0.943871
1550 0.942581
1550 0.896129
1550 0.951613
1550 0.956774
1550 0.897419
1550 0.938065
1550 0.909677
1550 0.967097
1550 0.932903
1550 0.914839
1550 0.804516
1550 0.792258
1550 0.927097
1550 0.919355
1550 0.903226
1550 0.919355
1550 0.95871
1550 0.936129
1550 0.960645
1550 0.879355
1550 0.927097
1550 0.792258
1550 0.850323
1550 0.905161
1550 0.947742
1550 0.910323
1550 0.955484
1550 0.971613
1550 0.873548
1550 0.88
1550 0.833548
1550 0.909677
1550 0.941935
1550 0.932903
1550 0.886452
1550 0.876774
1550 0.883226
1550 0.798065
1550 0.873548
1550 0.863871
1550 0.816129
1550 0.897419
1550 0.954839
1550 0.906452
1550 0.879355
1550 0.936129
1600 0.853125
1600 0.923125
1600 0.905625
1600 0.92375
1600 0.9375
1600 0.921875
1600 0.8725
1600 0.845
1600 0.9025
1600 0.928125
1600 0.935625
1600 0.944375
1600 0.92125
1600 0.89375
1600 0.959375
1600 0.905625
1600 0.9025
1600 0.875
1600 0.876875
1600 0.876875
1600 0.895
1600 0.915
1600 0.95
1600 0.894375
1600 0.906875
1600 0.863125
1600 0.893125
1600 0.930625
1600 0.911875
1600 0.9475
1600 0.9075
1600 0.964375
1600 0.870625
1600 0.896875
1600 0.88875
1600 0.955625
1600 0.920625
1600 0.95625
1600 0.89625
1600 0.94375
1600 0.90375
1600 0.911875
1600 0.946875
1600 0.92375
1600 0.96875
1600 0.929375
1600 0.810625
1600 0.938125
1600 0.884375
1600 0.92375
1600 0.950625
1600 0.898125
1600 0.920625
1600 0.865625
1600 0.949375
1600 0.959375
1600 0.7925
1600 0.920625
1600 0.85375
1600 0.869375
1600 0.90375
1600 0.946875
1600 0.88875
1600 0.875625
1600 0.879375
1600 0.95375
1600 0.90875
1600 0.958125
1600 0.91375
1600 0.89125
1600 0.8825
1600 0.89375
1600 0.815
1600 0.96625
1600 0.85375
1650 0.963636
1650 0.927273
1650 0.929697
1650 0.881818
1650 0.931515
1650 0.929091
1650 0.885455
1650 0.931515
1650 0.972121
1650 0.945455
1650 0.903636
1650 0.929091
1650 0.959394
1650 0.879394
1650 0.957576
1650 0.876364
1650 0.875152
1650 0.90303
1650 0.979394
1650 0.913333
1650 0.887879
1650 0.875758
1650 0.920606
1650 0.921212
1650 0.805455
1650 0.917576
1650 0.947879
1650 0.932121
1650 0.94303
1650 0.858788
1650 0.925455
1650 0.838182
1650 0.952727
1650 0.94303
1650 0.84303
1650 0.924242
1650 0.846061
1650 0.907879
1650 0.955758
1650 0.927879
1650 0.903636
1650 0.899394
1650 0.94
1650 0.907273
1650 0.992121
1650 0.969091
1650 0.954545
1650 0.894545
1650 0.912727
1650 0.889697
1650 0.92
1650 0.990303
1650 0.881212
1650 0.953333
1650 0.926667
1650 0.911515
1650 0.931515
1650 0.949091
1650 0.87697
1650 0.951515
1650 0.920606
1650 0.901818
1650 0.90303
1650 0.81697
1650 0.862424
1650 0.968485
1650 0.977576
1650 0.897576
1650 0.956364
1650 0.93697
1650 0.923636
1650 0.887879
1650 0.898788
1650 0.930909
1650 0.895152
1700 0.875882
1700 0.952353
1700 0.858235
1700 0.942941
1700 0.881765
1700 0.941765
1700 0.921765
1700 0.906471
1700 0.93
1700 0.955294
1700 0.91
1700 0.92
1700 0.923529
1700 0.939412
1700 0.925882
1700 0.963529
1700 0.895882
1700 0.888235
1700 0.937059
1700 0.908235
1700 0.874706
1700 0.905294
1700 0.867059
1700 0.834118
1700 0.94
1700 0.957647
1700 0.899412
1700 0.915294
1700 0.943529
1700 0.867647
1700 0.966471
1700 0.908824
1700 0.896471
1700 0.955882
1700 0.903529
1700 0.865882
1700 0.89
1700 0.833529
1700 0.916471
1700 0.898824
1700 0.942353
1700 0.867059
1700 0.935294
1700 0.826471
1700 0.861765
1700 0.809412
1700 0.913529
1700 0.890588
1700 0.863529
1700 0.945294
1700 0.912941
1700 0.962353
1700 0.886471
1700 0.955882
1700 0.908235
1700 0.847059
1700 0.841176
1700 0.853529
1700 0.899412
1700 0.908824
1700 0.921765
1700 0.912941
1700 0.795882
1700 0.926471
1700 0.911765
1700 0.921765
1700 0.898235
1700 0.916471
1700 0.947647
1700 0.98
1700 0.975882
1700 0.955882
1700 0.925294
1700 0.901765
1700 0.909412
1750 0.890286
1750 0.852571
1750 0.916571
1750 0.927429
1750 0.888
1750 0.877143
1750 0.873143
1750 0.907429
1750 0.922857
1750 0.924571
1750 0.891429
1750 0.908
1750 0.908571
1750 0.932
1750 0.868571
1750 0.892
1750 0.934857
1750 0.946857
1750 0.882286
1750 0.925143
1750 0.880571
1750 0.901143
1750 0.905143
1750 0.928571
1750 0.913143
1750 0.877714
1750 0.933714
1750 0.912
1750 0.893714
1750 0.939429
1750 0.797143
1750 0.94
1750 0.881143
1750 0.901143
1750 0.916
1750 0.941714
1750 0.925714
1750 0.909143
1750 0.954857
1750 0.952571
1750 0.951429
1750 0.875429
1750 0.943429
1750 0.914286
1750 0.938286
1750 0.896571
1750 0.96
1750 0.860571
1750 0.876571
1750 0.878286
1750 0.874286
1750 0.952571
1750 0.898857
1750 0.911429
1750 0.958286
1750 0.937714
1750 0.945143
1750 0.954286
1750 0.912
1750 0.949714
1750 0.94
1750 0.727429
1750 0.924
1750 0.915429
1750 0.929714
1750 0.950857
1750 0.918857
1750 0.948571
1750 0.938286
1750 0.905143
1750 0.825714
1750 0.924
1750 0.883429
1750 0.942286
1750 0.965714
1800 0.948333
1800 0.931111
1800 0.83
1800 0.926667
1800 0.94
1800 0.947778
1800 0.925556
1800 0.873889
1800 0.897222
1800 0.901111
1800 0.911667
1800 0.911667
1800 0.905
1800 0.892778
1800 0.897222
1800 0.866667
1800 0.855556
1800 0.900556
1800 0.849444
1800 0.858889
1800 0.928889
1800 0.882222
1800 0.898889
1800 0.912222
1800 0.938889
1800 0.97
1800 0.940556
1800 0.935
1800 0.868333
1800 0.938333
1800 0.941111
1800 0.925
1800 0.896667
1800 0.909444
1800 0.837222
1800 0.948333
1800 0.801111
1800 0.877222
1800 0.929444
1800 0.893889
1800 0.977778
1800 0.916111
1800 0.883333
1800 0.908889
1800 0.95
1800 0.973333
1800 0.955556
1800 0.922222
1800 0.912222
1800 0.927778
1800 0.887778
1800 0.793889
1800 0.914444
1800 0.934444
1800 0.908889
1800 0.822778
1800 0.886667
1800 0.835
1800 0.956667
1800 0.893889
1800 0.941667
1800 0.962222
1800 0.990556
1800 0.907222
1800 0.868889
1800 0.925
1800 0.941667
1800 0.964444
1800 0.857778
1800 0.857778
1800 0.894444
1800 0.897222
1800 0.972778
1800 0.917778
1800 0.967778
1850 0.884324
1850 0.881622
1850 0.953514
1850 0.846486
1850 0.916757
1850 0.921622
1850 0.921081
1850 0.892432
1850 0.903243
1850 0.875676
1850 0.927027
1850 0.915135
1850 0.954595
1850 0.875676
1850 0.896757
1850 0.937838
1850 0.986486
1850 0.881622
1850 0.872973
1850 0.878919
1850 0.901081
1850 0.847568
1850 0.932432
1850 0.934054
1850 0.857838
1850 0.891351
1850 0.896216
1850 0.898378
1850 0.784865
1850 0.996757
1850 0.965405
1850 0.907027
1850 0.882162
1850 0.888108
1850 0.901081
1850 0.896216
1850 0.935135
1850 0.941081
1850 0.967027
1850 0.872973
1850 0.971892
1850 0.902162
1850 0.914595
1850 0.896757
1850 0.915135
1850 0.897838
1850 0.867568
1850 0.871892
1850 0.984324
1850 0.894054
1850 0.957838
1850 0.841081
1850 0.877838
1850 0.908649
1850 0.937838
1850 0.931351
1850 0.886486
1850 0.933514
1850 0.956757
1850 0.922703
1850 0.914595
1850 0.812973
1850 0.936757
1850 0.956216
1850 0.949189
1850 0.963784
1850 0.945405
1850 0.871892
1850 0.946486
1850 0.879459
1850 0.945405
1850 0.925405
1850 0.858919
1850 0.885946
1850 0.867027
1900 0.954737
1900 0.907368
1900 0.948947
1900 0.855263
1900 0.938421
1900 0.964211
1900 0.876316
1900 0.928947
1900 0.903684
1900 0.96
1900 0.935263
1900 0.77
1900 0.851579
1900 0.880526
1900 0.88
1900 0.958421
1900 0.877895
1900 0.875789
1900 0.942105
1900 0.96
1900 0.953684
1900 0.894737
1900 0.892632
1900 0.906316
1900 0.827895
1900 0.947895
1900 0.902105
1900 0.974211
1900 0.931579
1900 0.854737
1900 0.875789
1900 0.924211
1900 0.943158
1900 0.823684
1900 0.895789
1900 0.871579
1900 0.865263
1900 0.932632
1900 0.907895
1900 0.887368
1900 0.960526
1900 0.932105
1900 0.893158
1900 0.916316
1900 0.956316
1900 0.946842
1900 0.92
1900 0.891579
1900 0.853684
1900 0.956842
1900 0.864211
1900 0.954737
1900 0.956842
1900 0.86
1900 0.904737
1900 0.9
1900 0.917895
1900 0.914737
1900 0.923158
1900 0.828421
1900 0.971579
1900 0.900526
1900 0.802632
1900 0.882105
1900 0.944737
1900 0.898947
1900 0.872632
1900 0.984211
1900 0.831053
1900 0.906842
1900 0.856842
1900 0.879474
1900 0.932105
1900 0.921579
1900 0.954737
1950 0.891282
1950 0.882051
1950 0.907179
1950 0.951795
1950 0.907692
1950 0.935897
1950 0.853846
1950 0.835897
1950 0.915897
1950 0.919487
1950 0.764103
1950 0.925128
1950 0.912308
1950 0.761026
1950 0.949231
1950 0.856923
1950 0.924103
1950 0.897949
1950 0.83641
1950 0.924615
1950 0.871795
1950 0.936923
1950 0.895385
1950 0.890256
1950 0.896923
1950 0.934359
1950 0.862051
1950 0.930769
1950 0.893846
1950 0.890256
1950 0.855897
1950 0.921538
1950 0.866667
1950 0.916923
1950 0.969231
1950 0.906667
1950 0.850769
1950 0.923077
1950 0.934872
1950 0.868205
1950 0.87641
1950 0.892821
1950 0.931282
1950 0.919487
1950 0.944615
1950 0.945641
1950 0.953333
1950 0.897949
1950 0.933846
1950 0.956923
1950 0.858462
1950 0.804615
1950 0.866154
1950 0.92
1950 0.914359
1950 0.917436
1950 0.942051
1950 0.878462
1950 0.845128
1950 0.829231
1950 0.881026
1950 0.884103
1950 0.912308
1950 0.934359
1950 0.934872
1950 0.903077
1950 0.890256
1950 0.833846
1950 0.945128
1950 0.915897
1950 0.927692
1950 0.881538
1950 0.944615
1950 0.880513
1950 0.953333
2000 0.899
2000 0.859
2000 0.9545
2000 0.898
2000 0.905
2000 0.949
2000 0.9085
2000 0.933
2000 0.8695
2000 0.845
2000 0.857
2000 0.849
2000 0.9405
2000 0.9385
2000 0.9315
2000 0.9585
2000 0.946
2000 0.899
2000 0.892
2000 0.9215
2000 0.921
2000 0.864
2000 0.9445
2000 0.9005
2000 0.934
2000 0.906
2000 0.8705
2000 0.971
2000 0.933
2000 0.92
2000 0.928
2000 0.8965
2000 0.9215
2000 0.9415
2000 0.965
2000 0.9005
2000 0.9525
2000 0.9305
2000 0.9495
2000 0.8635
2000 0.971
2000 0.8515
2000 0.952
2000 0.798
2000 0.9595
2000 0.891
2000 0.956
2000 0.844
2000 0.903
2000 0.9115
2000 0.8695
2000 0.9055
2000 0.8695
2000 0.922
2000 0.924
2000 0.909
2000 0.9205
2000 0.9395
2000 0.957
2000 0.9085
2000 0.9295
2000 0.8845
2000 0.875
2000 0.96
2000 0.8595
2000 0.893
2000 0.874
2000 0.941
2000 0.965
2000 0.9475
2000 0.9035
2000 0.9185
2000 0.9265
2000 0.762
2000 0.8925
