50 0.12
50 0.06
50 0.08
50 0.2
50 0.26
50 0.18
50 0.32
50 0
50 0.02
50 0.16
50 0.12
50 0.26
50 0.3
50 0.58
50 0.16
50 0
50 0.08
50 0.66
50 0.16
50 0.1
50 0.16
50 0.04
50 0.22
50 0
50 0.06
50 0.2
50 0
50 0.28
50 0.36
50 0.12
50 0.54
50 0
50 0.06
50 0.1
50 0
50 0
50 0.14
50 0.22
50 0.18
50 0.2
50 0.06
50 0.24
50 0.14
50 0.78
50 0
50 0.4
50 0.18
50 0.26
50 0.4
50 0.22
50 0.5
50 0.1
50 0.32
50 0.1
50 0.28
50 0
50 0
50 0
50 0
50 0.16
50 0.4
50 0.38
50 0
50 0
50 0.4
50 0.06
50 0.28
50 0
50 0
50 0.1
50 0.38
50 0.28
50 0.5
50 0.46
50 0.12
100 0.23
100 0
100 0.56
100 0.23
100 0.84
100 0.86
100 0.05
100 0.89
100 0.82
100 0.61
100 0.86
100 0.11
100 0.02
100 0.77
100 0.88
100 0.23
100 0.69
100 0.5
100 0.52
100 0.71
100 0.73
100 0.22
100 0.57
100 0.56
100 0.03
100 0.62
100 0.21
100 0.44
100 0.24
100 0.63
100 0.53
100 0.47
100 0.2
100 0.74
100 0.81
100 0.58
100 0.7
100 0.54
100 0.21
100 0.67
100 0.62
100 0.88
100 0.04
100 0.83
100 0.87
100 0.77
100 0.53
100 0.08
100 0.06
100 0.45
100 0.16
100 0.51
100 0.01
100 0.58
100 0.55
100 0.94
100 0.85
100 0.86
100 0.75
100 0.78
100 0.76
100 0.61
100 0.59
100 0.95
100 0.01
100 0.09
100 0.77
100 0.54
100 0.71
100 0.66
100 0.81
100 0.76
100 0.52
100 0.08
100 0.82
150 0.666667
150 0.566667
150 0.8
150 0.753333
150 0.5
150 0.893333
150 0.76
150 0.886667
150 0.84
150 0.56
150 0.893333
150 0.673333
150 0.46
150 0.506667
150 0.653333
150 0.726667
150 0.806667
150 0.66
150 0.713333
150 0.76
150 0.74
150 0.82
150 0.6
150 0.266667
150 0.793333
150 0.74
150 0.346667
150 0.826667
150 0.8
150 0.766667
150 0.76
150 0.78
150 0.84
150 0.953333
150 0.693333
150 0.56
150 0.0666667
150 0.613333
150 0.526667
150 0.766667
150 0.78
150 0.353333
150 0.306667
150 0.453333
150 0.3
150 0.893333
150 0.22
150 0.586667
150 0.82
150 0.426667
150 0.72
150 0.613333
150 0.686667
150 0.8
150 0
150 0.733333
150 0.826667
150 0.826667
150 0.353333
150 0.706667
150 0.873333
150 0.68
150 0.886667
150 0.82
150 0.846667
150 0.8
150 0.833333
150 0.46
150 0.933333
150 0.466667
150 0.926667
150 0.5
150 0.686667
150 0.753333
150 0.706667
200 0.675
200 0.385
200 0.945
200 0.735
200 0.38
200 0.81
200 0.545
200 0.875
200 0.75
200 0.755
200 0.92
200 0.54
200 0.815
200 0.89
200 0.65
200 0
200 0.795
200 0.875
200 0.87
200 0.765
200 0.755
200 0.88
200 0.41
200 0.825
200 0.845
200 0.655
200 0.915
200 0.585
200 0.71
200 0.835
200 0.78
200 0.845
200 0.79
200 0.48
200 0.145
200 0.875
200 0.505
200 0.6
200 0.83
200 0.53
200 0.76
200 0.835
200 0.72
200 0.83
200 0.915
200 0.71
200 0.82
200 0.63
200 0.765
200 0.715
200 0.145
200 0.865
200 0.47
200 0.815
200 0.935
200 0.56
200 0.75
200 0.605
200 0.855
200 0.72
200 0.315
200 0.835
200 0.93
200 0.915
200 0.845
200 0.7
200 0.615
200 0.815
200 0.685
200 0.925
200 0.875
200 0.385
200 0.79
200 0.86
200 0.57
250 0.832
250 0.808
250 0.88
250 0.748
250 0.828
250 0.872
250 0.952
250 0.856
250 0.444
250 0.832
250 0.916
250 0.796
250 0.82
250 0.772
250 0.832
250 0.936
250 0.936
250 0.86
250 0.84
250 0.828
250 0.812
250 0.652
250 0.708
250 0.828
250 0.836
250 0.888
250 0.776
250 0.948
250 0.692
250 0.904
250 0.732
250 0.88
250 0.936
250 0.792
250 0.756
250 0.692
250 0.916
250 0.708
250 0.908
250 0.808
250 0.588
250 0.672
250 0.924
250 0.516
250 0.82
250 0.864
250 0.88
250 0.604
250 0.896
250 0.608
250 0.904
250 0.664
250 0.748
250 0.78
250 0.856
250 0.892
250 0.816
250 0.576
250 0.82
250 0.708
250 0.884
250 0.856
250 0.828
250 0.832
250 0.684
250 0.856
250 0.836
250 0.864
250 0.88
250 0.872
250 0.7
250 0.652
250 0.956
250 0.876
250 0.772
300 0.883333
300 0.926667
300 0.876667
300 0.91
300 0.65
300 0.573333
300 0.87
300 0.606667
300 0.573333
300 0.863333
300 0.92
300 0.766667
300 0.803333
300 0.903333
300 0.8
300 0.876667
300 0.83
300 0.863333
300 0.713333
300 0.856667
300 0.69
300 0.73
300 0.79
300 0.886667
300 0.913333
300 0.886667
300 0.93
300 0.896667
300 0.876667
300 0.9
300 0.816667
300 0.746667
300 0.546667
300 0.84
300 0.82
300 0.913333
300 0.923333
300 0.92
300 0.883333
300 0.84
300 0.84
300 0.88
300 0.766667
300 0.856667
300 0.736667
300 0.683333
300 0.783333
300 0.726667
300 0.776667
300 0.896667
300 0.706667
300 0.873333
300 0.716667
300 0.756667
300 0.846667
300 0.863333
300 0.913333
300 0.82
300 0.93
300 0.853333
300 0.886667
300 0.783333
300 0.91
300 0.793333
300 0.833333
300 0.863333
300 0.916667
300 0.46
300 0.913333
300 0.863333
300 0.966667
300 0.903333
300 0.883333
300 0.79
300 0.823333
350 0.905714
350 0.871429
350 0.88
350 0.7
350 0.902857
350 0.602857
350 0.785714
350 0.94
350 0.922857
350 0.911429
350 0.805714
350 0.88
350 0.828571
350 0.914286
350 0.917143
350 0.634286
350 0.828571
350 0.934286
350 0.882857
350 0.871429
350 0.891429
350 0.742857
350 0.871429
350 0.914286
350 0.905714
350 0.908571
350 0.828571
350 0.808571
350 0.905714
350 0.777143
350 0.782857
350 0.874286
350 0.888571
350 0.842857
350 0.9
350 0.882857
350 0.945714
350 0.657143
350 0.765714
350 0.82
350 0.942857
350 0.745714
350 0.888571
350 0.811429
350 0.88
350 0.905714
350 0.622857
350 0.754286
350 0.871429
350 0.922857
350 0.888571
350 0.891429
350 0.857143
350 0.914286
350 0.865714
350 0.931429
350 0.922857
350 0.794286
350 0.774286
350 0.808571
350 0.885714
350 0.857143
350 0.9
350 0.782857
350 0.794286
350 0.84
350 0.88
350 0.882857
350 0.854286
350 0.871429
350 0.885714
350 0.9
350 0.445714
350 0.808571
350 0.845714
400 0.9075
400 0.7825
400 0.8575
400 0.8325
400 0.7275
400 0.865
400 0.8475
400 0.7025
400 0.8975
400 0.8375
400 0.9025
400 0.9
400 0.8925
400 0.8175
400 0.9
400 0.7975
400 0.7925
400 0.6
400 0.9125
400 0.89
400 0.7675
400 0.8775
400 0.6875
400 0.665
400 0.83
400 0.9075
400 0.8975
400 0.6025
400 0.88
400 0.9125
400 0.9175
400 0.7525
400 0.91
400 0.9075
400 0.8125
400 0.9025
400 0.945
400 0.6325
400 0.8725
400 0.86
400 0.9
400 0.825
400 0.885
400 0.91
400 0.9075
400 0.8675
400 0.77
400 0.79
400 0.9175
400 0.9225
400 0.85
400 0.83
400 0.7925
400 0.9225
400 0.8625
400 0.8975
400 0.9125
400 0.935
400 0.92
400 0.875
400 0.8425
400 0.785
400 0.845
400 0.9125
400 0.7975
400 0.87
400 0.7725
400 0.9875
400 0.9
400 0.76
400 0.8075
400 0.7725
400 0.8575
400 0.85
400 0.86
450 0.868889
450 0.908889
450 0.877778
450 0.94
450 0.831111
450 0.766667
450 0.935556
450 0.902222
450 0.906667
450 0.88
450 0.935556
450 0.8
450 0.917778
450 0.935556
450 0.724444
450 0.877778
450 0.815556
450 0.946667
450 0.902222
450 0.948889
450 0.884444
450 0.991111
450 0.664444
450 0.973333
450 0.902222
450 0.557778
450 0.908889
450 0.871111
450 0.613333
450 0.577778
450 0.866667
450 0.855556
450 0.937778
450 0.937778
450 0.862222
450 0.777778
450 0.9
450 0.891111
450 0.946667
450 0.771111
450 0.944444
450 0.864444
450 0.631111
450 0.92
450 0.942222
450 0.864444
450 0.908889
450 0.842222
450 0.877778
450 0.973333
450 0.864444
450 0.962222
450 0.78
450 0.826667
450 0.806667
450 0.911111
450 0.833333
450 0.851111
450 0.931111
450 0.973333
450 0.913333
450 0.88
450 0.864444
450 0.866667
450 0.762222
450 0.826667
450 0.924444
450 0.837778
450 0.76
450 0.888889
450 0.871111
450 0.751111
450 0.877778
450 0.873333
450 0.717778
500 0.896
500 0.896
500 0.926
500 0.924
500 0.792
500 0.798
500 0.818
500 0.872
500 0.788
500 0.894
500 0.87
500 0.884
500 0.824
500 0.922
500 0.894
500 0.816
500 0.882
500 0.894
500 0.914
500 0.85
500 0.88
500 0.624
500 0.876
500 0.816
500 0.886
500 0.818
500 0.924
500 0.94
500 0.856
500 0.928
500 0.892
500 0.844
500 0.862
500 0.86
500 0.656
500 0.836
500 0.884
500 0.886
500 0.9
500 0.79
500 0.924
500 0.726
500 0.884
500 0.836
500 0.894
500 0.886
500 0.86
500 0.912
500 0.914
500 0.976
500 0.792
500 0.93
500 0.926
500 0.86
500 0.84
500 0.934
500 0.874
500 0.838
500 0.908
500 0.884
500 0.814
500 0.966
500 0.936
500 0.814
500 0.804
500 0.9
500 0.884
500 0.798
500 0.874
500 0.864
500 0.518
500 0.906
500 0.884
500 0.86
500 0.942
550 0.727273
550 0.905455
550 0.823636
550 0.874545
550 0.770909
550 0.909091
550 0.901818
550 0.88
550 0.861818
550 0.985455
550 0.781818
550 0.889091
550 0.712727
550 0.867273
550 0.849091
550 0.876364
550 0.865455
550 0.890909
550 0.872727
550 0.94
550 0.874545
550 0.830909
550 0.925455
550 0.823636
550 0.934545
550 0.887273
550 0.863636
550 0.849091
550 0.841818
550 0.827273
550 0.865455
550 0.898182
550 0.914545
550 0
550 0.869091
550 0.856364
550 0.929091
550 0.838182
550 0.876364
550 0.936364
550 0.961818
550 0.874545
550 0.869091
550 0.961818
550 0.86
550 0.803636
550 0.68
550 0.910909
550 0.912727
550 0.945455
550 0.950909
550 0.981818
550 0.847273
550 0.783636
550 0.843636
550 0.945455
550 0.807273
550 0.763636
550 0.852727
550 0.523636
550 0.885455
550 0.847273
550 0.909091
550 0.9
550 0.956364
550 0.929091
550 0.887273
550 0.916364
550 0.96
550 0.778182
550 0.876364
550 0.88
550 0.914545
550 0.881818
550 0.883636
600 0.878333
600 0.96
600 0.905
600 0.82
600 0.906667
600 0.943333
600 0.871667
600 0.968333
600 0.786667
600 0.906667
600 0.921667
600 0.828333
600 0.83
600 0.935
600 0.91
600 0.835
600 0.875
600 0.836667
600 0.89
600 0.783333
600 0.891667
600 0.881667
600 0.861667
600 0.93
600 0.9
600 0.938333
600 0.946667
600 0.903333
600 0.92
600 0.848333
600 0.885
600 0.883333
600 0.865
600 0.886667
600 0.881667
600 0.878333
600 0.806667
600 0.855
600 0.905
600 0.933333
600 0.601667
600 0.948333
600 0.905
600 0.935
600 0.918333
600 0.818333
600 0.828333
600 0.761667
600 0.866667
600 0.893333
600 0.781667
600 0.818333
600 0.898333
600 0.87
600 0.925
600 0.918333
600 0.878333
600 0.79
600 0.75
600 0.906667
600 0.891667
600 0.986667
600 0.871667
600 0.873333
600 0.843333
600 0.848333
600 0.933333
600 0.896667
600 0.86
600 0.911667
600 0.81
600 0.835
600 0.855
600 0.938333
600 0.768333
650 0.892308
650 0.821538
650 0.873846
650 0.790769
650 0.878462
650 0.892308
650 0.921538
650 0.976923
650 0.956923
650 0.836923
650 0.816923
650 0.9
650 0.923077
650 0.856923
650 0.947692
650 0.903077
650 0.910769
650 0.793846
650 0.947692
650 0.881538
650 0.743077
650 0.866154
650 0.904615
650 0.887692
650 0.870769
650 0.821538
650 0.88
650 0.963077
650 0.963077
650 0.893846
650 0.833846
650 0.858462
650 0.910769
650 0.901538
650 0.967692
650 0.92
650 0.683077
650 0.927692
650 0.806154
650 0.927692
650 0.878462
650 0.921538
650 0.927692
650 0.933846
650 0.873846
650 0.886154
650 0.903077
650 0.935385
650 0.927692
650 0.92
650 0.898462
650 0.847692
650 0.936923
650 0.850769
650 0.92
650 0.952308
650 0.866154
650 0.895385
650 0.727692
650 0.88
650 0.94
650 0.832308
650 0.832308
650 0.949231
650 0.793846
650 0.924615
650 0.898462
650 0.941538
650 0.910769
650 0.938462
650 0.973846
650 0.867692
650 0.932308
650 0.903077
650 0.933846
700 0.8
700 0.881429
700 0.915714
700 0.918571
700 0.92
700 0.865714
700 0.917143
700 0.921429
700 0.904286
700 0.898571
700 0.871429
700 0.93
700 0.988571
700 0.897143
700 0.804286
700 0.857143
700 0.832857
700 0.894286
700 0.865714
700 0.774286
700 0.891429
700 0.88
700 0.834286
700 0.95
700 0.914286
700 0.92
700 0.942857
700 0.894286
700 0.927143
700 0.884286
700 0.915714
700 0.922857
700 0.821429
700 0.934286
700 0.908571
700 0.958571
700 0.951429
700 0.865714
700 0.821429
700 0.83
700 0.932857
700 0.644286
700 0.874286
700 0.915714
700 0.755714
700 0.914286
700 0.8
700 0.871429
700 0.945714
700 0.945714
700 0.818571
700 0.87
700 0.911429
700 0.927143
700 0.79
700 0.831429
700 0.962857
700 0.874286
700 0.844286
700 0.815714
700 0.832857
700 0.851429
700 0.868571
700 0.905714
700 0.924286
700 0.932857
700 0.93
700 0.951429
700 0.9
700 0.784286
700 0.832857
700 0.97
700 0.917143
700 0.847143
700 0.847143
750 0.9
750 0.862667
750 0.872
750 0.857333
750 0.941333
750 0.918667
750 0.910667
750 0.896
750 0.881333
750 0.841333
750 0.777333
750 0.890667
750 0.973333
750 0.862667
750 0.853333
750 0.914667
750 0.793333
750 0.917333
750 0.948
750 0.856
750 0.962667
750 0.812
750 0.928
750 0.934667
750 0.830667
750 0.885333
750 0.852
750 0.952
750 0.861333
750 0.854667
750 0.862667
750 0.88
750 0.886667
750 0.894667
750 0.958667
750 0.865333
750 0.906667
750 0.861333
750 0.908
750 0.901333
750 0.948
750 0.792
750 0.877333
750 0.905333
750 0.858667
750 0.874667
750 0.894667
750 0.908
750 0.949333
750 0.778667
750 0.826667
750 0.857333
750 0.832
750 0.912
750 0.94
750 0.877333
750 0.873333
750 0.904
750 0.945333
750 0.609333
750 0.884
750 0.8
750 0.864
750 0.789333
750 0.874667
750 0.892
750 0.78
750 0.817333
750 0.926667
750 0.936
750 0.868
750 0.968
750 0.904
750 0.953333
750 0.854667
800 0.8825
800 0.815
800 0.91375
800 0.95125
800 0.895
800 0.85625
800 0.7825
800 0.90625
800 0.98375
800 0.9
800 0.9775
800 0.93
800 0.86125
800 0.895
800 0.94375
800 0.77125
800 0.9
800 0.8425
800 0.83875
800 0.945
800 0.885
800 0.905
800 0.91875
800 0.90125
800 0.91625
800 0.83375
800 0.89375
800 0.87875
800 0.85
800 0.8475
800 0.8725
800 0.8875
800 0.83375
800 0.91375
800 0.91625
800 0.82875
800 0.735
800 0.89875
800 0.7675
800 0.9325
800 0.8725
800 0.9225
800 0.89
800 0.86
800 0.82875
800 0.83875
800 0.895
800 0.88125
800 0.95
800 0.71875
800 0.89875
800 0.90875
800 0.94
800 0.85375
800 0.8125
800 0.87125
800 0.91
800 0.88375
800 0.86875
800 0.86875
800 0.9375
800 0.93875
800 0.815
800 0.95375
800 0.9575
800 0.83375
800 0.83
800 0.92
800 0.76875
800 0.88875
800 0.865
800 0.8575
800 0.865
800 0.86875
800 0.985
850 0.915294
850 0.949412
850 0.867059
850 0.865882
850 0.888235
850 0.872941
850 0.904706
850 0.885882
850 0.864706
850 0.891765
850 0.896471
850 0.9
850 0.855294
850 0.905882
850 0.847059
850 0.912941
850 0.895294
850 0.907059
850 0.884706
850 0.923529
850 0.976471
850 0.952941
850 0.914118
850 0.896471
850 0.905882
850 0.885882
850 0.842353
850 0.935294
850 0.964706
850 0.942353
850 0.82
850 0.914118
850 0.907059
850 0.872941
850 0.938824
850 0.927059
850 0.834118
850 0.774118
850 0.92
850 0.714118
850 0.892941
850 0.955294
850 0.885882
850 0.922353
850 0.889412
850 0.9
850 0.951765
850 0.924706
850 0.885882
850 0.824706
850 0.92
850 0.896471
850 0.855294
850 0.965882
850 0.936471
850 0.854118
850 0.936471
850 0.869412
850 0.955294
850 0.892941
850 0.892941
850 0.905882
850 0.865882
850 0.936471
850 0.881176
850 0.875294
850 0.978824
850 0.810588
850 0.938824
850 0.92
850 0.896471
850 0.889412
850 0.843529
850 0.818824
850 0.874118
900 0.855556
900 0.931111
900 0.901111
900 0.844444
900 0.894444
900 0.882222
900 0.813333
900 0.84
900 0.956667
900 0.97
900 0.872222
900 0.932222
900 0.835556
900 0.937778
900 0.946667
900 0.891111
900 0.705556
900 0.917778
900 0.84
900 0.886667
900 0.917778
900 0.926667
900 0.945556
900 0.86
900 0.891111
900 0.726667
900 0.856667
900 0.892222
900 0.885556
900 0.883333
900 0.888889
900 0.841111
900 0.833333
900 0.863333
900 0.88
900 0.898889
900 0.988889
900 0.965556
900 0.913333
900 0.875556
900 0.608889
900 0.636667
900 0.815556
900 0.835556
900 0.918889
900 0.855556
900 0.874444
900 0.887778
900 0.908889
900 0.838889
900 0.726667
900 0.877778
900 0.815556
900 0.947778
900 0.871111
900 0.917778
900 0.893333
900 0.854444
900 0.921111
900 0.698889
900 0.915556
900 0.867778
900 0.858889
900 0.841111
900 0.76
900 0.901111
900 0.884444
900 0.926667
900 0.955556
900 0.958889
900 0.895556
900 0.842222
900 0.957778
900 0.874444
900 0.856667
950 0.877895
950 0.868421
950 0.923158
950 0.96
950 0.868421
950 0.877895
950 0.751579
950 0.895789
950 0.950526
950 0.889474
950 0.804211
950 0.869474
950 0.895789
950 0.94
950 0.94
950 0.946316
950 0.892632
950 0.931579
950 0.883158
950 0.898947
950 0.84
950 0.868421
950 0.927368
950 0.951579
950 0.941053
950 0.917895
950 0.876842
950 0.929474
950 0.923158
950 0.934737
950 0.881053
950 0.948421
950 0.918947
950 0.906316
950 0.976842
950 0.864211
950 0.908421
950 0.895789
950 0.963158
950 0.862105
950 0.905263
950 0.928421
950 0.950526
950 0.877895
950 0.922105
950 0.776842
950 0.870526
950 0.907368
950 0.947368
950 0.934737
950 0.86
950 0.845263
950 0.918947
950 0.92
950 0.792632
950 0.938947
950 0.896842
950 0.843158
950 0.851579
950 0.870526
950 0.912632
950 0.835789
950 0.890526
950 0.876842
950 0.817895
950 0.911579
950 0.943158
950 0.877895
950 0.845263
950 0.869474
950 0.933684
950 0.888421
950 0.917895
950 0.905263
950 0.952632
1000 0.915
1000 0.776
1000 0.863
1000 0.868
1000 0.882
1000 0.905
1000 0.87
1000 0.879
1000 0.934
1000 0.913
1000 0.965
1000 0.93
1000 0.96
1000 0.947
1000 0.972
1000 0.926
1000 0.84
1000 0.875
1000 0.944
1000 0.849
1000 0.9
1000 0.888
1000 0.979
1000 0.875
1000 0.893
1000 0.914
1000 0.872
1000 0.85
1000 0.859
1000 0.92
1000 0.94
1000 0.942
1000 0.886
1000 0.866
1000 0.938
1000 0.89
1000 0.862
1000 0.962
1000 0.867
1000 0.898
1000 0.852
1000 0.888
1000 0.908
1000 0.82
1000 0.977
1000 0.864
1000 0.839
1000 0.948
1000 0.861
1000 0.869
1000 0.89
1000 0.893
1000 0.906
1000 0.915
1000 0.953
1000 0.9
1000 0.874
1000 0.879
1000 0.836
1000 0.881
1000 0.878
1000 0.862
1000 0.879
1000 0.917
1000 0.938
1000 0.852
1000 0.908
1000 0.907
1000 0.848
1000 0.909
1000 0.91
1000 0.914
1000 0.889
1000 0.892
1000 0.85
1050 0.920952
1050 0.901905
1050 0.98381
1050 0.974286
1050 0.645714
1050 0.94
1050 0.851429
1050 0.814286
1050 0.898095
1050 0.893333
1050 0.877143
1050 0.904762
1050 0.790476
1050 0.828571
1050 0.925714
1050 0.911429
1050 0.93619
1050 0.906667
1050 0.828571
1050 0.890476
1050 0.853333
1050 0.974286
1050 0.915238
1050 0.817143
1050 0.88
1050 0.931429
1050 0.918095
1050 0.86381
1050 0.919048
1050 0.930476
1050 0.926667
1050 0.908571
1050 0.941905
1050 0.894286
1050 0.874286
1050 0.878095
1050 0.894286
1050 0.913333
1050 0.899048
1050 0.929524
1050 0.937143
1050 0.83619
1050 0.835238
1050 0.92
1050 0.931429
1050 0.88
1050 0.874286
1050 0.921905
1050 0.920952
1050 0.946667
1050 0.917143
1050 0.878095
1050 0.902857
1050 0.939048
1050 0.959048
1050 0.870476
1050 0.906667
1050 0.95619
1050 0.930476
1050 0.925714
1050 0.897143
1050 0.902857
1050 0.939048
1050 0.854286
1050 0.819048
1050 0.90381
1050 0.881905
1050 0.891429
1050 0.875238
1050 0.926667
1050 0.939048
1050 0.867619
1050 0.927619
1050 0.915238
1050 0.933333
1100 0.933636
1100 0.902727
1100 0.913636
1100 0.894545
1100 0.897273
1100 0.919091
1100 0.957273
1100 0.9
1100 0.919091
1100 0.749091
1100 0.962727
1100 0.933636
1100 0.919091
1100 0.873636
1100 0.844545
1100 0.941818
1100 0.914545
1100 0.888182
1100 0.959091
1100 0.933636
1100 0.894545
1100 0.877273
1100 0.923636
1100 0.868182
1100 0.952727
1100 0.819091
1100 0.884545
1100 0.920909
1100 0.897273
1100 0.844545
1100 0.926364
1100 0.897273
1100 0.922727
1100 0.831818
1100 0.892727
1100 0.952727
1100 0.957273
1100 0.818182
1100 0.873636
1100 0.926364
1100 0.9
1100 0.9
1100 0.937273
1100 0.823636
1100 0.889091
1100 0.912727
1100 0.925455
1100 0.959091
1100 0.780909
1100 0.957273
1100 0.827273
1100 0.937273
1100 0.863636
1100 0.900909
1100 0.829091
1100 0.929091
1100 0.869091
1100 0.980909
1100 0.956364
1100 0.785455
1100 0.909091
1100 0.882727
1100 0.850909
1100 0.906364
1100 0.923636
1100 0.861818
1100 0.966364
1100 0.922727
1100 0.849091
1100 0.998182
1100 0.847273
1100 0.905455
1100 0.925455
1100 0.780909
1100 0.814545
1150 0.886087
1150 0.873913
1150 0.930435
1150 0.909565
1150 0.913913
1150 0.925217
1150 0.832174
1150 0.868696
1150 0.906957
1150 0.906087
1150 0.857391
1150 0.88
1150 0.889565
1150 0.871304
1150 0.933913
1150 0.924348
1150 0.836522
1150 0.863478
1150 0.831304
1150 0.895652
1150 0.881739
1150 0.953043
1150 0.886957
1150 0.892174
1150 0.963478
1150 0.906087
1150 0.928696
1150 0.901739
1150 0.847826
1150 0.971304
1150 0.785217
1150 0.952174
1150 0.846087
1150 0.941739
1150 0.87913
1150 0.946957
1150 0.973043
1150 0.917391
1150 0.929565
1150 0.867826
1150 0.848696
1150 0.910435
1150 0.895652
1150 0.934783
1150 0.926087
1150 0.812174
1150 0.922609
1150 0.910435
1150 0.87913
1150 0.951304
1150 0.9
1150 0.912174
1150 0.826087
1150 0.692174
1150 0.926087
1150 0.758261
1150 0.931304
1150 0.821739
1150 0.854783
1150 0.846957
1150 0.862609
1150 0.942609
1150 0.937391
1150 0.713913
1150 0.827826
1150 0.82087
1150 0.930435
1150 0.931304
1150 0.928696
1150 0.875652
1150 0.893043
1150 0.916522
1150 0.929565
1150 0.88087
1150 0.902609
1200 0.940833
1200 0.91
1200 0.895
1200 0.835
1200 0.920833
1200 0.865833
1200 0.885
1200 0.8225
1200 0.8775
1200 0.906667
1200 0.819167
1200 0.878333
1200 0.9425
1200 0.794167
1200 0.810833
1200 0.898333
1200 0.845
1200 0.83
1200 0.886667
1200 0.9125
1200 0.945
1200 0.95
1200 0.96
1200 0.918333
1200 0.886667
1200 0.883333
1200 0.809167
1200 0.82
1200 0.935
1200 0.930833
1200 0.906667
1200 0.891667
1200 0.9375
1200 0.834167
1200 0.91
1200 0.92
1200 0.936667
1200 0.954167
1200 0.834167
1200 0.888333
1200 0.955
1200 0.679167
1200 0.875833
1200 0.93
1200 0.880833
1200 0.980833
1200 0.975833
1200 0.920833
1200 0.9175
1200 0.920833
1200 0.929167
1200 0.914167
1200 0.935
1200 0.901667
1200 0.986667
1200 0.835833
1200 0.995
1200 0.926667
1200 0.968333
1200 0.820833
1200 0.948333
1200 0.924167
1200 0.946667
1200 0.909167
1200 0.99
1200 0.8675
1200 0.905833
1200 0.89
1200 0.908333
1200 0.805
1200 0.923333
1200 0.889167
1200 0.918333
1200 0.975833
1200 0.969167
1250 0.9072
1250 0.9272
1250 0.888
1250 0.9224
1250 0.9064
1250 0.8736
1250 0.932
1250 0.8768
1250 0.8448
1250 0.8776
1250 0.9072
1250 0.9416
1250 0.9216
1250 0.8768
1250 0.8688
1250 0.88
1250 0.8624
1250 0.8872
1250 0.9064
1250 0.8664
1250 0.8736
1250 0.8552
1250 0.9152
1250 0.9712
1250 0.892
1250 0.9504
1250 0.9232
1250 0.8688
1250 0.9848
1250 0.8776
1250 0.912
1250 0.896
1250 0.9288
1250 0.8688
1250 0.9192
1250 0.92
1250 0.956
1250 0.8672
1250 0.8656
1250 0.896
1250 0.9032
1250 0.8848
1250 0.8744
1250 0.9552
1250 0.9328
1250 0.8872
1250 0.7576
1250 0.812
1250 0.8992
1250 0.9392
1250 0.9096
1250 0.9464
1250 0.9296
1250 0.9144
1250 0.8504
1250 0.8696
1250 0.8816
1250 0.764
1250 0.8984
1250 0.9648
1250 0.8776
1250 0.9328
1250 0.8912
1250 0.9048
1250 0.904
1250 0.8976
1250 0.8808
1250 0.976
1250 0.9144
1250 0.904
1250 0.9304
1250 0.8944
1250 0.9616
1250 0.9448
1250 0.8296
1300 0.795385
1300 0.828462
1300 0.922308
1300 0.933846
1300 0.891538
1300 0.906154
1300 0.873077
1300 0.962308
1300 0.900769
1300 0.946154
1300 0.883077
1300 0.860769
1300 0.938462
1300 0.861538
1300 0.864615
1300 0.907692
1300 0.895385
1300 0.916154
1300 0.875385
1300 0.899231
1300 0.867692
1300 0.873846
1300 0.783077
1300 0.900769
1300 0.953846
1300 0.869231
1300 0.86
1300 0.915385
1300 0.836923
1300 0.830769
1300 0.930769
1300 0.901538
1300 0.896923
1300 0.920769
1300 0.926923
1300 0.910769
1300 0.89
1300 0.917692
1300 0.922308
1300 0.901538
1300 0.931538
1300 0.900769
1300 0.881538
1300 0.951538
1300 0.890769
1300 0.879231
1300 0.875385
1300 0.946154
1300 0.899231
1300 0.935385
1300 0.95
1300 0.890769
1300 0.946154
1300 0.887692
1300 0.876154
1300 0.91
1300 0.854615
1300 0.904615
1300 0.953077
1300 0.923846
1300 0.849231
1300 0.963846
1300 0.898462
1300 0.866923
1300 0.907692
1300 0.947692
1300 0.872308
1300 0.94
1300 0.940769
1300 0.936923
1300 0.914615
1300 0.786154
1300 0.924615
1300 0.986154
1300 0.916154
1350 0.882222
1350 0.943704
1350 0.877778
1350 0.927407
1350 0.827407
1350 0.832593
1350 0.939259
1350 0.848889
1350 0.854815
1350 0.924444
1350 0.902963
1350 0.936296
1350 0.865926
1350 0.813333
1350 0.915556
1350 0.931111
1350 0.962222
1350 0.837778
1350 0.781481
1350 0.874074
1350 0.905185
1350 0.902222
1350 0.864444
1350 0.877037
1350 0.871852
1350 0.946667
1350 0.94
1350 0.847407
1350 0.911111
1350 0.901481
1350 0.840741
1350 0.871852
1350 0.924444
1350 0.943704
1350 0.897037
1350 0.964444
1350 0.919259
1350 0.897778
1350 0.927407
1350 0.864444
1350 0.865926
1350 0.953333
1350 0.894815
1350 0.93037
1350 0.925185
1350 0.906667
1350 0.853333
1350 0.906667
1350 0.911852
1350 0.951111
1350 0.924444
1350 0.923704
1350 0.887407
1350 0.879259
1350 0.825185
1350 0.922222
1350 0.905926
1350 0.962222
1350 0.957778
1350 0.920741
1350 0.876296
1350 0.86
1350 0.908889
1350 0.844444
1350 0.880741
1350 0.857778
1350 0.917778
1350 0.912593
1350 0.855556
1350 0.898519
1350 0.945185
1350 0.926667
1350 0.905185
1350 0.92963
1350 0.882222
1400 0.897857
1400 0.900714
1400 0.895
1400 0.865
1400 0.868571
1400 0.865
1400 0.88
1400 0.907857
1400 0.982857
1400 0.907857
1400 0.909286
1400 0.902143
1400 0.892143
1400 0.9
1400 0.935
1400 0.87
1400 0.860714
1400 0.923571
1400 0.827143
1400 0.946429
1400 0.947143
1400 0.862143
1400 0.853571
1400 0.877143
1400 0.925714
1400 0.88
1400 0.812143
1400 0.917857
1400 0.919286
1400 0.918571
1400 0.892857
1400 0.946429
1400 0.937143
1400 0.925714
1400 0.89
1400 0.911429
1400 0.922857
1400 0.929286
1400 0.846429
1400 0.926429
1400 0.937857
1400 0.934286
1400 0.971429
1400 0.880714
1400 0.901429
1400 0.9
1400 0.922857
1400 0.942143
1400 0.907857
1400 0.947857
1400 0.883571
1400 0.958571
1400 0.872143
1400 0.755
1400 0.873571
1400 0.82
1400 0.941429
1400 0.885714
1400 0.874286
1400 0.940714
1400 0.909286
1400 0.887857
1400 0.959286
1400 0.917143
1400 0.847143
1400 0.928571
1400 0.925714
1400 0.914286
1400 0.895
1400 0.836429
1400 0.955714
1400 0.960714
1400 0.801429
1400 0.904286
1400 0.949286
1450 0.848966
1450 0.918621
1450 0.875862
1450 0.942759
1450 0.902069
1450 0.825517
1450 0.908966
1450 0.924138
1450 0.953103
1450 0.92
1450 0.861379
1450 0.884828
1450 0.891724
1450 0.881379
1450 0.834483
1450 0.869655
1450 0.882069
1450 0.854483
1450 0.94069
1450 0.951034
1450 0.886897
1450 0.824828
1450 0.953793
1450 0.95931
1450 0.934483
1450 0.908276
1450 0.876552
1450 0.911724
1450 0.801379
1450 0.824828
1450 0.831034
1450 0.871724
1450 0.936552
1450 0.93931
1450 0.796552
1450 0.854483
1450 0.978621
1450 0.94
1450 0.921379
1450 0.910345
1450 0.889655
1450 0.837241
1450 0.968276
1450 0.884828
1450 0.797931
1450 0.922759
1450 0.875862
1450 0.909655
1450 0.886897
1450 0.911034
1450 0.90069
1450 0.945517
1450 0.961379
1450 0.852414
1450 0.907586
1450 0.78
1450 0.969655
1450 0.892414
1450 0.89931
1450 0.934483
1450 0.94069
1450 0.901379
1450 0.952414
1450 0.876552
1450 0.94
1450 0.853103
1450 0.903448
1450 0.872414
1450 0.898621
1450 0.833103
1450 0.885517
1450 0.983448
1450 0.875862
1450 0.915862
1450 0.875862
1500 0.942667
1500 0.876
1500 0.918
1500 0.898667
1500 0.849333
1500 0.913333
1500 0.915333
1500 0.865333
1500 0.880667
1500 0.816
1500 0.764
1500 0.890667
1500 0.898
1500 0.930667
1500 0.892667
1500 0.895333
1500 0.924667
1500 0.952667
1500 0.857333
1500 0.884667
1500 0.948
1500 0.848
1500 0.991333
1500 0.850667
1500 0.93
1500 0.916667
1500 0.743333
1500 0.934
1500 0.936667
1500 0.928
1500 0.86
1500 0.925333
1500 0.875333
1500 0.936667
1500 0.873333
1500 0.908667
1500 0.897333
1500 0.866
1500 0.867333
1500 0.924667
1500 0.906
1500 0.859333
1500 0.9
1500 0.848
1500 0.922
1500 0.872
1500 0.934
1500 0.872
1500 0.881333
1500 0.97
1500 0.95
1500 0.906667
1500 0.854667
1500 0.872667
1500 0.856
1500 0.850667
1500 0.954667
1500 0.973333
1500 0.920667
1500 0.868667
1500 0.928667
1500 0.852667
1500 0.914
1500 0.859333
1500 0.929333
1500 0.930667
1500 0.906667
1500 0.958667
1500 0.915333
1500 0.9
1500 0.898667
1500 0.942
1500 0.856667
1500 0.876
1500 0.795333
1550 0.896129
1550 0.896129
1550 0.816774
1550 0.944516
1550 0.849677
1550 0.835484
1550 0.870323
1550 0.823871
1550 0.938065
1550 0.69871
1550 0.907742
1550 0.82
1550 0.823871
1550 0.851613
1550 0.908387
1550 0.971613
1550 0.934839
1550 0.855484
1550 0.896774
1550 0.958065
1550 0.876129
1550 0.872258
1550 0.899355
1550 0.86129
1550 0.950323
1550 0.88129
1550 0.870323
1550 0.906452
1550 0.941935
1550 0.845806
1550 0.839355
1550 0.930968
1550 0.926452
1550 0.881935
1550 0.896774
1550 0.878065
1550 0.969677
1550 0.856129
1550 0.936129
1550 0.913548
1550 0.943226
1550 0.870323
1550 0.963226
1550 0.883871
1550 0.928387
1550 0.92
1550 0.910323
1550 0.894839
1550 0.914194
1550 0.830968
1550 0.934194
1550 0.873548
1550 0.905806
1550 0.93871
1550 0.893548
1550 0.88
1550 0.927097
1550 0.935484
1550 0.89871
1550 0.887742
1550 0.912903
1550 0.917419
1550 0.949032
1550 0.927742
1550 0.932258
1550 0.867097
1550 0.866452
1550 0.864516
1550 0.850968
1550 0.95871
1550 0.9
1550 0.954839
1550 0.797419
1550 0.865806
1550 0.950968
1600 0.906875
1600 0.943125
1600 0.94625
1600 0.919375
1600 0.9075
1600 0.93
1600 0.96125
1600 0.95
1600 0.9125
1600 0.8625
1600 0.85375
1600 0.943125
1600 0.84875
1600 0.945
1600 0.936875
1600 0.93875
1600 0.96375
1600 0.905625
1600 0.85125
1600 0.9375
1600 0.91375
1600 0.866875
1600 0.89875
1600 0.974375
1600 0.889375
1600 0.814375
1600 0.87875
1600 0.86375
1600 0.91625
1600 0.9175
1600 0.933125
1600 0.90125
1600 0.914375
1600 0.92125
1600 0.866875
1600 0.866875
1600 0.923125
1600 0.915625
1600 0.93375
1600 0.9675
1600 0.860625
1600 0.89875
1600 0.864375
1600 0.820625
1600 0.94
1600 0.95875
1600 0.876875
1600 0.9375
1600 0.874375
1600 0.874375
1600 0.8775
1600 0.944375
1600 0.823125
1600 0.926875
1600 0.900625
1600 0.955
1600 0.84125
1600 0.904375
1600 0.869375
1600 0.9475
1600 0.914375
1600 0.8525
1600 0.921875
1600 0.90875
1600 0.878125
1600 0.925
1600 0.876875
1600 0.85625
1600 0.931875
1600 0.860625
1600 0.838125
1600 0.876875
1600 0.894375
1600 0.918125
1600 0.818125
1650 0.893939
1650 0.884848
1650 0.83697
1650 0.845455
1650 0.890303
1650 0.844848
1650 0.889697
1650 0.879394
1650 0.867879
1650 0.913333
1650 0.924848
1650 0.901212
1650 0.932121
1650 0.916364
1650 0.934545
1650 0.918182
1650 0.858788
1650 0.94303
1650 0.862424
1650 0.827879
1650 0.906667
1650 0.923636
1650 0.952727
1650 0.887273
1650 0.887879
1650 0.747273
1650 0.875152
1650 0.904848
1650 0.911515
1650 0.892121
1650 0.952121
1650 0.842424
1650 0.806061
1650 0.897576
1650 0.816364
1650 0.871515
1650 0.873333
1650 0.937576
1650 0.946667
1650 0.918788
1650 0.92
1650 0.947273
1650 0.909091
1650 0.954545
1650 0.958182
1650 0.918182
1650 0.918788
1650 0.903636
1650 0.80303
1650 0.835152
1650 0.969697
1650 0.925455
1650 0.935758
1650 0.924848
1650 0.926667
1650 0.953939
1650 0.898788
1650 0.864242
1650 0.864848
1650 0.897576
1650 0.987273
1650 0.944242
1650 0.9
1650 0.805455
1650 0.900606
1650 0.91697
1650 0.922424
1650 0.918182
1650 0.953333
1650 0.915152
1650 0.801212
1650 0.970909
1650 0.958788
1650 0.849697
1650 0.849091
1700 0.897647
1700 0.925294
1700 0.877059
1700 0.934706
1700 0.858235
1700 0.915294
1700 0.862353
1700 0.907059
1700 0.891176
1700 0.935294
1700 0.897059
1700 0.895294
1700 0.907059
1700 0.907059
1700 0.888824
1700 0.961765
1700 0.861765
1700 0.832941
1700 0.822941
1700 0.897059
1700 0.902353
1700 0.921765
1700 0.86
1700 0.856471
1700 0.888824
1700 0.944706
1700 0.907059
1700 0.933529
1700 0.828235
1700 0.867647
1700 0.864706
1700 0.849412
1700 0.907059
1700 0.98
1700 0.842353
1700 0.869412
1700 0.950588
1700 0.847059
1700 0.865882
1700 0.88
1700 0.925882
1700 0.812941
1700 0.884706
1700 0.879412
1700 0.904118
1700 0.940588
1700 0.902941
1700 0.918824
1700 0.899412
1700 0.857059
1700 0.846471
1700 0.883529
1700 0.863529
1700 0.826471
1700 0.957647
1700 0.934118
1700 0.898235
1700 0.891765
1700 0.863529
1700 0.920588
1700 0.918824
1700 0.89
1700 0.918235
1700 0.94
1700 0.976471
1700 0.942941
1700 0.925882
1700 0.92
1700 0.861176
1700 0.938235
1700 0.948235
1700 0.86
1700 0.906471
1700 0.969412
1700 0.883529
1750 0.957714
1750 0.874857
1750 0.906857
1750 0.906857
1750 0.853143
1750 0.767429
1750 0.866286
1750 0.862857
1750 0.904
1750 0.822857
1750 0.910286
1750 0.870857
1750 0.911429
1750 0.873714
1750 0.871429
1750 0.892571
1750 0.945143
1750 0.925714
1750 0.897714
1750 0.959429
1750 0.857714
1750 0.908571
1750 0.905143
1750 0.906286
1750 0.955429
1750 0.933714
1750 0.923429
1750 0.914286
1750 0.929143
1750 0.956
1750 0.807429
1750 0.872
1750 0.878857
1750 0.914286
1750 0.865143
1750 0.930857
1750 0.844
1750 0.934857
1750 0.849143
1750 0.957714
1750 0.952571
1750 0.869143
1750 0.911429
1750 0.886286
1750 0.906286
1750 0.890857
1750 0.92
1750 0.887429
1750 0.887429
1750 0.854286
1750 0.896
1750 0.930286
1750 0.918286
1750 0.894286
1750 0.848571
1750 0.905714
1750 0.882286
1750 0.941143
1750 0.934857
1750 0.973714
1750 0.892571
1750 0.874857
1750 0.921714
1750 0.835429
1750 0.897714
1750 0.921143
1750 0.861143
1750 0.925143
1750 0.901714
1750 0.971429
1750 0.544
1750 0.945714
1750 0.914286
1750 0.892571
1750 0.848
1800 0.937222
1800 0.94
1800 0.940556
1800 0.93
1800 0.983333
1800 0.922222
1800 0.920556
1800 0.891667
1800 0.89
1800 0.888889
1800 0.937778
1800 0.904444
1800 0.961111
1800 0.891667
1800 0.958333
1800 0.913333
1800 0.906667
1800 0.933333
1800 0.840556
1800 0.869444
1800 0.863889
1800 0.881111
1800 0.952778
1800 0.814444
1800 0.91
1800 0.922778
1800 0.86
1800 0.909444
1800 0.905556
1800 0.876111
1800 0.870556
1800 0.866667
1800 0.843889
1800 0.868889
1800 0.893333
1800 0.931667
1800 0.885556
1800 0.956111
1800 0.917222
1800 0.852778
1800 0.996111
1800 0.892778
1800 0.931667
1800 0.959444
1800 0.871111
1800 0.890556
1800 0.938889
1800 0.870556
1800 0.896111
1800 0.833889
1800 0.9
1800 0.879444
1800 0.894444
1800 0.827778
1800 0.864444
1800 0.776111
1800 0.918889
1800 0.91
1800 0.852222
1800 0.857222
1800 0.896111
1800 0.907222
1800 0.837778
1800 0.954444
1800 0.84
1800 0.848889
1800 0.908889
1800 0.883889
1800 0.897222
1800 0.905556
1800 0.946111
1800 0.877778
1800 0.924444
1800 0.897222
1800 0.886667
1850 0.885946
1850 0.914054
1850 0.899459
1850 0.932432
1850 0.86973
1850 0.971892
1850 0.950811
1850 0.90973
1850 0.872973
1850 0.891892
1850 0.86
1850 0.905946
1850 0.901081
1850 0.900541
1850 0.948649
1850 0.962703
1850 0.918919
1850 0.964865
1850 0.92
1850 0.791351
1850 0.872432
1850 0.78973
1850 0.927568
1850 0.864865
1850 0.89027
1850 0.85027
1850 0.969189
1850 0.867568
1850 0.536216
1850 0.912973
1850 0.912973
1850 0.887027
1850 0.847027
1850 0.892973
1850 0.916757
1850 0.891351
1850 0.89027
1850 0.932432
1850 0.896757
1850 0.906486
1850 0.857297
1850 0.885405
1850 0.958919
1850 0.94973
1850 0.907027
1850 0.852432
1850 0.865405
1850 0.942162
1850 0.925946
1850 0.921622
1850 0.902162
1850 0.894054
1850 0.872432
1850 0.905405
1850 0.882162
1850 0.906486
1850 0.903243
1850 0.881081
1850 0.889189
1850 0.980541
1850 0.875676
1850 0.93027
1850 0.875135
1850 0.875135
1850 0.926486
1850 0.942162
1850 0.855135
1850 0.881622
1850 0.92
1850 0.909189
1850 0.882162
1850 0.911892
1850 0.931892
1850 0.854054
1850 0.911892
1900 0.944211
1900 0.884737
1900 0.932105
1900 0.811579
1900 0.941579
1900 0.931053
1900 0.818947
1900 0.882632
1900 0.92
1900 0.938421
1900 0.955789
1900 0.821053
1900 0.846842
1900 0.774211
1900 0.89
1900 0.883158
1900 0.806842
1900 0.892632
1900 0.89
1900 0.906842
1900 0.874737
1900 0.888947
1900 0.906842
1900 0.897368
1900 0.894737
1900 0.922105
1900 0.968421
1900 0.946316
1900 0.893684
1900 0.89
1900 0.918421
1900 0.965789
1900 0.918947
1900 0.878421
1900 0.926316
1900 0.917895
1900 0.878947
1900 0.968421
1900 0.878947
1900 0.962105
1900 0.885789
1900 0.896842
1900 0.924737
1900 0.922105
1900 0.905789
1900 0.897895
1900 0.913684
1900 0.858947
1900 0.826842
1900 0.937895
1900 0.927895
1900 0.873684
1900 0.924737
1900 0.843684
1900 0.912632
1900 0.906316
1900 0.915263
1900 0.88
1900 0.816842
1900 0.869474
1900 0.895789
1900 0.853158
1900 0.855263
1900 0.857895
1900 0.884211
1900 0.945263
1900 0.901579
1900 0.898947
1900 0.953684
1900 0.884737
1900 0.928421
1900 0.883684
1900 0.881579
1900 0.875789
1900 0.896842
1950 0.795897
1950 0.972821
1950 0.867692
1950 0.919487
1950 0.926667
1950 0.937949
1950 0.93641
1950 0.897949
1950 0.947692
1950 0.872821
1950 0.962564
1950 0.942051
1950 0.922564
1950 0.713333
1950 0.926667
1950 0.848205
1950 0.909744
1950 0.962564
1950 0.902051
1950 0.912821
1950 0.839487
1950 0.933333
1950 0.88359
1950 0.972308
1950 0.921538
1950 0.947692
1950 0.910256
1950 0.870769
1950 0.842564
1950 0.870256
1950 0.925128
1950 0.894359
1950 0.890256
1950 0.90359
1950 0.944103
1950 0.887692
1950 0.837949
1950 0.956923
1950 0.828205
1950 0.949231
1950 0.926667
1950 0.904615
1950 0.912821
1950 0.96
1950 0.888718
1950 0.896923
1950 0.900513
1950 0.930256
1950 0.789231
1950 0.851282
1950 0.939487
1950 0.910769
1950 0.829744
1950 0.977436
1950 0.948718
1950 0.952821
1950 0.964103
1950 0.932308
1950 0.927692
1950 0.913333
1950 0.938974
1950 0.847179
1950 0.931282
1950 0.864103
1950 0.825641
1950 0.879487
1950 0.919487
1950 0.910256
1950 0.755385
1950 0.905128
1950 0.910256
1950 0.914872
1950 0.890256
1950 0.829744
1950 0.910256
2000 0.908
2000 0.934
2000 0.9655
2000 0.9675
2000 0.8805
2000 0.9215
2000 0.8225
2000 0.847
2000 0.919
2000 0.6875
2000 0.924
2000 0.9225
2000 0.9065
2000 0.883
2000 0.9155
2000 0.883
2000 0.876
2000 0.883
2000 0.8975
2000 0.924
2000 0.9465
2000 0.835
2000 0.983
2000 0.919
2000 0.9235
2000 0.9225
2000 0.946
2000 0.8455
2000 0.955
2000 0.92
2000 0.903
2000 0.929
2000 0.8685
2000 0.881
2000 0.939
2000 0.933
2000 0.881
2000 0.933
2000 0.913
2000 0.9025
2000 0.904
2000 0.897
2000 0.8925
2000 0.954
2000 0.9095
2000 0.8305
2000 0.8355
2000 0.969
2000 0.9215
2000 0.911
2000 0.894
2000 0.8185
2000 0.8945
2000 0.9535
2000 0.914
2000 0.9575
2000 0.9355
2000 0.9285
2000 0.8745
2000 0.8915
2000 0.935
2000 0.863
2000 0.8915
2000 0.9045
2000 0.758
2000 0.9025
2000 0.8625
2000 0.9085
2000 0.8515
2000 0.93
2000 0.896
2000 0.927
2000 0.903
2000 0.924
2000 0.9405
