50 0.12
50 0.5
50 0.02
50 0.56
50 0.42
50 0.08
50 0.44
50 0
50 0.08
50 0.48
50 0.12
50 0.12
50 0.34
50 0.1
50 0
50 0.1
50 0.2
50 0.6
50 0.22
50 0.02
50 0.06
50 0
50 0
50 0
50 0.1
50 0.64
50 0.14
50 0.28
50 0.18
50 0.08
50 0.38
50 0.1
50 0.02
50 0.02
50 0.1
50 0.02
50 0.38
50 0.3
50 0.18
50 0
50 0.06
50 0.36
50 0
50 0.78
50 0.14
50 0.4
50 0.18
50 0.64
50 0.26
50 0.3
50 0.48
50 0.3
50 0
50 0.16
50 0.28
50 0
50 0.44
50 0.12
50 0.08
50 0.08
50 0
50 0.2
50 0.28
50 0.24
50 0.8
50 0.28
50 0.02
50 0.1
50 0.48
50 0.12
50 0.04
50 0.12
50 0.08
50 0.68
50 0.3
100 0.23
100 0.24
100 0.38
100 0.63
100 0.84
100 0.74
100 0.57
100 0.83
100 0.81
100 0.46
100 0.84
100 0.35
100 0.29
100 0.09
100 0.86
100 0.51
100 0.67
100 0.42
100 0.34
100 0.73
100 0.67
100 0.69
100 0.64
100 0.59
100 0.52
100 0.33
100 0.12
100 0.63
100 0.2
100 0.57
100 0.73
100 0.47
100 0.25
100 0.8
100 0.81
100 0.56
100 0.7
100 0.56
100 0.02
100 0.59
100 0.64
100 0.33
100 0.41
100 0.72
100 0.73
100 0.67
100 0.2
100 0.13
100 0.82
100 0.7
100 0.39
100 0.65
100 0.09
100 0.57
100 0.51
100 0.97
100 0.82
100 0.8
100 0.27
100 0.82
100 0.79
100 0.58
100 0.49
100 0.51
100 0.55
100 0.16
100 0.62
100 0.63
100 0.68
100 0.65
100 0.03
100 0.67
100 0.57
100 0
100 0.84
150 0.573333
150 0.613333
150 0.773333
150 0.746667
150 0.593333
150 0.866667
150 0.786667
150 0.893333
150 0.813333
150 0.866667
150 0.886667
150 0.88
150 0.493333
150 0.506667
150 0.693333
150 0.686667
150 0.866667
150 0.66
150 0.726667
150 0.84
150 0.793333
150 0.92
150 0.573333
150 0.28
150 0.886667
150 0.793333
150 0.26
150 0.8
150 0.746667
150 0.746667
150 0.753333
150 0.753333
150 0.86
150 0.96
150 0.706667
150 0.546667
150 0.433333
150 0.613333
150 0.486667
150 0.873333
150 0.973333
150 0.753333
150 0.406667
150 0.5
150 0.293333
150 0.813333
150 0.826667
150 0.493333
150 0.78
150 0.42
150 0.753333
150 0.553333
150 0.746667
150 0.853333
150 0.746667
150 0.753333
150 0
150 0.866667
150 0.413333
150 0.72
150 0.886667
150 0.76
150 0.693333
150 0.773333
150 0.833333
150 0.766667
150 0.873333
150 0.366667
150 0.84
150 0.54
150 0.753333
150 0.473333
150 0.726667
150 0.726667
150 0
200 0.655
200 0.38
200 0
200 0.765
200 0.68
200 0.8
200 0.715
200 0.895
200 0.755
200 0.875
200 0.895
200 0.555
200 0.75
200 0.89
200 0.69
200 0.73
200 0.855
200 0.895
200 0.805
200 0.845
200 0.725
200 0.785
200 0.445
200 0.97
200 0.775
200 0.86
200 0.865
200 0.59
200 0.675
200 0.895
200 0.75
200 0.86
200 0.785
200 0.48
200 0.73
200 0.93
200 0.59
200 0.72
200 0.745
200 0.5
200 0.67
200 0.89
200 0.755
200 0.53
200 0.835
200 0.69
200 0.845
200 0.715
200 0.84
200 0.785
200 0.555
200 0.81
200 0.885
200 0.775
200 0.855
200 0.845
200 0.775
200 0.865
200 0.905
200 0.6
200 0.095
200 0.705
200 0.845
200 0.825
200 0.93
200 0.665
200 0.665
200 0.835
200 0.72
200 0.88
200 0.785
200 0.385
200 0.865
200 0.825
200 0.71
250 0.788
250 0.896
250 0.9
250 0.844
250 0.9
250 0.928
250 0.9
250 0.956
250 0.668
250 0.772
250 0.8
250 0.852
250 0.852
250 0.784
250 0.956
250 0.988
250 0.928
250 0.824
250 0.88
250 0.86
250 0.944
250 0.652
250 0.78
250 0.912
250 0.88
250 0.92
250 0.896
250 0.964
250 0.772
250 0.876
250 0.732
250 0.856
250 0.992
250 0.776
250 0.768
250 0.716
250 0.904
250 0.74
250 0.708
250 0.676
250 0.852
250 0.84
250 0.948
250 0.488
250 0.856
250 0.896
250 0.928
250 0.384
250 0.888
250 0.648
250 0.896
250 0.828
250 0.804
250 0.74
250 0.848
250 0.856
250 0.86
250 0.568
250 0.848
250 0.592
250 0.86
250 0.844
250 0.844
250 0.84
250 0.868
250 0.772
250 0.816
250 0.824
250 0.808
250 0.904
250 0.792
250 0.632
250 0.972
250 0.92
250 0.832
300 0.833333
300 0.836667
300 0.806667
300 0.97
300 0.463333
300 0.5
300 0.796667
300 0.886667
300 0.886667
300 0.86
300 0.856667
300 0.826667
300 0.826667
300 0.846667
300 0.926667
300 0.773333
300 0.863333
300 0.873333
300 0.806667
300 0.87
300 0.826667
300 0.88
300 0.843333
300 0.866667
300 0.776667
300 0.946667
300 0.94
300 0.843333
300 0.686667
300 0.986667
300 0.773333
300 0.81
300 0.836667
300 0.81
300 0.85
300 0.936667
300 0.933333
300 0.926667
300 0.95
300 0.94
300 0.85
300 0.786667
300 0.933333
300 0.826667
300 0.826667
300 0.706667
300 0.793333
300 0.906667
300 0.496667
300 0.916667
300 0.73
300 0.933333
300 0.723333
300 0.74
300 0.79
300 0.676667
300 0.926667
300 0.916667
300 0.833333
300 0.843333
300 0.91
300 0.803333
300 0.91
300 0.816667
300 0.89
300 0.946667
300 0.896667
300 0.82
300 0.9
300 0.826667
300 0.936667
300 0.933333
300 0.88
300 0.856667
300 0.836667
350 0.788571
350 0.934286
350 0.845714
350 0.625714
350 0.9
350 0.594286
350 0.748571
350 0.877143
350 0.96
350 0.911429
350 0.834286
350 0.771429
350 0.902857
350 0.868571
350 0.902857
350 0.808571
350 0.874286
350 0.811429
350 0.802857
350 0.68
350 0.885714
350 0.757143
350 0.948571
350 0.971429
350 0.834286
350 0.934286
350 0.911429
350 0.837143
350 0.911429
350 0.84
350 0.711429
350 0.917143
350 0.811429
350 0.905714
350 0.942857
350 0.914286
350 0.96
350 0.605714
350 0.894286
350 0.805714
350 0.811429
350 0.814286
350 0.937143
350 0.84
350 0.92
350 0.851429
350 0.831429
350 0.908571
350 0.911429
350 0.877143
350 0.814286
350 0.888571
350 0.957143
350 0.834286
350 0.862857
350 0.942857
350 0.92
350 0.814286
350 0.857143
350 0.877143
350 0.885714
350 0.805714
350 0.862857
350 0.888571
350 0.671429
350 0.831429
350 0.951429
350 0.871429
350 0.82
350 0.86
350 0.937143
350 0.902857
350 0.374286
350 0.882857
350 0.848571
400 0.9175
400 0.805
400 0.865
400 0.72
400 0.8575
400 0.9275
400 0.88
400 0.6125
400 0.9225
400 0.885
400 0.905
400 0.885
400 0.9425
400 0.79
400 0.9125
400 0.865
400 0.955
400 0.52
400 0.8725
400 0.905
400 0.73
400 0.945
400 0.7375
400 0.6875
400 0.9325
400 0.9375
400 0.815
400 0.515
400 0.865
400 0.89
400 0.86
400 0.82
400 0.865
400 0.935
400 0.89
400 0.92
400 0.85
400 0.425
400 0.8675
400 0.9175
400 0.9675
400 0.875
400 0.98
400 0.865
400 0.915
400 0.9275
400 0.895
400 0.765
400 0.9425
400 0.8525
400 0.835
400 0.9775
400 0.845
400 0.8525
400 0.85
400 0.89
400 0.9425
400 0.935
400 0.9275
400 0.9075
400 0.85
400 0.85
400 0.87
400 0.895
400 0.8875
400 0.885
400 0.815
400 0.9175
400 0.8575
400 0.92
400 0.7975
400 0.81
400 0.9
400 0.9375
400 0.9675
450 0.884444
450 0.962222
450 0.862222
450 0.915556
450 0.813333
450 0.911111
450 0.882222
450 0.935556
450 0.835556
450 0.886667
450 0.868889
450 0.851111
450 0.908889
450 0.891111
450 0.793333
450 0.96
450 0.806667
450 0.906667
450 0.86
450 0.882222
450 0.9
450 0.884444
450 0.884444
450 0.864444
450 0.924444
450 0.82
450 0.951111
450 0.693333
450 0.864444
450 0.631111
450 0.848889
450 0.848889
450 0.973333
450 0.871111
450 0.755556
450 0.855556
450 0.92
450 0.911111
450 0.873333
450 0.804444
450 0.822222
450 0.855556
450 0.733333
450 0.904444
450 0.942222
450 0.866667
450 0.946667
450 0.828889
450 0.973333
450 0.946667
450 0.922222
450 0.931111
450 0.895556
450 0.78
450 0.886667
450 0.902222
450 0.846667
450 0.955556
450 0.866667
450 0.982222
450 0.862222
450 0.964444
450 0.911111
450 0.88
450 0.731111
450 0.904444
450 0.791111
450 0.824444
450 0.784444
450 0.982222
450 0.902222
450 0.862222
450 0.924444
450 0.831111
450 0.728889
500 0.938
500 0.886
500 0.95
500 0.966
500 0.74
500 0.952
500 0.92
500 0.936
500 0.872
500 0.914
500 0.884
500 0.95
500 0.816
500 0.888
500 0.926
500 0.924
500 0.944
500 0.912
500 0.86
500 0.796
500 0.85
500 0.856
500 0.862
500 0.866
500 0.758
500 0.85
500 0.922
500 0.94
500 0.876
500 0.934
500 0.834
500 0.816
500 0.882
500 0.894
500 0.874
500 0.954
500 0.86
500 0.878
500 0.914
500 0.902
500 0.934
500 0.826
500 0.888
500 0.848
500 0.902
500 0.962
500 0.872
500 0.946
500 0.908
500 0.974
500 0.856
500 0.926
500 0.808
500 0.868
500 0.826
500 0.916
500 0.89
500 0.918
500 0.964
500 0.91
500 0.912
500 0.866
500 0.89
500 0.812
500 0.878
500 0.854
500 0.916
500 0.806
500 0.946
500 0.812
500 0.872
500 0.916
500 0.886
500 0.896
500 0.96
550 0.787273
550 0.92
550 0.86
550 0.838182
550 0.865455
550 0.929091
550 0.894545
550 0.876364
550 0.929091
550 0.945455
550 0.82
550 0.861818
550 0.723636
550 0.843636
550 0.907273
550 0.885455
550 0.789091
550 0.867273
550 0.921818
550 0.923636
550 0.914545
550 0.845455
550 0.892727
550 0.925455
550 0.943636
550 0.869091
550 0.870909
550 0.865455
550 0.865455
550 0.894545
550 0.916364
550 0.930909
550 0.916364
550 0.112727
550 0.863636
550 0.9
550 0.856364
550 0.88
550 0.952727
550 0.863636
550 0.86
550 0.852727
550 0.910909
550 0.82
550 0.809091
550 0.883636
550 0.678182
550 0.896364
550 0.914545
550 0.794545
550 0.909091
550 0.930909
550 0.829091
550 0.803636
550 0.752727
550 0.889091
550 0.950909
550 0.830909
550 0.816364
550 0.770909
550 0.872727
550 0.952727
550 0.861818
550 0.82
550 0.887273
550 0.88
550 0.983636
550 0.936364
550 0.872727
550 0.869091
550 0.845455
550 0.923636
550 0.885455
550 0.923636
550 0.903636
600 0.826667
600 0.873333
600 0.901667
600 0.796667
600 0.908333
600 0.928333
600 0.891667
600 0.91
600 0.89
600 0.843333
600 0.746667
600 0.93
600 0.941667
600 0.946667
600 0.906667
600 0.835
600 0.725
600 0.781667
600 0.861667
600 0.86
600 0.886667
600 0.948333
600 0.923333
600 0.901667
600 0.896667
600 0.908333
600 0.906667
600 0.916667
600 0.87
600 0.93
600 0.798333
600 0.84
600 0.981667
600 0.923333
600 0.908333
600 0.825
600 0.96
600 0.876667
600 0.921667
600 0.88
600 0.656667
600 0.871667
600 0.925
600 0.861667
600 0.966667
600 0.931667
600 0.858333
600 0.87
600 0.88
600 0.861667
600 0.891667
600 0.856667
600 0.946667
600 0.923333
600 0.973333
600 0.861667
600 0.906667
600 0.828333
600 0.915
600 0.983333
600 0.87
600 0.94
600 0.906667
600 0.945
600 0.835
600 0.91
600 0.898333
600 0.946667
600 0.908333
600 0.876667
600 0.926667
600 0.868333
600 0.87
600 0.928333
600 0.806667
650 0.924615
650 0.790769
650 0.890769
650 0.906154
650 0.936923
650 0.896923
650 0.938462
650 0.835385
650 0.9
650 0.895385
650 0.898462
650 0.949231
650 0.915385
650 0.955385
650 0.921538
650 0.935385
650 0.924615
650 0.907692
650 0.909231
650 0.844615
650 0.732308
650 0.867692
650 0.907692
650 0.947692
650 0.896923
650 0.866154
650 0.878462
650 0.830769
650 0.913846
650 0.881538
650 0.856923
650 0.987692
650 0.892308
650 0.929231
650 0.907692
650 0.867692
650 0.656923
650 0.913846
650 0.850769
650 0.918462
650 0.936923
650 0.886154
650 0.881538
650 0.916923
650 0.850769
650 0.916923
650 0.829231
650 0.915385
650 0.743077
650 0.866154
650 0.884615
650 0.867692
650 0.915385
650 0.883077
650 0.923077
650 0.932308
650 0.915385
650 0.910769
650 0.878462
650 0.810769
650 0.910769
650 0.873846
650 0.832308
650 0.970769
650 0.847692
650 0.870769
650 0.953846
650 0.843077
650 0.893846
650 0.895385
650 0.912308
650 0.878462
650 0.873846
650 0.927692
650 0.978462
700 0.95
700 0.894286
700 0.895714
700 0.897143
700 0.957143
700 0.867143
700 0.92
700 0.978571
700 0.962857
700 0.92
700 0.878571
700 0.905714
700 0.914286
700 0.945714
700 0.862857
700 0.827143
700 0.797143
700 0.818571
700 0.884286
700 0.911429
700 0.93
700 0.887143
700 0.887143
700 0.851429
700 0.925714
700 0.872857
700 0.915714
700 0.964286
700 0.904286
700 0.897143
700 0.858571
700 0.922857
700 0.892857
700 0.954286
700 0.885714
700 0.9
700 0.895714
700 0.954286
700 0.891429
700 0.88
700 0.78
700 0.725714
700 0.811429
700 0.887143
700 0.697143
700 0.92
700 0.892857
700 0.878571
700 0.907143
700 0.958571
700 0.862857
700 0.791429
700 0.908571
700 0.997143
700 0.775714
700 0.87
700 0.822857
700 0.875714
700 0.83
700 0.848571
700 0.771429
700 0.937143
700 0.9
700 0.718571
700 0.891429
700 0.98
700 0.917143
700 0.91
700 0.888571
700 0.861429
700 0.892857
700 0.967143
700 0.928571
700 0.838571
700 0.901429
750 0.898667
750 0.950667
750 0.881333
750 0.934667
750 0.932
750 0.896
750 0.930667
750 0.833333
750 0.914667
750 0.822667
750 0.777333
750 0.884
750 0.957333
750 0.872
750 0.944
750 0.892
750 0.734667
750 0.893333
750 0.958667
750 0.918667
750 0.92
750 0.924
750 0.894667
750 0.966667
750 0.904
750 0.877333
750 0.944
750 0.922667
750 0.8
750 0.930667
750 0.881333
750 0.865333
750 0.862667
750 0.845333
750 0.856
750 0.865333
750 0.888
750 0.928
750 0.792
750 0.925333
750 0.9
750 0.702667
750 0.873333
750 0.949333
750 0.918667
750 0.888
750 0.926667
750 0.972
750 0.898667
750 0.905333
750 0.885333
750 0.865333
750 0.942667
750 0.942667
750 0.906667
750 0.909333
750 0.921333
750 0.912
750 0.870667
750 0.882667
750 0.933333
750 0.796
750 0.864
750 0.772
750 0.878667
750 0.842667
750 0.888
750 0.865333
750 0.985333
750 0.933333
750 0.953333
750 0.934667
750 0.917333
750 0.932
750 0.869333
800 0.95125
800 0.80625
800 0.885
800 0.9575
800 0.9425
800 0.845
800 0.78625
800 0.89
800 0.9225
800 0.905
800 0.8225
800 0.9225
800 0.89125
800 0.89
800 0.88125
800 0.93625
800 0.965
800 0.88
800 0.87
800 0.90125
800 0.93625
800 0.92
800 0.89375
800 0.945
800 0.94125
800 0.8675
800 0.89125
800 0.90375
800 0.86625
800 0.8825
800 0.92875
800 0.9325
800 0.8125
800 0.9125
800 0.92125
800 0.89875
800 0.9775
800 0.9475
800 0.94625
800 0.8875
800 0.9025
800 0.92
800 0.85875
800 0.80375
800 0.93625
800 0.88375
800 0.8725
800 0.905
800 0.89625
800 0.93
800 0.8725
800 0.88625
800 0.95125
800 0.88625
800 0.835
800 0.90125
800 0.885
800 0.9225
800 0.9875
800 0.91875
800 0.94125
800 0.9
800 0.95375
800 0.9575
800 0.89625
800 0.8975
800 0.81625
800 0.93
800 0.905
800 0.905
800 0.895
800 0.9975
800 0.825
800 0.975
800 0.93
850 0.878824
850 0.908235
850 0.937647
850 0.889412
850 0.817647
850 0.865882
850 0.877647
850 0.877647
850 0.882353
850 0.881176
850 0.881176
850 0.935294
850 0.876471
850 0.888235
850 0.951765
850 0.884706
850 0.912941
850 0.925882
850 0.910588
850 0.887059
850 0.904706
850 0.917647
850 0.918824
850 0.878824
850 0.957647
850 0.772941
850 0.923529
850 0.943529
850 0.928235
850 0.956471
850 0.855294
850 0.907059
850 0.976471
850 0.885882
850 0.945882
850 0.883529
850 0.889412
850 0.883529
850 0.903529
850 0.854118
850 0.963529
850 0.945882
850 0.934118
850 0.921176
850 0.896471
850 0.915294
850 0.944706
850 0.832941
850 0.961176
850 0.895294
850 0.931765
850 0.977647
850 0.997647
850 0.96
850 0.964706
850 0.911765
850 0.885882
850 0.94
850 0.884706
850 0.858824
850 0.778824
850 0.881176
850 0.858824
850 0.947059
850 0.9
850 0.937647
850 0.854118
850 0.862353
850 0.876471
850 0.943529
850 0.897647
850 0.892941
850 0.92
850 0.907059
850 0.774118
900 0.932222
900 0.962222
900 0.943333
900 0.941111
900 0.917778
900 0.973333
900 0.863333
900 0.857778
900 0.972222
900 0.901111
900 0.911111
900 0.922222
900 0.957778
900 0.948889
900 0.945556
900 0.848889
900 0.902222
900 0.894444
900 0.911111
900 0.886667
900 0.904444
900 0.935556
900 0.95
900 0.931111
900 0.86
900 0.671111
900 0.906667
900 0.875556
900 0.922222
900 0.837778
900 0.882222
900 0.88
900 0.946667
900 0.895556
900 0.953333
900 0.871111
900 0.88
900 0.923333
900 0.991111
900 0.94
900 0.714444
900 0.814444
900 0.921111
900 0.804444
900 0.958889
900 0.9
900 0.965556
900 0.907778
900 0.907778
900 0.835556
900 0.826667
900 0.973333
900 0.89
900 0.884444
900 0.86
900 0.934444
900 0.934444
900 0.935556
900 0.918889
900 0.963333
900 0.965556
900 0.903333
900 0.922222
900 0.997778
900 0.868889
900 0.944444
900 0.965556
900 0.933333
900 0.953333
900 0.914444
900 0.895556
900 0.926667
900 0.915556
900 0.888889
900 0.876667
950 0.953684
950 0.845263
950 0.86
950 0.883158
950 0.905263
950 0.914737
950 0.814737
950 0.94
950 0.911579
950 0.870526
950 0.777895
950 0.929474
950 0.889474
950 0.972632
950 0.953684
950 0.925263
950 0.893684
950 0.934737
950 0.962105
950 0.928421
950 0.86
950 0.906316
950 0.924211
950 0.932632
950 0.911579
950 0.9
950 0.901053
950 0.947368
950 0.913684
950 0.923158
950 0.894737
950 0.925263
950 0.854737
950 0.898947
950 0.941053
950 0.967368
950 0.935789
950 0.891579
950 0.970526
950 0.895789
950 0.904211
950 0.931579
950 0.917895
950 0.970526
950 0.933684
950 0.922105
950 0.969474
950 0.922105
950 0.945263
950 0.9
950 0.970526
950 0.842105
950 0.932632
950 0.952632
950 0.956842
950 0.9
950 0.964211
950 0.877895
950 0.897895
950 0.890526
950 0.873684
950 0.897895
950 0.886316
950 0.904211
950 0.958947
950 0.915789
950 0.967368
950 0.912632
950 0.892632
950 0.869474
950 0.891579
950 0.822105
950 0.954737
950 0.96
950 0.969474
1000 0.933
1000 0.827
1000 0.924
1000 0.918
1000 0.93
1000 0.875
1000 0.861
1000 0.891
1000 0.951
1000 0.87
1000 0.875
1000 0.907
1000 0.926
1000 0.921
1000 0.875
1000 0.868
1000 0.924
1000 0.944
1000 0.937
1000 0.903
1000 0.88
1000 0.802
1000 0.873
1000 0.923
1000 0.946
1000 0.907
1000 0.884
1000 0.945
1000 0.862
1000 0.95
1000 0.904
1000 0.929
1000 0.952
1000 0.945
1000 0.945
1000 0.858
1000 0.901
1000 0.897
1000 0.891
1000 0.886
1000 0.898
1000 0.898
1000 0.958
1000 0.892
1000 0.968
1000 0.897
1000 0.896
1000 0.967
1000 0.811
1000 0.96
1000 0.98
1000 0.864
1000 0.948
1000 0.951
1000 0.95
1000 0.918
1000 0.926
1000 0.882
1000 0.954
1000 0.948
1000 0.879
1000 0.845
1000 0.918
1000 0.961
1000 0.93
1000 0.843
1000 0.947
1000 0.959
1000 0.851
1000 0.914
1000 0.948
1000 0.853
1000 0.934
1000 0.921
1000 0.939
1050 0.888571
1050 0.92
1050 0.964762
1050 0.92381
1050 0.753333
1050 0.9
1050 0.917143
1050 0.854286
1050 0.957143
1050 0.94
1050 0.88381
1050 0.931429
1050 0.829524
1050 0.91619
1050 0.898095
1050 0.864762
1050 0.938095
1050 0.932381
1050 0.88
1050 0.930476
1050 0.927619
1050 0.949524
1050 0.91619
1050 0.901905
1050 0.95619
1050 0.82381
1050 0.872381
1050 0.941905
1050 0.90381
1050 0.94
1050 0.86381
1050 0.939048
1050 0.930476
1050 0.907619
1050 0.922857
1050 0.88
1050 0.902857
1050 0.945714
1050 0.942857
1050 0.875238
1050 0.944762
1050 0.898095
1050 0.933333
1050 0.931429
1050 0.879048
1050 0.94381
1050 0.972381
1050 0.960952
1050 0.904762
1050 0.930476
1050 0.933333
1050 0.911429
1050 0.927619
1050 0.865714
1050 0.907619
1050 0.880952
1050 0.920952
1050 0.970476
1050 0.934286
1050 0.939048
1050 0.839048
1050 0.894286
1050 0.929524
1050 0.878095
1050 0.947619
1050 0.871429
1050 0.961905
1050 0.939048
1050 0.891429
1050 0.887619
1050 0.937143
1050 0.887619
1050 0.934286
1050 0.941905
1050 0.904762
1100 0.915455
1100 0.862727
1100 0.911818
1100 0.94
1100 0.863636
1100 0.909091
1100 0.893636
1100 0.969091
1100 0.941818
1100 0.927273
1100 0.95
1100 0.875455
1100 0.934545
1100 0.862727
1100 0.881818
1100 0.907273
1100 0.920909
1100 0.835455
1100 0.967273
1100 0.948182
1100 0.892727
1100 0.844545
1100 0.979091
1100 0.972727
1100 0.959091
1100 0.858182
1100 0.897273
1100 0.987273
1100 0.886364
1100 0.931818
1100 0.845455
1100 0.871818
1100 0.912727
1100 0.918182
1100 0.920909
1100 0.947273
1100 0.895455
1100 0.868182
1100 0.941818
1100 0.89
1100 0.909091
1100 0.895455
1100 0.934545
1100 0.897273
1100 0.903636
1100 0.904545
1100 0.948182
1100 0.899091
1100 0.935455
1100 0.957273
1100 0.86
1100 0.932727
1100 0.932727
1100 0.835455
1100 0.865455
1100 0.962727
1100 0.933636
1100 0.906364
1100 0.816364
1100 0.959091
1100 0.891818
1100 0.928182
1100 0.888182
1100 0.937273
1100 0.93
1100 0.954545
1100 0.873636
1100 0.922727
1100 0.904545
1100 0.947273
1100 0.847273
1100 0.93
1100 0.919091
1100 0.880909
1100 0.764545
1150 0.924348
1150 0.886957
1150 0.913913
1150 0.94
1150 0.89913
1150 0.928696
1150 0.847826
1150 0.865217
1150 0.909565
1150 0.912174
1150 0.937391
1150 0.938261
1150 0.86
1150 0.938261
1150 0.909565
1150 0.974783
1150 0.938261
1150 0.821739
1150 0.96087
1150 0.856522
1150 0.73913
1150 0.96087
1150 0.935652
1150 0.813043
1150 0.915652
1150 0.95913
1150 0.916522
1150 0.871304
1150 0.903478
1150 0.943478
1150 0.904348
1150 0.902609
1150 0.917391
1150 0.867826
1150 0.934783
1150 0.953043
1150 0.893043
1150 0.874783
1150 0.895652
1150 0.896522
1150 0.88
1150 0.862609
1150 0.91913
1150 0.945217
1150 0.952174
1150 0.725217
1150 0.881739
1150 0.874783
1150 0.892174
1150 0.893043
1150 0.86087
1150 0.898261
1150 0.913043
1150 0.766087
1150 0.950435
1150 0.892174
1150 0.969565
1150 0.951304
1150 0.9
1150 0.905217
1150 0.901739
1150 0.94
1150 0.877391
1150 0.823478
1150 0.953913
1150 0.887826
1150 0.926087
1150 0.958261
1150 0.910435
1150 0.952174
1150 0.871304
1150 0.855652
1150 0.912174
1150 0.837391
1150 0.935652
1200 0.9525
1200 0.906667
1200 0.946667
1200 0.8825
1200 0.990833
1200 0.908333
1200 0.9225
1200 0.974167
1200 0.876667
1200 0.921667
1200 0.851667
1200 0.931667
1200 0.961667
1200 0.911667
1200 0.931667
1200 0.939167
1200 0.9
1200 0.9025
1200 0.9675
1200 0.886667
1200 0.931667
1200 0.905
1200 0.950833
1200 0.901667
1200 0.963333
1200 0.909167
1200 0.815833
1200 0.900833
1200 0.950833
1200 0.934167
1200 0.930833
1200 0.896667
1200 0.8975
1200 0.861667
1200 0.920833
1200 0.915
1200 0.965
1200 0.905833
1200 0.8825
1200 0.9
1200 0.9475
1200 0.823333
1200 0.846667
1200 0.896667
1200 0.925833
1200 0.916667
1200 0.885
1200 0.98
1200 0.938333
1200 0.969167
1200 0.905
1200 0.89
1200 0.930833
1200 0.919167
1200 0.9225
1200 0.8775
1200 0.94
1200 0.888333
1200 0.925
1200 0.931667
1200 0.9575
1200 0.89
1200 0.971667
1200 0.906667
1200 0.946667
1200 0.908333
1200 0.8925
1200 0.949167
1200 0.905833
1200 0.8825
1200 0.938333
1200 0.836667
1200 0.916667
1200 0.918333
1200 0.949167
1250 0.8376
1250 0.9104
1250 0.9432
1250 0.8728
1250 0.948
1250 0.9472
1250 0.8512
1250 0.9344
1250 0.9176
1250 0.8696
1250 0.9184
1250 0.8984
1250 0.9336
1250 0.9496
1250 0.88
1250 0.96
1250 0.9584
1250 0.9192
1250 0.9248
1250 0.9216
1250 0.9432
1250 0.8976
1250 0.912
1250 0.9272
1250 0.9448
1250 0.8872
1250 0.9472
1250 0.888
1250 0.9288
1250 0.856
1250 0.9088
1250 0.8888
1250 0.9456
1250 0.9768
1250 0.916
1250 0.8744
1250 0.8984
1250 0.868
1250 0.9152
1250 0.9632
1250 0.9272
1250 0.956
1250 0.9248
1250 0.948
1250 0.884
1250 0.936
1250 0.7576
1250 0.8856
1250 0.8904
1250 0.8888
1250 0.9184
1250 0.9416
1250 0.9264
1250 0.896
1250 0.8864
1250 0.8776
1250 0.8616
1250 0.908
1250 0.8984
1250 0.9256
1250 0.9512
1250 0.9544
1250 0.9352
1250 0.8888
1250 0.9568
1250 0.9056
1250 0.876
1250 0.904
1250 0.8928
1250 0.8936
1250 0.8704
1250 0.9336
1250 0.912
1250 0.8968
1250 0.9496
1300 0.824615
1300 0.929231
1300 0.930769
1300 0.936154
1300 0.899231
1300 0.96
1300 0.95
1300 0.919231
1300 0.955385
1300 0.97
1300 0.935385
1300 0.877692
1300 0.935385
1300 0.876154
1300 0.936923
1300 0.927692
1300 0.944615
1300 0.830769
1300 0.874615
1300 0.935385
1300 0.895385
1300 0.936154
1300 0.736154
1300 0.905385
1300 0.868462
1300 0.894615
1300 0.879231
1300 0.904615
1300 0.912308
1300 0.843077
1300 0.976923
1300 0.865385
1300 0.880769
1300 0.960769
1300 0.891538
1300 0.909231
1300 0.99
1300 0.954615
1300 0.868462
1300 0.929231
1300 0.871538
1300 0.893846
1300 0.933846
1300 0.97
1300 0.946923
1300 0.940769
1300 0.926154
1300 0.933077
1300 0.823846
1300 0.954615
1300 0.959231
1300 0.886923
1300 0.950769
1300 0.891538
1300 0.936923
1300 0.928462
1300 0.860769
1300 0.917692
1300 0.874615
1300 0.906154
1300 0.896923
1300 0.953077
1300 0.869231
1300 0.886154
1300 0.986154
1300 0.896923
1300 0.938462
1300 0.874615
1300 0.909231
1300 0.963077
1300 0.916154
1300 0.762308
1300 0.973846
1300 0.903077
1300 0.958462
1350 0.897778
1350 0.934815
1350 0.925185
1350 0.960741
1350 0.925926
1350 0.88
1350 0.93037
1350 0.85037
1350 0.933333
1350 0.858519
1350 0.855556
1350 0.858519
1350 0.937778
1350 0.861481
1350 0.897037
1350 0.896296
1350 0.905926
1350 0.853333
1350 0.919259
1350 0.97037
1350 0.946667
1350 0.958519
1350 0.902963
1350 0.863704
1350 0.953333
1350 0.942963
1350 0.871111
1350 0.965185
1350 0.895556
1350 0.971852
1350 0.917778
1350 0.932593
1350 0.945185
1350 0.921481
1350 0.872593
1350 0.907407
1350 0.917778
1350 0.914815
1350 0.905185
1350 0.892593
1350 0.864444
1350 0.919259
1350 0.933333
1350 0.955556
1350 0.956296
1350 0.937037
1350 0.932593
1350 0.948889
1350 0.924444
1350 0.937037
1350 0.934074
1350 0.92
1350 0.864444
1350 0.945926
1350 0.827407
1350 0.828889
1350 0.905185
1350 0.966667
1350 0.914815
1350 0.908889
1350 0.903704
1350 0.90963
1350 0.924444
1350 0.852593
1350 0.948148
1350 0.925926
1350 0.914815
1350 0.888889
1350 0.882963
1350 0.92963
1350 0.96963
1350 0.917037
1350 0.906667
1350 0.954815
1350 0.919259
1400 0.945
1400 0.931429
1400 0.891429
1400 0.864286
1400 0.937857
1400 0.901429
1400 0.892857
1400 0.901429
1400 0.917857
1400 0.786429
1400 0.918571
1400 0.877143
1400 0.94
1400 0.962857
1400 0.91
1400 0.693571
1400 0.96
1400 0.940714
1400 0.914286
1400 0.973571
1400 0.919286
1400 0.966429
1400 0.894286
1400 0.919286
1400 0.896429
1400 0.842857
1400 0.893571
1400 0.910714
1400 0.930714
1400 0.947143
1400 0.980714
1400 0.830714
1400 0.981429
1400 0.892143
1400 0.925
1400 0.915714
1400 0.885714
1400 0.96
1400 0.867143
1400 0.865
1400 0.937857
1400 0.953571
1400 0.950714
1400 0.905
1400 0.934286
1400 0.909286
1400 0.907143
1400 0.945
1400 0.914286
1400 0.95
1400 0.95
1400 0.881429
1400 0.931429
1400 0.922143
1400 0.87
1400 0.899286
1400 0.930714
1400 0.912857
1400 0.898571
1400 0.955714
1400 0.922143
1400 0.910714
1400 0.868571
1400 0.936429
1400 0.885714
1400 0.945714
1400 0.884286
1400 0.941429
1400 0.892857
1400 0.902857
1400 0.913571
1400 0.808571
1400 0.770714
1400 0.888571
1400 0.892857
1450 0.86
1450 0.938621
1450 0.923448
1450 0.898621
1450 0.902069
1450 0.893103
1450 0.955862
1450 0.927586
1450 0.957241
1450 0.906207
1450 0.885517
1450 0.887586
1450 0.882069
1450 0.993793
1450 0.977241
1450 0.903448
1450 0.907586
1450 0.914483
1450 0.946207
1450 0.982759
1450 0.942069
1450 0.905517
1450 0.971034
1450 0.922759
1450 0.874483
1450 0.922759
1450 0.894483
1450 0.902069
1450 0.852414
1450 0.928276
1450 0.926897
1450 0.949655
1450 0.872414
1450 0.977931
1450 0.893793
1450 0.902759
1450 0.924828
1450 0.868966
1450 0.994483
1450 0.903448
1450 0.873793
1450 0.937241
1450 0.906897
1450 0.913793
1450 0.971034
1450 0.930345
1450 0.935862
1450 0.909655
1450 0.910345
1450 0.942759
1450 0.926207
1450 0.947586
1450 0.890345
1450 0.844828
1450 0.902069
1450 0.927586
1450 0.94069
1450 0.931034
1450 0.972414
1450 0.866207
1450 0.892414
1450 0.922759
1450 0.874483
1450 0.915172
1450 0.922759
1450 0.923448
1450 0.915172
1450 0.924828
1450 0.874483
1450 0.873103
1450 0.893793
1450 0.932414
1450 0.930345
1450 0.962759
1450 0.85931
1500 0.951333
1500 0.884
1500 0.944667
1500 0.907333
1500 0.887333
1500 0.893333
1500 0.832667
1500 0.852
1500 0.869333
1500 0.854667
1500 0.763333
1500 0.900667
1500 0.905333
1500 0.921333
1500 0.92
1500 0.954667
1500 0.878
1500 0.944667
1500 0.92
1500 0.925333
1500 0.934667
1500 0.931333
1500 0.972667
1500 0.938667
1500 0.926667
1500 0.878
1500 0.94
1500 0.886
1500 0.939333
1500 0.908
1500 0.897333
1500 0.919333
1500 0.853333
1500 0.932
1500 0.851333
1500 0.904
1500 0.934667
1500 0.859333
1500 0.932
1500 0.909333
1500 0.976
1500 0.888
1500 0.894
1500 0.892
1500 0.885333
1500 0.882
1500 0.966667
1500 0.937333
1500 0.869333
1500 0.983333
1500 0.912
1500 0.916
1500 0.842667
1500 0.907333
1500 0.836667
1500 0.938667
1500 0.977333
1500 0.903333
1500 0.968667
1500 0.87
1500 0.944
1500 0.807333
1500 0.912667
1500 0.948
1500 0.964667
1500 0.947333
1500 0.908667
1500 0.901333
1500 0.896
1500 0.875333
1500 0.910667
1500 0.932667
1500 0.93
1500 0.881333
1500 0.862
1550 0.884516
1550 0.956774
1550 0.883871
1550 0.938065
1550 0.925161
1550 0.922581
1550 0.939355
1550 0.910323
1550 0.886452
1550 0.822581
1550 0.903226
1550 0.848387
1550 0.897419
1550 0.947097
1550 0.958065
1550 0.974839
1550 0.937419
1550 0.855484
1550 0.932903
1550 0.890323
1550 0.894194
1550 0.893548
1550 0.851613
1550 0.909677
1550 0.943871
1550 0.87871
1550 0.909032
1550 0.936774
1550 0.936129
1550 0.896129
1550 0.892903
1550 0.945161
1550 0.903871
1550 0.923871
1550 0.904516
1550 0.907097
1550 0.925806
1550 0.939355
1550 0.88
1550 0.921935
1550 0.811613
1550 0.897419
1550 0.912258
1550 0.874839
1550 0.925806
1550 0.900645
1550 0.910323
1550 0.914839
1550 0.903871
1550 0.950323
1550 0.87871
1550 0.949677
1550 0.925161
1550 0.933548
1550 0.966452
1550 0.934839
1550 0.948387
1550 0.969677
1550 0.868387
1550 0.894194
1550 0.911613
1550 0.943871
1550 0.940645
1550 0.916129
1550 0.948387
1550 0.892258
1550 0.891613
1550 0.943871
1550 0.959355
1550 0.907097
1550 0.874194
1550 0.950968
1550 0.96
1550 0.923226
1550 0.929677
1600 0.865625
1600 0.886875
1600 0.849375
1600 0.855625
1600 0.958125
1600 0.92375
1600 0.908125
1600 0.88875
1600 0.896875
1600 0.946875
1600 0.908125
1600 0.92875
1600 0.936875
1600 0.94625
1600 0.944375
1600 0.890625
1600 0.934375
1600 0.906875
1600 0.8925
1600 0.946875
1600 0.929375
1600 0.8875
1600 0.96125
1600 0.96
1600 0.911875
1600 0.923125
1600 0.92
1600 0.90125
1600 0.919375
1600 0.908125
1600 0.935625
1600 0.905
1600 0.883125
1600 0.92375
1600 0.9425
1600 0.94875
1600 0.9175
1600 0.959375
1600 0.908125
1600 0.959375
1600 0.94625
1600 0.910625
1600 0.929375
1600 0.9225
1600 0.9725
1600 0.925
1600 0.846875
1600 0.875625
1600 0.8775
1600 0.870625
1600 0.895625
1600 0.908125
1600 0.9075
1600 0.875625
1600 0.95
1600 0.9175
1600 0.92625
1600 0.906875
1600 0.925
1600 0.955
1600 0.9075
1600 0.85125
1600 0.9075
1600 0.924375
1600 0.819375
1600 0.918125
1600 0.953125
1600 0.889375
1600 0.990625
1600 0.909375
1600 0.95875
1600 0.9125
1600 0.89125
1600 0.9125
1600 0.88875
1650 0.875152
1650 0.930303
1650 0.806667
1650 0.866667
1650 0.916364
1650 0.963636
1650 0.850303
1650 0.878788
1650 0.903636
1650 0.882424
1650 0.857576
1650 0.906667
1650 0.945455
1650 0.920606
1650 0.937576
1650 0.942424
1650 0.929697
1650 0.931515
1650 0.944242
1650 0.931515
1650 0.887273
1650 0.958182
1650 0.944242
1650 0.864242
1650 0.928485
1650 0.935152
1650 0.963636
1650 0.938182
1650 0.921818
1650 0.923636
1650 0.906667
1650 0.913333
1650 0.968485
1650 0.948485
1650 0.91697
1650 0.907879
1650 0.85697
1650 0.934545
1650 0.957576
1650 0.887879
1650 0.901818
1650 0.95697
1650 0.947273
1650 0.952727
1650 0.949697
1650 0.955758
1650 0.895758
1650 0.904848
1650 0.973939
1650 0.970909
1650 0.952727
1650 0.928485
1650 0.897576
1650 0.949091
1650 0.954545
1650 0.924242
1650 0.894545
1650 0.957576
1650 0.911515
1650 0.895758
1650 0.930909
1650 0.962424
1650 0.836364
1650 0.926061
1650 0.944242
1650 0.952121
1650 0.899394
1650 0.926061
1650 0.909697
1650 0.887879
1650 0.844848
1650 0.855152
1650 0.938788
1650 0.850303
1650 0.901212
1700 0.883529
1700 0.921765
1700 0.848824
1700 0.894706
1700 0.962941
1700 0.884706
1700 0.943529
1700 0.921765
1700 0.862941
1700 0.927059
1700 0.905294
1700 0.885294
1700 0.927647
1700 0.895294
1700 0.911765
1700 0.950588
1700 0.934706
1700 0.901176
1700 0.929412
1700 0.871765
1700 0.904118
1700 0.876471
1700 0.875294
1700 0.844118
1700 0.902353
1700 0.905882
1700 0.858824
1700 0.905294
1700 0.902941
1700 0.885882
1700 0.948235
1700 0.928235
1700 0.963529
1700 0.885882
1700 0.906471
1700 0.922353
1700 0.979412
1700 0.931176
1700 0.960588
1700 0.938824
1700 0.934118
1700 0.905882
1700 0.934118
1700 0.892941
1700 0.892353
1700 0.820588
1700 0.97
1700 0.981765
1700 0.919412
1700 0.826471
1700 0.975882
1700 0.91
1700 0.894118
1700 0.911176
1700 0.890588
1700 0.912941
1700 0.96
1700 0.921176
1700 0.854706
1700 0.927647
1700 0.912941
1700 0.931765
1700 0.858824
1700 0.945294
1700 0.913529
1700 0.93
1700 0.902353
1700 0.918235
1700 0.922941
1700 0.944118
1700 0.897647
1700 0.898824
1700 0.935882
1700 0.906471
1700 0.945882
1750 0.931429
1750 0.908
1750 0.909714
1750 0.878857
1750 0.908
1750 0.861714
1750 0.949714
1750 0.816571
1750 0.903429
1750 0.88
1750 0.913143
1750 0.896571
1750 0.993143
1750 0.916571
1750 0.969714
1750 0.948
1750 0.921143
1750 0.970857
1750 0.913714
1750 0.903429
1750 0.809714
1750 0.938857
1750 0.870857
1750 0.912
1750 0.884
1750 0.92
1750 0.984571
1750 0.921714
1750 0.913714
1750 0.902857
1750 0.893714
1750 0.913714
1750 0.937143
1750 0.908
1750 0.964
1750 0.861714
1750 0.915429
1750 0.959429
1750 0.929714
1750 0.950857
1750 0.890857
1750 0.907429
1750 0.906857
1750 0.910286
1750 0.929143
1750 0.939429
1750 0.879429
1750 0.908571
1750 0.913143
1750 0.932
1750 0.932
1750 0.949143
1750 0.931429
1750 0.903429
1750 0.903429
1750 0.905143
1750 0.922857
1750 0.946286
1750 0.965143
1750 0.944571
1750 0.930286
1750 0.945714
1750 0.854286
1750 0.930286
1750 0.869143
1750 0.935429
1750 0.894857
1750 0.96
1750 0.846286
1750 0.921143
1750 0.543429
1750 0.895429
1750 0.917714
1750 0.925143
1750 0.849714
1800 0.957778
1800 0.969444
1800 0.913333
1800 0.933333
1800 0.830556
1800 0.930556
1800 0.867222
1800 0.931667
1800 0.907778
1800 0.84
1800 0.965556
1800 0.941111
1800 0.928333
1800 0.876667
1800 0.910556
1800 0.926111
1800 0.914444
1800 0.930556
1800 0.913333
1800 0.938333
1800 0.943889
1800 0.920556
1800 0.931667
1800 0.91
1800 0.952222
1800 0.93
1800 0.911667
1800 0.956111
1800 0.921667
1800 0.933333
1800 0.971667
1800 0.901667
1800 0.937778
1800 0.964444
1800 0.967778
1800 0.892222
1800 0.84
1800 0.893333
1800 0.901111
1800 0.932778
1800 0.932222
1800 0.933889
1800 0.908889
1800 0.931111
1800 0.938889
1800 0.965
1800 0.951667
1800 0.887778
1800 0.909444
1800 0.947222
1800 0.881111
1800 0.962222
1800 0.903889
1800 0.850556
1800 0.9
1800 0.823889
1800 0.958889
1800 0.901111
1800 0.867222
1800 0.937222
1800 0.906111
1800 0.908889
1800 0.903333
1800 0.946111
1800 0.899444
1800 0.894444
1800 0.896111
1800 0.763333
1800 0.924444
1800 0.946667
1800 0.946111
1800 0.901667
1800 0.872778
1800 0.902222
1800 0.921667
1850 0.939459
1850 0.898919
1850 0.892432
1850 0.928649
1850 0.921081
1850 0.910811
1850 0.923784
1850 0.874054
1850 0.915135
1850 0.903243
1850 0.904324
1850 0.921622
1850 0.947027
1850 0.905946
1850 0.922162
1850 0.88973
1850 0.971351
1850 0.85027
1850 0.961081
1850 0.88973
1850 0.954595
1850 0.896757
1850 0.922703
1850 0.822162
1850 0.882162
1850 0.965405
1850 0.93027
1850 0.937838
1850 0.910811
1850 0.936757
1850 0.950811
1850 0.921622
1850 0.874595
1850 0.944324
1850 0.887027
1850 0.915676
1850 0.895676
1850 0.944865
1850 0.954054
1850 0.940541
1850 0.961622
1850 0.942162
1850 0.927568
1850 0.927568
1850 0.933514
1850 0.898378
1850 0.932432
1850 0.972432
1850 0.961081
1850 0.937297
1850 0.945405
1850 0.943243
1850 0.92
1850 0.947568
1850 0.877838
1850 0.962162
1850 0.945946
1850 0.938378
1850 0.977297
1850 0.955135
1850 0.949189
1850 0.963784
1850 0.954595
1850 0.875135
1850 0.935676
1850 0.964324
1850 0.981622
1850 0.911892
1850 0.967568
1850 0.87027
1850 0.932432
1850 0.893514
1850 0.855135
1850 0.868649
1850 0.956757
1900 0.924737
1900 0.913684
1900 0.957895
1900 0.913158
1900 0.922105
1900 0.953684
1900 0.960526
1900 0.827368
1900 0.962105
1900 0.904737
1900 0.934211
1900 0.867895
1900 0.893684
1900 0.930526
1900 0.929474
1900 0.908947
1900 0.937368
1900 0.906316
1900 0.853684
1900 0.927895
1900 0.935789
1900 0.871579
1900 0.976316
1900 0.930526
1900 0.836316
1900 0.946842
1900 0.941579
1900 0.965789
1900 0.882632
1900 0.892105
1900 0.906842
1900 0.910526
1900 0.922105
1900 0.935789
1900 0.949474
1900 0.913684
1900 0.965263
1900 0.943684
1900 0.864211
1900 0.924737
1900 0.926316
1900 0.965789
1900 0.907895
1900 0.918421
1900 0.948947
1900 0.881053
1900 0.938421
1900 0.971053
1900 0.926842
1900 0.919474
1900 0.913158
1900 0.921053
1900 0.935789
1900 0.827895
1900 0.927368
1900 0.926842
1900 0.802632
1900 0.953158
1900 0.877895
1900 0.959474
1900 0.971053
1900 0.917895
1900 0.884737
1900 0.939474
1900 0.931053
1900 0.906316
1900 0.976842
1900 0.96
1900 0.873158
1900 0.869474
1900 0.885789
1900 0.898421
1900 0.945789
1900 0.924211
1900 0.898421
1950 0.865128
1950 0.920513
1950 0.958462
1950 0.919487
1950 0.947179
1950 0.93641
1950 0.943077
1950 0.858974
1950 0.926667
1950 0.926667
1950 0.961538
1950 0.978974
1950 0.916923
1950 0.898462
1950 0.931282
1950 0.942564
1950 0.965641
1950 0.893333
1950 0.941026
1950 0.945128
1950 0.913846
1950 0.927692
1950 0.893846
1950 0.9
1950 0.921538
1950 0.984103
1950 0.944615
1950 0.886154
1950 0.845128
1950 0.875385
1950 0.836923
1950 0.937949
1950 0.932821
1950 0.917949
1950 0.933333
1950 0.917949
1950 0.897436
1950 0.937949
1950 0.797949
1950 0.979487
1950 0.901026
1950 0.937949
1950 0.949231
1950 0.916923
1950 0.902051
1950 0.889744
1950 0.922564
1950 0.924615
1950 0.977949
1950 0.926667
1950 0.883077
1950 0.946154
1950 0.926154
1950 0.92
1950 0.926667
1950 0.937949
1950 0.912308
1950 0.866667
1950 0.914359
1950 0.887692
1950 0.925641
1950 0.934359
1950 0.872308
1950 0.902051
1950 0.947179
1950 0.956923
1950 0.887692
1950 0.881026
1950 0.860513
1950 0.948718
1950 0.882051
1950 0.821538
1950 0.932308
1950 0.954359
1950 0.895385
2000 0.918
2000 0.8425
2000 0.9585
2000 0.8915
2000 0.9225
2000 0.9085
2000 0.9295
2000 0.9695
2000 0.8915
2000 0.934
2000 0.892
2000 0.9645
2000 0.971
2000 0.8985
2000 0.9495
2000 0.9325
2000 0.9135
2000 0.893
2000 0.867
2000 0.905
2000 0.9425
2000 0.882
2000 0.9225
2000 0.862
2000 0.9485
2000 0.841
2000 0.901
2000 0.9
2000 0.946
2000 0.9045
2000 0.957
2000 0.9385
2000 0.9785
2000 0.93
2000 0.883
2000 0.908
2000 0.9155
2000 0.949
2000 0.983
2000 0.886
2000 0.931
2000 0.9265
2000 0.9255
2000 0.8835
2000 0.897
2000 0.95
2000 0.925
2000 0.9345
2000 0.948
2000 0.959
2000 0.948
2000 0.928
2000 0.914
2000 0.922
2000 0.922
2000 0.9175
2000 0.953
2000 0.901
2000 0.9
2000 0.911
2000 0.9385
2000 0.97
2000 0.9015
2000 0.9125
2000 0.9
2000 0.928
2000 0.859
2000 0.95
2000 0.9285
2000 0.8535
2000 0.8855
2000 0.955
2000 0.9425
2000 0.9075
2000 0.924
