50 0.04
50 0.52
50 0.1
50 0.18
50 0.18
50 0.18
50 0.8
50 0
50 0.02
50 0.3
50 0.04
50 0.12
50 0.02
50 0.38
50 0.16
50 0.06
50 0
50 0
50 0.26
50 0.02
50 0.1
50 0.04
50 0
50 0.1
50 0.14
50 0.42
50 0
50 0.56
50 0.36
50 0.22
50 0.12
50 0
50 0.02
50 0.34
50 0.12
50 0
50 0.38
50 0.72
50 0.3
50 0
50 0.16
50 0.44
50 0.14
50 0.16
50 0.48
50 0.44
50 0.18
50 0.88
50 0.28
50 0.2
50 0.52
50 0
50 0.28
50 0.44
50 0.24
50 0.12
50 0.44
50 0.12
50 0
50 0.1
50 0.02
50 0.2
50 0
50 0.28
50 0.74
50 0
50 0
50 0.08
50 0.46
50 0.08
50 0.22
50 0.16
50 0.52
50 0.74
50 0.12
100 0.29
100 0.24
100 0.45
100 0.66
100 0.78
100 0.73
100 0.49
100 0.84
100 0.83
100 0.45
100 0.86
100 0.54
100 0.27
100 0.1
100 0.94
100 0.22
100 0.62
100 0.43
100 0.33
100 0.7
100 0.67
100 0.69
100 0.52
100 0.59
100 0.51
100 0.33
100 0.35
100 0.5
100 0.82
100 0.57
100 0.79
100 0.45
100 0.22
100 0.74
100 0.79
100 0.56
100 0.77
100 0.6
100 0.11
100 0.55
100 0.74
100 0.84
100 0.49
100 0.87
100 0.77
100 0.8
100 0.18
100 0.55
100 0.77
100 0.59
100 0.72
100 0.34
100 0.4
100 0.84
100 0.63
100 0.97
100 0.86
100 0.04
100 0.29
100 0.84
100 0.79
100 0.34
100 0.49
100 0.87
100 0.39
100 0.16
100 0.79
100 0.64
100 0.45
100 0.68
100 0.22
100 0.63
100 0.56
100 0.09
100 0.81
150 0.673333
150 0.5
150 0.806667
150 0.76
150 0.493333
150 0.846667
150 0.753333
150 0.946667
150 0.8
150 0.886667
150 0.913333
150 0.68
150 0.46
150 0.533333
150 0.833333
150 0.76
150 0.893333
150 0.62
150 0.4
150 0.8
150 0.8
150 0.913333
150 0.66
150 0.526667
150 0.76
150 0.806667
150 0.793333
150 0.806667
150 0.813333
150 0.766667
150 0.74
150 0.753333
150 0.813333
150 0.933333
150 0.693333
150 0.573333
150 0.46
150 0.5
150 0.486667
150 0.88
150 0.786667
150 0.66
150 0.346667
150 0.493333
150 0.286667
150 0.833333
150 0.0733333
150 0.76
150 0.786667
150 0.326667
150 0.693333
150 0.5
150 0.7
150 0.833333
150 0.12
150 0.746667
150 0.773333
150 0.833333
150 0.373333
150 0.686667
150 0.886667
150 0.746667
150 0.92
150 0.726667
150 0.88
150 0.853333
150 0.74
150 0.506667
150 0.9
150 0.533333
150 0.746667
150 0.48
150 0.74
150 0.786667
150 0.533333
200 0.675
200 0.04
200 0.885
200 0.725
200 0.715
200 0.795
200 0.835
200 0.91
200 0.74
200 0.755
200 0.895
200 0.575
200 0.81
200 0.65
200 0.68
200 0.73
200 0.685
200 0.845
200 0.81
200 0.85
200 0.71
200 0.915
200 0.195
200 0.82
200 0.875
200 0.655
200 0.855
200 0.835
200 0.695
200 0.87
200 0.72
200 0.875
200 0.7
200 0.505
200 0.865
200 0.88
200 0.515
200 0.725
200 0.79
200 0.485
200 0.73
200 0.88
200 0.68
200 0.495
200 0.91
200 0.845
200 0.835
200 0.745
200 0.845
200 0.785
200 0.13
200 0.855
200 0.85
200 0.75
200 0.81
200 0.895
200 0.83
200 0.615
200 0.865
200 0.745
200 0.45
200 0.905
200 0.895
200 0.8
200 0.9
200 0.665
200 0.655
200 0.8
200 0.69
200 0.93
200 0.74
200 0.415
200 0.755
200 0.845
200 0.67
250 0.78
250 0.916
250 0.816
250 0.784
250 0.852
250 0.896
250 0.904
250 0.9
250 0.72
250 0.828
250 0.896
250 0.824
250 0.884
250 0.916
250 0.8
250 0.94
250 0.904
250 0.916
250 0.856
250 0.924
250 0.828
250 0.732
250 0.716
250 0.764
250 0.924
250 0.884
250 0.836
250 0.952
250 0.816
250 0.776
250 0.772
250 0.944
250 0.876
250 0.752
250 0.772
250 0.684
250 0.812
250 0.848
250 0.884
250 0.716
250 0.816
250 0.848
250 0.88
250 0.464
250 0.856
250 0.876
250 0.88
250 0.644
250 0.88
250 0.628
250 0.812
250 0.608
250 0.728
250 0.748
250 0.884
250 0.928
250 0.804
250 0.528
250 0.776
250 0.58
250 0.936
250 0.84
250 0.82
250 0.832
250 0.812
250 0.568
250 0.896
250 0.908
250 0.876
250 0.864
250 0.808
250 0.744
250 0.88
250 0.948
250 0.808
300 0.82
300 0.933333
300 0.953333
300 0.856667
300 0.6
300 0.87
300 0.756667
300 0.813333
300 0.85
300 0.87
300 0.896667
300 0.876667
300 0.813333
300 0.856667
300 0.713333
300 0.703333
300 0.79
300 0.9
300 0.843333
300 0.9
300 0.633333
300 0.873333
300 0.793333
300 0.94
300 0.653333
300 0.906667
300 0.946667
300 0.843333
300 0.88
300 0.92
300 0.826667
300 0.816667
300 0.85
300 0.79
300 0.813333
300 0.936667
300 0.913333
300 0.956667
300 0.836667
300 0.923333
300 0.926667
300 0.91
300 0.94
300 0.756667
300 0.933333
300 0.723333
300 0.723333
300 0.416667
300 0.533333
300 0.91
300 0.78
300 0.933333
300 0.766667
300 0.713333
300 0.79
300 0.926667
300 0.86
300 0.933333
300 0.91
300 0.896667
300 0.813333
300 0.763333
300 0.856667
300 0.816667
300 0.893333
300 0.836667
300 0.896667
300 0.676667
300 0.873333
300 0.94
300 0.88
300 0.86
300 0.85
300 0.793333
300 0.86
350 0.871429
350 0.854286
350 0.854286
350 0.631429
350 0.908571
350 0.66
350 0.762857
350 0.937143
350 0.905714
350 0.982857
350 0.862857
350 0.782857
350 0.857143
350 0.848571
350 0.914286
350 0.637143
350 0.857143
350 0.82
350 0.794286
350 0.762857
350 0.888571
350 0.74
350 0.942857
350 0.925714
350 0.88
350 0.88
350 0.765714
350 0.88
350 0.882857
350 0.848571
350 0.688571
350 0.96
350 0.817143
350 0.905714
350 0.84
350 0.814286
350 0.868571
350 0.605714
350 0.825714
350 0.857143
350 0.888571
350 0.897143
350 0.897143
350 0.942857
350 0.92
350 0.814286
350 0.705714
350 0.754286
350 0.848571
350 0.877143
350 0.842857
350 0.534286
350 0.891429
350 0.785714
350 0.874286
350 0.925714
350 0.94
350 0.897143
350 0.84
350 0.714286
350 0.902857
350 0.817143
350 0.88
350 0.877143
350 0.708571
350 0.857143
350 0.925714
350 0.894286
350 0.911429
350 0.897143
350 0.925714
350 0.908571
350 0.348571
350 0.825714
350 0.882857
400 0.895
400 0.765
400 0.8125
400 0.7425
400 0.84
400 0.8625
400 0.8875
400 0.6175
400 0.8825
400 0.8525
400 0.8825
400 0.8825
400 0.8475
400 0.745
400 0.8775
400 0.765
400 0.8525
400 0.59
400 0.905
400 0.8725
400 0.835
400 0.7775
400 0.86
400 0.625
400 0.8425
400 0.8575
400 0.8
400 0.58
400 0.8525
400 0.9175
400 0.94
400 0.8175
400 0.895
400 0.955
400 0.9375
400 0.9675
400 0.86
400 0.675
400 0.8675
400 0.875
400 0.95
400 0.86
400 0.875
400 0.8375
400 0.91
400 0.885
400 0.89
400 0.75
400 0.7925
400 0.945
400 0.8525
400 0.79
400 0.8275
400 0.845
400 0.8025
400 0.9
400 0.9325
400 0.915
400 0.9125
400 0.9025
400 0.805
400 0.805
400 0.84
400 0.885
400 0.8675
400 0.875
400 0.84
400 0.9325
400 0.885
400 0.9375
400 0.87
400 0.8725
400 0.8825
400 0.8575
400 0.86
450 0.891111
450 0.833333
450 0.866667
450 0.915556
450 0.926667
450 0.92
450 0.96
450 0.897778
450 0.922222
450 0.802222
450 0.904444
450 0.835556
450 0.675556
450 0.9
450 0.693333
450 0.915556
450 0.886667
450 0.862222
450 0.713333
450 0.906667
450 0.911111
450 0.844444
450 0.94
450 0.953333
450 0.897778
450 0.571111
450 0.853333
450 0.902222
450 0.911111
450 0.615556
450 0.913333
450 0.862222
450 0.911111
450 0.815556
450 0.888889
450 0.862222
450 0.913333
450 0.928889
450 0.888889
450 0.722222
450 0.884444
450 0.864444
450 0.742222
450 0.92
450 0.92
450 0.848889
450 0.926667
450 0.733333
450 0.877778
450 0.935556
450 0.897778
450 0.857778
450 0.911111
450 0.911111
450 0.9
450 0.884444
450 0.795556
450 0.946667
450 0.862222
450 0.931111
450 0.795556
450 0.84
450 0.924444
450 0.797778
450 0.813333
450 0.853333
450 0.873333
450 0.793333
450 0.855556
450 0.955556
450 0.902222
450 0.795556
450 0.964444
450 0.902222
450 0.677778
500 0.82
500 0.854
500 0.83
500 0.91
500 0.742
500 0.774
500 0.878
500 0.908
500 0.78
500 0.914
500 0.902
500 0.872
500 0.918
500 0.866
500 0.926
500 0.944
500 0.916
500 0.946
500 0.934
500 0.804
500 0.882
500 0.654
500 0.882
500 0.844
500 0.85
500 0.844
500 0.934
500 0.922
500 0.914
500 0.924
500 0.904
500 0.872
500 0.86
500 0.774
500 0.88
500 0.966
500 0.868
500 0.926
500 0.9
500 0.786
500 0.954
500 0.88
500 0.97
500 0.84
500 0.86
500 0.866
500 0.86
500 0.906
500 0.954
500 0.862
500 0.844
500 0.91
500 0.804
500 0.77
500 0.928
500 0.88
500 0.898
500 0.94
500 0.936
500 0.916
500 0.876
500 0.886
500 0.91
500 0.906
500 0.924
500 0.976
500 0.922
500 0.852
500 0.956
500 0.924
500 0.526
500 0.914
500 0.884
500 0.9
500 0.92
550 0.772727
550 0.943636
550 0.918182
550 0.934545
550 0.916364
550 0.894545
550 0.883636
550 0.809091
550 0.914545
550 0.936364
550 0.790909
550 0.894545
550 0.630909
550 0.850909
550 0.874545
550 0.925455
550 0.781818
550 0.892727
550 0.938182
550 0.805455
550 0.88
550 0.847273
550 0.850909
550 0.867273
550 0.945455
550 0.896364
550 0.88
550 0.88
550 0.892727
550 0.805455
550 0.887273
550 0.88
550 0.970909
550 0.129091
550 0.78
550 0.918182
550 0.876364
550 0.832727
550 0.94
550 0.909091
550 0.889091
550 0.88
550 0.885455
550 0.94
550 0.976364
550 0.92
550 0.892727
550 0.894545
550 0.88
550 0.812727
550 0.910909
550 0.921818
550 0.749091
550 0.718182
550 0.78
550 0.927273
550 0.943636
550 0.772727
550 0.898182
550 0.729091
550 0.918182
550 0.896364
550 0.818182
550 0.872727
550 0.925455
550 0.912727
550 0.910909
550 0.92
550 0.776364
550 0.943636
550 0.925455
550 0.918182
550 0.909091
550 0.892727
550 0.883636
600 0.878333
600 0.815
600 0.923333
600 0.805
600 0.945
600 0.948333
600 0.901667
600 0.901667
600 0.893333
600 0.803333
600 0.901667
600 0.821667
600 0.808333
600 0.918333
600 0.858333
600 0.881667
600 0.888333
600 0.895
600 0.98
600 0.925
600 0.91
600 0.858333
600 0.936667
600 0.943333
600 0.725
600 0.875
600 0.933333
600 0.941667
600 0.871667
600 0.931667
600 0.81
600 0.923333
600 0.801667
600 0.936667
600 0.865
600 0.895
600 0.908333
600 0.881667
600 0.881667
600 0.916667
600 0.603333
600 0.921667
600 0.905
600 0.881667
600 0.958333
600 0.935
600 0.823333
600 0.851667
600 0.826667
600 0.808333
600 0.86
600 0.856667
600 0.896667
600 0.961667
600 0.95
600 0.836667
600 0.89
600 0.896667
600 0.861667
600 0.921667
600 0.873333
600 0.873333
600 0.858333
600 0.83
600 0.951667
600 0.946667
600 0.871667
600 0.896667
600 0.881667
600 0.906667
600 0.928333
600 0.825
600 0.898333
600 0.901667
600 0.82
650 0.88
650 0.821538
650 0.849231
650 0.906154
650 0.846154
650 0.869231
650 0.926154
650 0.890769
650 0.884615
650 0.949231
650 0.890769
650 0.94
650 0.772308
650 0.887692
650 0.953846
650 0.935385
650 0.893846
650 0.744615
650 0.876923
650 0.896923
650 0.747692
650 0.833846
650 0.852308
650 0.883077
650 0.904615
650 0.916923
650 0.881538
650 0.916923
650 0.932308
650 0.875385
650 0.84
650 0.955385
650 0.893846
650 0.913846
650 0.896923
650 0.875385
650 0.910769
650 0.855385
650 0.758462
650 0.96
650 0.889231
650 0.967692
650 0.832308
650 0.935385
650 0.863077
650 0.907692
650 0.870769
650 0.906154
650 0.906154
650 0.855385
650 0.892308
650 0.850769
650 0.933846
650 0.849231
650 0.895385
650 0.924615
650 0.887692
650 0.92
650 0.856923
650 0.795385
650 0.953846
650 0.946154
650 0.94
650 0.86
650 0.823077
650 0.867692
650 0.915385
650 0.958462
650 0.923077
650 0.898462
650 0.904615
650 0.907692
650 0.910769
650 0.915385
650 0.963077
700 0.847143
700 0.871429
700 0.908571
700 0.945714
700 0.924286
700 0.895714
700 0.895714
700 0.911429
700 0.94
700 0.957143
700 0.835714
700 0.89
700 0.872857
700 0.892857
700 0.817143
700 0.868571
700 0.66
700 0.814286
700 0.861429
700 0.915714
700 0.885714
700 0.887143
700 0.902857
700 0.915714
700 0.92
700 0.847143
700 0.961429
700 0.761429
700 0.914286
700 0.892857
700 0.838571
700 0.865714
700 0.852857
700 0.96
700 0.871429
700 0.834286
700 0.918571
700 0.91
700 0.938571
700 0.897143
700 0.814286
700 0.871429
700 0.948571
700 0.961429
700 0.737143
700 0.937143
700 0.881429
700 0.954286
700 0.925714
700 0.944286
700 0.922857
700 0.825714
700 0.934286
700 0.87
700 0.825714
700 0.897143
700 0.904286
700 0.877143
700 0.832857
700 0.855714
700 0.79
700 0.86
700 0.882857
700 0.704286
700 0.93
700 0.912857
700 0.904286
700 0.901429
700 0.888571
700 0.805714
700 0.895714
700 0.897143
700 0.868571
700 0.838571
700 0.957143
750 0.922667
750 0.866667
750 0.898667
750 0.897333
750 0.906667
750 0.898667
750 0.854667
750 0.870667
750 0.88
750 0.945333
750 0.785333
750 0.949333
750 0.937333
750 0.912
750 0.886667
750 0.857333
750 0.912
750 0.909333
750 0.909333
750 0.929333
750 0.978667
750 0.92
750 0.712
750 0.902667
750 0.932
750 0.898667
750 0.937333
750 0.844
750 0.861333
750 0.897333
750 0.908
750 0.890667
750 0.841333
750 0.896
750 0.862667
750 0.76
750 0.914667
750 0.814667
750 0.857333
750 0.934667
750 0.941333
750 0.762667
750 0.88
750 0.922667
750 0.913333
750 0.874667
750 0.869333
750 0.781333
750 0.92
750 0.916
750 0.958667
750 0.958667
750 0.862667
750 0.898667
750 0.850667
750 0.933333
750 0.946667
750 0.841333
750 0.912
750 0.886667
750 0.886667
750 0.896
750 0.906667
750 0.810667
750 0.889333
750 0.884
750 0.885333
750 0.870667
750 0.917333
750 0.96
750 0.876
750 0.884
750 0.848
750 0.904
750 0.8
800 0.88
800 0.8175
800 0.88875
800 0.9525
800 0.795
800 0.8775
800 0.74125
800 0.9
800 0.93125
800 0.9375
800 0.84375
800 0.8525
800 0.96
800 0.90625
800 0.8925
800 0.7225
800 0.87
800 0.87375
800 0.94375
800 0.9025
800 0.95125
800 0.905
800 0.9275
800 0.9225
800 0.92
800 0.9075
800 0.83625
800 0.945
800 0.93375
800 0.87875
800 0.93
800 0.94375
800 0.86125
800 0.87375
800 0.95875
800 0.88625
800 0.8625
800 0.9375
800 0.87125
800 0.885
800 0.915
800 0.91375
800 0.92625
800 0.74
800 0.84875
800 0.8925
800 0.8625
800 0.8675
800 0.92125
800 0.8875
800 0.8625
800 0.9175
800 0.96125
800 0.88625
800 0.82375
800 0.94
800 0.86375
800 0.95625
800 0.85125
800 0.87875
800 0.9375
800 0.935
800 0.92875
800 0.9275
800 0.86875
800 0.915
800 0.9025
800 0.9225
800 0.86
800 0.89125
800 0.9025
800 0.935
800 0.87875
800 0.94375
800 0.91
850 0.905882
850 0.937647
850 0.904706
850 0.968235
850 0.903529
850 0.897647
850 0.903529
850 0.895294
850 0.878824
850 0.822353
850 0.791765
850 0.894118
850 0.861176
850 0.892941
850 0.944706
850 0.869412
850 0.858824
850 0.944706
850 0.844706
850 0.905882
850 0.881176
850 0.952941
850 0.874118
850 0.845882
850 0.912941
850 0.888235
850 0.909412
850 0.935294
850 0.891765
850 0.902353
850 0.861176
850 0.884706
850 0.971765
850 0.891765
850 0.887059
850 0.776471
850 0.927059
850 0.843529
850 0.941176
850 0.9
850 0.857647
850 0.909412
850 0.928235
850 0.941176
850 0.901176
850 0.890588
850 0.907059
850 0.896471
850 0.836471
850 0.848235
850 0.947059
850 0.830588
850 0.888235
850 0.948235
850 0.832941
850 0.943529
850 0.909412
850 0.948235
850 0.872941
850 0.947059
850 0.862353
850 0.956471
850 0.882353
850 0.897647
850 0.907059
850 0.950588
850 0.845882
850 0.925882
850 0.865882
850 0.897647
850 0.908235
850 0.888235
850 0.912941
850 0.894118
850 0.978824
900 0.933333
900 0.907778
900 0.967778
900 0.823333
900 0.916667
900 0.935556
900 0.89
900 0.878889
900 0.915556
900 0.888889
900 0.928889
900 0.917778
900 0.904444
900 0.941111
900 0.897778
900 0.977778
900 0.874444
900 0.856667
900 0.878889
900 0.933333
900 0.885556
900 0.917778
900 0.931111
900 0.916667
900 0.806667
900 0.751111
900 0.72
900 0.883333
900 0.69
900 0.938889
900 0.913333
900 0.932222
900 0.836667
900 0.893333
900 0.656667
900 0.964444
900 0.89
900 0.882222
900 0.925556
900 0.947778
900 0.688889
900 0.865556
900 0.837778
900 0.826667
900 0.937778
900 0.942222
900 0.916667
900 0.894444
900 0.916667
900 0.956667
900 0.983333
900 0.841111
900 0.814444
900 0.876667
900 0.892222
900 0.946667
900 0.897778
900 0.893333
900 0.937778
900 0.943333
900 0.962222
900 0.847778
900 0.915556
900 0.765556
900 0.88
900 0.897778
900 0.878889
900 0.95
900 0.951111
900 0.897778
900 0.877778
900 0.91
900 0.945556
900 0.883333
900 0.887778
950 0.925263
950 0.88
950 0.936842
950 0.950526
950 0.877895
950 0.848421
950 0.817895
950 0.886316
950 0.933684
950 0.892632
950 0.811579
950 0.941053
950 0.910526
950 0.924211
950 0.935789
950 0.910526
950 0.941053
950 0.956842
950 0.910526
950 0.924211
950 0.961053
950 0.861053
950 0.94
950 0.936842
950 0.923158
950 0.929474
950 0.788421
950 0.921053
950 0.891579
950 0.865263
950 0.969474
950 0.927368
950 0.918947
950 0.947368
950 0.898947
950 0.92
950 0.876842
950 0.882105
950 0.962105
950 0.901053
950 0.857895
950 0.885263
950 0.883158
950 0.887368
950 0.968421
950 0.84
950 0.946316
950 0.950526
950 0.930526
950 0.838947
950 0.871579
950 0.92
950 0.854737
950 0.864211
950 0.7
950 0.937895
950 0.850526
950 0.902105
950 0.876842
950 0.889474
950 0.856842
950 0.817895
950 0.917895
950 0.895789
950 0.923158
950 0.890526
950 0.896842
950 0.948421
950 0.837895
950 0.991579
950 0.929474
950 0.858947
950 0.950526
950 0.861053
950 0.928421
1000 0.879
1000 0.858
1000 0.955
1000 0.871
1000 0.933
1000 0.877
1000 0.879
1000 0.931
1000 0.877
1000 0.779
1000 0.968
1000 0.874
1000 0.954
1000 0.95
1000 0.903
1000 0.944
1000 0.87
1000 0.881
1000 0.951
1000 0.943
1000 0.908
1000 0.855
1000 0.843
1000 0.918
1000 0.947
1000 0.877
1000 0.907
1000 0.922
1000 0.924
1000 0.912
1000 0.959
1000 0.93
1000 0.937
1000 0.917
1000 0.833
1000 0.948
1000 0.947
1000 0.925
1000 0.915
1000 0.911
1000 0.803
1000 0.886
1000 0.884
1000 0.836
1000 0.918
1000 0.888
1000 0.944
1000 0.937
1000 0.886
1000 0.948
1000 0.925
1000 0.907
1000 0.877
1000 0.904
1000 0.947
1000 0.919
1000 0.906
1000 0.886
1000 0.9
1000 0.888
1000 0.884
1000 0.896
1000 0.884
1000 0.931
1000 0.995
1000 0.948
1000 0.944
1000 0.859
1000 0.891
1000 0.926
1000 0.938
1000 0.917
1000 0.857
1000 0.929
1000 0.919
1050 0.86
1050 0.878095
1050 0.910476
1050 0.933333
1050 0.68
1050 0.957143
1050 0.827619
1050 0.842857
1050 0.934286
1050 0.868571
1050 0.914286
1050 0.929524
1050 0.84381
1050 0.893333
1050 0.935238
1050 0.960952
1050 0.849524
1050 0.91619
1050 0.927619
1050 0.907619
1050 0.862857
1050 0.941905
1050 0.854286
1050 0.877143
1050 0.857143
1050 0.849524
1050 0.957143
1050 0.902857
1050 0.898095
1050 0.884762
1050 0.941905
1050 0.955238
1050 0.849524
1050 0.939048
1050 0.912381
1050 0.851429
1050 0.998095
1050 0.889524
1050 0.870476
1050 0.88381
1050 0.946667
1050 0.908571
1050 0.774286
1050 0.898095
1050 0.911429
1050 0.900952
1050 0.889524
1050 0.893333
1050 0.889524
1050 0.878095
1050 0.91619
1050 0.860952
1050 0.95619
1050 0.871429
1050 0.909524
1050 0.926667
1050 0.902857
1050 0.93619
1050 0.939048
1050 0.957143
1050 0.881905
1050 0.898095
1050 0.9
1050 0.964762
1050 0.897143
1050 0.88381
1050 0.88381
1050 0.944762
1050 0.906667
1050 0.848571
1050 0.940952
1050 0.885714
1050 0.932381
1050 0.9
1050 0.906667
1100 0.947273
1100 0.893636
1100 0.99
1100 0.879091
1100 0.96
1100 0.852727
1100 0.838182
1100 0.940909
1100 0.905455
1100 0.885455
1100 0.948182
1100 0.938182
1100 0.918182
1100 0.907273
1100 0.957273
1100 0.926364
1100 0.842727
1100 0.753636
1100 0.894545
1100 0.907273
1100 0.917273
1100 0.889091
1100 0.910909
1100 0.945455
1100 0.883636
1100 0.951818
1100 0.885455
1100 0.916364
1100 0.920909
1100 0.880909
1100 0.884545
1100 0.877273
1100 0.911818
1100 0.92
1100 0.9
1100 0.918182
1100 0.878182
1100 0.983636
1100 0.889091
1100 0.937273
1100 0.897273
1100 0.931818
1100 0.846364
1100 0.896364
1100 0.869091
1100 0.949091
1100 0.880909
1100 0.89
1100 0.955455
1100 0.941818
1100 0.874545
1100 0.873636
1100 0.979091
1100 0.801818
1100 0.904545
1100 0.918182
1100 0.866364
1100 0.96
1100 0.686364
1100 0.897273
1100 0.918182
1100 0.918182
1100 0.921818
1100 0.922727
1100 0.926364
1100 0.903636
1100 0.843636
1100 0.886364
1100 0.952727
1100 0.965455
1100 0.893636
1100 0.922727
1100 0.966364
1100 0.933636
1100 0.409091
1150 0.904348
1150 0.929565
1150 0.815652
1150 0.913043
1150 0.950435
1150 0.895652
1150 0.873043
1150 0.871304
1150 0.876522
1150 0.873043
1150 0.915652
1150 0.910435
1150 0.915652
1150 0.881739
1150 0.942609
1150 0.898261
1150 0.905217
1150 0.809565
1150 0.944348
1150 0.867826
1150 0.876522
1150 0.906087
1150 0.85913
1150 0.854783
1150 0.893043
1150 0.927826
1150 0.946957
1150 0.886087
1150 0.92
1150 0.952174
1150 0.866087
1150 0.941739
1150 0.906087
1150 0.89913
1150 0.912174
1150 0.929565
1150 0.887826
1150 0.948696
1150 0.889565
1150 0.943478
1150 0.871304
1150 0.96
1150 0.896522
1150 0.92087
1150 0.915652
1150 0.755652
1150 0.892174
1150 0.949565
1150 0.89913
1150 0.944348
1150 0.935652
1150 0.941739
1150 0.925217
1150 0.735652
1150 0.887826
1150 0.945217
1150 0.915652
1150 0.838261
1150 0.933913
1150 0.928696
1150 0.9
1150 0.902609
1150 0.916522
1150 0.735652
1150 0.853913
1150 0.951304
1150 0.866087
1150 0.954783
1150 0.962609
1150 0.974783
1150 0.921739
1150 0.923478
1150 0.904348
1150 0.893913
1150 0.944348
1200 0.920833
1200 0.880833
1200 0.856667
1200 0.88
1200 0.86
1200 0.880833
1200 0.875
1200 0.935
1200 0.781667
1200 0.8225
1200 0.919167
1200 0.856667
1200 0.905
1200 0.8875
1200 0.976667
1200 0.895
1200 0.97
1200 0.8575
1200 0.906667
1200 0.950833
1200 0.921667
1200 0.903333
1200 0.988333
1200 0.905833
1200 0.940833
1200 0.913333
1200 0.859167
1200 0.8625
1200 0.898333
1200 0.898333
1200 0.9175
1200 0.911667
1200 0.945
1200 0.876667
1200 0.9075
1200 0.835833
1200 0.88
1200 0.933333
1200 0.9125
1200 0.8875
1200 0.908333
1200 0.720833
1200 0.868333
1200 0.91
1200 0.883333
1200 0.9125
1200 0.870833
1200 0.931667
1200 0.981667
1200 0.8575
1200 0.903333
1200 0.925
1200 0.909167
1200 0.971667
1200 0.91
1200 0.880833
1200 0.919167
1200 0.91
1200 0.8525
1200 0.851667
1200 0.928333
1200 0.859167
1200 0.91
1200 0.9125
1200 0.8675
1200 0.889167
1200 0.933333
1200 0.881667
1200 0.929167
1200 0.879167
1200 0.919167
1200 0.835833
1200 0.9425
1200 0.959167
1200 0.938333
1250 0.9248
1250 0.92
1250 0.9256
1250 0.8728
1250 0.8792
1250 0.8744
1250 0.84
1250 0.912
1250 0.8944
1250 0.9144
1250 0.8568
1250 0.916
1250 0.8784
1250 0.8792
1250 0.9432
1250 0.9
1250 0.8952
1250 0.8648
1250 0.9592
1250 0.8928
1250 0.8488
1250 0.8336
1250 0.8832
1250 0.9328
1250 0.9336
1250 0.9408
1250 0.94
1250 0.8888
1250 0.928
1250 0.8768
1250 0.8848
1250 0.8856
1250 0.9112
1250 0.9688
1250 0.8392
1250 0.9536
1250 0.9288
1250 0.8448
1250 0.908
1250 0.8648
1250 0.9088
1250 0.8888
1250 0.8776
1250 0.8752
1250 0.8808
1250 0.9088
1250 0.7952
1250 0.9568
1250 0.9032
1250 0.856
1250 0.9472
1250 0.8904
1250 0.8656
1250 0.928
1250 0.9336
1250 0.9368
1250 0.936
1250 0.9464
1250 0.8832
1250 0.9144
1250 0.9648
1250 0.8472
1250 0.8888
1250 0.8768
1250 0.8376
1250 0.9552
1250 0.8904
1250 0.856
1250 0.9048
1250 0.9552
1250 0.9056
1250 0.9712
1250 0.9424
1250 0.8896
1250 0.908
1300 0.949231
1300 0.903846
1300 0.927692
1300 0.913846
1300 0.840769
1300 0.936154
1300 0.843077
1300 0.858462
1300 0.910769
1300 0.900769
1300 0.903846
1300 0.93
1300 0.89
1300 0.866923
1300 0.953077
1300 0.920769
1300 0.941538
1300 0.909231
1300 0.898462
1300 0.959231
1300 0.894615
1300 0.848462
1300 0.906154
1300 0.866154
1300 0.853846
1300 0.856923
1300 0.852308
1300 0.91
1300 0.892308
1300 0.941538
1300 0.919231
1300 0.921538
1300 0.816154
1300 0.946154
1300 0.933077
1300 0.904615
1300 0.891538
1300 0.879231
1300 0.891538
1300 0.851538
1300 0.883077
1300 0.926923
1300 0.903077
1300 0.918462
1300 0.948462
1300 0.890769
1300 0.96
1300 0.911538
1300 0.946923
1300 0.916923
1300 0.885385
1300 0.946154
1300 0.927692
1300 0.919231
1300 0.960769
1300 0.909231
1300 0.912308
1300 0.936923
1300 0.911538
1300 0.955385
1300 0.846923
1300 0.907692
1300 0.887692
1300 0.907692
1300 0.892308
1300 0.910769
1300 0.893077
1300 0.926154
1300 0.896923
1300 0.93
1300 0.953846
1300 0.78
1300 0.958462
1300 0.923077
1300 0.92
1350 0.914815
1350 0.916296
1350 0.948148
1350 0.92963
1350 0.88
1350 0.87037
1350 0.948148
1350 0.979259
1350 0.934074
1350 0.908148
1350 0.879259
1350 0.878519
1350 0.948889
1350 0.862222
1350 0.885926
1350 0.897778
1350 0.968148
1350 0.942963
1350 0.694074
1350 0.854074
1350 0.945185
1350 0.928148
1350 0.9
1350 0.894074
1350 0.839259
1350 0.96963
1350 0.837037
1350 0.948148
1350 0.945926
1350 0.917037
1350 0.963704
1350 0.914074
1350 0.913333
1350 0.948148
1350 0.888889
1350 0.908889
1350 0.945185
1350 0.86
1350 0.883704
1350 0.954815
1350 0.943704
1350 0.945926
1350 0.898519
1350 0.939259
1350 0.928889
1350 0.928148
1350 0.886667
1350 0.907407
1350 0.942222
1350 0.928148
1350 0.916296
1350 0.938519
1350 0.861481
1350 0.920741
1350 0.922222
1350 0.957037
1350 0.881481
1350 0.957778
1350 0.922222
1350 0.946667
1350 0.985185
1350 0.964444
1350 0.956296
1350 0.799259
1350 0.942222
1350 0.904444
1350 0.871852
1350 0.964444
1350 0.898519
1350 0.95037
1350 0.926667
1350 0.933333
1350 0.913333
1350 0.940741
1350 0.916296
1400 0.959286
1400 0.92
1400 0.846429
1400 0.874286
1400 0.851429
1400 0.969286
1400 0.932857
1400 0.905
1400 0.884286
1400 0.807143
1400 0.875714
1400 0.937857
1400 0.94
1400 0.905
1400 0.952143
1400 0.817143
1400 0.827857
1400 0.915714
1400 0.926429
1400 0.959286
1400 0.887857
1400 0.945
1400 0.96
1400 0.886429
1400 0.857143
1400 0.865
1400 0.917143
1400 0.887857
1400 0.937143
1400 0.930714
1400 0.91
1400 0.928571
1400 0.912857
1400 0.935
1400 0.882857
1400 0.928571
1400 0.859286
1400 0.916429
1400 0.868571
1400 0.903571
1400 0.955
1400 0.917857
1400 0.947857
1400 0.912857
1400 0.917143
1400 0.896429
1400 0.907143
1400 0.957857
1400 0.927857
1400 0.927143
1400 0.877143
1400 0.876429
1400 0.849286
1400 0.869286
1400 0.857143
1400 0.802143
1400 0.950714
1400 0.950714
1400 0.88
1400 0.882143
1400 0.900714
1400 0.851429
1400 0.920714
1400 0.897857
1400 0.902857
1400 0.883571
1400 0.856429
1400 0.945
1400 0.900714
1400 0.887857
1400 0.957857
1400 0.751429
1400 0.878571
1400 0.93
1400 0.905
1450 0.923448
1450 0.885517
1450 0.922069
1450 0.970345
1450 0.961379
1450 0.922069
1450 0.928276
1450 0.992414
1450 0.905517
1450 0.870345
1450 0.883448
1450 0.865517
1450 0.824828
1450 0.948276
1450 0.925517
1450 0.984138
1450 0.893103
1450 0.884828
1450 0.915172
1450 0.915862
1450 0.92069
1450 0.910345
1450 0.948966
1450 0.916552
1450 0.895862
1450 0.906207
1450 0.955862
1450 0.923448
1450 0.853793
1450 0.908276
1450 0.907586
1450 0.946897
1450 0.921379
1450 0.887586
1450 0.841379
1450 0.915172
1450 0.968966
1450 0.877241
1450 0.845517
1450 0.884138
1450 0.845517
1450 0.86069
1450 0.902069
1450 0.948276
1450 0.802069
1450 0.921379
1450 0.896552
1450 0.888966
1450 0.871724
1450 0.926207
1450 0.965517
1450 0.981379
1450 0.874483
1450 0.85931
1450 0.931034
1450 0.831034
1450 0.917241
1450 0.931724
1450 0.951724
1450 0.925517
1450 0.856552
1450 0.896552
1450 0.857241
1450 0.875172
1450 0.917931
1450 0.897241
1450 0.94069
1450 0.915862
1450 0.875862
1450 0.944138
1450 0.894483
1450 0.921379
1450 0.917931
1450 0.954483
1450 0.907586
1500 0.928
1500 0.867333
1500 0.905333
1500 0.923333
1500 0.88
1500 0.96
1500 0.909333
1500 0.940667
1500 0.891333
1500 0.854
1500 0.771333
1500 0.886
1500 0.930667
1500 0.928667
1500 0.869333
1500 0.952
1500 0.894667
1500 0.906
1500 0.869333
1500 0.890667
1500 0.955333
1500 0.888
1500 0.91
1500 0.858667
1500 0.958
1500 0.923333
1500 0.826
1500 0.913333
1500 0.889333
1500 0.863333
1500 0.922667
1500 0.914667
1500 0.973333
1500 0.949333
1500 0.904
1500 0.898667
1500 0.946
1500 0.903333
1500 0.876
1500 0.927333
1500 0.868
1500 0.903333
1500 0.93
1500 0.890667
1500 0.924
1500 0.892
1500 0.942
1500 0.988
1500 0.93
1500 0.942
1500 0.949333
1500 0.861333
1500 0.914
1500 0.942667
1500 0.802
1500 0.884
1500 0.927333
1500 0.962667
1500 0.879333
1500 0.99
1500 0.890667
1500 0.881333
1500 0.821333
1500 0.918667
1500 0.88
1500 0.965333
1500 0.89
1500 0.902
1500 0.929333
1500 0.901333
1500 0.892667
1500 0.91
1500 0.940667
1500 0.903333
1500 0.875333
1550 0.894839
1550 0.898065
1550 0.934839
1550 0.920645
1550 0.949032
1550 0.914194
1550 0.863226
1550 0.903871
1550 0.906452
1550 0.709677
1550 0.933548
1550 0.80129
1550 0.865806
1550 0.922581
1550 0.905806
1550 0.970968
1550 0.89871
1550 0.918065
1550 0.904516
1550 0.905161
1550 0.893548
1550 0.916129
1550 0.885806
1550 0.879355
1550 0.896129
1550 0.91871
1550 0.956129
1550 0.925806
1550 0.763871
1550 0.945806
1550 0.933548
1550 0.943871
1550 0.952903
1550 0.925806
1550 0.89871
1550 0.922581
1550 0.86
1550 0.870323
1550 0.887097
1550 0.919355
1550 0.891613
1550 0.947097
1550 0.890968
1550 0.890968
1550 0.814194
1550 0.927097
1550 0.907742
1550 0.883226
1550 0.899355
1550 0.942581
1550 0.931613
1550 0.914839
1550 0.930968
1550 0.912258
1550 0.885161
1550 0.829032
1550 0.923871
1550 0.890968
1550 0.89871
1550 0.892903
1550 0.915484
1550 0.919355
1550 0.94129
1550 0.907742
1550 0.82
1550 0.856129
1550 0.911613
1550 0.925161
1550 0.919355
1550 0.959355
1550 0.885806
1550 0.929032
1550 0.928387
1550 0.89871
1550 0.890323
1600 0.87375
1600 0.90875
1600 0.904375
1600 0.90125
1600 0.960625
1600 0.88875
1600 0.93125
1600 0.8475
1600 0.91125
1600 0.908125
1600 0.906875
1600 0.925
1600 0.92375
1600 0.906875
1600 0.916875
1600 0.9075
1600 0.96125
1600 0.845625
1600 0.91625
1600 0.879375
1600 0.9225
1600 0.920625
1600 0.9
1600 0.9275
1600 0.940625
1600 0.98
1600 0.94875
1600 0.915
1600 0.915625
1600 0.936875
1600 0.91
1600 0.955
1600 0.84125
1600 0.875
1600 0.9125
1600 0.9325
1600 0.931875
1600 0.96125
1600 0.901875
1600 0.938125
1600 0.95125
1600 0.99125
1600 0.943125
1600 0.840625
1600 0.91625
1600 0.929375
1600 0.920625
1600 0.951875
1600 0.93125
1600 0.88375
1600 0.9525
1600 0.955625
1600 0.909375
1600 0.961875
1600 0.91875
1600 0.943125
1600 0.898125
1600 0.95625
1600 0.923125
1600 0.968125
1600 0.940625
1600 0.865625
1600 0.88625
1600 0.89125
1600 0.9075
1600 0.93875
1600 0.899375
1600 0.901875
1600 0.87125
1600 0.918125
1600 0.885
1600 0.881875
1600 0.78875
1600 0.886875
1600 0.950625
1650 0.931515
1650 0.818788
1650 0.906061
1650 0.930303
1650 0.924848
1650 0.944242
1650 0.900606
1650 0.944242
1650 0.897576
1650 0.987273
1650 0.895152
1650 0.870303
1650 0.948485
1650 0.884242
1650 0.978788
1650 0.907273
1650 0.926061
1650 0.923636
1650 0.949697
1650 0.950303
1650 0.814545
1650 0.901212
1650 0.96
1650 0.89697
1650 0.878182
1650 0.890303
1650 0.918788
1650 0.980606
1650 0.937576
1650 0.931515
1650 0.937576
1650 0.842424
1650 0.902424
1650 0.919394
1650 0.907273
1650 0.891515
1650 0.954545
1650 0.932727
1650 0.974545
1650 0.830909
1650 0.967273
1650 0.94
1650 0.90303
1650 0.947879
1650 0.904242
1650 0.858788
1650 0.907273
1650 0.927879
1650 0.92303
1650 0.939394
1650 0.841212
1650 0.964848
1650 0.963636
1650 0.954545
1650 0.907879
1650 0.967879
1650 0.952121
1650 0.931515
1650 0.933939
1650 0.904242
1650 0.947879
1650 0.913333
1650 0.898182
1650 0.825455
1650 0.929697
1650 0.795152
1650 0.92
1650 0.919394
1650 0.91697
1650 0.910909
1650 0.905455
1650 0.894545
1650 0.917576
1650 0.853333
1650 0.908485
1700 0.846471
1700 0.929412
1700 0.924706
1700 0.918824
1700 0.877647
1700 0.884118
1700 0.902353
1700 0.904706
1700 0.894118
1700 0.943529
1700 0.894706
1700 0.922941
1700 0.845294
1700 0.875294
1700 0.887647
1700 0.92
1700 0.881765
1700 0.944118
1700 0.893529
1700 0.922941
1700 0.917059
1700 0.857647
1700 0.924706
1700 0.928824
1700 0.968824
1700 0.884706
1700 0.893529
1700 0.952353
1700 0.928235
1700 0.881176
1700 0.867059
1700 0.938235
1700 0.921176
1700 0.894706
1700 0.861765
1700 0.942941
1700 0.898824
1700 0.872941
1700 0.931176
1700 0.925882
1700 0.865294
1700 0.860588
1700 0.955294
1700 0.882353
1700 0.892353
1700 0.889412
1700 0.916471
1700 0.931765
1700 0.847059
1700 0.930588
1700 0.975882
1700 0.883529
1700 0.960588
1700 0.863529
1700 0.912941
1700 0.904118
1700 0.913529
1700 0.861765
1700 0.917647
1700 0.876471
1700 0.957059
1700 0.871176
1700 0.795294
1700 0.888824
1700 0.903529
1700 0.89
1700 0.858824
1700 0.927647
1700 0.923529
1700 0.890588
1700 0.932353
1700 0.951176
1700 0.912353
1700 0.937059
1700 0.946471
1750 0.897714
1750 0.872
1750 0.866286
1750 0.924571
1750 0.898857
1750 0.872571
1750 0.878286
1750 0.810286
1750 0.900571
1750 0.915429
1750 0.929714
1750 0.872
1750 0.892571
1750 0.958286
1750 0.891429
1750 0.942286
1750 0.911429
1750 0.898286
1750 0.918286
1750 0.892571
1750 0.841714
1750 0.956571
1750 0.947429
1750 0.906857
1750 0.86
1750 0.916571
1750 0.925714
1750 0.931429
1750 0.949143
1750 0.893714
1750 0.974286
1750 0.864
1750 0.938286
1750 0.957143
1750 0.917143
1750 0.966857
1750 0.932
1750 0.853714
1750 0.76
1750 0.965143
1750 0.933714
1750 0.875429
1750 0.964571
1750 0.868571
1750 0.933714
1750 0.905714
1750 0.938286
1750 0.870286
1750 0.888571
1750 0.880571
1750 0.901714
1750 0.937143
1750 0.849143
1750 0.928
1750 0.906286
1750 0.929143
1750 0.914857
1750 0.908571
1750 0.938857
1750 0.946286
1750 0.910286
1750 0.862857
1750 0.866857
1750 0.923429
1750 0.862286
1750 0.901714
1750 0.822857
1750 0.886857
1750 0.851429
1750 0.878857
1750 0.676
1750 0.905143
1750 0.894286
1750 0.853714
1750 0.846857
1800 0.913889
1800 0.933889
1800 0.920556
1800 0.907778
1800 0.95
1800 0.923889
1800 0.91
1800 0.93
1800 0.934444
1800 0.907222
1800 0.872778
1800 0.956111
1800 0.973889
1800 0.966111
1800 0.997778
1800 0.898333
1800 0.839444
1800 0.916667
1800 0.786667
1800 0.894444
1800 0.911111
1800 0.93
1800 0.950556
1800 0.866667
1800 0.877778
1800 0.848333
1800 0.950556
1800 0.933333
1800 0.95
1800 0.886111
1800 0.950556
1800 0.868889
1800 0.926111
1800 0.976667
1800 0.965
1800 0.938889
1800 0.774444
1800 0.866111
1800 0.896111
1800 0.9
1800 0.886667
1800 0.921111
1800 0.943889
1800 0.953333
1800 0.937222
1800 0.924444
1800 0.933889
1800 0.932222
1800 0.89
1800 0.922778
1800 0.869444
1800 0.957222
1800 0.818333
1800 0.898889
1800 0.928889
1800 0.900556
1800 0.915556
1800 0.871111
1800 0.906111
1800 0.938333
1800 0.922778
1800 0.880556
1800 0.902222
1800 0.932222
1800 0.852778
1800 0.925
1800 0.928333
1800 0.915556
1800 0.898889
1800 0.917222
1800 0.931111
1800 0.877778
1800 0.928889
1800 0.965
1800 0.923889
1850 0.978919
1850 0.863243
1850 0.956757
1850 0.870811
1850 0.913514
1850 0.845946
1850 0.936216
1850 0.922162
1850 0.927568
1850 0.9
1850 0.902162
1850 0.858919
1850 0.954595
1850 0.90973
1850 0.923243
1850 0.962162
1850 0.948108
1850 0.84973
1850 0.898378
1850 0.936757
1850 0.918378
1850 0.841622
1850 0.928108
1850 0.895676
1850 0.839459
1850 0.908649
1850 0.894054
1850 0.828108
1850 0.754595
1850 0.943243
1850 0.965946
1850 0.895135
1850 0.836216
1850 0.948108
1850 0.886486
1850 0.934054
1850 0.918919
1850 0.951351
1850 0.931892
1850 0.870811
1850 0.957838
1850 0.894054
1850 0.89027
1850 0.956757
1850 0.809189
1850 0.903784
1850 0.944865
1850 0.864324
1850 0.942703
1850 0.904865
1850 0.910811
1850 0.921081
1850 0.918378
1850 0.971351
1850 0.850811
1850 0.95027
1850 0.915676
1850 0.887027
1850 0.936757
1850 0.938378
1850 0.907568
1850 0.903243
1850 0.917838
1850 0.976216
1850 0.911351
1850 0.916216
1850 0.861081
1850 0.914054
1850 0.884865
1850 0.942703
1850 0.899459
1850 0.921081
1850 0.94
1850 0.898919
1850 0.931892
1900 0.904737
1900 0.891053
1900 0.944737
1900 0.918947
1900 0.937895
1900 0.922105
1900 0.936316
1900 0.897368
1900 0.847368
1900 0.924211
1900 0.924737
1900 0.879474
1900 0.927895
1900 0.897895
1900 0.921053
1900 0.908421
1900 0.927895
1900 0.887895
1900 0.852632
1900 0.893158
1900 0.931579
1900 0.895263
1900 0.886842
1900 0.847368
1900 0.842105
1900 0.942105
1900 0.934211
1900 0.950526
1900 0.925789
1900 0.954737
1900 0.968421
1900 0.943684
1900 0.946842
1900 0.860526
1900 0.885789
1900 0.883684
1900 0.968421
1900 0.95
1900 0.962105
1900 0.903158
1900 0.88
1900 0.888421
1900 0.903684
1900 0.884211
1900 0.937368
1900 0.908947
1900 0.94
1900 0.894211
1900 0.881579
1900 0.907895
1900 0.958421
1900 0.936316
1900 0.966842
1900 0.924737
1900 0.931053
1900 0.928947
1900 0.936316
1900 0.953158
1900 0.942632
1900 0.882632
1900 0.937368
1900 0.867368
1900 0.880526
1900 0.932105
1900 0.927895
1900 0.908947
1900 0.899474
1900 0.943684
1900 0.854737
1900 0.891579
1900 0.892105
1900 0.953158
1900 0.972632
1900 0.894737
1900 0.874211
1950 0.848718
1950 0.958462
1950 0.937949
1950 0.900513
1950 0.917949
1950 0.932821
1950 0.968718
1950 0.882564
1950 0.919487
1950 0.896923
1950 0.962051
1950 0.889744
1950 0.948205
1950 0.92359
1950 0.902051
1950 0.933333
1950 0.931282
1950 0.849744
1950 0.916923
1950 0.895897
1950 0.874872
1950 0.915385
1950 0.924615
1950 0.898974
1950 0.880513
1950 0.946667
1950 0.871282
1950 0.880513
1950 0.79641
1950 0.971282
1950 0.905128
1950 0.835897
1950 0.953846
1950 0.893846
1950 0.955385
1950 0.887692
1950 0.900513
1950 0.932308
1950 0.885641
1950 0.890769
1950 0.950256
1950 0.935897
1950 0.924103
1950 0.893846
1950 0.98
1950 0.968205
1950 0.921538
1950 0.912821
1950 0.890256
1950 0.922564
1950 0.881538
1950 0.954359
1950 0.855897
1950 0.909744
1950 0.9
1950 0.865641
1950 0.900513
1950 0.89641
1950 0.834872
1950 0.987692
1950 0.84359
1950 0.954359
1950 0.886667
1950 0.862564
1950 0.918974
1950 0.946667
1950 0.95641
1950 0.851795
1950 0.793333
1950 0.860513
1950 0.907179
1950 0.959487
1950 0.943077
1950 0.941538
1950 0.912308
2000 0.873
2000 0.931
2000 0.927
2000 0.925
2000 0.921
2000 0.874
2000 0.953
2000 0.8865
2000 0.871
2000 0.913
2000 0.9595
2000 0.9095
2000 0.9495
2000 0.8885
2000 0.941
2000 0.924
2000 0.8885
2000 0.9545
2000 0.901
2000 0.9195
2000 0.812
2000 0.876
2000 0.9645
2000 0.926
2000 0.909
2000 0.9255
2000 0.906
2000 0.893
2000 0.946
2000 0.92
2000 0.892
2000 0.9185
2000 0.915
2000 0.881
2000 0.9055
2000 0.9165
2000 0.9445
2000 0.922
2000 0.8955
2000 0.8215
2000 0.8675
2000 0.9305
2000 0.9255
2000 0.7915
2000 0.916
2000 0.98
2000 0.8995
2000 0.9825
2000 0.916
2000 0.9375
2000 0.9205
2000 0.8825
2000 0.9545
2000 0.922
2000 0.9095
2000 0.908
2000 0.9385
2000 0.934
2000 0.868
2000 0.982
2000 0.8865
2000 0.862
2000 0.882
2000 0.9365
2000 0.947
2000 0.869
2000 0.937
2000 0.835
2000 0.912
2000 0.919
2000 0.8525
2000 0.907
2000 0.8955
2000 0.9185
2000 0.8825
