50 0.28
50 0.5
50 0.02
50 0.18
50 0.28
50 0.18
50 0.44
50 0.54
50 0.02
50 0.32
50 0.14
50 0.14
50 0.36
50 0.44
50 0.16
50 0.2
50 0
50 0.58
50 0.1
50 0.02
50 0.16
50 0.04
50 0
50 0
50 0.2
50 0.68
50 0.3
50 0.58
50 0.18
50 0.14
50 0
50 0.06
50 0.58
50 0.34
50 0.08
50 0.1
50 0.68
50 0.08
50 0.78
50 0
50 0.08
50 0.22
50 0.14
50 0.74
50 0.56
50 0.4
50 0.22
50 0.68
50 0.4
50 0.32
50 0.48
50 0.08
50 0.02
50 0.32
50 0.62
50 0
50 0.44
50 0.24
50 0.02
50 0.08
50 0.4
50 0.32
50 0.2
50 0.08
50 0.76
50 0.26
50 0
50 0.04
50 0.44
50 0
50 0.1
50 0.26
50 0.2
50 0.72
50 0.14
100 0.23
100 0.26
100 0.52
100 0.7
100 0.7
100 0.79
100 0.57
100 0.86
100 0.84
100 0.46
100 0.86
100 0.55
100 0.28
100 0.38
100 0.95
100 0.18
100 0.68
100 0.42
100 0.29
100 0.7
100 0.69
100 0.7
100 0.57
100 0.6
100 0.53
100 0.38
100 0.03
100 0.5
100 0.2
100 0.6
100 0.75
100 0.45
100 0.25
100 0.76
100 0.77
100 0.51
100 0.7
100 0.59
100 0.2
100 0.44
100 0.67
100 0.84
100 0.23
100 0.83
100 0.84
100 0.8
100 0.2
100 0.67
100 0.46
100 0.59
100 0.35
100 0.34
100 0.64
100 0.63
100 0.51
100 0.97
100 0.84
100 0.78
100 0.79
100 0.78
100 0.76
100 0.58
100 0.51
100 0.86
100 0.55
100 0.16
100 0.65
100 0.6
100 0.81
100 0.65
100 0.03
100 0.66
100 0.51
100 0.09
100 0.9
150 0.686667
150 0.633333
150 0.793333
150 0.72
150 0.56
150 0.946667
150 0.733333
150 0.906667
150 0.846667
150 0.893333
150 0.846667
150 0.673333
150 0.493333
150 0.506667
150 0.86
150 0.726667
150 0.7
150 0.62
150 0.713333
150 0.813333
150 0.826667
150 0.886667
150 0.573333
150 0.66
150 0.88
150 0.766667
150 0.386667
150 0.813333
150 0.94
150 0.766667
150 0.746667
150 0.766667
150 0.786667
150 0.973333
150 0.693333
150 0.566667
150 0.4
150 0.533333
150 0.513333
150 0.86
150 0.913333
150 0.373333
150 0.32
150 0.413333
150 0.273333
150 0.88
150 0.86
150 0.853333
150 0.853333
150 0.353333
150 0.64
150 0.526667
150 0.746667
150 0.833333
150 0.686667
150 0.72
150 0.84
150 0.806667
150 0.36
150 0.72
150 0.873333
150 0.793333
150 0.953333
150 0.78
150 0.873333
150 0.753333
150 0.713333
150 0.306667
150 0.906667
150 0.506667
150 0.786667
150 0.42
150 0.726667
150 0.746667
150 0.82
200 0.655
200 0.395
200 0.93
200 0.76
200 0.715
200 0.83
200 0.64
200 0.875
200 0.74
200 0.865
200 0.915
200 0.58
200 0.8
200 0.89
200 0.715
200 0.74
200 0.85
200 0.825
200 0.895
200 0.855
200 0.76
200 0.935
200 0.195
200 0.96
200 0.77
200 0.665
200 0.955
200 0.59
200 0.71
200 0.755
200 0.725
200 0.875
200 0.765
200 0.87
200 0.71
200 0.91
200 0.6
200 0.76
200 0.795
200 0.5
200 0.68
200 0.92
200 0.83
200 0.55
200 0.915
200 0.78
200 0.835
200 0.735
200 0.845
200 0.965
200 0.665
200 0.52
200 0.85
200 0.81
200 0.915
200 0.895
200 0.905
200 0.63
200 0.86
200 0.625
200 0.51
200 0.94
200 0.895
200 0.84
200 0.84
200 0.665
200 0.625
200 0.805
200 0.87
200 0.92
200 0.675
200 0.615
200 0.825
200 0.875
200 0.8
250 0.784
250 0.908
250 0.916
250 0.812
250 0.884
250 0.816
250 0.804
250 0.932
250 0.688
250 0.796
250 0.848
250 0.816
250 0.852
250 0.828
250 0.804
250 0.936
250 0.988
250 0.812
250 0.8
250 0.864
250 0.9
250 0.788
250 0.756
250 0.784
250 0.944
250 0.98
250 0.844
250 0.968
250 0.832
250 0.884
250 0.756
250 0.868
250 0.94
250 0.772
250 0.796
250 0.692
250 0.904
250 0.716
250 0.88
250 0.636
250 0.632
250 0.892
250 0.912
250 0.488
250 0.92
250 0.932
250 0.92
250 0.58
250 0.924
250 0.888
250 0.916
250 0.892
250 0.708
250 0.792
250 0.88
250 0.996
250 0.812
250 0.884
250 0.896
250 0.952
250 0.892
250 0.824
250 0.916
250 0.86
250 0.76
250 0.86
250 0.848
250 0.924
250 0.844
250 0.932
250 0.804
250 0.816
250 0.956
250 0.948
250 0.824
300 0.853333
300 0.97
300 0.873333
300 0.916667
300 0.796667
300 0.483333
300 0.89
300 0.71
300 0.903333
300 0.813333
300 0.943333
300 0.766667
300 0.84
300 0.933333
300 0.94
300 0.793333
300 0.906667
300 0.846667
300 0.843333
300 0.873333
300 0.726667
300 0.916667
300 0.833333
300 0.923333
300 0.95
300 0.906667
300 0.906667
300 0.86
300 0.87
300 0.94
300 0.846667
300 0.843333
300 0.8
300 0.87
300 0.893333
300 0.946667
300 0.756667
300 0.953333
300 0.843333
300 0.966667
300 0.843333
300 0.943333
300 0.963333
300 0.816667
300 0.803333
300 0.72
300 0.816667
300 0.726667
300 0.523333
300 0.933333
300 0.803333
300 0.936667
300 0.753333
300 0.746667
300 0.813333
300 0.89
300 0.94
300 0.883333
300 0.796667
300 0.84
300 0.873333
300 0.763333
300 0.923333
300 0.813333
300 0.96
300 0.953333
300 0.96
300 0.886667
300 0.883333
300 0.963333
300 0.656667
300 0.9
300 0.923333
300 0.81
300 0.856667
350 0.874286
350 0.977143
350 0.92
350 0.817143
350 0.94
350 0.597143
350 0.757143
350 0.945714
350 0.888571
350 0.954286
350 0.805714
350 0.831429
350 0.971429
350 0.951429
350 0.934286
350 0.688571
350 0.86
350 0.897143
350 0.802857
350 0.848571
350 0.914286
350 0.748571
350 0.925714
350 0.897143
350 0.905714
350 0.954286
350 0.902857
350 0.902857
350 0.897143
350 0.882857
350 0.785714
350 0.988571
350 0.917143
350 0.948571
350 0.862857
350 0.888571
350 0.951429
350 0.605714
350 0.934286
350 0.785714
350 0.917143
350 0.92
350 0.891429
350 0.888571
350 0.974286
350 0.925714
350 0.705714
350 0.974286
350 0.731429
350 0.96
350 0.854286
350 0.851429
350 0.948571
350 0.848571
350 0.845714
350 0.965714
350 0.942857
350 0.845714
350 0.957143
350 0.771429
350 0.971429
350 0.84
350 0.911429
350 0.868571
350 0.671429
350 0.871429
350 0.96
350 0.877143
350 0.922857
350 0.86
350 0.942857
350 0.928571
350 0.777143
350 0.865714
350 0.857143
400 0.97
400 0.945
400 0.89
400 0.82
400 0.8
400 0.9175
400 0.91
400 0.6475
400 0.935
400 0.9425
400 0.8925
400 0.94
400 0.87
400 0.8
400 0.8575
400 0.9225
400 0.8575
400 0.62
400 0.91
400 0.925
400 0.9075
400 0.9025
400 0.9375
400 0.7625
400 0.91
400 0.92
400 0.82
400 0.645
400 0.8475
400 0.9125
400 0.8775
400 0.8325
400 0.89
400 0.8525
400 0.99
400 0.9675
400 0.8225
400 0.6875
400 0.9225
400 0.955
400 0.9675
400 0.93
400 0.955
400 0.8825
400 0.8575
400 0.9275
400 0.915
400 0.7775
400 0.9825
400 0.95
400 0.9075
400 0.8875
400 0.925
400 0.8725
400 0.8875
400 0.9175
400 0.98
400 0.935
400 0.9525
400 0.9525
400 0.9
400 0.83
400 0.865
400 0.955
400 0.885
400 0.8775
400 0.8525
400 0.91
400 0.855
400 0.94
400 0.775
400 0.8575
400 0.9175
400 0.9575
400 0.865
450 0.94
450 0.942222
450 0.88
450 0.962222
450 0.871111
450 0.846667
450 0.946667
450 0.933333
450 0.908889
450 0.875556
450 0.888889
450 0.853333
450 0.904444
450 0.948889
450 0.677778
450 0.935556
450 0.913333
450 0.855556
450 0.88
450 0.902222
450 0.917778
450 0.673333
450 0.648889
450 0.915556
450 0.882222
450 0.802222
450 0.915556
450 0.757778
450 0.937778
450 0.728889
450 0.913333
450 0.851111
450 0.973333
450 0.933333
450 0.871111
450 0.864444
450 0.908889
450 0.964444
450 0.891111
450 0.884444
450 0.853333
450 0.877778
450 0.797778
450 0.975556
450 0.904444
450 0.951111
450 0.811111
450 0.802222
450 0.915556
450 0.953333
450 0.911111
450 0.933333
450 0.886667
450 0.855556
450 0.891111
450 0.928889
450 0.911111
450 0.917778
450 0.92
450 0.964444
450 0.771111
450 0.913333
450 0.997778
450 0.906667
450 0.92
450 0.864444
450 0.857778
450 0.917778
450 0.964444
450 0.92
450 0.882222
450 0.875556
450 0.937778
450 0.842222
450 0.742222
500 0.928
500 0.886
500 0.976
500 0.946
500 0.778
500 0.942
500 0.9
500 0.956
500 0.83
500 0.902
500 0.808
500 0.882
500 0.84
500 0.946
500 0.916
500 0.868
500 0.946
500 0.912
500 0.93
500 0.886
500 0.938
500 0.942
500 0.936
500 0.88
500 0.882
500 0.906
500 0.944
500 0.984
500 0.966
500 0.95
500 0.868
500 0.884
500 0.864
500 0.97
500 0.902
500 0.958
500 0.912
500 0.898
500 0.934
500 0.924
500 0.946
500 0.976
500 0.874
500 0.878
500 0.9
500 0.874
500 0.904
500 0.886
500 0.92
500 0.97
500 0.848
500 0.906
500 0.876
500 0.818
500 0.94
500 0.968
500 0.946
500 0.932
500 0.962
500 0.984
500 0.898
500 0.898
500 0.99
500 0.946
500 0.974
500 0.842
500 0.902
500 0.884
500 0.91
500 0.942
500 0.952
500 0.974
500 0.926
500 0.906
500 0.906
550 0.734545
550 0.934545
550 0.963636
550 0.941818
550 0.918182
550 0.954545
550 0.934545
550 0.950909
550 0.945455
550 0.987273
550 0.834545
550 0.94
550 0.845455
550 0.929091
550 0.916364
550 0.921818
550 0.841818
550 0.892727
550 0.930909
550 0.929091
550 0.947273
550 0.82
550 0.865455
550 0.972727
550 0.967273
550 0.927273
550 0.878182
550 0.872727
550 0.929091
550 0.96
550 0.94
550 0.92
550 0.992727
550 0
550 0.847273
550 0.854545
550 0.930909
550 0.905455
550 0.967273
550 0.930909
550 0.9
550 0.932727
550 0.912727
550 0.910909
550 0.92
550 0.952727
550 0.629091
550 0.9
550 0.994545
550 0.705455
550 0.943636
550 0.916364
550 0.923636
550 0.803636
550 0.883636
550 0.749091
550 0.963636
550 0.883636
550 0.909091
550 0.689091
550 0.890909
550 0.927273
550 0.936364
550 0.927273
550 0.941818
550 0.94
550 0.952727
550 0.990909
550 0.930909
550 0.796364
550 0.921818
550 0.901818
550 0.845455
550 0.9
550 0.921818
600 0.948333
600 0.936667
600 0.855
600 0.896667
600 0.966667
600 0.948333
600 0.943333
600 0.938333
600 0.943333
600 0.905
600 0.858333
600 0.941667
600 0.793333
600 0.95
600 0.896667
600 0.866667
600 0.935
600 0.89
600 0.955
600 0.965
600 0.91
600 0.94
600 0.965
600 0.991667
600 0.875
600 0.958333
600 0.943333
600 0.938333
600 0.923333
600 0.938333
600 0.875
600 0.916667
600 0.893333
600 0.95
600 0.94
600 0.946667
600 0.931667
600 0.788333
600 0.915
600 0.94
600 0.935
600 0.975
600 0.92
600 0.86
600 0.956667
600 0.938333
600 0.881667
600 0.8
600 0.906667
600 0.866667
600 0.865
600 0.935
600 0.95
600 0.956667
600 0.875
600 0.928333
600 0.881667
600 0.926667
600 0.923333
600 0.915
600 0.908333
600 0.935
600 0.883333
600 0.878333
600 0.931667
600 0.938333
600 0.926667
600 0.923333
600 0.871667
600 0.936667
600 0.903333
600 0.938333
600 0.876667
600 0.95
600 0.766667
650 0.944615
650 0.833846
650 0.923077
650 0.912308
650 0.941538
650 0.929231
650 0.923077
650 0.9
650 0.935385
650 0.927692
650 0.866154
650 0.981538
650 0.969231
650 0.926154
650 0.870769
650 0.932308
650 0.950769
650 0.792308
650 0.955385
650 0.923077
650 0.863077
650 0.861538
650 0.952308
650 0.913846
650 0.775385
650 0.923077
650 0.92
650 0.94
650 0.947692
650 0.973846
650 0.833846
650 0.935385
650 0.907692
650 0.946154
650 0.903077
650 0.963077
650 0.732308
650 0.955385
650 0.838462
650 0.912308
650 0.935385
650 0.952308
650 0.94
650 0.963077
650 0.821538
650 0.936923
650 0.923077
650 0.74
650 0.958462
650 0.907692
650 0.866154
650 0.887692
650 0.976923
650 0.876923
650 0.886154
650 0.944615
650 0.849231
650 0.953846
650 0.966154
650 0.903077
650 0.901538
650 0.887692
650 0.906154
650 0.873846
650 0.861538
650 0.884615
650 0.935385
650 0.893846
650 0.932308
650 0.869231
650 0.941538
650 0.909231
650 0.96
650 0.936923
650 0.955385
700 0.861429
700 0.912857
700 0.88
700 0.905714
700 0.915714
700 0.915714
700 0.904286
700 0.937143
700 0.99
700 0.928571
700 0.942857
700 0.964286
700 0.98
700 0.944286
700 0.851429
700 0.824286
700 0.872857
700 0.901429
700 0.882857
700 0.868571
700 0.952857
700 0.932857
700 0.928571
700 0.992857
700 0.868571
700 0.86
700 0.945714
700 0.877143
700 0.847143
700 0.975714
700 0.877143
700 0.9
700 0.935714
700 0.972857
700 0.872857
700 0.908571
700 0.962857
700 0.911429
700 0.898571
700 0.924286
700 0.89
700 0.902857
700 0.948571
700 0.955714
700 0.787143
700 0.951429
700 0.877143
700 0.958571
700 0.914286
700 0.975714
700 0.838571
700 0.867143
700 0.945714
700 0.882857
700 0.834286
700 0.93
700 0.997143
700 0.918571
700 0.914286
700 0.898571
700 0.891429
700 0.934286
700 0.954286
700 0.885714
700 0.954286
700 0.941429
700 0.917143
700 0.938571
700 0.918571
700 0.852857
700 0.901429
700 0.918571
700 0.907143
700 0.897143
700 0.931429
750 0.912
750 0.94
750 0.930667
750 0.970667
750 0.942667
750 0.914667
750 0.976
750 0.854667
750 0.990667
750 0.866667
750 0.809333
750 0.958667
750 0.973333
750 0.942667
750 0.934667
750 0.974667
750 0.88
750 0.912
750 0.928
750 0.964
750 0.968
750 0.856
750 0.902667
750 0.917333
750 0.98
750 0.898667
750 0.957333
750 0.941333
750 0.937333
750 0.949333
750 0.862667
750 0.889333
750 0.929333
750 0.881333
750 0.966667
750 0.853333
750 0.968
750 0.850667
750 0.825333
750 0.941333
750 0.926667
750 0.818667
750 0.948
750 0.904
750 0.918667
750 0.864
750 0.9
750 0.944
750 0.933333
750 0.894667
750 0.884
750 0.889333
750 0.908
750 0.929333
750 0.936
750 0.945333
750 0.945333
750 0.904
750 0.894667
750 0.905333
750 0.953333
750 0.922667
750 0.906667
750 0.833333
750 0.890667
750 0.874667
750 0.902667
750 0.969333
750 0.877333
750 0.956
750 0.884
750 0.961333
750 0.892
750 0.890667
750 0.912
800 0.93875
800 0.8375
800 0.9125
800 0.96875
800 0.89375
800 0.9175
800 0.9125
800 0.8775
800 0.94
800 0.9
800 0.885
800 0.875
800 0.96625
800 0.89875
800 0.935
800 0.8975
800 0.92125
800 0.9025
800 0.86375
800 0.82875
800 0.95
800 0.9875
800 0.90625
800 0.92375
800 0.94875
800 0.97125
800 0.92875
800 0.93125
800 0.92375
800 0.92625
800 0.8975
800 0.895
800 0.88
800 0.91
800 0.9175
800 0.87375
800 0.77
800 0.965
800 0.92
800 0.945
800 0.8975
800 0.99375
800 0.91875
800 0.8025
800 0.88875
800 0.90875
800 0.92125
800 0.9775
800 0.93
800 0.885
800 0.8775
800 0.865
800 0.97625
800 0.92875
800 0.87125
800 0.955
800 0.895
800 0.9175
800 0.92625
800 0.89875
800 0.96875
800 0.96625
800 0.82375
800 0.88625
800 0.95
800 0.95125
800 0.93375
800 0.94
800 0.88375
800 0.90875
800 0.95
800 0.94625
800 0.91375
800 0.95625
800 0.92625
850 0.897647
850 0.967059
850 0.925882
850 0.976471
850 0.937647
850 0.844706
850 0.951765
850 0.918824
850 0.863529
850 0.861176
850 0.925882
850 0.927059
850 0.936471
850 0.96
850 0.949412
850 0.977647
850 0.958824
850 0.984706
850 0.888235
850 0.862353
850 0.938824
850 0.978824
850 0.943529
850 0.901176
850 0.938824
850 0.935294
850 0.972941
850 0.965882
850 0.938824
850 0.929412
850 0.88
850 0.894118
850 0.992941
850 0.985882
850 0.890588
850 0.951765
850 0.950588
850 0.937647
850 0.936471
850 0.962353
850 0.86
850 0.942353
850 0.929412
850 0.952941
850 0.875294
850 0.908235
850 0.956471
850 0.938824
850 0.834118
850 0.878824
850 0.958824
850 0.834118
850 0.921176
850 0.948235
850 0.914118
850 0.935294
850 0.921176
850 0.935294
850 0.971765
850 0.937647
850 0.816471
850 0.910588
850 0.865882
850 0.943529
850 0.867059
850 0.968235
850 0.961176
850 0.898824
850 0.924706
850 0.92
850 0.975294
850 0.916471
850 0.914118
850 0.954118
850 0.869412
900 0.943333
900 0.93
900 0.977778
900 0.918889
900 0.962222
900 0.986667
900 0.961111
900 0.855556
900 0.994444
900 0.933333
900 0.925556
900 0.937778
900 0.921111
900 0.947778
900 0.906667
900 0.922222
900 0.957778
900 0.902222
900 0.921111
900 0.955556
900 0.942222
900 0.898889
900 0.931111
900 0.955556
900 0.977778
900 0.884444
900 0.925556
900 0.926667
900 0.84
900 0.892222
900 0.905556
900 0.911111
900 0.948889
900 0.93
900 0.911111
900 0.976667
900 0.893333
900 0.94
900 0.92
900 0.936667
900 0.92
900 0.88
900 0.924444
900 0.851111
900 0.934444
900 0.972222
900 0.9
900 0.89
900 0.956667
900 0.864444
900 0.927778
900 0.852222
900 0.853333
900 0.894444
900 0.95
900 0.963333
900 0.926667
900 0.915556
900 0.962222
900 0.896667
900 0.934444
900 0.93
900 0.926667
900 0.956667
900 0.805556
900 0.945556
900 0.846667
900 0.97
900 0.982222
900 0.918889
900 0.917778
900 0.958889
900 0.945556
900 0.917778
900 0.941111
950 0.968421
950 0.923158
950 0.955789
950 0.927368
950 0.972632
950 0.9
950 0.984211
950 0.915789
950 0.927368
950 0.890526
950 0.808421
950 0.918947
950 0.911579
950 0.924211
950 0.975789
950 0.98
950 0.956842
950 0.905263
950 0.952632
950 0.935789
950 0.893684
950 0.870526
950 0.949474
950 0.843158
950 0.956842
950 0.949474
950 0.902105
950 0.946316
950 0.916842
950 0.96
950 0.884211
950 0.937895
950 0.948421
950 0.945263
950 0.950526
950 0.964211
950 0.946316
950 0.8
950 0.941053
950 0.927368
950 0.923158
950 0.914737
950 0.904211
950 0.865263
950 0.968421
950 0.931579
950 0.957895
950 0.971579
950 0.912632
950 0.901053
950 0.958947
950 0.952632
950 0.953684
950 0.962105
950 0.957895
950 0.941053
950 0.962105
950 0.903158
950 0.946316
950 0.942105
950 0.952632
950 0.924211
950 0.855789
950 0.915789
950 0.965263
950 0.896842
950 0.870526
950 0.936842
950 0.911579
950 0.896842
950 0.922105
950 0.871579
950 0.92
950 0.974737
950 0.948421
1000 0.911
1000 0.912
1000 0.906
1000 0.886
1000 0.924
1000 0.933
1000 0.907
1000 0.955
1000 0.933
1000 0.928
1000 0.979
1000 0.934
1000 0.947
1000 0.959
1000 0.931
1000 0.923
1000 0.94
1000 0.936
1000 0.955
1000 0.96
1000 0.943
1000 0.908
1000 0.894
1000 0.957
1000 0.913
1000 0.965
1000 0.898
1000 0.962
1000 0.89
1000 0.927
1000 0.972
1000 0.932
1000 0.986
1000 0.926
1000 0.938
1000 0.961
1000 0.978
1000 0.941
1000 0.914
1000 0.928
1000 0.937
1000 0.948
1000 0.937
1000 0.884
1000 0.919
1000 0.913
1000 0.925
1000 0.926
1000 0.834
1000 0.965
1000 0.906
1000 0.971
1000 0.94
1000 0.959
1000 0.964
1000 0.936
1000 0.919
1000 0.918
1000 0.929
1000 0.974
1000 0.939
1000 0.865
1000 0.977
1000 0.977
1000 0.948
1000 0.962
1000 0.987
1000 0.997
1000 0.871
1000 0.98
1000 0.966
1000 0.986
1000 0.966
1000 0.954
1000 0.917
1050 0.938095
1050 0.92
1050 0.974286
1050 0.981905
1050 0.673333
1050 0.944762
1050 0.955238
1050 0.969524
1050 0.922857
1050 0.931429
1050 0.905714
1050 0.908571
1050 0.934286
1050 0.959048
1050 0.930476
1050 0.922857
1050 0.875238
1050 0.942857
1050 0.986667
1050 0.924762
1050 0.884762
1050 0.942857
1050 0.874286
1050 0.871429
1050 0.950476
1050 0.938095
1050 0.908571
1050 0.977143
1050 0.91619
1050 0.949524
1050 0.935238
1050 0.930476
1050 0.912381
1050 0.934286
1050 0.944762
1050 0.844762
1050 0.941905
1050 0.931429
1050 0.901905
1050 0.95619
1050 0.949524
1050 0.94
1050 0.922857
1050 0.900952
1050 0.967619
1050 0.979048
1050 0.95619
1050 0.995238
1050 0.92
1050 0.919048
1050 0.926667
1050 0.886667
1050 0.958095
1050 0.866667
1050 0.954286
1050 0.913333
1050 0.955238
1050 0.95619
1050 0.967619
1050 0.960952
1050 0.879048
1050 0.901905
1050 0.955238
1050 0.95619
1050 0.926667
1050 0.88
1050 0.944762
1050 0.908571
1050 0.957143
1050 0.870476
1050 0.914286
1050 0.953333
1050 0.933333
1050 0.927619
1050 0.970476
1100 0.978182
1100 0.896364
1100 0.913636
1100 0.945455
1100 0.901818
1100 0.946364
1100 0.952727
1100 0.967273
1100 0.956364
1100 0.978182
1100 0.95
1100 0.937273
1100 0.94
1100 0.966364
1100 0.87
1100 0.958182
1100 0.94
1100 0.902727
1100 0.971818
1100 0.921818
1100 0.951818
1100 0.9
1100 0.921818
1100 0.860909
1100 0.994545
1100 0.971818
1100 0.932727
1100 0.963636
1100 0.923636
1100 0.913636
1100 0.909091
1100 0.872727
1100 0.960909
1100 0.949091
1100 0.895455
1100 0.927273
1100 0.959091
1100 0.922727
1100 0.9
1100 0.921818
1100 0.957273
1100 0.983636
1100 0.983636
1100 0.97
1100 0.951818
1100 0.925455
1100 0.986364
1100 0.966364
1100 0.973636
1100 0.910909
1100 0.933636
1100 0.955455
1100 0.93
1100 0.918182
1100 0.824545
1100 0.971818
1100 0.924545
1100 0.976364
1100 0.965455
1100 0.919091
1100 0.940909
1100 0.928182
1100 0.922727
1100 0.942727
1100 0.99
1100 0.924545
1100 0.962727
1100 0.944545
1100 0.941818
1100 0.952727
1100 0.913636
1100 0.974545
1100 0.97
1100 0.883636
1100 0.73
1150 0.932174
1150 0.891304
1150 0.946957
1150 0.961739
1150 0.975652
1150 0.913043
1150 0.888696
1150 0.905217
1150 0.953913
1150 0.933043
1150 0.952174
1150 0.913913
1150 0.912174
1150 0.918261
1150 0.937391
1150 0.966957
1150 0.926957
1150 0.941739
1150 0.92087
1150 0.925217
1150 0.926087
1150 0.906957
1150 0.914783
1150 0.943478
1150 0.993043
1150 0.975652
1150 0.944348
1150 0.91913
1150 0.976522
1150 0.985217
1150 0.971304
1150 0.92087
1150 0.931304
1150 0.964348
1150 0.884348
1150 0.953043
1150 0.92087
1150 0.89913
1150 0.978261
1150 0.945217
1150 0.924348
1150 0.913043
1150 0.922609
1150 0.955652
1150 0.961739
1150 0.872174
1150 0.930435
1150 0.938261
1150 0.901739
1150 0.916522
1150 0.92
1150 0.950435
1150 0.918261
1150 0.889565
1150 0.975652
1150 0.887826
1150 0.969565
1150 0.909565
1150 0.915652
1150 0.922609
1150 0.907826
1150 0.931304
1150 0.994783
1150 0.915652
1150 0.941739
1150 0.993913
1150 0.865217
1150 0.976522
1150 0.947826
1150 0.926957
1150 0.93913
1150 0.93913
1150 0.953043
1150 0.872174
1150 0.953913
1200 0.91
1200 0.9425
1200 0.9425
1200 0.878333
1200 0.874167
1200 0.923333
1200 0.953333
1200 0.976667
1200 0.866667
1200 0.925833
1200 0.9225
1200 0.903333
1200 0.930833
1200 0.946667
1200 0.884167
1200 0.9025
1200 0.936667
1200 0.91
1200 0.955
1200 0.944167
1200 0.948333
1200 0.9575
1200 0.954167
1200 0.9275
1200 0.946667
1200 0.925
1200 0.941667
1200 0.881667
1200 0.904167
1200 0.926667
1200 0.94
1200 0.915
1200 0.92
1200 0.906667
1200 0.918333
1200 0.906667
1200 0.974167
1200 0.954167
1200 0.896667
1200 0.886667
1200 0.949167
1200 0.803333
1200 0.900833
1200 0.935
1200 0.961667
1200 0.956667
1200 0.908333
1200 0.970833
1200 0.954167
1200 0.935833
1200 0.985
1200 0.8975
1200 0.861667
1200 0.974167
1200 0.950833
1200 0.930833
1200 0.9925
1200 0.9775
1200 0.913333
1200 0.954167
1200 0.966667
1200 0.9575
1200 0.879167
1200 0.9275
1200 0.945
1200 0.918333
1200 0.97
1200 0.896667
1200 0.9475
1200 0.975
1200 0.924167
1200 0.910833
1200 0.901667
1200 0.945
1200 0.95
1250 0.92
1250 0.9472
1250 0.9104
1250 0.8112
1250 0.8928
1250 0.9576
1250 0.936
1250 0.932
1250 0.8984
1250 0.9024
1250 0.8816
1250 0.9016
1250 0.8864
1250 0.972
1250 0.9552
1250 0.94
1250 0.908
1250 0.9728
1250 0.8888
1250 0.9872
1250 0.9064
1250 0.916
1250 0.9024
1250 0.968
1250 0.9432
1250 0.9168
1250 0.9384
1250 0.8608
1250 0.9328
1250 0.9416
1250 0.9464
1250 0.876
1250 0.9144
1250 0.8992
1250 0.9584
1250 0.9504
1250 0.9136
1250 0.9576
1250 0.9552
1250 0.8728
1250 0.9848
1250 0.9344
1250 0.9328
1250 0.9896
1250 0.9104
1250 0.8904
1250 0.7728
1250 0.968
1250 0.8992
1250 0.94
1250 0.968
1250 0.9048
1250 0.9312
1250 0.9552
1250 0.9432
1250 0.9376
1250 0.9064
1250 0.916
1250 0.9816
1250 0.9776
1250 0.9424
1250 0.9336
1250 0.936
1250 0.9272
1250 0.9168
1250 0.956
1250 0.92
1250 0.8784
1250 0.9232
1250 0.9712
1250 0.9888
1250 0.9688
1250 0.9648
1250 0.9456
1250 0.9656
1300 0.980769
1300 0.944615
1300 0.941538
1300 0.939231
1300 0.907692
1300 0.933077
1300 0.894615
1300 0.913077
1300 0.897692
1300 0.966154
1300 0.955385
1300 0.929231
1300 0.917692
1300 0.901538
1300 0.956154
1300 0.896154
1300 0.906923
1300 0.911538
1300 0.964615
1300 0.945385
1300 0.960769
1300 0.933846
1300 0.733846
1300 0.944615
1300 0.966923
1300 0.969231
1300 0.942308
1300 0.943077
1300 0.914615
1300 0.870769
1300 0.891538
1300 0.988462
1300 0.863077
1300 0.953077
1300 0.912308
1300 0.94
1300 0.954615
1300 0.952308
1300 0.971538
1300 0.919231
1300 0.968462
1300 0.872308
1300 0.926923
1300 0.94
1300 0.946923
1300 0.905385
1300 0.982308
1300 0.936154
1300 0.881538
1300 0.936154
1300 0.927692
1300 0.955385
1300 0.920769
1300 0.927692
1300 0.908462
1300 0.95
1300 0.942308
1300 0.907692
1300 0.923077
1300 0.941538
1300 0.866923
1300 0.948462
1300 0.955385
1300 0.902308
1300 0.926154
1300 0.961538
1300 0.965385
1300 0.924615
1300 0.927692
1300 0.958462
1300 0.97
1300 0.963846
1300 0.945385
1300 0.947692
1300 0.969231
1350 0.934815
1350 0.96963
1350 0.947407
1350 0.940741
1350 0.919259
1350 0.931852
1350 0.939259
1350 0.966667
1350 0.975556
1350 0.927407
1350 0.914074
1350 0.974074
1350 0.945185
1350 0.896296
1350 0.925926
1350 0.874815
1350 0.939259
1350 0.947407
1350 0.908148
1350 0.96
1350 0.928148
1350 0.952593
1350 0.914074
1350 0.991852
1350 0.896296
1350 0.936296
1350 0.982963
1350 0.96
1350 0.945185
1350 0.968889
1350 0.948889
1350 0.917778
1350 0.938519
1350 0.946667
1350 0.951111
1350 0.966667
1350 0.922222
1350 0.945185
1350 0.928148
1350 0.980741
1350 0.886667
1350 0.906667
1350 0.916296
1350 0.92963
1350 0.959259
1350 0.960741
1350 0.939259
1350 0.888889
1350 0.936296
1350 0.97037
1350 0.956296
1350 0.964444
1350 0.851111
1350 0.925185
1350 0.94963
1350 0.908148
1350 0.946667
1350 0.95037
1350 0.92963
1350 0.977037
1350 0.944444
1350 0.928889
1350 0.961481
1350 0.625926
1350 0.933333
1350 0.957037
1350 0.95037
1350 0.920741
1350 0.902963
1350 0.882963
1350 0.994074
1350 0.927407
1350 0.924444
1350 0.923704
1350 0.936296
1400 0.931429
1400 0.930714
1400 0.896429
1400 0.907857
1400 0.965
1400 0.935714
1400 0.974286
1400 0.937143
1400 0.941429
1400 0.837857
1400 0.942857
1400 0.985
1400 0.941429
1400 0.908571
1400 0.968571
1400 0.882857
1400 0.892857
1400 0.945714
1400 0.917857
1400 0.967857
1400 0.954286
1400 0.960714
1400 0.997857
1400 0.939286
1400 0.907857
1400 0.912143
1400 0.917143
1400 0.932143
1400 0.927143
1400 0.935714
1400 0.937857
1400 0.898571
1400 0.913571
1400 0.895
1400 0.932857
1400 0.97
1400 0.92
1400 0.982143
1400 0.915714
1400 0.909286
1400 0.957857
1400 0.961429
1400 0.960714
1400 0.977143
1400 0.941429
1400 0.955
1400 0.895
1400 0.982143
1400 0.963571
1400 0.955714
1400 0.931429
1400 0.925714
1400 0.946429
1400 0.905
1400 0.914286
1400 0.926429
1400 0.931429
1400 0.917143
1400 0.910714
1400 0.947857
1400 0.9
1400 0.925714
1400 0.914286
1400 0.94
1400 0.895714
1400 0.898571
1400 0.966429
1400 0.982143
1400 0.903571
1400 0.962857
1400 0.94
1400 0.954286
1400 0.910714
1400 0.929286
1400 0.942857
1450 0.903448
1450 0.947586
1450 0.967586
1450 0.97931
1450 0.931034
1450 0.937931
1450 0.932414
1450 0.968966
1450 0.984828
1450 0.921379
1450 0.874483
1450 0.944828
1450 0.866897
1450 0.888966
1450 0.953103
1450 0.885517
1450 0.924828
1450 0.892414
1450 0.96069
1450 0.961379
1450 0.982069
1450 0.938621
1450 0.954483
1450 0.888276
1450 0.906207
1450 0.94069
1450 0.971034
1450 0.957931
1450 0.922759
1450 0.933103
1450 0.96
1450 0.96
1450 0.931034
1450 0.951034
1450 0.897241
1450 0.974483
1450 0.966207
1450 0.950345
1450 0.827586
1450 0.925517
1450 0.91931
1450 0.89931
1450 0.927586
1450 0.92069
1450 0.862759
1450 0.951724
1450 0.92069
1450 0.962069
1450 0.943448
1450 0.94
1450 0.886207
1450 0.967586
1450 0.947586
1450 0.895172
1450 0.963448
1450 0.911034
1450 0.975172
1450 0.962759
1450 0.942759
1450 0.894483
1450 0.931724
1450 0.983448
1450 0.94069
1450 0.942069
1450 0.906897
1450 0.929655
1450 0.913793
1450 0.964828
1450 0.922759
1450 0.970345
1450 0.982759
1450 0.97931
1450 0.961379
1450 0.921379
1450 0.949655
1500 0.945333
1500 0.962667
1500 0.934667
1500 0.978667
1500 0.910667
1500 0.951333
1500 0.924
1500 0.920667
1500 0.902
1500 0.853333
1500 0.736667
1500 0.967333
1500 0.902
1500 0.922
1500 0.948667
1500 0.991333
1500 0.929333
1500 0.968667
1500 0.910667
1500 0.918667
1500 0.904
1500 0.907333
1500 0.976
1500 0.888667
1500 0.942
1500 0.948
1500 0.888667
1500 0.954667
1500 0.97
1500 0.926667
1500 0.953333
1500 0.982
1500 0.942
1500 0.956667
1500 0.969333
1500 0.923333
1500 0.956
1500 0.919333
1500 0.962667
1500 0.938667
1500 0.924667
1500 0.976667
1500 0.893333
1500 0.960667
1500 0.964
1500 0.908667
1500 0.994
1500 0.893333
1500 0.966
1500 0.925333
1500 0.869333
1500 0.889333
1500 0.857333
1500 0.918667
1500 0.919333
1500 0.948667
1500 0.908
1500 0.93
1500 0.959333
1500 0.946
1500 0.947333
1500 0.902667
1500 0.964
1500 0.903333
1500 0.952
1500 0.921333
1500 0.902
1500 0.919333
1500 0.950667
1500 0.931333
1500 0.966
1500 0.960667
1500 0.828667
1500 0.904667
1500 0.891333
1550 0.975484
1550 0.952258
1550 0.865161
1550 0.949032
1550 0.910323
1550 0.905161
1550 0.95871
1550 0.941935
1550 0.887742
1550 0.943871
1550 0.959355
1550 0.914839
1550 0.938065
1550 0.98
1550 0.956129
1550 0.93871
1550 0.972903
1550 0.961935
1550 0.888387
1550 0.915484
1550 0.887742
1550 0.945161
1550 0.903226
1550 0.959355
1550 0.976774
1550 0.993548
1550 0.906452
1550 0.952258
1550 0.969032
1550 0.938065
1550 0.928387
1550 0.954194
1550 0.969677
1550 0.936774
1550 0.947097
1550 0.909032
1550 0.98129
1550 0.909032
1550 0.926452
1550 0.930323
1550 0.936129
1550 0.909677
1550 0.965161
1550 0.949032
1550 0.930968
1550 0.957419
1550 0.965161
1550 0.948387
1550 0.989032
1550 0.972903
1550 0.891613
1550 0.932903
1550 0.950323
1550 0.969032
1550 0.965806
1550 0.959355
1550 0.962581
1550 0.942581
1550 0.954194
1550 0.93871
1550 0.940645
1550 0.938065
1550 0.972903
1550 0.913548
1550 0.870968
1550 0.964516
1550 0.946452
1550 0.91871
1550 0.88
1550 0.952903
1550 0.937419
1550 0.955484
1550 0.930323
1550 0.94
1550 0.941935
1600 0.958125
1600 0.949375
1600 0.981875
1600 0.93125
1600 0.955
1600 0.9325
1600 0.9725
1600 0.9375
1600 0.924375
1600 0.876875
1600 0.964375
1600 0.930625
1600 0.953125
1600 0.96
1600 0.94875
1600 0.971875
1600 0.91375
1600 0.898125
1600 0.90625
1600 0.895
1600 0.931875
1600 0.939375
1600 0.95
1600 0.958125
1600 0.921875
1600 0.9475
1600 0.935625
1600 0.891875
1600 0.939375
1600 0.93625
1600 0.9425
1600 0.935625
1600 0.93875
1600 0.9075
1600 0.92875
1600 0.919375
1600 0.92625
1600 0.950625
1600 0.929375
1600 0.965
1600 0.9725
1600 0.95375
1600 0.930625
1600 0.855
1600 0.925625
1600 0.94125
1600 0.933125
1600 0.971875
1600 0.91875
1600 0.98375
1600 0.949375
1600 0.93
1600 0.9225
1600 0.928125
1600 0.96625
1600 0.97875
1600 0.976875
1600 0.93625
1600 0.89375
1600 0.911875
1600 0.953125
1600 0.950625
1600 0.919375
1600 0.976875
1600 0.97375
1600 0.933125
1600 0.94875
1600 0.889375
1600 0.91375
1600 0.95375
1600 0.903125
1600 0.940625
1600 0.916875
1600 0.98125
1600 0.9575
1650 0.944848
1650 0.907273
1650 0.846667
1650 0.980606
1650 0.957576
1650 0.970303
1650 0.934545
1650 0.929091
1650 0.950303
1650 0.970303
1650 0.986667
1650 0.950303
1650 0.955152
1650 0.992121
1650 0.957576
1650 0.881818
1650 0.954545
1650 0.973333
1650 0.969697
1650 0.963636
1650 0.916364
1650 0.944242
1650 0.927879
1650 0.976364
1650 0.942424
1650 0.893939
1650 0.993333
1650 0.979394
1650 0.898182
1650 0.869697
1650 0.952121
1650 0.905455
1650 0.933333
1650 0.958182
1650 0.94
1650 0.964848
1650 0.91697
1650 0.958182
1650 0.901818
1650 0.913939
1650 0.995758
1650 0.984242
1650 0.934545
1650 0.949091
1650 0.947879
1650 0.959394
1650 0.944848
1650 0.918182
1650 0.988485
1650 0.939394
1650 0.975758
1650 0.990303
1650 0.909697
1650 0.901212
1650 0.973939
1650 0.949091
1650 0.941212
1650 0.955758
1650 0.966667
1650 0.908485
1650 0.920606
1650 0.947273
1650 0.94
1650 0.954545
1650 0.9
1650 0.931515
1650 0.897576
1650 0.97697
1650 0.954545
1650 0.959394
1650 0.875758
1650 0.884848
1650 0.94303
1650 0.836364
1650 0.949697
1700 0.944706
1700 0.927059
1700 0.889412
1700 0.984118
1700 0.936471
1700 0.914706
1700 0.890588
1700 0.948824
1700 0.931176
1700 0.947059
1700 0.916471
1700 0.899412
1700 0.914706
1700 0.85
1700 0.939412
1700 0.948824
1700 0.954706
1700 0.938824
1700 0.964706
1700 0.974706
1700 0.982941
1700 0.881765
1700 0.893529
1700 0.856471
1700 0.905882
1700 0.973529
1700 0.934118
1700 0.916471
1700 0.970588
1700 0.910588
1700 0.888235
1700 0.98
1700 0.968824
1700 0.938235
1700 0.948824
1700 0.913529
1700 0.936471
1700 0.964118
1700 0.967647
1700 0.911176
1700 0.915882
1700 0.920588
1700 0.935294
1700 0.884706
1700 0.908235
1700 0.888235
1700 0.969412
1700 0.947647
1700 0.955882
1700 0.920588
1700 0.988824
1700 0.93
1700 0.960588
1700 0.910588
1700 0.942941
1700 0.972941
1700 0.933529
1700 0.881176
1700 0.943529
1700 0.948235
1700 0.982353
1700 0.902353
1700 0.933529
1700 0.948235
1700 0.947647
1700 0.919412
1700 0.898235
1700 0.951765
1700 0.951176
1700 0.98
1700 0.949412
1700 0.971765
1700 0.896471
1700 0.944706
1700 0.925882
1750 0.984571
1750 0.908571
1750 0.923429
1750 0.911429
1750 0.937714
1750 0.928
1750 0.949143
1750 0.907429
1750 0.904
1750 0.928571
1750 0.932
1750 0.911429
1750 0.909143
1750 0.927429
1750 0.916571
1750 0.924
1750 0.970857
1750 0.929143
1750 0.905714
1750 0.982857
1750 0.860571
1750 0.978286
1750 0.942857
1750 0.868571
1750 0.919429
1750 0.956571
1750 0.939429
1750 0.942286
1750 0.931429
1750 0.936
1750 0.984
1750 0.912
1750 0.946857
1750 0.927429
1750 0.924
1750 0.945714
1750 0.916571
1750 0.897714
1750 0.921714
1750 0.982286
1750 0.967429
1750 0.924571
1750 0.952
1750 0.937143
1750 0.933143
1750 0.958857
1750 0.977143
1750 0.937714
1750 0.906286
1750 0.961143
1750 0.918286
1750 0.954286
1750 0.892571
1750 0.942857
1750 0.927429
1750 0.953714
1750 0.952571
1750 0.947429
1750 0.914857
1750 0.973714
1750 0.962857
1750 0.891429
1750 0.903429
1750 0.969714
1750 0.952571
1750 0.965143
1750 0.937714
1750 0.990286
1750 0.926286
1750 0.952571
1750 0.559429
1750 0.932571
1750 0.917143
1750 0.941143
1750 0.928
1800 0.936667
1800 0.961111
1800 1
1800 0.95
1800 0.990556
1800 0.885556
1800 0.928333
1800 0.951111
1800 0.944444
1800 0.979444
1800 0.958889
1800 0.967222
1800 0.930556
1800 0.908889
1800 0.953889
1800 0.960556
1800 0.973889
1800 0.938889
1800 0.888333
1800 0.901667
1800 0.930556
1800 0.907222
1800 0.934444
1800 0.934444
1800 0.980556
1800 0.906111
1800 0.943333
1800 0.917778
1800 0.947778
1800 0.906667
1800 0.951111
1800 0.999444
1800 0.920556
1800 0.94
1800 0.92
1800 0.938889
1800 0.916667
1800 0.920556
1800 0.916111
1800 0.941667
1800 0.962778
1800 0.965
1800 0.948889
1800 0.966111
1800 0.965556
1800 0.954444
1800 0.971667
1800 0.953889
1800 0.974444
1800 0.977222
1800 0.935
1800 0.951667
1800 0.885
1800 0.908889
1800 0.935556
1800 0.866667
1800 0.894444
1800 0.944444
1800 0.970556
1800 0.932222
1800 0.967778
1800 0.950556
1800 0.953889
1800 0.937778
1800 0.906667
1800 0.935
1800 0.981111
1800 0.922778
1800 0.907778
1800 0.954444
1800 0.91
1800 0.906111
1800 0.995
1800 0.973333
1800 0.936667
1850 0.875676
1850 0.896216
1850 0.903784
1850 0.957297
1850 0.941081
1850 0.950811
1850 0.963784
1850 0.881081
1850 0.929189
1850 0.925946
1850 0.934595
1850 0.976216
1850 0.979459
1850 0.943784
1850 0.963784
1850 0.95027
1850 0.976757
1850 0.92973
1850 0.91027
1850 0.918378
1850 0.940541
1850 0.96
1850 0.923784
1850 0.885946
1850 0.917838
1850 0.93027
1850 0.985946
1850 0.946486
1850 0.935676
1850 0.961622
1850 0.897297
1850 0.98
1850 0.968649
1850 0.965405
1850 0.996757
1850 0.962162
1850 0.968108
1850 0.965405
1850 0.921622
1850 0.924324
1850 0.97027
1850 0.982162
1850 0.980541
1850 0.928108
1850 0.939459
1850 0.983243
1850 0.901081
1850 0.988108
1850 0.945946
1850 0.923243
1850 0.942703
1850 0.882703
1850 0.914054
1850 0.932973
1850 0.960541
1850 0.895135
1850 0.945946
1850 0.943243
1850 0.990811
1850 0.95027
1850 0.957838
1850 0.958919
1850 0.917297
1850 0.955135
1850 0.921081
1850 0.962703
1850 0.937297
1850 0.957297
1850 0.918919
1850 0.948649
1850 0.888108
1850 0.911351
1850 0.892973
1850 0.914595
1850 0.918378
1900 0.921053
1900 0.99
1900 0.972105
1900 0.879474
1900 0.953684
1900 0.948947
1900 0.886316
1900 0.924737
1900 0.886842
1900 0.951579
1900 0.954737
1900 0.972105
1900 0.938947
1900 0.939474
1900 0.991053
1900 0.933158
1900 0.958421
1900 0.911579
1900 0.922105
1900 0.982105
1900 0.981579
1900 0.93
1900 0.95
1900 0.885789
1900 0.833684
1900 0.972105
1900 0.926842
1900 0.965789
1900 0.925263
1900 0.977895
1900 0.947368
1900 0.928947
1900 0.923684
1900 0.895789
1900 0.917895
1900 0.913684
1900 0.959474
1900 0.955263
1900 0.929474
1900 0.931053
1900 0.991053
1900 0.947895
1900 0.933684
1900 0.945789
1900 0.894737
1900 0.947368
1900 0.941053
1900 0.921579
1900 0.927368
1900 0.958947
1900 0.968421
1900 0.940526
1900 0.939474
1900 0.995263
1900 0.962105
1900 0.972632
1900 0.935789
1900 0.954737
1900 0.951579
1900 0.916842
1900 0.95
1900 0.943158
1900 0.893684
1900 0.921579
1900 0.93
1900 0.903684
1900 0.966842
1900 0.958947
1900 0.939474
1900 0.917368
1900 0.971053
1900 0.924737
1900 0.971053
1900 0.974211
1900 0.928421
1950 0.957436
1950 0.894872
1950 0.935897
1950 0.984615
1950 0.961538
1950 0.965641
1950 0.928718
1950 0.951282
1950 0.877949
1950 0.954872
1950 0.960513
1950 0.952308
1950 0.89641
1950 0.909231
1950 0.964615
1950 0.910256
1950 0.98
1950 0.947692
1950 0.959487
1950 0.913846
1950 0.905128
1950 0.971282
1950 0.949744
1950 0.903077
1950 0.929744
1950 0.984103
1950 0.95641
1950 0.921538
1950 0.869744
1950 0.881538
1950 0.975897
1950 0.938462
1950 0.889231
1950 0.96
1950 0.962564
1950 0.990769
1950 0.86359
1950 0.980513
1950 0.944615
1950 0.968205
1950 0.952308
1950 0.981026
1950 0.917436
1950 0.926154
1950 0.948205
1950 0.935897
1950 0.941026
1950 0.973333
1950 0.842051
1950 0.96
1950 0.955897
1950 0.974359
1950 0.887179
1950 0.955897
1950 0.936923
1950 0.915385
1950 0.947179
1950 0.917949
1950 0.889231
1950 0.928205
1950 0.917949
1950 0.953333
1950 0.911795
1950 0.969744
1950 0.94359
1950 0.909744
1950 0.935385
1950 0.949744
1950 0.907692
1950 0.952308
1950 0.983077
1950 0.921026
1950 0.917949
1950 0.967692
1950 0.971795
2000 0.9195
2000 0.938
2000 0.9625
2000 0.9545
2000 0.985
2000 0.9675
2000 0.908
2000 0.929
2000 0.9245
2000 0.8915
2000 0.921
2000 0.9875
2000 0.9455
2000 0.91
2000 0.9325
2000 0.9705
2000 0.8795
2000 0.922
2000 0.891
2000 0.9015
2000 0.964
2000 0.9285
2000 0.971
2000 0.895
2000 0.949
2000 0.9205
2000 0.9125
2000 0.9525
2000 0.925
2000 0.921
2000 0.958
2000 0.951
2000 0.9755
2000 0.9405
2000 0.9635
2000 0.9215
2000 0.954
2000 0.948
2000 0.923
2000 0.877
2000 0.97
2000 0.9535
2000 0.9615
2000 0.8985
2000 0.9145
2000 0.9115
2000 0.93
2000 0.953
2000 0.9145
2000 0.9985
2000 0.929
2000 0.9725
2000 0.955
2000 0.9395
2000 0.9545
2000 0.95
2000 0.952
2000 0.9625
2000 0.9335
2000 0.946
2000 0.9655
2000 0.968
2000 0.969
2000 0.8985
2000 0.9765
2000 0.9765
2000 0.9005
2000 0.95
2000 0.9315
2000 0.973
2000 0.932
2000 0.9375
2000 0.972
2000 0.8975
2000 0.9625
