50 0.12
50 0.48
50 0.08
50 0.58
50 0.34
50 0.02
50 0.36
50 0
50 0.08
50 0.32
50 0.12
50 0.06
50 0.08
50 0.08
50 0.12
50 0.02
50 0.24
50 0.16
50 0.12
50 0.12
50 0
50 0.06
50 0
50 0
50 0.04
100 0.3
100 0.62
100 0.16
100 0.06
100 0.8
100 0.77
100 0.59
100 0.84
100 0.2
100 0.42
100 0.86
100 0.53
100 0.27
100 0.15
100 0.95
100 0.28
100 0
100 0.38
100 0.3
100 0.7
100 0.81
100 0.06
100 0.7
100 0.53
100 0.5
150 0.446667
150 0.62
150 0.92
150 0.753333
150 0.6
150 0.906667
150 0.753333
150 0.313333
150 0.853333
150 0.12
150 0.9
150 0.733333
150 0.493333
150 0.506667
150 0.893333
150 0.746667
150 0.973333
150 0.693333
150 0.0666667
150 0.813333
150 0.773333
150 0.94
150 0.64
150 0.306667
150 0.906667
200 0.7
200 0.375
200 1
200 0.745
200 0.49
200 0.79
200 0.5
200 0.875
200 0.78
200 0.725
200 0.96
200 0.555
200 0.79
200 0.96
200 0.73
200 0
200 0.84
200 0.885
200 0.34
200 0.86
200 0.765
200 0.9
200 0.52
200 0.965
200 0.875
250 0.804
250 0.92
250 0.928
250 0.844
250 0.888
250 0.452
250 0.952
250 0.736
250 0.476
250 0.912
250 0.896
250 0.884
250 0.948
250 1
250 0.608
250 0.988
250 1
250 0.856
250 0.884
250 0.9
250 0.996
250 0.848
250 0.752
250 0.808
250 0.964
300 0.85
300 1
300 0.993333
300 1
300 0.48
300 0.916667
300 0.91
300 0.946667
300 0.716667
300 0.86
300 0.953333
300 0.373333
300 0.973333
300 0.92
300 0.913333
300 0.776667
300 0.22
300 0.933333
300 0.96
300 0.89
300 0.936667
300 0.916667
300 0.823333
300 0.97
300 0.73
350 0.922857
350 0.971429
350 1
350 0.82
350 0.997143
350 0.597143
350 0.822857
350 0.945714
350 0.997143
350 1
350 0.882857
350 0.902857
350 0.974286
350 0.954286
350 0.988571
350 0.845714
350 0.894286
350 0.911429
350 0.88
350 0.9
350 1
350 0.794286
350 0.997143
350 0.985714
350 0.977143
400 1
400 0.8425
400 1
400 0.965
400 0.82
400 0.9925
400 0.9175
400 0.5625
400 0.9975
400 0.9975
400 0.905
400 0.96
400 1
400 0.895
400 0.95
400 0.9575
400 0.9425
400 0.57
400 0.9375
400 0.96
400 0.9625
400 0.9625
400 0.9875
400 0.9525
400 0.995
450 0.966667
450 0.986667
450 0.982222
450 0.951111
450 0.997778
450 0.96
450 0.995556
450 0.993333
450 0.997778
450 0.986667
450 0.962222
450 0.915556
450 0.915556
450 1
450 0.711111
450 0.948889
450 0.744444
450 0.92
450 0.888889
450 0.993333
450 0.962222
450 0.997778
450 1
450 1
450 0.937778
500 0.994
500 0.906
500 0.996
500 0.972
500 0.776
500 0.998
500 0.996
500 0.994
500 0.888
500 1
500 0.908
500 0.988
500 0.886
500 0.996
500 0.978
500 0.986
500 0.996
500 0.922
500 0.994
500 0.866
500 0.954
500 0.952
500 0.944
500 0.966
500 0.914
550 0.818182
550 0.998182
550 0.996364
550 0.954545
550 0.958182
550 1
550 1
550 0.992727
550 0.950909
550 1
550 0.941818
550 0.934545
550 0.269091
550 0.972727
550 0.941818
550 0.996364
550 0.907273
550 0.947273
550 0.976364
550 1
550 1
550 0.830909
550 1
550 1
550 1
600 0.961667
600 1
600 0.996667
600 1
600 1
600 1
600 1
600 0.998333
600 0.963333
600 0.941667
600 0.996667
600 0.998333
600 1
600 0.965
600 1
600 0.956667
600 0.995
600 0.896667
600 1
600 1
600 0.89
600 1
600 0.976667
600 1
600 0.956667
650 1
650 0.989231
650 0.998462
650 1
650 0.995385
650 0.998462
650 0.996923
650 0.992308
650 0.912308
650 0.995385
650 1
650 0.98
650 0.995385
650 0.998462
650 1
650 0.956923
650 1
650 0.924615
650 1
650 1
650 0.849231
650 0.946154
650 0.998462
650 0.958462
650 0.989231
700 0.958571
700 0.998571
700 0.998571
700 0.957143
700 1
700 1
700 0.934286
700 1
700 0.995714
700 1
700 0.978571
700 0.995714
700 1
700 1
700 0.997143
700 1
700 0.998571
700 0.997143
700 0.992857
700 1
700 0.96
700 0.995714
700 1
700 1
700 0.96
750 0.994667
750 0.997333
750 1
750 0.994667
750 1
750 0.993333
750 0.990667
750 1
750 0.996
750 0.932
750 0.869333
750 1
750 1
750 0.993333
750 1
750 1
750 0.950667
750 0.949333
750 1
750 1
750 0.990667
750 0.988
750 0.937333
750 1
750 1
800 0.99625
800 0.86125
800 0.98375
800 1
800 1
800 0.95875
800 0.91625
800 1
800 0.9975
800 1
800 0.99625
800 0.99375
800 0.9975
800 1
800 0.99375
800 0.95875
800 1
800 0.985
800 0.965
800 0.985
800 0.9975
800 0.99625
800 1
800 1
800 0.97375
850 1
850 0.965882
850 1
850 1
850 1
850 0.996471
850 1
850 0.998824
850 0.884706
850 0.957647
850 0.995294
850 1
850 0.947059
850 1
850 1
850 0.948235
850 1
850 1
850 0.998824
850 1
850 1
850 1
850 0.968235
850 0.936471
850 1
900 1
900 0.995556
900 1
900 1
900 0.995556
900 0.998889
900 0.997778
900 0.945556
900 0.976667
900 1
900 0.997778
900 1
900 1
900 1
900 1
900 1
900 0.982222
900 0.998889
900 1
900 0.955556
900 1
900 0.997778
900 0.98
900 0.996667
900 0.994444
950 1
950 1
950 0.998947
950 1
950 0.996842
950 1
950 0.989474
950 0.997895
950 1
950 0.944211
950 1
950 1
950 1
950 1
950 1
950 0.996842
950 0.992632
950 1
950 0.997895
950 1
950 1
950 1
950 0.997895
950 0.996842
950 0.997895
1000 0.998
1000 1
1000 1
1000 1
1000 1
1000 0.914
1000 0.999
1000 0.998
1000 1
1000 0.992
1000 1
1000 1
1000 1
1000 1
1000 1
1000 1
1000 1
1000 0.991
1000 1
1000 1
1000 1
1000 1
1000 1
1000 1
1000 1
1050 0.994286
1050 1
1050 0.990476
1050 0.995238
1050 0.708571
1050 0.999048
1050 0.998095
1050 1
1050 1
1050 0.99619
1050 1
1050 0.999048
1050 0.979048
1050 0.994286
1050 0.981905
1050 1
1050 0.990476
1050 1
1050 1
1050 0.999048
1050 0.994286
1050 0.989524
1050 1
1050 0.879048
1050 1
1100 0.992727
1100 0.959091
1100 0.996364
1100 1
1100 1
1100 0.999091
1100 1
1100 1
1100 1
1100 0.994545
1100 1
1100 1
1100 0.999091
1100 1
1100 1
1100 1
1100 0.998182
1100 0.999091
1100 0.981818
1100 1
1100 0.947273
1100 0.952727
1100 1
1100 0.999091
1100 1
1150 0.963478
1150 1
1150 1
1150 0.99913
1150 0.99913
1150 0.993913
1150 1
1150 0.964348
1150 1
1150 1
1150 1
1150 0.984348
1150 1
1150 0.973913
1150 0.970435
1150 0.997391
1150 0.969565
1150 0.92087
1150 0.998261
1150 1
1150 1
1150 0.997391
1150 0.986957
1150 0.990435
1150 0.998261
1200 1
1200 0.96
1200 0.99
1200 0.996667
1200 0.998333
1200 0.996667
1200 0.969167
1200 1
1200 0.983333
1200 0.9975
1200 1
1200 1
1200 1
1200 1
1200 1
1200 1
1200 1
1200 0.9825
1200 0.991667
1200 1
1200 0.995833
1200 0.999167
1200 0.999167
1200 1
1250 1
1250 0.9672
1250 0.9968
1250 0.9704
1250 1
1250 0.9976
1250 1
1250 1
1250 0.9912
1250 0.9776
1250 0.9976
1250 1
1250 0.9968
1250 0.9976
1250 1
1250 1
1250 0.9984
1250 0.9984
1250 0.9992
1250 1
1250 0.9656
1250 0.96
1250 0.9992
1250 0.9984
1300 1
1300 1
1300 1
1300 1
1300 1
1300 0.996154
1300 1
1300 1
1300 1
1300 1
1300 0.996154
1300 1
1300 0.995385
1300 0.981538
1300 1
1300 0.991538
1300 1
1300 0.994615
1300 1
1300 1
1300 1
1300 1
1300 0.992308
1300 1
1350 1
1350 1
1350 1
1350 0.993333
1350 0.996296
1350 1
1350 1
1350 0.96
1350 0.998519
1350 0.965926
1350 0.997778
1350 0.99037
1350 1
1350 1
1350 0.997037
1350 1
1350 1
1350 1
1350 0.991852
1350 1
1350 0.999259
1350 0.997037
1350 0.957778
1350 1
1400 1
1400 0.985
1400 0.955714
1400 0.998571
1400 1
1400 1
1400 1
1400 0.985714
1400 1
1400 0.996429
1400 1
1400 0.999286
1400 1
1400 1
1400 1
1400 1
1400 1
1400 0.996429
1400 1
1400 1
1400 1
1400 1
1400 1
1400 1
1450 1
1450 1
1450 0.998621
1450 1
1450 1
1450 0.99931
1450 0.950345
1450 1
1450 1
1450 1
1450 0.994483
1450 0.995172
1450 1
1450 1
1450 0.99931
1450 1
1450 1
1450 0.998621
1450 1
1450 0.996552
1450 1
1450 1
1450 0.99931
1450 1
1500 1
1500 1
1500 1
1500 0.994
1500 0.995333
1500 0.999333
1500 1
1500 0.998
1500 0.938667
1500 1
1500 0.862667
1500 1
1500 1
1500 0.998667
1500 1
1500 0.996667
1500 1
1500 1
1500 0.992667
1500 1
1500 1
1500 0.984667
1500 1
1500 0.997333
1550 0.994839
1550 1
1550 0.987097
1550 1
1550 1
1550 1
1550 1
1550 0.990968
1550 1
1550 0.710968
1550 1
1550 0.991613
1550 1
1550 1
1550 1
1550 1
1550 0.992903
1550 1
1550 1
1550 1
1550 0.967742
1550 1
1550 0.99871
1550 1
1600 1
1600 1
1600 1
1600 1
1600 0.998125
1600 0.9975
1600 1
1600 1
1600 1
1600 1
1600 1
1600 1
1600 0.996875
1600 1
1600 1
1600 1
1600 1
1600 1
1600 1
1600 1
1600 0.99875
1600 1
1600 1
1600 1
1650 0.998182
1650 1
1650 0.907879
1650 0.999394
1650 0.996364
1650 1
1650 1
1650 0.996364
1650 1
1650 1
1650 0.998788
1650 1
1650 0.999394
1650 1
1650 0.998788
1650 0.998182
1650 1
1650 1
1650 0.999394
1650 1
1650 0.992727
1650 0.978788
1650 1
1650 1
1700 1
1700 1
1700 0.994706
1700 1
1700 0.994118
1700 0.992353
1700 1
1700 1
1700 0.996471
1700 0.998824
1700 1
1700 1
1700 1
1700 1
1700 1
1700 1
1700 1
1700 0.997647
1700 0.968824
1700 0.998824
1700 1
1700 0.997059
1700 1
1700 0.936471
1750 0.997143
1750 0.997143
1750 0.995429
1750 0.999429
1750 1
1750 1
1750 0.994286
1750 0.938857
1750 1
1750 0.944
1750 1
1750 0.997714
1750 1
1750 0.997143
1750 1
1750 0.976
1750 0.970286
1750 1
1750 1
1750 1
1750 0.968
1750 0.999429
1750 1
1750 0.972571
1800 1
1800 0.993333
1800 0.998889
1800 0.923333
1800 0.995556
1800 0.987778
1800 1
1800 0.997222
1800 1
1800 1
1800 1
1800 1
1800 0.999444
1800 1
1800 0.997778
1800 1
1800 1
1800 1
1800 1
1800 1
1800 0.997778
1800 1
1800 1
1800 1
1850 1
1850 1
1850 0.999459
1850 0.998919
1850 1
1850 1
1850 1
1850 1
1850 0.951892
1850 0.951892
1850 0.951892
1850 0.951892
1850 1
1850 0.951892
1850 1
1850 1
1850 1
1850 1
1850 1
1850 0.96973
1850 0.998919
1850 0.997838
1850 1
1850 1
1900 1
1900 1
1900 1
1900 0.988947
1900 1
1900 1
1900 1
1900 1
1900 1
1900 1
1900 1
1900 1
1900 1
1900 1
1900 1
1900 0.998421
1900 1
1900 0.995263
1900 1
1900 0.999474
1900 0.997368
1900 1
1900 0.999474
1900 0.962105
1950 0.995385
1950 0.998974
1950 1
1950 1
1950 1
1950 1
1950 0.998974
1950 1
1950 1
1950 0.999487
1950 1
1950 1
1950 1
1950 1
1950 0.997436
1950 1
1950 1
1950 1
1950 1
1950 0.99641
1950 1
1950 0.99641
1950 1
2000 0.9935
2000 0.9995
2000 1
2000 1
2000 1
2000 1
2000 1
2000 0.9555
2000 1
2000 1
2000 0.9995
2000 1
2000 1
2000 1
2000 1
2000 1
2000 1
2000 1
2000 1
2000 1
2000 1
2000 0.9995
2000 1
