50 0
50 0
50 0.18
50 0.36
50 0.34
50 0.04
50 0.1
50 0
50 0.38
50 0.08
50 0.14
50 0
50 0
50 0.08
50 0.14
50 0.62
50 0.18
50 0
50 0.02
50 0.08
50 0.48
50 0.34
50 0.56
50 0
50 0.18
100 0.95
100 0.28
100 0.27
100 0.46
100 0.54
100 0.64
100 0.18
100 0.81
100 0.7
100 0.53
100 0.42
100 0.03
100 0
100 0.44
100 0.18
100 0.7
100 0.36
100 0.52
100 0.43
100 0.47
100 0.87
100 0.46
100 0.85
100 0.32
100 0.02
150 0.553333
150 0.693333
150 0.973333
150 0.08
150 0.473333
150 0.813333
150 0.773333
150 0.873333
150 0.853333
150 0.28
150 0.766667
150 0.373333
150 0.606667
150 0.726667
150 0.753333
150 0.08
150 0.766667
150 0.613333
150 0.92
150 0.426667
150 0.18
150 0.366667
150 0.606667
150 0.713333
150 0.446667
200 0.73
200 0.805
200 0.71
200 0.885
200 0.21
200 0.875
200 0.025
200 0.145
200 0.12
200 0.87
200 0.875
200 0.45
200 0.175
200 1
200 0.835
200 0.215
200 0.62
200 0.725
200 0.875
200 0.85
200 0.71
200 0.93
200 0.59
200 0.62
200 0.705
250 0.848
250 0.988
250 0.904
250 0.668
250 0.884
250 0.9
250 0.904
250 0.848
250 0.764
250 0.912
250 0.964
250 0.724
250 0.884
250 0.928
250 0.844
250 0.832
250 0.928
250 0.908
250 0.736
250 0.476
250 0.804
250 0.876
250 0.404
250 0.768
250 1
300 0.913333
300 0.776667
300 0.92
300 0.92
300 0.92
300 0.866667
300 0.936667
300 0.16
300 0.866667
300 0.97
300 0.536667
300 0.896667
300 1
300 0.993333
300 0.896667
300 0.433333
300 0.696667
300 0.12
300 0.946667
300 0.663333
300 0.86
300 0.953333
300 0.813333
300 0.776667
300 0.92
350 0.988571
350 0.617143
350 0.894286
350 0.911429
350 0.88
350 0.894286
350 1
350 0.794286
350 0.997143
350 0.985714
350 0.977143
350 0.922857
350 0.971429
350 1
350 0.831429
350 0.997143
350 0.602857
350 0.822857
350 0.345714
350 0.997143
350 1
350 0.871429
350 0.902857
350 0.974286
350 0.954286
400 0.9075
400 0.8925
400 0.9425
400 0.1125
400 0.9375
400 0.8825
400 0.9625
400 0.955
400 0.85
400 0.8475
400 0.905
400 1
400 0.8375
400 1
400 0.8175
400 0.82
400 0.9925
400 0.9175
400 0.74
400 0.9975
400 0.9975
400 0.925
400 0.96
400 0.9225
400 0.8025
450 0.995556
450 0.948889
450 0.744444
450 0.92
450 0.888889
450 0.993333
450 0.962222
450 0.995556
450 1
450 0.988889
450 0.937778
450 0.966667
450 0.986667
450 0.973333
450 0.951111
450 0.948889
450 0.96
450 0.995556
450 0.993333
450 0.997778
450 0.986667
450 0.962222
450 0.902222
450 0.915556
450 1
500 0.978
500 0.986
500 0.996
500 0.928
500 0.994
500 0.866
500 0.954
500 0.952
500 0.944
500 0.966
500 0.914
500 0.994
500 0.914
500 0.996
500 0.972
500 0.776
500 0.97
500 0.996
500 0.946
500 0.62
500 1
500 0.908
500 0.988
500 0.896
500 0.996
550 1
550 0.996364
550 0.850909
550 0.947273
550 0.976364
550 1
550 1
550 0.830909
550 1
550 1
550 1
550 0.818182
550 0.998182
550 0.996364
550 0.954545
550 0.958182
550 1
550 1
550 0.992727
550 0.950909
550 1
550 0.941818
550 0.94
550 0.681818
550 0.972727
600 1
600 0.956667
600 0.995
600 0.896667
600 1
600 1
600 0.89
600 1
600 0.976667
600 1
600 0.956667
600 0.961667
600 1
600 0.996667
600 1
600 1
600 1
600 1
600 0.998333
600 0.963333
600 0.941667
600 0.843333
600 0.998333
600 1
600 0.965
650 1
650 0.956923
650 1
650 0.923077
650 1
650 0.946154
650 0.849231
650 0.946154
650 0.998462
650 0.958462
650 0.932308
650 1
650 0.989231
650 0.998462
650 1
650 0.995385
650 0.998462
650 0.996923
650 0.992308
650 0.912308
650 0.995385
650 1
650 0.98
650 0.995385
650 0.998462
700 0.854286
700 1
700 0.998571
700 0.997143
700 0.992857
700 1
700 0.96
700 0.995714
700 1
700 1
700 0.96
700 0.958571
700 0.998571
700 0.998571
700 0.957143
700 1
700 1
700 0.934286
700 1
700 0.995714
700 1
700 0.978571
700 0.995714
700 1
700 1
750 1
750 1
750 0.950667
750 1
750 0.988
750 1
750 0.990667
750 0.988
750 1
750 1
750 1
750 0.994667
750 0.997333
750 1
750 0.994667
750 1
750 0.993333
750 0.990667
750 1
750 0.996
750 0.918667
750 0.858667
750 1
750 1
750 0.993333
800 0.99375
800 0.95875
800 1
800 0.99
800 0.965
800 0.99
800 0.9975
800 0.99625
800 1
800 1
800 0.97375
800 0.99625
800 0.86125
800 0.98375
800 1
800 1
800 0.87375
800 0.86125
800 1
800 0.9975
800 1
800 0.99625
800 0.99375
800 0.9975
800 1
850 1
850 0.948235
850 1
850 1
850 0.998824
850 1
850 1
850 1
850 0.0541176
850 0.936471
850 1
850 1
850 0.965882
850 1
850 1
850 1
850 0.996471
850 1
850 0.994118
850 0.941176
850 0.957647
850 0.995294
850 1
850 0.947059
850 1
900 1
900 1
900 0.982222
900 0.998889
900 1
900 0.955556
900 1
900 0.997778
900 0.98
900 0.996667
900 0.994444
900 1
900 0.995556
900 1
900 1
900 0.995556
900 0.998889
900 0.997778
900 0.927778
900 0.976667
900 1
900 0.997778
900 1
900 1
900 1
950 1
950 0.996842
950 0.992632
950 1
950 0.997895
950 1
950 1
950 1
950 0.997895
950 0.996842
950 1
950 1
950 0.998947
950 1
950 0.996842
950 1
950 0.989474
950 0.997895
950 1
950 0.944211
950 1
950 1
950 1
950 1
1000 1
1000 1
1000 1
1000 0.991
1000 1
1000 1
1000 1
1000 1
1000 1
1000 0.997
1000 0.998
1000 1
1000 1
1000 1
1000 1
1000 0.914
1000 0.999
1000 0.998
1000 1
1000 0.992
1000 1
1000 1
1000 1
1000 1
1050 0.981905
1050 1
1050 0.990476
1050 1
1050 1
1050 0.999048
1050 0.994286
1050 0.989524
1050 1
1050 0.879048
1050 0.994286
1050 1
1050 0.990476
1050 0.995238
1050 0.234286
1050 0.999048
1050 0.998095
1050 0.908571
1050 1
1050 0.99619
1050 1
1050 0.999048
1050 0.979048
1050 0.994286
1100 1
1100 1
1100 0.998182
1100 0.999091
1100 0.981818
1100 1
1100 0.947273
1100 0.952727
1100 1
1100 0.999091
1100 0.992727
1100 0.959091
1100 0.996364
1100 1
1100 1
1100 0.999091
1100 1
1100 1
1100 1
1100 0.994545
1100 1
1100 1
1100 0.999091
1100 1
1150 0.970435
1150 0.997391
1150 0.969565
1150 0.92087
1150 0.998261
1150 1
1150 1
1150 0.997391
1150 0.986957
1150 0.990435
1150 0.963478
1150 1
1150 1
1150 0.99913
1150 0.99913
1150 0.993913
1150 1
1150 0.964348
1150 1
1150 1
1150 1
1150 0.984348
1150 1
1150 0.973913
1200 1
1200 1
1200 1
1200 0.9825
1200 0.991667
1200 1
1200 0.995833
1200 0.999167
1200 0.999167
1200 1
1200 1
1200 0.96
1200 0.99
1200 0.996667
1200 0.998333
1200 0.996667
1200 0.969167
1200 1
1200 0.983333
1200 0.9975
1200 1
1200 1
1200 1
1250 1
1250 0.9928
1250 0.9984
1250 0.9984
1250 0.9992
1250 1
1250 0.9656
1250 0.96
1250 0.9992
1250 0.9984
1250 1
1250 0.9672
1250 0.9968
1250 0.9704
1250 1
1250 0.9976
1250 1
1250 1
1250 0.9912
1250 0.9776
1250 0.9976
1250 1
1250 0.9968
1300 0.981538
1300 1
1300 0.991538
1300 1
1300 0.994615
1300 1
1300 1
1300 1
1300 1
1300 0.992308
1300 1
1300 1
1300 1
1300 1
1300 1
1300 1
1300 0.996154
1300 1
1300 1
1300 1
1300 1
1300 0.996154
1300 1
1300 0.995385
1350 1
1350 0.997037
1350 1
1350 1
1350 1
1350 0.951111
1350 1
1350 0.999259
1350 0.997037
1350 0.957778
1350 1
1350 1
1350 1
1350 1
1350 0.993333
1350 0.996296
1350 1
1350 1
1350 1
1350 0.998519
1350 0.965926
1350 0.997778
1350 0.99037
1350 1
1400 1
1400 1
1400 1
1400 1
1400 0.996429
1400 1
1400 1
1400 1
1400 1
1400 1
1400 1
1400 1
1400 0.985
1400 0.953571
1400 0.998571
1400 1
1400 1
1400 1
1400 0.985714
1400 1
1400 0.996429
1400 1
1400 0.999286
1400 1
1450 1
1450 0.99931
1450 1
1450 1
1450 0.998621
1450 1
1450 0.996552
1450 1
1450 1
1450 0.99931
1450 1
1450 1
1450 1
1450 0.998621
1450 1
1450 1
1450 0.99931
1450 0.950345
1450 1
1450 1
1450 1
1450 0.994483
1450 0.995172
1450 0.922069
1500 0.998667
1500 1
1500 0.996667
1500 1
1500 1
1500 0.992667
1500 1
1500 1
1500 0.984667
1500 1
1500 0.997333
1500 1
1500 1
1500 1
1500 0.994
1500 0.995333
1500 0.999333
1500 1
1500 0.998
1500 0.89
1500 1
1500 0.818
1500 1
1500 1
1550 1
1550 1
1550 1
1550 0.992903
1550 1
1550 1
1550 1
1550 0.927742
1550 1
1550 0.99871
1550 1
1550 0.994839
1550 1
1550 0.987097
1550 1
1550 1
1550 1
1550 1
1550 0.990968
1550 1
1550 0.710968
1550 1
1550 0.991613
1550 1
1600 1
1600 1
1600 1
1600 1
1600 1
1600 1
1600 1
1600 0.99875
1600 1
1600 1
1600 1
1600 1
1600 1
1600 1
1600 1
1600 0.998125
1600 0.9975
1600 1
1600 1
1600 1
1600 1
1600 1
1600 1
1600 0.996875
1650 1
1650 0.998788
1650 0.998182
1650 1
1650 1
1650 0.999394
1650 1
1650 0.992727
1650 0.978788
1650 1
1650 1
1650 0.998182
1650 1
1650 1
1650 0.999394
1650 0.998182
1650 1
1650 1
1650 0.996364
1650 1
1650 1
1650 0.998788
1650 1
1650 0.999394
1700 1
1700 1
1700 1
1700 1
1700 0.997647
1700 0.968824
1700 0.998824
1700 1
1700 0.997059
1700 1
1700 0.936471
1700 1
1700 1
1700 0.927647
1700 1
1700 0.994118
1700 0.992353
1700 1
1700 0.952353
1700 0.996471
1700 0.998824
1700 1
1700 1
1700 1
1750 0.997143
1750 1
1750 0.976
1750 0.970286
1750 1
1750 1
1750 1
1750 0.968
1750 0.999429
1750 1
1750 0.972571
1750 0.997143
1750 0.997143
1750 0.995429
1750 0.999429
1750 1
1750 1
1750 0.994286
1750 0.938857
1750 1
1750 0.944
1750 1
1750 0.997714
1750 1
1800 1
1800 1
1800 1
1800 1
1800 1
1800 1
1800 1
1800 0.997778
1800 1
1800 1
1800 1
1800 1
1800 0.993333
1800 0.998889
1800 0.921667
1800 0.995556
1800 0.987778
1800 1
1800 0.997222
1800 1
1800 1
1800 1
1800 1
1800 0.999444
1850 0.951892
1850 1
1850 1
1850 1
1850 1
1850 1
1850 0.96973
1850 0.998919
1850 0.997838
1850 1
1850 1
1850 1
1850 1
1850 0.999459
1850 1
1850 1
1850 1
1850 1
1850 1
1850 0.951892
1850 0.951892
1850 0.951892
1850 0.951892
1850 1
1900 1
1900 1
1900 0.998421
1900 1
1900 0.995263
1900 1
1900 0.999474
1900 0.997368
1900 1
1900 0.999474
1900 0.962105
1900 1
1900 1
1900 1
1900 1
1900 1
1900 1
1900 1
1900 1
1900 1
1900 1
1900 1
1900 1
1900 1
1950 0.945641
1950 1
1950 0.997436
1950 1
1950 1
1950 1
1950 1
1950 0.99641
1950 1
1950 0.99641
1950 1
1950 0.995385
1950 0.998974
1950 1
1950 1
1950 1
1950 1
1950 0.998974
1950 1
1950 1
1950 0.999487
1950 1
1950 1
1950 1
2000 1
2000 1
2000 1
2000 1
2000 1
2000 1
2000 1
2000 1
2000 1
2000 0.9995
2000 1
2000 0.9935
2000 0.9995
2000 1
2000 1
2000 1
2000 1
2000 1
2000 0.9555
2000 1
2000 1
2000 0.9995
2000 1
2000 1
