50 0.02
50 0.5
50 0
50 0
50 0.26
50 0.02
50 0.16
50 0.04
50 0.02
50 0.22
50 0
50 0.06
50 0.12
50 0
50 0.16
50 0
50 0.02
50 0.28
50 0
50 0.02
50 0
50 0.08
50 0
50 0.2
50 0
50 0
50 0
50 0.04
50 0.18
50 0
50 0
50 0
50 0.06
50 0
50 0.08
50 0
50 0.2
50 0.04
50 0.02
50 0
50 0.18
50 0.04
50 0.04
50 0
50 0
50 0
50 0
50 0.54
50 0.24
50 0.02
50 0
50 0
50 0.06
50 0
50 0
50 0.06
50 0.34
50 0.12
50 0
50 0.04
50 0.4
50 0
50 0
50 0
50 0
50 0.04
50 0.04
50 0.06
50 0.5
50 0.12
50 0.18
50 0.02
50 0.2
50 0
50 0.08
100 0.3
100 0
100 0.45
100 0.71
100 0.75
100 0.8
100 0.56
100 0.2
100 0.87
100 0.47
100 0.86
100 0
100 0.27
100 0.09
100 0.9
100 0.2
100 0.58
100 0.43
100 0.39
100 0.7
100 0.71
100 0.25
100 0.32
100 0.53
100 0.59
100 0.33
100 0.61
100 0.49
100 0.2
100 0.47
100 0.77
100 0.44
100 0.27
100 0.76
100 0.82
100 0.54
100 0.71
100 0.77
100 0.05
100 0.45
100 0.79
100 0.15
100 0.39
100 0.83
100 0.8
100 0.72
100 0.52
100 0.41
100 0.1
100 0.41
100 0.44
100 0.37
100 0.71
100 0.6
100 0.55
100 0.97
100 0.41
100 0.12
100 0.28
100 0.82
100 0.81
100 0.29
100 0.48
100 0.51
100 0.03
100 0.08
100 0.65
100 0
100 0.45
100 0.72
100 0.03
100 0.64
100 0.49
100 0.01
100 0.9
150 0.366667
150 0.6
150 0.793333
150 0.753333
150 0.56
150 0.906667
150 0.873333
150 0.92
150 0.853333
150 0.146667
150 0.9
150 0.886667
150 0.493333
150 0.533333
150 0.686667
150 0.746667
150 0.973333
150 0.693333
150 0.54
150 0.813333
150 0.773333
150 0.94
150 0.64
150 0.66
150 0.906667
150 0.793333
150 0.426667
150 0.826667
150 0.92
150 0.84
150 0.76
150 0.213333
150 0.82
150 0.986667
150 0.553333
150 0.593333
150 0.333333
150 0.653333
150 0.62
150 0.853333
150 0.906667
150 0.4
150 0.4
150 0.426667
150 0.32
150 0.86
150 0.873333
150 0.833333
150 0.806667
150 0.72
150 0.64
150 0.52
150 0.746667
150 0.726667
150 0.8
150 0.746667
150 0.78
150 0.353333
150 0.406667
150 0.72
150 0.913333
150 0.8
150 0.966667
150 0.693333
150 0.846667
150 0.746667
150 0.873333
150 0.0733333
150 0.986667
150 0.433333
150 0.733333
150 0.293333
150 0.733333
150 0.753333
150 0.546667
200 0.71
200 0.495
200 1
200 0.8
200 0.71
200 0.04
200 0.63
200 0.895
200 0.76
200 0
200 0.96
200 0.59
200 0.765
200 0.96
200 0.73
200 0.805
200 0.71
200 0.885
200 0.895
200 0.855
200 0.765
200 0.965
200 0.595
200 0.89
200 0.85
200 0.85
200 0.965
200 0.83
200 0.97
200 0.89
200 0.31
200 0.88
200 0.815
200 0.935
200 0.335
200 0.985
200 0.59
200 0.73
200 0.965
200 0
200 0.735
200 0.905
200 0.81
200 0.61
200 0.92
200 0.765
200 0.855
200 0.735
200 0.85
200 0.865
200 0.695
200 0.865
200 0.865
200 0.77
200 0.92
200 0.065
200 0.985
200 0.64
200 0.915
200 0.745
200 0.515
200 0.905
200 0.97
200 0.82
200 0.78
200 0.67
200 0.67
200 0.83
200 0.78
200 0.945
200 0.745
200 0.41
200 0.895
200 0.925
200 0.815
250 0.916
250 0.912
250 0.928
250 0.844
250 0.888
250 0.928
250 0.952
250 0.98
250 0.78
250 0.912
250 0.896
250 0.884
250 0.948
250 1
250 0.848
250 0.988
250 1
250 0.852
250 0.884
250 0.9
250 0.996
250 0.012
250 0.752
250 0
250 0.9
250 0.9
250 0.076
250 0.992
250 0.856
250 0.968
250 0.772
250 0.9
250 1
250 0
250 0.852
250 0.776
250 0.976
250 0.872
250 0.952
250 0.976
250 0.984
250 0.032
250 0.916
250 0.492
250 0.872
250 0.904
250 0.972
250 0.604
250 0.94
250 0.904
250 0.912
250 0.904
250 0.852
250 0.756
250 0.908
250 0.964
250 0.828
250 0
250 0
250 1
250 0.912
250 0.864
250 0.956
250 0.868
250 0.688
250 0.984
250 0.864
250 0.948
250 0.848
250 0.944
250 0.764
250 0.596
250 1
250 0.04
250 0.868
300 0.85
300 1
300 0.993333
300 1
300 0.113333
300 0.936667
300 0.09
300 0.946667
300 0.94
300 0.86
300 0.953333
300 0
300 0.973333
300 0.92
300 0.913333
300 0.00333333
300 0.11
300 0.933333
300 0.96
300 0.0333333
300 0.09
300 0.916667
300 0.823333
300 0.97
300 0.0366667
300 0.943333
300 0.94
300 0.0433333
300 0.96
300 1
300 0.826667
300 0.823333
300 0.846667
300 0.86
300 0.84
300 0.933333
300 0.98
300 0.976667
300 0.933333
300 0.976667
300 0.94
300 0.936667
300 1
300 0.86
300 0.933333
300 0
300 0
300 0
300 0.513333
300 1
300 0.816667
300 0.936667
300 0.756667
300 0.2
300 0.81
300 0.0833333
300 1
300 0.936667
300 0.873333
300 0.88
300 0.913333
300 0.933333
300 0.896667
300 0.863333
300 1
300 0.973333
300 0.973333
300 0.85
300 0.973333
300 0.973333
300 0.946667
300 0.946667
300 0.936667
300 0.873333
300 0
350 0.922857
350 0.971429
350 1
350 0.831429
350 0.997143
350 0
350 0.822857
350 0.945714
350 0.997143
350 0
350 0.931429
350 0.897143
350 0.974286
350 0.954286
350 0.988571
350 0.845714
350 0.894286
350 0.911429
350 0.88
350 0.9
350 1
350 0.794286
350 0.997143
350 0.985714
350 0.977143
350 0.931429
350 0.988571
350 0.96
350 0.905714
350 0.908571
350 0.822857
350 0.997143
350 0.888571
350 0.962857
350 1
350 1
350 0
350 0.605714
350 0.877143
350 0
350 0
350 0.914286
350 0.925714
350 1
350 1
350 0
350 0.997143
350 0.954286
350 0.848571
350 0.977143
350 0.997143
350 0.16
350 0.982857
350 0.914286
350 0.914286
350 0.971429
350 0.982857
350 0.885714
350 0
350 0.934286
350 0.971429
350 0.871429
350 0
350 0.945714
350 0.728571
350 0.908571
350 0.945714
350 0.92
350 0
350 0.902857
350 0.94
350 0.00285714
350 0
350 0.9
350 0.902857
400 1
400 0
400 1
400 0.96
400 0.82
400 0.9175
400 0.9175
400 0
400 0.9975
400 0.9975
400 0.905
400 0.96
400 1
400 0.895
400 0.95
400 0
400 0.9425
400 0.6025
400 0.9375
400 0.96
400 0.9625
400 0.9625
400 0.9875
400 0
400 0.995
400 1
400 0.08
400 0
400 0.865
400 0.9525
400 1
400 0.1025
400 0.8875
400 0.115
400 0.9775
400 0.97
400 0.9325
400 0.645
400 0.9325
400 0.9675
400 0.98
400 0.955
400 0.9975
400 0.045
400 0.9275
400 0.985
400 0.995
400 0.845
400 1
400 0.9775
400 0.0075
400 1
400 0.96
400 0.965
400 0.8625
400 0.93
400 0
400 0
400 0
400 0.965
400 0.8675
400 0.08
400 0.93
400 1
400 0.965
400 0.995
400 0.9175
400 1
400 0.9975
400 0.9875
400 0
400 0.8725
400 0.935
400 1
400 0.0425
450 0.966667
450 0.986667
450 0.982222
450 0.0422222
450 0.997778
450 0.96
450 0.995556
450 0.993333
450 0.997778
450 0
450 0.962222
450 0.915556
450 0.131111
450 1
450 0.842222
450 0.948889
450 0.744444
450 0.92
450 0.888889
450 0.993333
450 0.962222
450 0.231111
450 1
450 1
450 0.148889
450 0.106667
450 1
450 0.968889
450 0.968889
450 0.631111
450 0.0266667
450 0.935556
450 1
450 0.991111
450 0.913333
450 0
450 1
450 0.92
450 0.997778
450 0.0733333
450 0.98
450 0.964444
450 0.84
450 1
450 0
450 1
450 0.995556
450 0.955556
450 0
450 1
450 0.964444
450 0.997778
450 0.942222
450 1
450 0.966667
450 0.991111
450 0.853333
450 1
450 0.98
450 0.02
450 0
450 0.942222
450 0
450 0.975556
450 0.0488889
450 0.915556
450 0
450 0.00888889
450 0.0533333
450 0.98
450 0.906667
450 0.853333
450 0.04
450 0
450 0.748889
500 0.03
500 0.906
500 0.996
500 0.972
500 0.116
500 0.998
500 0
500 0.994
500 0.928
500 1
500 0.908
500 0.988
500 0.886
500 0.996
500 0.978
500 0
500 0.996
500 0.954
500 0.994
500 0.104
500 0.954
500 0.952
500 0
500 0.966
500 0.914
500 1
500 0.12
500 0.978
500 0.99
500 0.988
500 0.922
500 0
500 0.958
500 1
500 0.942
500 0
500 0.006
500 0.018
500 0
500 0.074
500 0.958
500 0.05
500 0.992
500 0.988
500 0.996
500 0
500 1
500 0.996
500 1
500 0.998
500 0.078
500 1
500 1
500 0.94
500 0
500 0.994
500 1
500 1
500 0.996
500 0.998
500 1
500 0
500 0.996
500 0.772
500 0.996
500 0.942
500 0.948
500 0.986
500 0.976
500 0.026
500 0.09
500 0.972
500 1
500 0.998
500 0.996
550 0.818182
550 0.0909091
550 0.996364
550 0.954545
550 0.958182
550 1
550 1
550 0
550 0.950909
550 1
550 0.941818
550 0.934545
550 0
550 0.972727
550 1
550 0.996364
550 0.907273
550 0.947273
550 0.976364
550 1
550 0
550 0.830909
550 1
550 1
550 1
550 0.981818
550 0.0218182
550 0.98
550 0.954545
550 0.970909
550 0
550 0.996364
550 1
550 0
550 0.947273
550 0.943636
550 0.987273
550 0.909091
550 0.998182
550 1
550 0.950909
550 1
550 0.907273
550 0
550 1
550 0.990909
550 0
550 0.965455
550 1
550 1
550 0
550 0.998182
550 0.970909
550 0.952727
550 0.0345455
550 0
550 1
550 0.0563636
550 0.0509091
550 0
550 0
550 0.941818
550 1
550 0.998182
550 1
550 0.998182
550 0.998182
550 0.00181818
550 0.992727
550 0.996364
550 1
550 0.0109091
550 0
550 0.136364
550 0
600 0
600 1
600 0
600 0.198333
600 0
600 1
600 0.02
600 0.998333
600 0.963333
600 0.941667
600 0.996667
600 0.998333
600 1
600 0.965
600 1
600 0.956667
600 0.995
600 0.0116667
600 1
600 0.0183333
600 0.015
600 1
600 0.976667
600 1
600 0.956667
600 0.951667
600 0.993333
600 0.99
600 0.966667
600 0.966667
600 0.918333
600 0.99
600 0.106667
600 0.996667
600 0.915
600 0
600 0.976667
600 0
600 0.936667
600 1
600 0.983333
600 1
600 0.953333
600 1
600 1
600 0.993333
600 0.995
600 0.935
600 0
600 0.866667
600 0.998333
600 0.996667
600 1
600 0.985
600 1
600 0.983333
600 0.05
600 0.961667
600 0
600 1
600 1
600 0
600 0.0133333
600 0.0333333
600 0.998333
600 0.0533333
600 0.988333
600 0.945
600 0.94
600 0.94
600 0.996667
600 0.893333
600 0.998333
600 1
600 0.055
650 1
650 0.989231
650 0.998462
650 1
650 0.995385
650 0.998462
650 0.996923
650 0.00307692
650 0.0984615
650 0.995385
650 1
650 0.98
650 0.189231
650 0.998462
650 1
650 0.956923
650 1
650 0
650 1
650 0.946154
650 0
650 0.06
650 0.0384615
650 0.0461538
650 0.0830769
650 1
650 1
650 0.0846154
650 0.0230769
650 0.158462
650 1
650 0.996923
650 1
650 1
650 0.958462
650 0.0907692
650 0
650 1
650 0
650 0.0907692
650 1
650 0.0415385
650 0.986154
650 0.130769
650 0.0261538
650 0.0369231
650 0.946154
650 0.18
650 0
650 1
650 0.901538
650 0.0184615
650 1
650 0.992308
650 0.944615
650 0.996923
650 0.941538
650 0.998462
650 0
650 0.986154
650 0.929231
650 0.996923
650 0.961538
650 1
650 0.996923
650 0.996923
650 0.996923
650 0.993846
650 1
650 1
650 0.992308
650 1
650 0.0338462
650 0.946154
650 0.998462
700 0.958571
700 0.998571
700 0.998571
700 0.957143
700 1
700 0
700 0
700 1
700 0.995714
700 1
700 0.978571
700 0.995714
700 1
700 1
700 0.997143
700 1
700 0.998571
700 0.997143
700 0.992857
700 1
700 0.96
700 0.995714
700 1
700 1
700 0.11
700 0.998571
700 1
700 0
700 0.982857
700 0.971429
700 0.998571
700 0.972857
700 0.997143
700 0.0128571
700 0.922857
700 0.994286
700 0.997143
700 1
700 0.998571
700 1
700 1
700 0.0342857
700 0.991429
700 1
700 0.00714286
700 1
700 0.89
700 1
700 1
700 1
700 0
700 1
700 1
700 0.952857
700 0.0228571
700 0.955714
700 0.997143
700 0.99
700 0.997143
700 1
700 0.958571
700 0.954286
700 0.995714
700 0
700 0.967143
700 0
700 0.984286
700 0.998571
700 1
700 0
700 0.994286
700 1
700 0.12
700 0.942857
700 0.998571
750 0.994667
750 0.0573333
750 1
750 0.994667
750 1
750 0.993333
750 0.108
750 0.0306667
750 0.996
750 0.918667
750 0.869333
750 1
750 1
750 0.993333
750 1
750 1
750 0.0586667
750 0
750 1
750 1
750 0
750 0.988
750 0.0253333
750 1
750 1
750 0.965333
750 0.997333
750 0.952
750 0.997333
750 0.997333
750 1
750 0.072
750 0.104
750 0.998667
750 0.996
750 1
750 0
750 0.956
750 1
750 0
750 0.985333
750 0.0173333
750 0.993333
750 1
750 0.997333
750 0.949333
750 0.998667
750 0
750 0.096
750 1
750 0.997333
750 0.0186667
750 0
750 0.996
750 0.996
750 1
750 0
750 0
750 0.0666667
750 0
750 1
750 0.998667
750 0.954667
750 0.922667
750 0.998667
750 0
750 0.948
750 0
750 1
750 1
750 0
750 0
750 1
750 0
750 0
800 0.0425
800 0
800 0
800 1
800 1
800 0.0325
800 0.01
800 1
800 0.9975
800 1
800 0.99625
800 0.0675
800 0.9975
800 1
800 0.99375
800 0.0875
800 1
800 0.985
800 0.965
800 0
800 0.9975
800 0.99625
800 1
800 0.00375
800 0.97375
800 0.99
800 0.95
800 1
800 0.99875
800 0.01625
800 0
800 0.995
800 0.975
800 1
800 0.995
800 0
800 0.9975
800 0.995
800 0.07625
800 0.955
800 0.985
800 0.9975
800 1
800 0
800 0.9725
800 0.00125
800 0.0875
800 0.935
800 0.02875
800 0.0275
800 0.15125
800 0.9325
800 1
800 1
800 0.02875
800 0.00875
800 1
800 0.96125
800 0.0725
800 0
800 0.99625
800 1
800 0.025
800 1
800 0.99875
800 0.945
800 1
800 0.99875
800 1
800 1
800 1
800 0.19375
800 0
800 1
800 1
850 0
850 0
850 0.0917647
850 1
850 1
850 0.996471
850 1
850 0.998824
850 0.117647
850 0.957647
850 0.0694118
850 1
850 0.00235294
850 0.0376471
850 0
850 0.948235
850 1
850 1
850 0.998824
850 1
850 0.0588235
850 1
850 0
850 0
850 0
850 0.951765
850 0.971765
850 0.0929412
850 0.996471
850 1
850 1
850 0.996471
850 0.998824
850 0.996471
850 1
850 0.991765
850 1
850 1
850 0.962353
850 1
850 1
850 0
850 0.998824
850 0.991765
850 1
850 1
850 1
850 0.967059
850 0.982353
850 0.871765
850 1
850 0.04
850 0
850 1
850 0.983529
850 0
850 0.0905882
850 0
850 1
850 1
850 0
850 0.995294
850 0.0658824
850 0.0317647
850 1
850 1
850 1
850 1
850 0.997647
850 1
850 0.996471
850 0.989412
850 0.997647
850 0.00117647
850 0
900 1
900 0
900 1
900 0.0766667
900 0.995556
900 0.998889
900 0.997778
900 0.00888889
900 0.976667
900 1
900 0.997778
900 1
900 1
900 1
900 1
900 1
900 0.982222
900 0.998889
900 1
900 0.955556
900 1
900 0
900 0.98
900 0.996667
900 0.994444
900 0.946667
900 1
900 1
900 0.998889
900 0.994444
900 1
900 1
900 0.996667
900 0.986667
900 0.0677778
900 1
900 0.995556
900 0.997778
900 1
900 0.996667
900 0.108889
900 0.967778
900 0.0144444
900 0.952222
900 0.0944444
900 0.994444
900 1
900 0.994444
900 1
900 1
900 0.108889
900 0.132222
900 0.0966667
900 0.118889
900 1
900 1
900 0.988889
900 1
900 0.0222222
900 0.997778
900 0.997778
900 1
900 1
900 0.996667
900 0.06
900 0.996667
900 1
900 0
900 1
900 0.994444
900 1
900 1
900 0.995556
900 0.998889
900 1
950 1
950 1
950 0.998947
950 1
950 0.996842
950 0.0242105
950 0.989474
950 0.997895
950 0.0389474
950 0.944211
950 0.0473684
950 1
950 1
950 0.125263
950 0.00421053
950 0.996842
950 0.992632
950 1
950 0.997895
950 0
950 1
950 0.0810526
950 0.997895
950 0.04
950 0.997895
950 1
950 0.996842
950 0.0347368
950 0.987368
950 0.175789
950 0.994737
950 1
950 1
950 1
950 1
950 0.0663158
950 0.995789
950 0.896842
950 0
950 0.12
950 0.947368
950 1
950 0.96
950 1
950 1
950 0
950 0.991579
950 0
950 0.974737
950 0.128421
950 1
950 0.998947
950 0.994737
950 0.996842
950 1
950 1
950 0
950 1
950 0
950 1
950 0.889474
950 0.970526
950 0.970526
950 0.132632
950 0.997895
950 0.0821053
950 0
950 1
950 1
950 0
950 1
950 0.98
950 0
950 0.992632
950 1
1000 0.998
1000 0
1000 1
1000 1
1000 0.011
1000 0.914
1000 0.999
1000 0.998
1000 1
1000 0.992
1000 1
1000 1
1000 1
1000 0
1000 1
1000 1
1000 0
1000 0
1000 1
1000 1
1000 0.008
1000 1
1000 0.076
1000 0
1000 1
1000 0.996
1000 0.014
1000 1
1000 1
1000 0.999
1000 0.999
1000 0.222
1000 0.983
1000 0.956
1000 0.998
1000 1
1000 0
1000 1
1000 0.998
1000 1
1000 1
1000 1
1000 0.994
1000 0.016
1000 0
1000 0.999
1000 0.997
1000 0.997
1000 0
1000 1
1000 0.997
1000 0.079
1000 0
1000 1
1000 1
1000 0.999
1000 0.028
1000 0.164
1000 1
1000 0.025
1000 1
1000 0.999
1000 0.979
1000 0.996
1000 0.941
1000 0.147
1000 0.996
1000 0.001
1000 0
1000 1
1000 1
1000 0.999
1000 0
1000 0.03
1000 0.008
1050 0.994286
1050 1
1050 0.0257143
1050 0.995238
1050 0.0533333
1050 0.999048
1050 0.998095
1050 0.0752381
1050 1
1050 0.99619
1050 1
1050 0.999048
1050 0
1050 0.994286
1050 0.981905
1050 1
1050 0
1050 1
1050 1
1050 0.00952381
1050 0.994286
1050 0.989524
1050 1
1050 0.879048
1050 0
1050 0
1050 0.99619
1050 0.00285714
1050 0.992381
1050 1
1050 0.0466667
1050 1
1050 0.995238
1050 0
1050 0.985714
1050 0.0228571
1050 0.999048
1050 0.993333
1050 0.979048
1050 0
1050 0
1050 0.0247619
1050 1
1050 0
1050 1
1050 1
1050 0.0895238
1050 0.0047619
1050 0.124762
1050 1
1050 0.999048
1050 1
1050 0.999048
1050 0.0952381
1050 1
1050 0
1050 0.992381
1050 0.982857
1050 0.0257143
1050 0
1050 0.927619
1050 0.100952
1050 1
1050 1
1050 0
1050 0.997143
1050 0
1050 0.0314286
1050 1
1050 0
1050 1
1050 1
1050 1
1050 0.99619
1050 0.0771429
1100 0.992727
1100 0.959091
1100 0.996364
1100 1
1100 1
1100 0.999091
1100 0
1100 1
1100 1
1100 0
1100 1
1100 1
1100 0.999091
1100 0.00272727
1100 1
1100 0.100909
1100 0.109091
1100 0.999091
1100 0.981818
1100 1
1100 0
1100 0.945455
1100 1
1100 0.999091
1100 0
1100 0.131818
1100 0.998182
1100 1
1100 0
1100 0.0690909
1100 0.965455
1100 0.0672727
1100 1
1100 0.963636
1100 0.995455
1100 1
1100 0
1100 1
1100 1
1100 0
1100 1
1100 0
1100 0.995455
1100 1
1100 0
1100 0.0718182
1100 0.994545
1100 1
1100 0.997273
1100 0.0472727
1100 0.0209091
1100 1
1100 0.998182
1100 0.177273
1100 0.0172727
1100 0.998182
1100 0
1100 0
1100 0.22
1100 1
1100 0.999091
1100 0.998182
1100 0.999091
1100 0
1100 1
1100 1
1100 0.249091
1100 0.998182
1100 0.997273
1100 1
1100 0
1100 1
1100 0.997273
1100 1
1100 0.0872727
1150 0.0182609
1150 1
1150 1
1150 0.99913
1150 0.141739
1150 0.993913
1150 0
1150 0.964348
1150 0
1150 1
1150 0.000869565
1150 0.000869565
1150 0.0426087
1150 0.0643478
1150 0
1150 0.997391
1150 0.969565
1150 0.92087
1150 0.998261
1150 1
1150 1
1150 0.997391
1150 0.114783
1150 0.990435
1150 0.998261
1150 1
1150 0.0721739
1150 0.06
1150 1
1150 0
1150 0.986087
1150 0.197391
1150 1
1150 0
1150 0.989565
1150 0.993913
1150 0.958261
1150 0.952174
1150 0.994783
1150 1
1150 0.0147826
1150 0.073913
1150 0
1150 0.109565
1150 0.99913
1150 0.161739
1150 0
1150 0.996522
1150 1
1150 1
1150 1
1150 0.0226087
1150 0.998261
1150 0.970435
1150 1
1150 0.212174
1150 1
1150 0.993913
1150 0.994783
1150 0.997391
1150 1
1150 1
1150 1
1150 0
1150 1
1150 0
1150 1
1150 1
1150 1
1150 1
1150 0
1150 0.99913
1150 0.996522
1150 0
1150 1
1200 1
1200 0.96
1200 0.99
1200 0.996667
1200 0.265
1200 0.0025
1200 0.969167
1200 1
1200 0.0158333
1200 0
1200 1
1200 1
1200 1
1200 0
1200 0
1200 1
1200 0
1200 0.9825
1200 0.991667
1200 1
1200 0
1200 0.999167
1200 0.155833
1200 0
1200 1
1200 1
1200 0.0266667
1200 1
1200 0.0225
1200 1
1200 0.9975
1200 1
1200 0.999167
1200 0.999167
1200 1
1200 0.0866667
1200 0.136667
1200 1
1200 0.9975
1200 0.0366667
1200 0.998333
1200 0.8675
1200 0.995
1200 1
1200 0.0025
1200 1
1200 1
1200 1
1200 1
1200 0
1200 0.9975
1200 0.99
1200 0.0391667
1200 0.99
1200 1
1200 0.995833
1200 1
1200 1
1200 1
1200 1
1200 1
1200 0.005
1200 1
1200 0.999167
1200 0
1200 1
1200 1
1200 0
1200 1
1200 0.996667
1200 0.994167
1200 0.943333
1200 0.153333
1200 0
1200 0.0216667
1250 1
1250 0.9672
1250 0.9968
1250 0.9704
1250 1
1250 0.9976
1250 1
1250 0.1376
1250 0.9912
1250 0.9776
1250 0.9976
1250 1
1250 0.0648
1250 0.9976
1250 1
1250 0
1250 0.9984
1250 0.9984
1250 0.9992
1250 1
1250 0.9656
1250 0.0208
1250 0.9992
1250 0.9984
1250 0
1250 0.9968
1250 1
1250 1
1250 0
1250 0.0672
1250 0.996
1250 0.1008
1250 1
1250 0.04
1250 1
1250 0
1250 0.0128
1250 0.9984
1250 0.9992
1250 0
1250 0.1136
1250 1
1250 0.0008
1250 0.9992
1250 0.996
1250 0.0216
1250 1
1250 1
1250 0.0656
1250 1
1250 0.0408
1250 1
1250 0.9984
1250 0.9992
1250 1
1250 0.0168
1250 0.1384
1250 1
1250 0.0608
1250 0.9992
1250 1
1250 1
1250 1
1250 1
1250 0.9992
1250 1
1250 1
1250 1
1250 1
1250 1
1250 0.9912
1250 1
1250 0.9984
1250 1
1250 0.9968
1300 0.0923077
1300 1
1300 1
1300 1
1300 0.0123077
1300 0.996154
1300 1
1300 1
1300 0
1300 0
1300 0.996154
1300 1
1300 0.995385
1300 0.981538
1300 1
1300 0.991538
1300 0
1300 0.994615
1300 1
1300 1
1300 1
1300 0.0161538
1300 0.992308
1300 1
1300 0.09
1300 1
1300 0.00307692
1300 0
1300 1
1300 0
1300 0.193846
1300 0.996923
1300 0.0546154
1300 1
1300 0
1300 0
1300 0.988462
1300 0.996923
1300 0
1300 0.0476923
1300 1
1300 0.151538
1300 0.998462
1300 0.996923
1300 1
1300 0
1300 0.997692
1300 0.993077
1300 0.0223077
1300 1
1300 1
1300 1
1300 1
1300 0.996154
1300 0.0176923
1300 0.0184615
1300 1
1300 1
1300 0.997692
1300 1
1300 0.976154
1300 0.998462
1300 1
1300 1
1300 0.997692
1300 1
1300 0.0784615
1300 1
1300 0.996923
1300 0.994615
1300 0.996923
1300 0.0653846
1300 0.997692
1300 0
1300 0.997692
1350 1
1350 0.100741
1350 1
1350 0.993333
1350 0
1350 1
1350 1
1350 0
1350 0.998519
1350 0.0962963
1350 0.997778
1350 0.0125926
1350 1
1350 0.0525926
1350 0
1350 1
1350 0
1350 1
1350 0.100741
1350 0.0555556
1350 0.999259
1350 0.997037
1350 0.957778
1350 0
1350 1
1350 1
1350 1
1350 1
1350 0.995556
1350 0.999259
1350 1
1350 0.128889
1350 0.992593
1350 0.00296296
1350 1
1350 0.995556
1350 0.0118519
1350 0.0733333
1350 1
1350 1
1350 1
1350 0.994815
1350 0
1350 0.00148148
1350 0.0303704
1350 1
1350 0.0251852
1350 1
1350 1
1350 0
1350 1
1350 0.0859259
1350 1
1350 0.00888889
1350 0
1350 1
1350 0.977778
1350 1
1350 0.961481
1350 1
1350 1
1350 1
1350 0.00444444
1350 0.968148
1350 1
1350 0.0748148
1350 0
1350 0.0192593
1350 1
1350 0.999259
1350 0.0851852
1350 1
1350 0
1350 0.999259
1350 0.223704
1400 1
1400 0.985
1400 0.955714
1400 0.998571
1400 0.0521429
1400 0.0942857
1400 0.0207143
1400 0.985714
1400 1
1400 0.996429
1400 1
1400 0.999286
1400 1
1400 1
1400 1
1400 1
1400 1
1400 0
1400 1
1400 1
1400 0.0185714
1400 1
1400 1
1400 0
1400 0
1400 0
1400 0.0814286
1400 0.993571
1400 0
1400 0.0578571
1400 1
1400 0.000714286
1400 1
1400 0
1400 0.0214286
1400 0.149286
1400 0.958571
1400 0.000714286
1400 1
1400 1
1400 1
1400 1
1400 0.997143
1400 1
1400 0
1400 1
1400 1
1400 0.995714
1400 1
1400 0.995
1400 0.0628571
1400 0.0392857
1400 0.0271429
1400 1
1400 0.965
1400 0.185
1400 0
1400 0.996429
1400 1
1400 1
1400 0
1400 0.0835714
1400 1
1400 1
1400 0
1400 0.975
1400 1
1400 0.02
1400 0.962143
1400 1
1400 1
1400 0.992857
1400 0.991429
1400 0.0164286
1400 1
1450 1
1450 1
1450 0.998621
1450 0.0275862
1450 1
1450 0.99931
1450 0
1450 0.0165517
1450 1
1450 1
1450 0.994483
1450 0
1450 0
1450 1
1450 0
1450 0
1450 1
1450 0.998621
1450 1
1450 0
1450 1
1450 0
1450 0
1450 1
1450 1
1450 1
1450 1
1450 1
1450 0.037931
1450 1
1450 1
1450 0.997931
1450 0.99931
1450 0.968276
1450 0.997931
1450 0
1450 1
1450 0.997931
1450 0.144138
1450 1
1450 1
1450 0.995862
1450 1
1450 1
1450 0
1450 1
1450 0.0655172
1450 1
1450 0.108276
1450 0
1450 0.99931
1450 1
1450 1
1450 0
1450 1
1450 1
1450 1
1450 1
1450 0.0124138
1450 1
1450 1
1450 0
1450 0.0655172
1450 0.104828
1450 0.997241
1450 0.996552
1450 1
1450 1
1450 0.0206897
1450 1
1450 1
1450 0.997241
1450 0.99931
1450 1
1450 0.0172414
1500 0
1500 1
1500 0.0173333
1500 0
1500 0.995333
1500 0.999333
1500 1
1500 0.998
1500 0.938667
1500 0
1500 0.756
1500 1
1500 0.0986667
1500 0.998667
1500 1
1500 0.996667
1500 1
1500 0.086
1500 0
1500 1
1500 1
1500 0.128
1500 1
1500 0.997333
1500 0.105333
1500 0.998
1500 0.142667
1500 1
1500 0.999333
1500 0.0846667
1500 0.999333
1500 0.994
1500 1
1500 0.216
1500 1
1500 0.999333
1500 1
1500 0
1500 1
1500 1
1500 1
1500 0
1500 1
1500 0
1500 0.994
1500 0.02
1500 0.0606667
1500 0
1500 0.0873333
1500 0.996
1500 0.0173333
1500 0.996667
1500 0.0353333
1500 0.998667
1500 1
1500 0.995333
1500 0
1500 1
1500 1
1500 0.999333
1500 0.996667
1500 0.112
1500 1
1500 0.996667
1500 1
1500 1
1500 1
1500 0.0433333
1500 1
1500 0.0826667
1500 0.996667
1500 0.126
1500 0.1
1500 0
1500 0.004
1550 0.994839
1550 1
1550 0
1550 1
1550 1
1550 0
1550 1
1550 0.0774194
1550 1
1550 0
1550 1
1550 0.991613
1550 1
1550 1
1550 1
1550 0.00903226
1550 0.992903
1550 1
1550 1
1550 1
1550 0.109032
1550 1
1550 0.99871
1550 1
1550 0
1550 1
1550 1
1550 0
1550 0.0303226
1550 0
1550 0.999355
1550 0.0264516
1550 0.999355
1550 0.994839
1550 1
1550 0.998065
1550 0
1550 1
1550 1
1550 0.0664516
1550 0
1550 0.968387
1550 0.996129
1550 0.123871
1550 0.0335484
1550 0.982581
1550 1
1550 1
1550 0
1550 1
1550 1
1550 0
1550 1
1550 0.999355
1550 0.992903
1550 1
1550 1
1550 0
1550 0.125161
1550 1
1550 1
1550 1
1550 0
1550 1
1550 1
1550 0
1550 0
1550 1
1550 0.104516
1550 1
1550 1
1550 1
1550 1
1550 0.970968
1550 1
1600 1
1600 1
1600 1
1600 1
1600 0
1600 0.9975
1600 1
1600 1
1600 1
1600 1
1600 0.06375
1600 1
1600 0.996875
1600 1
1600 1
1600 1
1600 0
1600 1
1600 1
1600 1
1600 0.99875
1600 1
1600 0
1600 1
1600 0.9975
1600 1
1600 0
1600 1
1600 0.989375
1600 0.998125
1600 1
1600 0.05875
1600 1
1600 0
1600 0
1600 1
1600 1
1600 1
1600 0.996875
1600 0
1600 1
1600 1
1600 1
1600 1
1600 1
1600 0.0725
1600 0.093125
1600 1
1600 0.995625
1600 0
1600 1
1600 0.995625
1600 1
1600 0.04
1600 0.99875
1600 1
1600 0
1600 1
1600 1
1600 1
1600 0.99375
1600 0.08125
1600 1
1600 1
1600 0.998125
1600 0.9975
1600 0.084375
1600 0.998125
1600 1
1600 0.17
1600 1
1600 0.08625
1600 0
1600 0.09625
1600 0
1650 0.998182
1650 1
1650 0
1650 0.999394
1650 0.0321212
1650 0.00363636
1650 1
1650 0.0490909
1650 1
1650 1
1650 0
1650 1
1650 0.999394
1650 1
1650 0.998788
1650 0
1650 1
1650 0
1650 0.999394
1650 1
1650 0.992727
1650 0
1650 1
1650 1
1650 0.998788
1650 1
1650 1
1650 0.0545455
1650 1
1650 0
1650 1
1650 1
1650 0.0315152
1650 0
1650 0.950303
1650 1
1650 0.0757576
1650 0.999394
1650 0.998788
1650 1
1650 0
1650 0.0290909
1650 1
1650 1
1650 0.99697
1650 1
1650 1
1650 0.0448485
1650 0.999394
1650 0.998182
1650 0
1650 0.154545
1650 1
1650 0.0121212
1650 1
1650 1
1650 0.995758
1650 0.00242424
1650 0
1650 0
1650 1
1650 0
1650 0.029697
1650 0.998182
1650 0
1650 0.132727
1650 1
1650 1
1650 0.0836364
1650 0.999394
1650 0.0181818
1650 1
1650 1
1650 0.185455
1650 1
1700 0.0235294
1700 1
1700 0.927647
1700 0.01
1700 0.0364706
1700 0.992353
1700 0.0464706
1700 0.0494118
1700 0.0311765
1700 0.998824
1700 1
1700 0.0788235
1700 0.0294118
1700 1
1700 0.0629412
1700 1
1700 1
1700 0.997647
1700 0.0923529
1700 0.998824
1700 1
1700 0
1700 1
1700 0.936471
1700 0.997059
1700 1
1700 1
1700 1
1700 0.998824
1700 1
1700 1
1700 0.997647
1700 1
1700 1
1700 1
1700 0
1700 0.0164706
1700 0.986471
1700 1
1700 1
1700 0.998235
1700 0.110588
1700 1
1700 0.0605882
1700 0
1700 0.104118
1700 0.00470588
1700 0.997647
1700 0.0970588
1700 1
1700 0.186471
1700 1
1700 0.0294118
1700 0.997059
1700 0.984118
1700 1
1700 0
1700 1
1700 0.995882
1700 1
1700 1
1700 1
1700 0.0470588
1700 0.0105882
1700 0
1700 1
1700 0.06
1700 1
1700 1
1700 1
1700 0.998824
1700 1
1700 0.11
1700 1
1700 1
1750 0.997143
1750 0.997143
1750 0.995429
1750 0.999429
1750 1
1750 1
1750 0.994286
1750 0
1750 1
1750 0.0845714
1750 0.0371429
1750 0.0422857
1750 0
1750 0.997143
1750 1
1750 0.976
1750 0.970286
1750 0
1750 1
1750 1
1750 0.968
1750 0.0142857
1750 1
1750 0.972571
1750 0.997714
1750 0.996
1750 0.974857
1750 0.0977143
1750 1
1750 0
1750 1
1750 1
1750 0.999429
1750 0.998286
1750 1
1750 1
1750 1
1750 1
1750 1
1750 0
1750 1
1750 0.000571429
1750 1
1750 0.0571429
1750 0.998286
1750 1
1750 1
1750 0.0314286
1750 1
1750 1
1750 1
1750 0.996
1750 1
1750 0.0834286
1750 1
1750 0.997143
1750 1
1750 0.991429
1750 0.993714
1750 1
1750 0
1750 0.103429
1750 1
1750 0.992571
1750 1
1750 0
1750 0
1750 1
1750 0
1750 0.0611429
1750 0
1750 1
1750 0.991429
1750 1
1750 1
1800 1
1800 0.0822222
1800 0.998889
1800 0.0188889
1800 0.09
1800 0
1800 1
1800 0.997222
1800 1
1800 1
1800 1
1800 1
1800 0.999444
1800 1
1800 0.997778
1800 1
1800 0.0372222
1800 0.0727778
1800 1
1800 0.0888889
1800 0.997778
1800 1
1800 1
1800 1
1800 0.995
1800 1
1800 1
1800 1
1800 1
1800 0
1800 0.996667
1800 0.0888889
1800 0.0166667
1800 0
1800 1
1800 0.0938889
1800 0.0861111
1800 1
1800 1
1800 1
1800 0.995556
1800 1
1800 0.0816667
1800 0
1800 0.996667
1800 0.00222222
1800 0.156667
1800 1
1800 1
1800 0
1800 1
1800 1
1800 1
1800 1
1800 1
1800 0.0177778
1800 0
1800 0.0611111
1800 1
1800 0.992778
1800 1
1800 0
1800 0.995
1800 0.0377778
1800 1
1800 0.0772222
1800 1
1800 0.991667
1800 0.0933333
1800 0.0505556
1800 1
1800 0.0922222
1800 1
1800 0.08
1800 1
1850 1
1850 1
1850 0.999459
1850 0.998919
1850 1
1850 1
1850 1
1850 1
1850 0.0394595
1850 0.951892
1850 0.951892
1850 0.951892
1850 1
1850 0.951892
1850 1
1850 1
1850 1
1850 1
1850 1
1850 0.0167568
1850 0.998919
1850 0.0821622
1850 1
1850 0
1850 1
1850 0
1850 0.0340541
1850 0
1850 0.0767568
1850 0.00540541
1850 1
1850 1
1850 0.00108108
1850 1
1850 0
1850 1
1850 1
1850 0.191351
1850 0.998378
1850 0
1850 1
1850 0.06
1850 0.122703
1850 0.231892
1850 1
1850 0
1850 0.0978378
1850 0.00216216
1850 1
1850 1
1850 0.0356757
1850 1
1850 1
1850 1
1850 0.985405
1850 0.997297
1850 1
1850 1
1850 1
1850 1
1850 1
1850 0.998378
1850 0.997297
1850 0
1850 1
1850 0.0189189
1850 0.992432
1850 1
1850 1
1850 0.995676
1850 0.997838
1850 1
1850 0
1850 0.0162162
1850 1
1900 1
1900 1
1900 1
1900 0.988947
1900 1
1900 1
1900 1
1900 1
1900 0
1900 1
1900 0.0994737
1900 0
1900 1
1900 0.178421
1900 1
1900 0
1900 1
1900 0.995263
1900 1
1900 0.999474
1900 0
1900 1
1900 0.0694737
1900 0.962105
1900 0
1900 1
1900 1
1900 1
1900 0
1900 1
1900 1
1900 1
1900 0.995263
1900 0.996842
1900 0.0210526
1900 0.00210526
1900 1
1900 1
1900 0.0721053
1900 1
1900 1
1900 1
1900 0.998947
1900 1
1900 1
1900 1
1900 1
1900 0.961579
1900 1
1900 1
1900 1
1900 0.995789
1900 1
1900 0
1900 0.0631579
1900 1
1900 1
1900 1
1900 1
1900 1
1900 0
1900 0.998421
1900 0.0252632
1900 1
1900 1
1900 0.951053
1900 0
1900 0.998947
1900 1
1900 1
1900 1
1900 1
1900 0.998947
1900 0.995789
1900 0.0815789
1950 0
1950 0.0282051
1950 0
1950 1
1950 0
1950 0
1950 0
1950 1
1950 1
1950 0.999487
1950 0.000512821
1950 1
1950 1
1950 0.0989744
1950 0.110256
1950 0.997436
1950 1
1950 1
1950 1
1950 1
1950 0
1950 1
1950 0.99641
1950 1
1950 1
1950 1
1950 0
1950 1
1950 0.967179
1950 1
1950 0.115897
1950 0.0379487
1950 0
1950 1
1950 1
1950 0.997949
1950 1
1950 0.999487
1950 0.0882051
1950 0
1950 1
1950 0
1950 1
1950 0
1950 0
1950 0.999487
1950 1
1950 0.0246154
1950 1
1950 0.0671795
1950 1
1950 1
1950 0.998462
1950 1
1950 1
1950 0.998462
1950 0.998974
1950 1
1950 0
1950 1
1950 1
1950 0.00564103
1950 1
1950 0.991795
1950 0
1950 1
1950 1
1950 1
1950 0.0574359
1950 0.99641
1950 1
1950 0.950769
1950 1
1950 1
1950 0.991795
2000 0.9935
2000 0.9995
2000 0.0125
2000 1
2000 1
2000 1
2000 1
2000 0
2000 1
2000 0.058
2000 0.9995
2000 1
2000 0.0365
2000 1
2000 1
2000 1
2000 1
2000 0.015
2000 1
2000 0.0005
2000 0
2000 0
2000 0.051
2000 0.0125
2000 0.998
2000 1
2000 0.9995
2000 1
2000 1
2000 1
2000 1
2000 1
2000 0.0015
2000 0.9985
2000 1
2000 1
2000 1
2000 1
2000 1
2000 1
2000 0.03
2000 1
2000 1
2000 1
2000 1
2000 1
2000 0.9905
2000 0.1365
2000 1
2000 0
2000 0.0075
2000 1
2000 1
2000 1
2000 1
2000 1
2000 0.0115
2000 1
2000 1
2000 1
2000 1
2000 0.083
2000 0.142
2000 1
2000 1
2000 1
2000 0.0015
2000 1
2000 1
2000 0.0125
2000 1
2000 1
2000 0.118
2000 0
2000 1
