50	0.1564
100	0.3546
150	0.419533
200	0.4706
250	0.53484
300	0.5303
350	0.561686
400	0.55935
450	0.540867
500	0.57748
550	0.542218
600	0.57715
650	0.586831
700	0.586271
750	0.604493
800	0.609225
850	0.607282
900	0.601733
950	0.6096
1000	0.6239
1050	0.585238
1100	0.607755
1150	0.622626
1200	0.628375
1250	0.610152
1300	0.589423
1350	0.634422
1400	0.652114
1450	0.622579
1500	0.629927
1550	0.624755
1600	0.611181
1650	0.627491
1700	0.639812
1750	0.633497
1800	0.615928
1850	0.625962
1900	0.632963
1950	0.620185
2000	0.633715
