50	0.059
100	0.0744
150	0.0771333
200	0.08985
250	0.06696
300	0.0826667
350	0.0820286
400	0.0849
450	0.0854667
500	0.07386
550	0.0798364
600	0.0798333
650	0.0715231
700	0.0881857
750	0.0849333
800	0.0796625
850	0.0848235
900	0.0741222
950	0.0722632
1000	0.08114
1050	0.0872381
1100	0.0729636
1150	0.0746348
1200	0.0930333
1250	0.073504
1300	0.0767769
1350	0.0924519
1400	0.0697286
1450	0.0841379
1500	0.0726133
1550	0.0844903
1600	0.0876
1650	0.0744485
1700	0.0775471
1750	0.0822057
1800	0.082
1850	0.0974811
1900	0.0784474
1950	0.0858564
2000	0.08939
