50	0.1098
100	0.1889
150	0.2768
200	0.3761
250	0.48116
300	0.510967
350	0.608314
400	0.628575
450	0.595978
500	0.7275
550	0.645927
600	0.762733
650	0.815185
700	0.843143
750	0.794213
800	0.842112
850	0.813318
900	0.819322
950	0.841695
1000	0.86109
1050	0.854076
1100	0.827591
1150	0.892948
1200	0.898858
1250	0.846784
1300	0.900823
1350	0.925733
1400	0.854371
1450	0.931083
1500	0.877247
1550	0.897265
1600	0.903438
1650	0.916133
1700	0.894435
1750	0.901749
1800	0.891411
1850	0.849043
1900	0.863316
1950	0.907733
2000	0.87936
