50	0.122
100	0.2348
150	0.2894
200	0.3688
250	0.57428
300	0.568967
350	0.654971
400	0.6671
450	0.742
500	0.77096
550	0.778782
600	0.82905
650	0.814569
700	0.836486
750	0.7788
800	0.913337
850	0.884624
900	0.918511
950	0.917663
1000	0.8922
1050	0.876067
1100	0.891064
1150	0.868322
1200	0.908983
1250	0.945112
1300	0.957846
1350	0.936874
1400	0.938457
1450	0.930759
1500	0.95414
1550	0.945452
1600	0.898787
1650	0.932236
1700	0.938288
1750	0.916971
1800	0.912167
1850	0.937384
1900	0.967284
1950	0.963154
2000	0.912255
