50	0.056
100	0.0514
150	0.0626
200	0.0506
250	0.05456
300	0.0669
350	0.0648
400	0.05095
450	0.0629556
500	0.06268
550	0.0565636
600	0.04865
650	0.0704
700	0.0587571
750	0.0512667
800	0.069625
850	0.0698588
900	0.0742111
950	0.0601053
1000	0.05897
1050	0.0642476
1100	0.0524455
1150	0.0622174
1200	0.0738167
1250	0.05832
1300	0.0635692
1350	0.0634148
1400	0.0501429
1450	0.0602276
1500	0.0575733
1550	0.0596645
1600	0.06725
1650	0.0549576
1700	0.0623176
1750	0.0586743
1800	0.0694611
1850	0.0561838
1900	0.0703579
1950	0.0586769
2000	0.069145
