50	0.1208
100	0.2013
150	0.339067
200	0.38895
250	0.55228
300	0.498967
350	0.623057
400	0.624275
450	0.696622
500	0.75606
550	0.732855
600	0.773883
650	0.818692
700	0.7902
750	0.778813
800	0.873125
850	0.812553
900	0.823578
950	0.921958
1000	0.86575
1050	0.923286
1100	0.907009
1150	0.852452
1200	0.873183
1250	0.855808
1300	0.902969
1350	0.948548
1400	0.940629
1450	0.927
1500	0.906347
1550	0.963077
1600	0.880587
1650	0.935491
1700	0.929688
1750	0.866223
1800	0.889422
1850	0.94373
1900	0.966753
1950	0.890723
2000	0.938235
