50	0.1282
100	0.3231
150	0.526333
200	0.6043
250	0.69388
300	0.7495
350	0.841714
400	0.825775
450	0.841111
500	0.84308
550	0.86
600	0.898167
650	0.874123
700	0.889086
750	0.885333
800	0.877337
850	0.899682
900	0.905356
950	0.901916
1000	0.8982
1050	0.907362
1100	0.898645
1150	0.873574
1200	0.917533
1250	0.911808
1300	0.914392
1350	0.898252
1400	0.910943
1450	0.9248
1500	0.897827
1550	0.90551
1600	0.922119
1650	0.929073
1700	0.925624
1750	0.919709
1800	0.913022
1850	0.914465
1900	0.931411
1950	0.910241
2000	0.934715
