50	0.1234
100	0.2391
150	0.321667
200	0.4824
250	0.59752
300	0.581533
350	0.657371
400	0.739475
450	0.742267
500	0.77922
550	0.747836
600	0.874783
650	0.894708
700	0.899329
750	0.830187
800	0.843738
850	0.895941
900	0.899856
950	0.889642
1000	0.92029
1050	0.891238
1100	0.8986
1150	0.898183
1200	0.916492
1250	0.8822
1300	0.923185
1350	0.921304
1400	0.93955
1450	0.921959
1500	0.948147
1550	0.937123
1600	0.902719
1650	0.924612
1700	0.931747
1750	0.946646
1800	0.952
1850	0.908897
1900	0.951653
1950	0.865179
2000	0.886345
