50	0.128
100	0.258
150	0.4992
200	0.6332
250	0.70896
300	0.739367
350	0.770143
400	0.771475
450	0.808267
500	0.83792
550	0.832073
600	0.8259
650	0.853108
700	0.814929
750	0.829733
800	0.849175
850	0.862753
900	0.842511
950	0.860968
1000	0.86789
1050	0.840724
1100	0.847673
1150	0.856791
1200	0.856167
1250	0.879608
1300	0.867069
1350	0.877889
1400	0.870971
1450	0.88649
1500	0.84514
1550	0.888942
1600	0.877656
1650	0.877709
1700	0.880182
1750	0.878811
1800	0.877989
1850	0.870405
1900	0.886968
1950	0.866041
2000	0.88437
