50	0.1362
100	0.1983
150	0.284333
200	0.46075
250	0.46124
300	0.576267
350	0.627943
400	0.704575
450	0.662022
500	0.73012
550	0.716091
600	0.834467
650	0.793569
700	0.782043
750	0.81632
800	0.859087
850	0.8612
900	0.8699
950	0.831874
1000	0.86306
1050	0.945905
1100	0.894382
1150	0.824809
1200	0.898125
1250	0.888848
1300	0.917954
1350	0.866785
1400	0.884836
1450	0.949938
1500	0.86886
1550	0.930026
1600	0.90685
1650	0.877945
1700	0.934906
1750	0.924417
1800	0.939867
1850	0.958238
1900	0.922347
1950	0.877379
2000	0.92879
