50	0.1182
100	0.2029
150	0.333267
200	0.367
250	0.48772
300	0.582667
350	0.615114
400	0.687125
450	0.717444
500	0.75744
550	0.806818
600	0.846067
650	0.778031
700	0.811443
750	0.825827
800	0.8451
850	0.803482
900	0.907311
950	0.913905
1000	0.8701
1050	0.8844
1100	0.846218
1150	0.865748
1200	0.9271
1250	0.881872
1300	0.923862
1350	0.888837
1400	0.94655
1450	0.957552
1500	0.916673
1550	0.869548
1600	0.922319
1650	0.919339
1700	0.948053
1750	0.91512
1800	0.952744
1850	0.850027
1900	0.939053
1950	0.905354
2000	0.898105
