50	0.1198
100	0.2432
150	0.332
200	0.39295
250	0.53292
300	0.564
350	0.645114
400	0.736825
450	0.812644
500	0.77126
550	0.789455
600	0.844917
650	0.784585
700	0.848
750	0.80444
800	0.868525
850	0.866612
900	0.872911
950	0.927263
1000	0.93777
1050	0.924038
1100	0.907245
1150	0.889148
1200	0.892192
1250	0.901136
1300	0.923731
1350	0.871689
1400	0.905757
1450	0.943572
1500	0.922233
1550	0.966761
1600	0.925981
1650	0.913836
1700	0.937206
1750	0.93188
1800	0.932572
1850	0.978205
1900	0.933884
1950	0.931
2000	0.95498
