50	0.1448
100	0.2046
150	0.299667
200	0.38225
250	0.52168
300	0.5456
350	0.565886
400	0.567075
450	0.675622
500	0.71076
550	0.757182
600	0.6753
650	0.764846
700	0.834686
750	0.812093
800	0.850525
850	0.821835
900	0.881756
950	0.858274
1000	0.82661
1050	0.846448
1100	0.8383
1150	0.869635
1200	0.888183
1250	0.897776
1300	0.880162
1350	0.869681
1400	0.851686
1450	0.861462
1500	0.853733
1550	0.9236
1600	0.853725
1650	0.864327
1700	0.914818
1750	0.914874
1800	0.880656
1850	0.922751
1900	0.884374
1950	0.921528
2000	0.97464
