50	0.1302
100	0.252
150	0.412733
200	0.46085
250	0.60644
300	0.6163
350	0.765914
400	0.7424
450	0.798911
500	0.82422
550	0.787382
600	0.885
650	0.867508
700	0.859114
750	0.88544
800	0.923525
850	0.872129
900	0.873456
950	0.919011
1000	0.92155
1050	0.931619
1100	0.868891
1150	0.897748
1200	0.951633
1250	0.90968
1300	0.972931
1350	0.931163
1400	0.947621
1450	0.940566
1500	0.89868
1550	0.914413
1600	0.979756
1650	0.948267
1700	0.921971
1750	0.951834
1800	0.961517
1850	0.947254
1900	0.961974
1950	0.935928
2000	0.94518
