50	0.1086
100	0.2315
150	0.3034
200	0.44715
250	0.60108
300	0.608467
350	0.632657
400	0.71325
450	0.729956
500	0.73316
550	0.742455
600	0.856567
650	0.888738
700	0.8684
750	0.849147
800	0.87485
850	0.838965
900	0.890911
950	0.891379
1000	0.93504
1050	0.90641
1100	0.902373
1150	0.928061
1200	0.939958
1250	0.93612
1300	0.922023
1350	0.893741
1400	0.920257
1450	0.935324
1500	0.89972
1550	0.919813
1600	0.908325
1650	0.957673
1700	0.952576
1750	0.9448
1800	0.976283
1850	0.960795
1900	0.927237
1950	0.932138
2000	0.977805
