50	0.1778
100	0.26
150	0.3718
200	0.5022
250	0.55452
300	0.5699
350	0.698686
400	0.75375
450	0.769333
500	0.8007
550	0.812473
600	0.792367
650	0.859862
700	0.905986
750	0.86932
800	0.935387
850	0.882965
900	0.915822
950	0.908442
1000	0.9229
1050	0.959133
1100	0.937
1150	0.903
1200	0.951925
1250	0.949872
1300	0.922215
1350	0.939489
1400	0.914043
1450	0.962559
1500	0.9493
1550	0.958052
1600	0.969637
1650	0.967212
1700	0.959029
1750	0.947726
1800	0.964739
1850	0.927751
1900	0.968237
1950	0.972349
2000	0.986115
