50	0.1484
100	0.2422
150	0.321867
200	0.4296
250	0.55484
300	0.5926
350	0.631971
400	0.6868
450	0.755111
500	0.69424
550	0.785091
600	0.794167
650	0.829123
700	0.809986
750	0.874
800	0.869175
850	0.867518
900	0.873656
950	0.872821
1000	0.86456
1050	0.870381
1100	0.904545
1150	0.881296
1200	0.889992
1250	0.960448
1300	0.955685
1350	0.939052
1400	0.953186
1450	0.965655
1500	0.894413
1550	0.941594
1600	0.944537
1650	0.923036
1700	0.9336
1750	0.903909
1800	0.914983
1850	0.917595
1900	0.943026
1950	0.929815
2000	0.995357
