50	0.134
100	0.2319
150	0.374667
200	0.452
250	0.53316
300	0.572067
350	0.767971
400	0.735425
450	0.818467
500	0.75694
550	0.797055
600	0.77485
650	0.857723
700	0.861471
750	0.857413
800	0.866662
850	0.849376
900	0.862844
950	0.842863
1000	0.91337
1050	0.892952
1100	0.8814
1150	0.944617
1200	0.883917
1250	0.894112
1300	0.900162
1350	0.901348
1400	0.879443
1450	0.940428
1500	0.86528
1550	0.936342
1600	0.969581
1650	0.873952
1700	0.901512
1750	0.907126
1800	0.987706
1850	0.949632
1900	0.949621
1950	0.959154
2000	0.935685
