50	0.1186
100	0.2081
150	0.313933
200	0.3921
250	0.46148
300	0.5946
350	0.593314
400	0.6166
450	0.619667
500	0.73356
550	0.657618
600	0.786317
650	0.737308
700	0.820057
750	0.6944
800	0.789587
850	0.869306
900	0.848422
950	0.841453
1000	0.83161
1050	0.857314
1100	0.871527
1150	0.912678
1200	0.901292
1250	0.897856
1300	0.8787
1350	0.913919
1400	0.861829
1450	0.898883
1500	0.892727
1550	0.888542
1600	0.861425
1650	0.925364
1700	0.928841
1750	0.870914
1800	0.887794
1850	0.883632
1900	0.894221
1950	0.908544
2000	0.914295
