50	0.1416
100	0.2381
150	0.3674
200	0.5162
250	0.65932
300	0.744633
350	0.761029
400	0.73835
450	0.820489
500	0.85858
550	0.8692
600	0.9015
650	0.906785
700	0.914214
750	0.89288
800	0.898188
850	0.941918
900	0.905833
950	0.971463
1000	0.92662
1050	0.884514
1100	0.919882
1150	0.952391
1200	0.9552
1250	0.954896
1300	0.967462
1350	0.91877
1400	0.9363
1450	0.976186
1500	0.94206
1550	0.971329
1600	0.979887
1650	0.892358
1700	0.958818
1750	0.949554
1800	0.968361
1850	0.976535
1900	0.970621
1950	0.948282
2000	0.9703
