50	0.148
100	0.256
150	0.366267
200	0.56925
250	0.66236
300	0.703333
350	0.722514
400	0.78165
450	0.841933
500	0.84976
550	0.8396
600	0.893667
650	0.896938
700	0.925429
750	0.92396
800	0.948887
850	0.922694
900	0.890433
950	0.965168
1000	0.93937
1050	0.917314
1100	0.9509
1150	0.955574
1200	0.944883
1250	0.88804
1300	0.938462
1350	0.947044
1400	0.967071
1450	0.93691
1500	0.957087
1550	0.972084
1600	0.970319
1650	0.949176
1700	0.956718
1750	0.928206
1800	0.921939
1850	0.964238
1900	0.966505
1950	0.951779
2000	0.962
