50	0.0508
100	0.059
150	0.0524667
200	0.064
250	0.05464
300	0.0584667
350	0.0736
400	0.06175
450	0.0614889
500	0.05538
550	0.0632909
600	0.0565167
650	0.0574769
700	0.0514286
750	0.0482667
800	0.0680375
850	0.0608941
900	0.0550778
950	0.0706632
1000	0.06505
1050	0.0539524
1100	0.0648545
1150	0.0640348
1200	0.059825
1250	0.051712
1300	0.0710385
1350	0.0752519
1400	0.06565
1450	0.0507172
1500	0.0712267
1550	0.0668839
1600	0.062425
1650	0.0631455
1700	0.0671
1750	0.0547429
1800	0.0672333
1850	0.0517459
1900	0.0554789
1950	0.0639231
2000	0.06424
