50	0.0612
100	0.0497
150	0.0609333
200	0.0626
250	0.07156
300	0.0704667
350	0.0588857
400	0.080575
450	0.0684
500	0.07036
550	0.0829273
600	0.0707833
650	0.0719077
700	0.0566143
750	0.06904
800	0.0632375
850	0.0756824
900	0.0616444
950	0.0664105
1000	0.06975
1050	0.0580571
1100	0.0673727
1150	0.0639913
1200	0.0740833
1250	0.057344
1300	0.0897846
1350	0.0717185
1400	0.06795
1450	0.0840966
1500	0.05544
1550	0.0737097
1600	0.0642937
1650	0.0776
1700	0.0758882
1750	0.0649886
1800	0.0595667
1850	0.0629405
1900	0.0634579
1950	0.0810205
2000	0.080995
