50	0.0968
100	0.1013
150	0.1314
200	0.12775
250	0.1602
300	0.142367
350	0.1408
400	0.1591
450	0.144444
500	0.13706
550	0.146727
600	0.159783
650	0.147431
700	0.151529
750	0.147787
800	0.172075
850	0.159224
900	0.150278
950	0.1626
1000	0.15228
1050	0.150771
1100	0.142555
1150	0.158339
1200	0.160733
1250	0.159136
1300	0.163569
1350	0.156067
1400	0.149814
1450	0.172828
1500	0.15612
1550	0.161213
1600	0.152038
1650	0.152915
1700	0.164271
1750	0.161731
1800	0.146206
1850	0.152476
1900	0.139095
1950	0.147518
2000	0.17574
