50	0.1188
100	0.2154
150	0.3024
200	0.43405
250	0.40308
300	0.515267
350	0.598914
400	0.594725
450	0.657067
500	0.62534
550	0.704636
600	0.761967
650	0.781323
700	0.798171
750	0.7256
800	0.782262
850	0.821671
900	0.864689
950	0.825084
1000	0.89282
1050	0.803914
1100	0.853673
1150	0.83253
1200	0.860083
1250	0.857816
1300	0.899077
1350	0.880348
1400	0.860807
1450	0.89411
1500	0.861907
1550	0.89029
1600	0.856712
1650	0.917994
1700	0.915935
1750	0.874291
1800	0.933233
1850	0.846914
1900	0.918353
1950	0.889395
2000	0.88334
