50	0.114
100	0.2477
150	0.392267
200	0.51945
250	0.62164
300	0.6016
350	0.819371
400	0.74455
450	0.824644
500	0.82096
550	0.861491
600	0.882717
650	0.911923
700	0.880586
750	0.911907
800	0.912687
850	0.959353
900	0.886944
950	0.937516
1000	0.88888
1050	0.92599
1100	0.930527
1150	0.942617
1200	0.937833
1250	0.930208
1300	0.962031
1350	0.919015
1400	0.947336
1450	0.958372
1500	0.911227
1550	0.955652
1600	0.959406
1650	0.931218
1700	0.976676
1750	0.956874
1800	0.958533
1850	0.946611
1900	0.987963
1950	0.958082
2000	0.912605
