50	0.135
100	0.2419
150	0.375
200	0.44505
250	0.58468
300	0.6189
350	0.739514
400	0.684775
450	0.720933
500	0.79642
550	0.782982
600	0.849333
650	0.774662
700	0.866729
750	0.871093
800	0.935475
850	0.9144
900	0.858444
950	0.898989
1000	0.88597
1050	0.87561
1100	0.918109
1150	0.889261
1200	0.918483
1250	0.928848
1300	0.962423
1350	0.945067
1400	0.968907
1450	0.947931
1500	0.933473
1550	0.93389
1600	0.902669
1650	0.914036
1700	0.945818
1750	0.91296
1800	0.922894
1850	0.929395
1900	0.957858
1950	0.960338
2000	0.960795
