50	0.1032
100	0.1246
150	0.1412
200	0.15405
250	0.17104
300	0.142833
350	0.158571
400	0.158975
450	0.162778
500	0.17156
550	0.182109
600	0.1729
650	0.175462
700	0.174943
750	0.18088
800	0.1775
850	0.213882
900	0.172189
950	0.184737
1000	0.1599
1050	0.180819
1100	0.200555
1150	0.182687
1200	0.209192
1250	0.193688
1300	0.197177
1350	0.188126
1400	0.194221
1450	0.194745
1500	0.200093
1550	0.163619
1600	0.17775
1650	0.190036
1700	0.190424
1750	0.189714
1800	0.189211
1850	0.186865
1900	0.201621
1950	0.185656
2000	0.211105
