50	0.0716
100	0.0741
150	0.0818667
200	0.07745
250	0.10572
300	0.0867
350	0.0730571
400	0.08915
450	0.0768667
500	0.08896
550	0.0827273
600	0.0717333
650	0.0834923
700	0.0914571
750	0.0947867
800	0.093225
850	0.0773647
900	0.0815222
950	0.0838105
1000	0.08864
1050	0.0755619
1100	0.0786727
1150	0.0731826
1200	0.0816333
1250	0.092504
1300	0.0749538
1350	0.0827778
1400	0.0904571
1450	0.0799172
1500	0.09008
1550	0.0952581
1600	0.085475
1650	0.0963576
1700	0.0823471
1750	0.0787829
1800	0.0798722
1850	0.0915297
1900	0.0818947
1950	0.0899487
2000	0.0776905
