50	0.1328
100	0.2215
150	0.343333
200	0.4494
250	0.50048
300	0.6109
350	0.705829
400	0.720125
450	0.688156
500	0.83274
550	0.796364
600	0.822483
650	0.785508
700	0.819957
750	0.8646
800	0.851475
850	0.870612
900	0.868889
950	0.893853
1000	0.88097
1050	0.850505
1100	0.900891
1150	0.885591
1200	0.899058
1250	0.910144
1300	0.907231
1350	0.874126
1400	0.919614
1450	0.881579
1500	0.902693
1550	0.943374
1600	0.941675
1650	0.902097
1700	0.900882
1750	0.899509
1800	0.945206
1850	0.909416
1900	0.950805
1950	0.958933
2000	0.97191
