50	0.1172
100	0.2898
150	0.307333
200	0.46685
250	0.5674
300	0.5128
350	0.672543
400	0.680075
450	0.725244
500	0.74698
550	0.771182
600	0.82675
650	0.817154
700	0.820371
750	0.828453
800	0.883563
850	0.807812
900	0.862522
950	0.890484
1000	0.94551
1050	0.892848
1100	0.923427
1150	0.878096
1200	0.929758
1250	0.918832
1300	0.936962
1350	0.923526
1400	0.89525
1450	0.968752
1500	0.895673
1550	0.912632
1600	0.912875
1650	0.95763
1700	0.916359
1750	0.945097
1800	0.963122
1850	0.942941
1900	0.966821
1950	0.928897
2000	0.964835
