50	0.1112
100	0.2627
150	0.3586
200	0.49615
250	0.62788
300	0.649067
350	0.729286
400	0.7414
450	0.816489
500	0.76636
550	0.818091
600	0.88145
650	0.857354
700	0.841829
750	0.83152
800	0.926525
850	0.911235
900	0.866856
950	0.912695
1000	0.90283
1050	0.879571
1100	0.912027
1150	0.913261
1200	0.900492
1250	0.899696
1300	0.911177
1350	0.940467
1400	0.955957
1450	0.877497
1500	0.92828
1550	0.955394
1600	0.953419
1650	0.915788
1700	0.892094
1750	0.898423
1800	0.9596
1850	0.960286
1900	0.865274
1950	0.921467
2000	0.906725
