50	0.1218
100	0.1513
150	0.172733
200	0.1948
250	0.1818
300	0.168633
350	0.214629
400	0.182925
450	0.198778
500	0.18778
550	0.215291
600	0.20465
650	0.234662
700	0.237257
750	0.19336
800	0.222387
850	0.220929
900	0.194656
950	0.238547
1000	0.22968
1050	0.226257
1100	0.232691
1150	0.210991
1200	0.213158
1250	0.22676
1300	0.236931
1350	0.232563
1400	0.239879
1450	0.239193
1500	0.207213
1550	0.234994
1600	0.238844
1650	0.226636
1700	0.220771
1750	0.249754
1800	0.240394
1850	0.233968
1900	0.219211
1950	0.224446
2000	0.226295
